139,16
820,23
289,22
74,772
663,22
574,2
813,826
685,5
389,19
176,27
283,785
157,23
105,785
895,25
697,2
364,10
899,785
935,8
367,15
993,1
478,6
354,16
444,772
86,22
674,735
589,815
145,11
437,680
737,4
666,8
975,6
777,11
173,8
528,25
817,826
345,9
755,680
330,735
260,38
890,826
706,735
263,27
619,735
46,786
374,826
484,15
324,27
731,6
299,5
509,1
142,6
165,826
919,815
522,23
499,23
885,785
339,11
488,772
196,93
503,772
621,22
512,1
515,12
897,22
401,9
644,680
935,1
648,22
556,826
478,9
44,25
407,23
944,23
123,785
837,815
713,785
145,12
454,22
256,9
812,22
154,815
743,35
581,735
198,11
109,25
277,35
830,11
298,815
136,19
136,680
263,16
265,772
546,25
324,735
142,9
849,786
316,772
615,815
892,10
621,15
658,27
434,772
952,772
77,786
575,23
500,5
62,772
562,8
47,5
654,23
947,11
639,10
402,35
455,815
901,11
444,23
762,22
605,23
968,680
199,735
185,15
96,9
867,772
869,93
49,815
263,9
928,22
927,38
546,16
605,786
142,16
435,6
674,93
164,5
238,4
493,772
697,786
1011,772
192,785
463,11
139,826
780,772
818,6
221,815
404,16
497,15
133,9
648,4
673,12
123,815
216,6
566,826
473,38
18,772
516,27
440,815
809,23
352,11
612,23
281,1
120,23
355,6
859,35
198,5
91,93
475,826
738,6
147,786
461,735
298,785
297,815
63,19
526,786
855,23
88,826
14,38
164,12
807,735
958,772
985,93
732,4
0,826
754,25
575,5
633,6
301,38
47,11
858,11
700,826
590,9
352,2
795,93
134,19
997,9
28,785
486,680
857,772
469,27
74,38
849,2
940,786
445,2
763,11
963,6
359,11
714,22
770,772
571,22
717,11
112,785
991,11
496,38
760,93
100,19
1000,1
671,19
892,23
126,680
112,22
954,5
757,5
296,786
350,16
155,735
797,4
47,16
476,11
358,35
250,680
159,22
514,35
171,19
120,735
766,15
824,786
662,785
917,23
189,22
104,93
273,27
917,786
40,826
954,12
898,785
807,23
436,4
461,12
633,16
924,785
281,785
800,815
686,10
530,815
155,27
88,38
513,27
215,680
822,15
254,8
883,15
937,93
352,16
994,22
771,735
405,10
835,826
380,19
1008,785
951,19
113,680
789,815
664,8
242,12
60,11
334,19
176,93
229,786
583,786
1003,93
749,38
275,22
921,815
917,16
795,735
368,772
458,16
261,786
940,38
155,16
502,772
873,93
797,22
712,93
288,10
548,22
660,786
20,4
612,11
405,19
958,27
797,785
134,4
501,15
45,12
674,9
655,25
677,12
862,8
664,15
295,19
611,735
687,680
653,19
72,5
860,38
381,5
539,826
294,786
939,4
208,10
596,35
171,772
942,19
233,22
840,10
214,16
587,93
436,10
917,735
458,27
523,15
190,25
66,27
619,19
1004,2
180,23
720,4
173,826
45,5
391,25
585,16
822,786
70,23
514,12
588,11
60,25
295,8
445,38
763,23
653,12
104,35
927,8
838,8
966,93
34,786
255,772
271,35
50,35
554,6
103,815
715,735
97,4
650,786
978,826
211,12
286,19
40,815
807,2
610,785
954,25
165,8
830,826
583,38
215,8
415,15
897,772
770,10
202,15
511,27
717,785
351,23
560,15
743,785
119,27
392,38
998,826
835,785
709,23
159,10
909,10
563,10
970,8
881,8
57,11
899,12
168,2
428,25
981,93
603,16
1005,785
533,735
897,38
443,9
903,8
687,815
48,12
945,786
838,772
1010,815
666,35
743,19
943,6
101,25
890,8
855,815
126,19
326,12
660,815
681,19
974,680
684,8
260,93
591,785
426,735
449,12
747,680
487,27
363,9
1005,15
606,680
737,772
751,735
168,9
845,27
477,1
650,27
542,5
467,23
638,25
431,5
446,772
628,23
130,93
151,735
650,772
394,19
140,38
912,23
604,8
397,6
366,815
644,25
480,9
188,826
98,15
870,826
176,786
943,15
893,38
930,16
861,93
977,11
278,815
687,735
709,25
657,35
140,772
514,25
734,19
921,9
774,16
542,12
304,5
838,680
268,27
307,16
860,10
36,15
665,12
169,23
150,19
703,27
996,23
776,9
579,9
283,11
727,815
614,25
565,38
235,786
878,23
347,22
55,772
614,786
577,35
616,2
101,11
730,22
841,9
821,680
237,6
437,9
402,93
166,2
573,23
187,785
922,785
116,19
706,15
524,10
601,680
64,9
67,4
850,786
894,6
289,735
328,35
400,11
384,826
663,10
243,826
45,815
428,6
543,785
431,11
897,9
109,680
293,22
898,815
647,680
687,826
746,735
925,6
305,19
286,15
839,15
293,785
184,6
555,9
1011,4
644,15
740,27
438,785
300,786
338,93
228,826
783,9
507,735
843,786
166,5
648,772
496,785
371,786
210,35
980,22
894,9
252,23
487,6
71,786
421,815
759,15
724,19
905,735
278,680
874,93
564,15
268,9
787,735
953,93
703,9
407,11
876,786
552,19
679,16
901,22
246,735
962,4
138,9
447,1
783,22
694,2
437,27
627,93
187,815
595,4
830,23
850,772
617,23
191,12
946,93
731,11
623,9
588,93
327,11
554,93
682,22
277,786
438,10
114,11
685,11
499,8
406,35
160,815
431,25
472,38
664,826
679,786
367,1
885,9
243,15
318,16
503,12
358,785
694,735
130,826
24,8
444,11
262,6
943,35
358,10
951,35
437,735
495,680
519,735
370,9
481,10
373,12
102,15
1000,826
267,38
216,735
125,785
623,22
753,19
734,15
860,785
807,826
114,2
40,23
741,785
150,826
796,9
138,786
506,680
748,786
658,38
697,1
36,35
935,11
204,23
884,815
117,786
280,10
922,12
977,785
975,826
443,35
601,16
688,785
451,35
676,19
676,680
843,680
588,826
37,12
505,785
702,680
385,772
426,786
296,735
962,22
411,772
726,680
231,785
605,4
570,38
879,16
241,785
666,786
756,826
578,38
617,1
980,35
855,11
966,735
842,12
988,35
769,815
991,22
574,10
278,8
978,9
317,35
265,5
339,10
450,27
586,9
326,772
364,2
293,10
367,23
351,772
502,815
601,25
341,680
256,10
972,11
241,23
355,27
120,10
466,10
762,12
706,785
472,680
913,6
469,15
827,15
965,826
766,16
250,772
877,19
768,735
473,680
849,785
560,785
801,826
932,4
572,680
276,93
77,785
775,5
758,786
426,27
673,10
158,25
934,772
790,25
59,1
80,735
688,4
997,6
339,826
175,735
586,786
54,772
0,6
790,786
1007,93
96,10
556,11
667,8
888,22
136,27
445,15
28,25
47,815
50,10
855,25
605,785
235,10
272,16
753,6
697,785
934,93
438,22
386,735
386,8
1003,1
859,772
179,12
608,735
290,25
54,38
658,19
229,4
102,786
32,826
676,8
750,19
971,735
1008,35
36,786
183,8
59,6
812,5
685,785
410,785
677,23
803,785
272,786
109,10
398,23
719,27
223,6
556,2
688,735
28,16
528,772
673,826
156,93
766,2
677,786
1005,826
877,5
988,8
272,23
630,786
114,38
264,785
300,10
485,2
503,786
361,12
913,786
932,10
732,5
664,680
754,22
679,815
95,786
226,735
833,16
949,772
969,11
57,815
720,25
427,38
172,680
559,785
984,19
710,786
624,10
677,16
586,772
420,15
791,8
762,735
998,25
196,35
359,10
626,680
435,23
238,23
557,22
977,680
669,786
597,826
840,22
986,93
531,826
201,9
957,23
868,25
372,38
523,27
542,27
285,815
858,19
880,12
492,680
254,6
612,6
45,25
945,11
637,10
319,5
639,815
469,35
382,785
664,2
899,19
149,11
973,8
902,12
939,786
867,826
334,9
998,16
121,9
892,786
568,19
828,10
557,15
137,23
1000,9
599,35
124,815
671,27
582,25
507,11
472,23
732,27
618,15
607,35
537,680
458,22
203,786
510,4
957,16
443,93
315,22
924,786
575,10
66,6
908,1
254,9
809,9
383,826
972,38
810,815
498,16
405,9
192,5
32,9
751,15
716,35
146,1
257,2
664,9
828,735
260,9
887,10
63,9
619,680
653,25
529,11
310,9
338,680
523,786
653,735
892,38
433,15
125,6
286,38
379,93
491,785
143,22
865,12
921,735
115,16
190,680
155,19
982,19
602,680
513,19
17,22
972,93
739,826
498,11
887,772
764,786
230,9
654,735
659,93
205,826
578,23
245,9
924,15
871,735
381,4
326,826
99,815
100,9
373,826
395,680
985,786
582,11
767,5
303,35
661,35
312,25
239,11
863,785
350,10
982,735
180,16
933,9
202,5
662,2
220,785
424,23
498,2
227,23
156,9
836,785
824,35
881,22
699,11
760,11
501,786
174,22
653,11
529,5
66,826
838,9
327,815
310,27
332,12
690,16
265,93
211,15
286,16
162,2
471,12
998,680
770,11
662,5
331,93
497,735
131,735
351,22
958,10
634,11
67,16
379,735
341,12
487,680
970,9
734,38
702,15
442,27
119,785
709,785
800,19
174,25
567,9
381,22
736,11
936,8
329,16
221,2
833,93
172,23
504,10
582,5
782,22
51,8
767,11
839,35
73,27
471,5
491,772
384,15
682,785
54,23
387,10
152,27
979,27
930,22
325,826
199,785
313,8
632,735
264,25
67,25
267,4
677,38
270,19
363,8
57,19
427,826
463,93
47,680
193,6
502,8
307,10
442,815
294,772
701,785
150,25
261,10
390,93
690,2
853,27
982,826
285,735
347,16
58,680
955,772
740,22
940,11
262,27
101,1
88,10
288,23
659,8
326,4
511,8
662,23
81,93
795,15
156,22
563,27
430,38
252,2
604,815
514,22
771,38
807,785
992,4
908,680
363,772
416,826
329,2
420,786
491,680
110,19
150,16
726,786
909,680
552,38
915,10
1008,19
382,25
718,8
209,8
372,23
483,12
890,27
841,8
806,735
127,815
437,8
990,22
573,22
459,23
21,772
388,25
468,815
657,27
18,10
40,35
114,22
884,25
683,772
992,27
463,35
600,27
638,8
766,93
218,8
736,16
329,11
882,19
61,25
651,25
852,772
431,785
767,38
162,38
996,772
725,680
212,10
583,5
965,15
752,15
570,10
126,5
274,8
755,10
313,35
645,23
681,5
385,11
829,815
579,815
360,2
413,8
452,680
842,16
200,22
951,93
536,5
474,22
370,785
167,25
539,16
832,6
117,4
635,4
228,25
857,2
253,15
218,19
364,22
453,2
789,19
58,15
614,8
944,735
305,11
858,35
696,826
765,735
430,786
639,16
679,19
111,6
641,4
382,11
98,25
886,38
688,25
669,25
391,680
583,2
401,680
592,10
554,772
188,10
388,15
299,9
210,27
891,6
546,10
302,6
1002,15
966,25
692,93
716,785
660,6
327,10
623,8
665,680
499,11
959,10
746,8
564,23
435,93
535,93
757,93
540,8
480,785
170,815
351,785
692,680
72,785
108,10
861,15
383,735
483,35
671,786
837,38
13,25
358,11
841,35
345,6
287,5
296,19
757,772
879,785
456,772
860,786
610,38
663,16
425,15
336,9
777,815
371,93
907,9
801,815
910,6
586,15
968,9
895,27
493,93
1012,680
404,5
117,785
775,22
298,93
155,35
283,22
357,35
964,93
529,680
962,23
64,785
691,2
284,15
670,785
87,15
90,785
422,815
556,22
773,93
64,22
941,1
284,772
583,826
197,785
272,35
402,772
312,815
223,785
438,5
370,826
704,38
574,11
997,826
265,735
178,735
395,815
68,735
485,22
275,680
849,680
651,5
562,15
174,772
636,10
947,4
639,15
379,19
750,6
184,35
148,9
519,10
812,16
906,93
138,35
801,735
566,35
548,93
514,93
604,735
109,23
420,19
410,9
553,785
753,12
257,93
347,735
463,12
671,38
892,4
1003,11
658,25
910,16
950,785
130,11
683,35
204,6
537,6
542,785
83,25
565,11
330,9
778,785
195,23
750,786
217,38
380,9
345,25
951,9
591,38
332,735
222,735
888,23
193,93
926,772
874,22
32,93
603,35
549,35
695,4
688,680
781,826
599,23
545,785
929,15
547,680
658,16
359,786
339,27
361,10
250,9
90,5
957,4
871,9
673,2
503,19
675,815
537,786
111,35
294,10
45,38
615,4
469,16
306,9
491,15
992,93
789,786
600,93
670,15
142,25
1008,680
953,25
75,22
535,9
593,2
315,772
482,12
707,6
889,1
103,11
586,35
550,5
240,38
537,16
149,815
404,25
387,35
426,10
118,27
465,93
784,2
216,15
898,22
293,815
516,12
352,735
131,38
810,826
94,16
495,786
762,38
392,5
284,19
469,25
824,8
642,19
220,11
916,35
96,25
461,815
852,11
285,12
161,6
270,815
435,22
128,772
348,826
368,19
669,785
124,785
418,680
661,23
572,9
184,826
222,93
260,826
686,1
905,16
797,2
104,786
908,11
177,23
66,12
711,11
216,22
639,35
486,27
698,12
94,27
408,680
192,15
504,785
49,93
984,27
159,16
380,22
842,815
204,785
702,16
174,2
359,2
506,25
78,19
481,826
631,11
742,10
388,786
939,8
657,735
322,10
967,5
143,8
436,6
661,16
954,10
992,772
458,23
976,19
633,22
905,25
448,1
362,4
292,815
311,93
720,8
96,786
405,8
534,826
280,815
948,8
566,6
107,815
96,23
82,22
852,25
377,785
48,735
781,35
875,735
988,22
704,16
795,772
408,2
579,38
500,680
482,25
820,772
913,772
90,25
224,826
115,19
938,772
851,826
375,8
927,826
933,15
202,27
551,5
1007,8
662,8
576,772
540,826
560,19
106,8
566,25
948,23
509,93
71,826
328,2
220,16
168,22
848,680
245,8
338,785
800,6
304,27
446,785
640,10
107,27
186,19
739,27
460,35
332,22
421,2
668,5
631,25
690,22
671,8
939,6
710,93
840,12
397,25
769,16
607,16
572,22
458,25
609,772
647,19
705,8
188,815
635,772
248,2
781,680
523,1
948,785
933,8
202,2
453,680
522,772
320,815
836,786
912,680
855,93
503,680
788,10
292,23
257,19
699,10
95,23
186,785
760,12
393,6
324,93
714,8
311,735
421,11
776,22
172,25
28,680
999,25
912,27
436,19
384,9
610,815
369,16
77,735
520,27
905,12
871,35
656,16
965,735
895,786
511,5
357,826
449,9
784,815
396,93
414,772
803,826
821,785
70,12
718,680
847,785
424,772
946,15
270,786
736,12
936,9
332,4
59,785
903,10
906,826
356,735
875,12
927,735
430,680
233,6
507,22
163,815
865,22
919,735
437,826
540,93
616,22
190,9
890,22
908,38
930,23
894,785
752,27
128,5
937,785
457,772
116,15
652,35
136,815
449,2
252,4
18,25
402,815
165,785
168,11
898,680
539,12
636,815
36,2
308,815
807,93
665,9
446,15
391,815
512,815
693,22
604,10
141,772
937,23
369,2
167,772
942,815
979,35
234,22
622,23
416,93
753,815
274,23
592,38
738,93
511,11
684,1
757,815
194,680
514,23
181,9
474,5
590,826
366,15
992,5
21,5
724,15
635,9
89,93
72,35
418,19
971,11
221,680
518,11
921,786
421,38
80,35
246,5
504,25
641,9
73,4
130,815
37,22
419,16
207,815
101,9
656,5
752,9
163,23
77,16
369,735
775,772
264,8
980,9
484,22
67,6
894,4
623,5
474,12
327,23
954,786
663,4
369,680
425,27
921,16
561,9
601,735
13,772
268,12
342,15
145,735
589,6
789,9
700,15
354,2
872,6
122,38
675,772
697,93
962,11
126,10
385,10
459,15
709,9
527,22
875,785
203,2
283,772
503,826
175,786
217,815
219,735
841,786
401,27
913,826
58,12
326,785
268,11
723,680
722,23
761,16
812,815
361,815
801,23
639,19
641,27
510,93
590,38
1009,735
629,9
556,735
558,15
451,826
638,786
755,735
757,826
208,772
869,38
546,11
360,10
931,8
623,11
509,12
94,735
21,16
578,815
425,5
265,25
672,2
232,826
857,10
268,2
625,38
240,4
789,27
44,38
190,93
779,93
123,772
144,826
567,815
269,680
533,38
676,22
790,10
207,826
480,23
944,785
816,38
160,15
783,25
952,27
716,12
990,8
792,15
385,4
521,10
373,735
963,38
618,826
855,12
432,25
89,8
509,5
474,25
771,5
40,25
76,680
1012,826
870,6
599,11
907,735
287,826
182,4
935,5
993,6
885,16
426,23
924,826
83,10
207,4
407,27
383,786
226,680
558,25
688,8
68,826
713,16
395,23
623,786
347,680
404,815
888,10
528,785
486,786
820,25
966,8
768,15
432,16
606,35
56,785
644,772
349,10
682,6
989,735
646,735
154,8
463,6
65,8
981,10
104,680
450,25
621,19
290,5
806,785
163,785
843,25
83,19
304,735
407,735
105,2
215,93
343,8
271,735
148,10
790,4
847,93
975,8
444,27
505,35
802,27
602,6
201,826
74,8
916,23
1009,8
716,2
848,735
43,680
632,785
854,826
728,5
691,785
432,23
124,8
840,735
88,815
309,772
272,27
623,38
509,23
632,22
154,19
463,15
672,23
907,6
599,25
710,4
231,35
70,786
621,12
932,6
436,35
176,12
611,10
497,11
540,22
426,25
390,35
229,25
636,2
653,785
947,12
858,4
567,826
934,826
666,25
354,826
170,2
784,735
395,5
109,15
296,9
223,27
99,9
481,19
263,10
1000,785
487,93
458,735
682,8
95,93
522,4
389,11
287,785
515,680
1006,12
852,815
229,2
784,12
1002,735
676,10
216,9
360,772
626,35
34,16
994,735
996,815
281,6
263,772
531,12
862,19
420,2
670,12
284,735
893,786
396,27
53,22
435,16
914,15
917,2
793,12
873,785
506,785
214,11
968,38
50,735
163,772
1006,23
439,4
83,38
301,35
321,826
982,12
158,9
216,16
362,19
91,38
292,826
612,25
244,19
425,772
834,15
652,10
573,93
884,35
494,16
242,25
813,25
763,12
963,11
121,6
838,35
103,772
435,25
717,8
221,35
222,772
388,735
618,2
247,772
236,27
697,735
365,772
408,826
924,680
744,9
466,93
216,23
911,9
750,35
551,22
1007,5
901,680
243,735
134,9
338,35
945,9
970,19
146,4
553,9
257,15
481,38
689,12
998,22
66,815
690,735
1002,93
396,9
914,1
199,9
456,815
78,16
939,11
153,772
210,815
411,25
125,11
164,826
236,735
791,826
812,93
830,772
228,735
152,1
302,680
123,93
855,772
69,9
180,12
254,15
551,15
17,19
755,93
75,680
352,19
612,15
973,772
319,12
527,38
50,93
32,11
859,11
788,5
627,23
664,11
539,35
260,11
500,826
689,5
63,11
998,9
636,772
196,19
161,23
381,9
988,23
662,815
368,2
754,772
535,23
297,10
371,15
387,786
524,772
190,735
525,93
850,16
322,2
97,15
507,2
806,815
236,9
681,826
387,25
461,2
226,19
905,1
797,19
251,25
930,11
822,5
551,4
291,8
844,735
241,35
609,5
427,15
501,12
395,38
485,680
217,10
788,12
420,38
442,23
295,12
464,8
927,12
285,22
489,16
469,735
381,2
418,12
143,786
771,93
628,5
532,9
492,11
72,8
903,23
209,815
925,38
671,11
782,10
433,6
696,786
569,4
550,38
804,19
865,27
544,785
890,5
86,93
509,815
128,8
844,9
61,785
227,25
637,19
588,6
899,8
96,38
95,22
684,786
664,25
193,10
433,22
85,12
304,19
512,93
514,772
196,1
880,785
492,2
510,826
579,23
286,22
289,786
507,16
73,16
271,93
969,93
644,22
647,11
372,4
583,35
251,23
91,27
609,23
511,4
955,15
773,12
42,6
373,35
429,785
267,1
860,826
256,680
442,25
906,680
63,38
304,10
250,826
14,19
930,680
261,15
961,6
616,786
853,16
397,10
989,27
544,815
526,25
51,785
784,93
88,5
437,4
737,680
648,786
976,826
351,25
742,785
817,27
410,38
212,772
624,38
533,815
292,6
384,815
591,25
721,10
168,12
317,10
542,8
231,19
13,785
677,815
218,4
532,38
736,4
665,8
169,19
209,786
504,19
912,10
930,786
275,826
937,22
720,93
98,10
298,15
279,35
262,25
854,8
212,6
732,826
126,25
805,23
770,27
573,27
459,16
645,35
133,772
313,23
869,10
264,2
284,93
181,8
203,23
151,815
502,1
301,735
231,8
860,5
293,735
661,826
921,785
573,680
776,12
150,22
761,5
137,35
599,680
764,22
604,2
145,35
73,11
274,786
629,6
777,19
640,11
890,25
410,815
412,735
805,16
865,826
77,15
277,2
153,12
264,9
191,27
619,826
891,10
691,815
657,25
324,35
456,785
53,38
327,22
610,27
43,16
832,1
81,786
428,1
104,2
802,786
364,25
935,25
700,8
885,4
833,38
1003,815
175,19
1008,12
328,772
1011,9
573,786
761,785
616,12
962,8
565,93
641,772
89,826
879,6
456,19
385,9
866,25
114,786
277,11
696,19
309,815
861,786
828,93
295,38
841,785
479,735
118,35
282,815
194,6
604,16
382,9
274,772
76,38
792,772
409,27
176,826
450,815
783,19
605,15
127,735
311,786
388,9
585,35
235,35
623,10
56,772
886,680
338,735
507,93
253,6
92,786
184,786
280,6
996,15
333,772
283,19
764,35
543,15
145,22
71,735
58,785
516,35
790,11
577,11
262,5
472,786
534,12
990,9
348,23
938,19
556,25
632,772
100,826
410,5
926,785
210,16
525,786
248,680
599,735
818,25
157,19
799,9
654,772
232,786
439,35
367,11
993,5
797,35
281,815
946,735
798,772
416,2
897,735
552,4
241,19
574,815
848,5
577,12
304,680
231,786
732,680
952,35
1009,22
845,93
630,11
960,35
650,93
50,23
730,815
660,22
733,680
934,38
438,27
349,9
991,19
753,9
723,772
336,2
120,815
65,15
722,772
632,16
748,772
821,5
470,93
808,6
78,93
759,786
182,785
148,11
385,786
44,786
851,25
389,826
136,786
176,815
599,826
13,9
217,35
896,93
21,815
830,15
766,23
89,25
457,16
150,93
596,5
154,16
800,680
603,93
664,786
315,15
540,23
758,785
562,4
944,2
321,815
83,27
526,38
318,8
620,786
812,9
392,25
528,11
926,1
395,4
306,12
971,680
879,35
309,1
827,25
420,4
951,11
185,19
805,38
99,8
50,9
161,10
806,15
75,19
682,9
953,22
593,15
40,15
389,10
228,38
1000,23
547,23
586,38
261,826
44,11
135,785
337,23
975,786
375,38
376,22
343,25
750,22
1008,38
131,35
170,10
923,15
997,12
745,35
803,735
606,735
662,680
791,12
756,786
171,25
263,2
28,19
486,772
766,1
604,785
238,19
457,2
496,35
793,19
100,16
482,10
175,93
303,8
341,735
485,15
472,12
628,815
165,23
721,785
404,27
41,25
118,25
62,826
673,25
587,2
880,8
36,772
129,772
613,815
427,27
192,10
824,10
149,15
1012,25
614,680
689,10
321,16
525,815
417,772
917,10
960,772
942,2
779,25
265,38
250,25
273,38
954,1
572,11
95,772
595,785
63,815
301,27
51,815
202,23
883,10
720,19
42,35
538,6
916,815
541,27
726,25
319,6
231,815
503,735
144,735
488,2
324,680
951,22
60,8
667,16
295,25
501,772
559,38
705,786
171,23
334,12
692,8
927,25
363,815
346,19
492,22
864,23
276,826
850,22
351,680
317,93
816,735
374,22
549,786
143,10
510,11
112,1
845,785
165,25
757,10
387,19
226,25
279,1
816,25
444,826
190,19
69,8
711,2
362,735
441,735
612,8
430,6
13,38
820,93
159,27
452,23
970,27
396,772
627,22
810,23
353,11
813,10
392,826
407,786
689,4
529,8
927,6
692,23
965,772
1008,735
327,826
554,16
1010,5
535,22
208,23
408,4
261,19
544,6
668,8
29,23
603,772
26,2
143,19
491,786
807,8
152,9
523,10
375,10
930,8
513,16
94,11
649,11
498,6
355,38
501,11
798,19
230,12
713,38
677,8
218,815
862,12
738,38
991,680
599,93
85,2
247,680
653,15
640,12
196,27
532,10
254,785
236,772
769,680
275,35
371,23
283,35
211,11
782,11
433,5
508,735
641,35
397,23
68,93
989,8
610,786
274,815
905,9
816,23
743,25
286,785
656,27
288,5
52,38
893,23
473,15
844,10
330,93
573,15
538,19
847,15
773,2
560,12
576,680
834,16
796,786
156,4
178,25
514,8
400,35
328,11
810,25
149,35
363,786
452,735
678,16
495,22
332,15
334,735
48,9
764,10
530,27
693,2
644,23
647,10
152,23
872,785
545,11
963,772
526,23
266,35
840,826
694,35
781,735
1001,6
770,6
202,11
274,35
988,772
459,680
371,826
82,772
449,15
126,785
823,15
385,93
591,19
741,93
392,815
542,6
119,786
636,735
450,38
799,38
132,785
739,11
246,9
194,35
999,16
233,4
693,11
983,826
572,38
64,826
656,9
224,11
687,9
321,93
249,680
856,11
547,772
487,23
752,786
798,4
18,23
905,680
502,15
727,23
14,27
418,22
335,16
373,786
46,93
938,23
840,35
824,680
235,785
626,25
384,25
718,4
248,25
28,815
583,16
487,785
208,785
153,10
524,15
620,27
487,12
737,785
403,5
635,11
448,772
586,22
218,12
678,5
147,8
989,785
537,93
169,27
150,23
722,35
742,38
651,680
283,15
563,826
105,35
358,735
86,15
286,8
913,735
335,25
533,9
754,93
840,815
215,19
843,785
237,2
464,93
32,38
181,16
845,9
403,10
956,12
774,15
317,27
389,35
548,680
110,25
37,786
872,8
1000,93
431,786
767,35
626,11
384,23
311,25
293,680
943,25
49,10
325,786
752,2
126,8
914,826
458,815
886,93
64,4
373,6
212,786
617,735
335,772
941,19
200,25
400,6
453,772
572,785
774,6
186,826
7,38
870,10
376,826
450,10
801,786
895,22
91,772
418,35
147,22
679,785
846,35
80,19
465,4
175,27
288,826
234,772
679,12
330,16
439,93
812,38
776,735
320,6
579,735
876,11
913,23
916,4
348,25
3,27
792,10
497,772
830,27
556,35
1009,27
373,15
909,35
784,772
235,735
360,12
509,10
99,786
425,11
928,772
943,772
874,826
857,8
453,8
808,25
611,25
243,19
922,1
260,680
63,772
105,22
30,680
714,786
1011,22
762,6
234,8
714,680
783,27
570,27
842,772
592,4
296,22
41,680
189,735
248,826
373,8
670,22
673,786
302,12
432,27
525,785
928,6
768,10
1012,772
276,785
81,772
117,19
796,5
302,785
599,5
624,772
930,735
843,735
308,735
91,786
697,5
492,826
367,10
95,826
342,22
758,772
376,2
360,785
750,2
587,25
629,25
901,4
7,826
997,16
580,8
284,10
379,786
983,93
468,735
895,815
456,9
789,772
3,9
778,23
210,8
392,785
321,11
781,10
391,93
452,93
842,8
142,11
805,735
771,12
278,12
176,23
411,38
910,12
821,4
471,826
475,5
459,786
794,38
540,25
116,785
261,93
725,19
636,5
689,772
910,785
784,16
430,735
44,22
552,12
950,22
365,25
916,735
241,11
59,12
385,785
997,25
466,6
691,12
858,772
566,38
469,11
252,826
240,786
593,786
99,2
741,4
263,15
581,16
528,735
467,93
324,15
877,15
476,680
40,9
682,15
629,772
758,680
103,22
512,680
303,5
179,11
895,10
215,786
54,35
843,16
827,826
537,11
253,16
648,2
775,1
133,11
118,12
318,9
502,826
858,2
984,772
455,735
148,19
241,12
724,785
959,735
615,8
160,22
414,826
534,22
420,5
99,11
373,680
559,10
232,19
359,16
161,9
877,8
939,38
707,2
217,786
571,786
439,9
497,2
224,785
79,38
242,826
41,23
83,35
158,4
216,11
969,6
751,826
328,815
244,22
997,11
154,826
319,19
415,815
309,9
39,735
223,2
902,22
210,680
651,786
430,93
768,22
991,9
574,35
388,815
831,5
119,680
661,11
1010,735
846,9
282,786
177,19
984,786
711,15
969,15
825,786
291,23
516,15
612,27
867,680
541,1
328,16
751,5
970,22
420,11
455,23
41,826
1011,735
849,5
349,785
689,9
581,11
676,785
382,680
695,23
714,19
457,10
238,27
917,9
560,826
406,680
685,93
742,22
411,735
411,2
658,1
769,2
608,22
607,38
846,16
633,735
26,826
686,4
744,11
575,9
66,11
565,680
893,11
822,9
787,25
556,93
131,16
187,680
61,772
153,35
122,786
414,815
417,25
921,38
813,16
689,2
46,826
232,8
621,93
877,680
374,786
713,735
199,11
989,826
371,8
278,35
742,9
983,785
549,785
510,8
274,826
115,15
763,680
937,826
1007,12
498,12
119,11
482,680
230,10
674,11
613,22
813,9
245,12
396,2
255,680
936,23
112,772
917,27
497,93
704,19
208,8
186,23
813,772
779,22
446,22
138,815
411,16
360,680
950,93
399,786
347,8
574,786
520,16
387,27
940,35
673,35
982,23
251,27
693,826
306,815
91,15
720,2
920,15
371,815
798,16
270,2
861,826
625,785
578,19
852,35
356,8
85,1
727,11
70,735
470,16
489,22
864,38
221,12
863,22
495,8
336,826
371,22
243,35
764,12
601,35
782,8
177,772
569,10
436,23
398,785
98,680
298,16
190,2
869,786
597,23
248,5
732,815
91,4
128,10
311,826
202,1
511,25
684,23
758,10
977,27
227,27
122,815
835,815
32,27
948,25
895,680
125,680
970,10
664,27
517,12
367,735
946,19
85,10
144,25
457,38
421,8
650,680
548,772
609,786
458,15
226,35
298,27
544,735
375,27
30,25
965,23
234,35
841,25
418,826
473,23
422,786
131,12
879,93
292,25
847,786
95,25
406,1
135,8
763,35
946,10
640,27
749,12
806,93
607,772
59,786
739,10
575,815
961,4
693,10
397,8
162,25
1008,25
707,815
819,19
765,680
434,15
864,786
24,815
648,735
424,9
795,10
637,35
856,12
31,35
983,27
549,23
178,8
788,27
57,23
845,22
613,10
317,8
135,1
873,680
378,22
824,826
860,8
473,826
736,6
221,23
900,25
539,772
336,815
614,27
465,16
999,8
986,15
804,10
290,93
181,815
533,15
682,772
311,10
385,826
996,786
922,93
595,826
669,10
483,11
818,785
44,826
592,25
990,19
906,2
356,93
927,93
69,735
931,22
626,815
181,22
832,12
597,772
229,826
268,16
825,35
329,6
897,11
863,10
421,35
810,735
221,16
226,93
872,2
925,8
799,786
142,786
533,8
956,815
372,19
730,19
660,826
128,22
701,93
1012,35
919,10
929,815
200,19
456,680
809,785
365,680
884,680
478,786
638,12
431,22
472,93
257,826
39,38
498,772
836,23
798,785
679,22
937,6
1011,11
829,16
187,22
508,23
324,815
823,680
592,23
385,15
370,16
388,12
776,680
45,93
980,19
891,5
657,16
327,9
845,1
991,38
43,11
759,10
317,19
870,11
378,35
801,785
586,25
897,5
271,11
147,25
295,735
650,826
315,680
445,772
747,38
108,15
145,19
56,93
440,786
737,12
24,6
318,680
730,680
987,11
716,16
534,11
75,815
918,735
349,826
904,815
302,10
1002,11
907,785
127,19
660,2
509,9
438,15
663,23
114,4
92,23
117,9
653,93
105,786
714,93
548,735
576,22
280,8
543,9
925,19
654,4
175,35
357,38
34,11
784,35
183,35
111,11
369,35
519,16
222,10
913,15
198,19
641,735
24,786
556,27
370,2
633,786
595,16
705,826
546,1
855,9
489,93
509,2
310,93
21,38
7,23
635,22
300,35
599,4
799,11
857,16
304,38
380,785
925,785
953,772
41,35
404,1
280,15
170,786
977,735
158,16
32,735
565,5
713,786
552,6
256,8
476,38
284,11
395,8
198,10
324,772
595,25
578,35
210,9
835,93
1001,786
781,9
213,12
728,1
985,35
139,15
855,6
806,19
277,815
629,826
888,786
756,12
892,9
508,680
73,93
491,826
130,12
497,23
739,93
775,11
922,16
500,4
376,10
600,735
158,27
358,772
256,15
516,19
737,23
330,10
259,10
241,10
562,772
62,8
762,9
963,735
528,22
602,5
0,4
951,12
609,93
185,8
494,2
757,786
476,826
79,826
423,2
188,19
745,826
191,38
728,8
331,25
324,8
623,35
716,826
953,19
571,25
695,11
149,680
481,786
388,826
631,35
99,735
463,8
460,5
374,8
250,10
782,35
361,5
621,9
732,12
290,27
1006,8
401,4
843,19
985,815
884,826
280,680
133,10
262,93
229,6
909,815
837,786
1004,38
897,815
970,815
899,735
254,22
701,2
294,23
832,772
923,8
762,16
945,27
284,25
17,815
966,772
0,27
491,10
1009,6
738,9
938,10
667,15
741,12
354,680
445,10
282,35
53,10
914,19
189,5
176,6
1003,4
325,16
1006,19
203,735
420,815
537,19
240,35
224,786
868,16
614,35
943,93
266,27
840,786
177,25
891,772
581,826
415,35
871,5
660,772
516,1
365,10
809,25
773,35
590,8
812,2
206,785
997,10
778,772
624,8
749,826
399,735
951,2
734,93
331,23
611,786
205,785
171,27
581,1
232,27
323,785
486,826
53,19
695,25
550,772
698,815
522,10
482,8
671,16
892,22
638,93
178,785
732,2
843,1
130,25
668,826
633,8
947,680
287,680
825,785
880,10
58,826
405,2
837,15
655,8
456,38
365,735
1012,27
830,38
559,27
778,8
464,38
618,772
157,93
457,9
39,25
884,93
386,23
189,23
905,785
118,680
411,5
931,785
661,19
954,15
312,9
372,35
318,35
893,735
177,11
362,25
306,826
159,785
128,38
254,11
218,680
904,785
134,12
560,25
602,25
127,93
899,22
421,785
423,38
78,786
868,815
856,815
376,772
174,6
564,93
781,38
199,10
554,23
889,23
547,12
433,9
732,16
398,772
204,38
757,8
439,23
423,772
647,25
263,735
515,785
660,785
590,680
972,35
42,735
938,680
351,38
723,9
318,815
560,16
338,25
319,9
377,735
909,25
713,35
309,680
455,4
721,35
777,785
813,8
446,786
107,38
876,680
881,786
291,815
310,2
791,735
421,5
578,786
208,9
371,16
153,735
315,815
578,735
686,786
892,35
729,12
433,2
214,19
804,23
178,826
273,22
594,8
647,22
775,93
523,12
463,815
170,93
104,772
797,16
486,9
180,22
933,11
684,25
227,680
45,6
563,2
637,23
103,735
159,2
859,5
217,15
343,826
381,772
186,786
650,735
702,6
464,11
727,10
927,9
838,11
568,38
766,35
787,772
795,785
961,9
393,735
908,93
853,11
918,2
276,12
851,93
871,38
51,772
141,16
215,9
415,12
113,22
20,9
684,16
906,22
687,5
581,680
712,772
159,11
270,10
292,19
257,23
995,1
558,786
353,27
282,9
886,826
174,27
464,2
485,815
640,5
625,12
473,815
825,15
644,735
850,1
794,786
335,12
798,826
322,19
804,5
878,4
347,25
76,6
276,11
903,772
387,735
779,826
965,22
966,826
0,93
770,4
202,9
128,2
313,10
739,815
166,19
847,22
248,786
763,815
86,785
217,25
884,9
777,772
406,6
834,815
923,735
651,815
746,22
928,93
378,12
946,11
348,785
776,1
604,15
589,786
400,826
533,5
699,680
166,785
3,826
943,12
88,8
548,9
733,19
164,680
718,772
76,826
866,11
227,735
798,10
428,785
214,680
711,735
549,22
142,35
181,12
474,6
57,22
992,2
168,15
810,9
400,19
381,815
477,27
561,19
655,785
856,786
1005,772
147,5
863,12
594,93
100,35
617,772
673,93
344,10
783,826
986,12
607,11
718,10
956,785
313,785
761,772
98,9
248,27
743,6
854,15
656,2
412,22
339,785
819,27
158,93
483,10
111,680
3,38
277,6
795,2
983,19
696,8
767,680
366,19
21,1
921,19
650,12
228,16
231,5
638,735
949,16
218,10
899,826
776,15
614,19
172,2
335,27
175,23
530,2
693,27
986,23
878,25
471,22
293,786
274,785
60,680
300,785
320,10
447,25
876,23
952,10
163,27
972,680
457,826
662,35
224,27
540,785
351,8
264,12
687,25
249,5
709,12
947,785
670,35
894,8
696,15
74,786
623,1
327,19
129,8
21,10
848,826
520,786
427,815
393,38
968,25
326,786
401,38
882,12
240,735
761,19
614,10
104,735
429,27
909,785
379,10
86,4
626,9
935,785
437,785
848,19
901,23
78,680
465,772
183,93
617,16
484,25
966,27
753,27
346,38
327,8
699,35
663,25
21,19
43,10
336,16
959,8
707,35
672,15
653,35
104,12
450,8
233,680
66,786
90,35
516,826
747,25
197,8
604,19
930,826
108,8
848,10
777,2
580,4
873,22
216,815
802,10
876,5
198,25
163,9
383,23
497,826
223,35
49,772
47,785
