139,16
820,23
289,22
663,22
574,2
813,826
685,5
176,27
283,785
157,23
105,785
697,2
364,10
899,785
935,8
993,1
478,6
354,16
444,772
674,735
589,815
145,11
437,680
666,8
975,6
777,11
173,8
817,826
345,9
755,680
330,735
890,826
706,735
263,27
484,15
619,735
374,826
324,27
142,6
731,6
509,1
165,826
919,815
885,785
499,23
339,11
488,772
621,22
512,1
655,785
503,772
515,12
401,9
644,680
935,1
648,22
478,9
44,25
407,23
944,23
837,815
713,785
145,12
454,22
812,22
154,815
743,35
581,735
109,25
277,35
830,11
298,815
136,680
263,16
265,772
546,25
142,9
849,786
316,772
615,815
621,15
658,27
434,772
952,772
575,23
500,5
62,772
562,8
654,23
947,11
639,10
402,35
901,11
444,23
762,22
605,23
199,735
185,15
96,9
867,772
263,9
49,815
928,22
927,38
674,93
605,786
142,16
435,6
697,786
238,4
493,772
1011,772
463,11
139,826
780,772
818,6
497,15
648,4
133,9
404,16
216,6
123,815
566,826
473,38
440,815
809,23
516,27
352,11
281,1
120,23
355,6
859,35
91,93
475,826
738,6
147,786
298,785
297,815
63,19
526,786
88,826
14,38
164,12
807,735
985,93
732,4
0,826
754,25
633,6
301,38
47,11
858,11
590,9
352,2
795,93
134,19
28,785
486,680
857,772
469,27
849,2
940,786
445,2
763,11
359,11
714,22
770,772
571,22
112,785
991,11
496,38
760,93
1000,1
671,19
892,23
126,680
954,5
757,5
296,786
350,16
797,4
47,16
476,11
358,35
159,22
514,35
171,19
120,735
824,786
662,785
917,23
189,22
436,4
917,786
40,826
954,12
273,27
807,23
461,12
686,10
633,16
281,785
800,815
530,815
88,38
513,27
215,680
822,15
937,93
883,15
352,16
994,22
405,10
835,826
380,19
1008,785
113,680
789,815
664,8
242,12
334,19
176,93
229,786
583,786
749,38
275,22
921,815
917,16
368,772
458,16
261,786
940,38
797,22
873,93
502,772
712,93
548,22
660,786
20,4
612,11
958,27
797,785
134,4
501,15
674,9
655,25
677,12
862,8
611,735
295,19
687,680
653,19
381,5
860,38
539,826
294,786
171,772
208,10
596,35
942,19
214,16
840,10
587,93
436,10
458,27
523,15
190,25
66,27
1004,2
180,23
720,4
173,826
391,25
585,16
822,786
70,23
588,11
60,25
295,8
542,27
445,38
104,35
653,12
927,8
50,35
838,8
103,815
255,772
715,735
271,35
34,786
97,4
650,786
211,12
286,19
165,8
40,815
807,2
954,25
830,826
583,38
415,15
897,772
770,10
202,15
717,785
351,23
560,15
743,785
392,38
563,10
998,826
835,785
709,23
909,10
970,8
881,8
899,12
168,2
428,25
981,93
1005,785
533,735
897,38
443,9
687,815
48,12
945,786
838,772
666,35
743,19
943,6
101,25
855,815
126,19
326,12
660,815
974,680
684,8
260,93
591,785
449,12
747,680
487,27
363,9
751,735
737,772
606,680
168,9
477,1
650,27
542,5
446,772
467,23
431,5
628,23
130,93
650,772
394,19
140,38
912,23
397,6
366,815
644,25
480,9
98,15
870,826
176,786
943,15
930,16
861,93
977,11
278,815
709,25
657,35
140,772
514,25
774,16
921,9
542,12
304,5
268,27
307,16
860,10
36,15
169,23
150,19
703,27
996,23
614,25
579,9
283,11
727,815
235,786
878,23
347,22
55,772
577,35
616,2
101,11
730,22
821,680
237,6
437,9
402,93
187,785
573,23
922,785
116,19
64,9
524,10
601,680
67,4
289,735
894,6
328,35
400,11
663,10
243,826
45,815
428,6
431,11
897,9
109,680
293,22
647,680
687,826
746,735
925,6
286,15
839,15
293,785
644,15
184,6
438,785
1011,4
740,27
228,826
338,93
783,9
507,735
166,5
648,772
496,785
371,786
980,22
894,9
252,23
487,6
421,815
759,15
724,19
905,735
564,15
874,93
268,9
787,735
703,9
407,11
876,786
552,19
901,22
246,735
962,4
138,9
783,22
694,2
437,27
627,93
830,23
850,772
595,4
617,23
946,93
731,11
623,9
588,93
554,93
682,22
277,786
438,10
685,11
499,8
406,35
160,815
472,38
664,826
679,786
367,1
243,15
318,16
503,12
358,785
130,826
24,8
444,11
262,6
358,10
951,35
437,735
495,680
370,9
481,10
373,12
102,15
216,735
267,38
125,785
623,22
860,785
734,15
807,826
114,2
741,785
150,826
796,9
138,786
748,786
658,38
697,1
36,35
884,815
204,23
117,786
443,35
975,826
280,10
977,785
601,16
505,785
676,19
676,680
843,680
451,35
37,12
702,680
385,772
296,735
962,22
411,772
726,680
605,4
570,38
879,16
241,785
756,826
578,38
617,1
980,35
966,735
842,12
988,35
769,815
574,10
278,8
978,9
317,35
339,10
450,27
586,9
326,772
293,10
367,23
351,772
502,815
341,680
256,10
972,11
241,23
762,12
706,785
466,10
120,10
469,15
913,6
827,15
965,826
250,772
768,735
877,19
473,680
560,785
801,826
932,4
572,680
77,785
775,5
758,786
426,27
158,25
934,772
790,25
59,1
688,4
997,6
339,826
175,735
0,6
54,772
790,786
1007,93
556,11
667,8
888,22
136,27
28,25
47,815
50,10
855,25
235,10
272,16
753,6
697,785
438,22
386,735
386,8
1003,1
179,12
608,735
290,25
54,38
229,4
102,786
32,826
676,8
36,786
1008,35
971,735
183,8
812,5
685,785
410,785
677,23
109,10
398,23
272,786
719,27
556,2
688,735
28,16
528,772
156,93
766,2
677,786
1005,826
272,23
988,8
630,786
114,38
300,10
485,2
503,786
361,12
732,5
932,10
664,680
754,22
95,786
226,735
833,16
949,772
57,815
720,25
427,38
172,680
984,19
710,786
624,10
677,16
420,15
791,8
762,735
998,25
359,10
626,680
435,23
238,23
977,680
669,786
597,826
840,22
531,826
201,9
957,23
868,25
523,27
285,815
858,19
254,6
492,680
612,6
45,25
319,5
637,10
639,815
469,35
899,19
973,8
149,11
664,2
867,826
334,9
939,786
998,16
892,786
568,19
828,10
557,15
618,15
599,35
124,815
671,27
1000,9
433,22
472,23
732,27
507,11
510,4
203,786
458,22
537,680
315,22
575,10
443,93
924,786
908,1
254,9
809,9
383,826
810,815
498,16
405,9
192,5
751,15
716,35
146,1
257,2
828,735
260,9
887,10
63,9
653,25
529,11
310,9
338,680
653,735
892,38
433,15
125,6
379,93
143,22
491,785
865,12
115,16
190,680
155,19
982,19
513,19
17,22
972,93
739,826
887,772
764,786
230,9
654,735
205,826
578,23
245,9
924,15
381,4
326,826
99,815
100,9
985,786
582,11
395,680
767,5
863,785
312,25
239,11
661,35
982,735
180,16
933,9
202,5
220,785
424,23
498,2
227,23
836,785
824,35
881,22
699,11
501,786
174,22
653,11
529,5
838,9
327,815
310,27
332,12
211,15
265,93
286,16
162,2
998,680
770,11
662,5
331,93
131,735
351,22
958,10
634,11
379,735
341,12
487,680
970,9
442,27
702,15
119,785
709,785
174,25
567,9
381,22
736,11
329,16
221,2
833,93
172,23
582,5
782,22
51,8
767,11
471,5
491,772
73,27
384,15
54,23
387,10
152,27
979,27
325,826
199,785
313,8
632,735
67,25
267,4
677,38
270,19
57,19
427,826
463,93
47,680
502,8
307,10
442,815
294,772
150,25
261,10
390,93
690,2
285,735
982,826
347,16
58,680
740,22
940,11
262,27
101,1
288,23
659,8
326,4
511,8
795,15
81,93
156,22
563,27
252,2
604,815
514,22
771,38
992,4
908,680
363,772
416,826
491,680
110,19
420,786
150,16
909,680
552,38
915,10
1008,19
718,8
209,8
372,23
483,12
841,8
806,735
127,815
437,8
573,22
459,23
21,772
388,25
657,27
18,10
992,27
40,35
114,22
683,772
463,35
600,27
766,93
218,8
736,16
329,11
61,25
651,25
852,772
431,785
162,38
996,772
725,680
212,10
965,15
752,15
570,10
126,5
681,5
755,10
313,35
645,23
829,815
579,815
360,2
413,8
200,22
842,16
951,93
536,5
370,785
167,25
539,16
832,6
228,25
635,4
857,2
253,15
453,2
364,22
789,19
58,15
944,735
305,11
639,16
858,35
696,826
430,786
382,11
679,19
111,6
98,25
886,38
688,25
391,680
583,2
401,680
592,10
188,10
388,15
299,9
210,27
302,6
1002,15
546,10
966,25
623,8
660,6
327,10
716,785
499,11
959,10
746,8
564,23
535,93
757,93
540,8
480,785
351,785
692,680
72,785
108,10
383,735
483,35
671,786
837,38
358,11
841,35
345,6
287,5
757,772
879,785
456,772
860,786
663,16
425,15
336,9
777,815
907,9
801,815
910,6
586,15
895,27
493,93
1012,680
404,5
298,93
775,22
155,35
283,22
964,93
529,680
962,23
64,785
670,785
284,15
87,15
90,785
773,93
556,22
64,22
941,1
583,826
197,785
272,35
402,772
438,5
370,826
223,785
704,38
997,826
265,735
178,735
395,815
485,22
275,680
849,680
651,5
636,10
174,772
947,4
639,15
750,6
184,35
148,9
519,10
906,93
138,35
801,735
566,35
604,735
109,23
514,93
420,19
553,785
753,12
257,93
347,735
671,38
892,4
1003,11
658,25
950,785
130,11
683,35
204,6
542,785
83,25
565,11
330,9
195,23
750,786
217,38
380,9
951,9
591,38
332,735
222,735
926,772
193,93
874,22
32,93
549,35
695,4
688,680
781,826
545,785
250,9
929,15
361,10
547,680
658,16
90,5
339,27
871,9
673,2
503,19
675,815
111,35
294,10
45,38
615,4
306,9
491,15
992,93
789,786
670,15
142,25
1008,680
953,25
535,9
593,2
315,772
482,12
889,1
103,11
586,35
550,5
537,16
149,815
404,25
387,35
118,27
465,93
784,2
216,15
516,12
293,815
94,16
495,786
352,735
131,38
762,38
392,5
469,25
824,8
642,19
220,11
96,25
461,815
852,11
285,12
270,815
435,22
128,772
348,826
669,785
124,785
418,680
661,23
184,826
222,93
260,826
686,1
797,2
104,786
908,11
177,23
486,27
216,22
639,35
711,11
94,27
408,680
192,15
504,785
984,27
159,16
380,22
842,815
702,16
174,2
359,2
506,25
481,826
631,11
388,786
742,10
322,10
657,735
967,5
143,8
661,16
954,10
992,772
458,23
633,22
905,25
448,1
362,4
720,8
311,93
96,786
405,8
280,815
948,8
566,6
107,815
82,22
852,25
377,785
48,735
875,735
988,22
704,16
795,772
482,25
500,680
579,38
820,772
90,25
224,826
115,19
938,772
375,8
927,826
933,15
202,27
662,8
1007,8
576,772
540,826
106,8
566,25
948,23
509,93
328,2
220,16
168,22
848,680
338,785
800,6
304,27
446,785
107,27
186,19
739,27
460,35
631,25
668,5
421,2
939,6
690,22
710,93
840,12
397,25
607,16
572,22
458,25
609,772
188,815
705,8
635,772
248,2
523,1
948,785
933,8
202,2
522,772
320,815
836,786
912,680
503,680
788,10
292,23
257,19
95,23
186,785
760,12
393,6
714,8
311,735
421,11
776,22
999,25
28,680
912,27
436,19
610,815
369,16
77,735
520,27
871,35
656,16
965,735
895,786
357,826
449,9
784,815
396,93
821,785
70,12
803,826
718,680
424,772
946,15
270,786
736,12
59,785
332,4
903,10
906,826
233,6
927,735
430,680
875,12
163,815
865,22
919,735
437,826
616,22
190,9
890,22
908,38
752,27
894,785
128,5
937,785
116,15
652,35
136,815
449,2
18,25
402,815
165,785
168,11
539,12
636,815
36,2
308,815
665,9
446,15
391,815
512,815
604,10
141,772
937,23
369,2
942,815
979,35
234,22
622,23
753,815
274,23
592,38
738,93
757,815
684,1
194,680
514,23
474,5
590,826
366,15
992,5
724,15
635,9
89,93
72,35
971,11
221,680
518,11
921,786
80,35
246,5
504,25
641,9
37,22
419,16
130,815
207,815
656,5
752,9
163,23
77,16
775,772
264,8
980,9
484,22
894,4
623,5
474,12
327,23
663,4
369,680
425,27
921,16
601,735
13,772
268,12
342,15
589,6
789,9
700,15
354,2
122,38
675,772
697,93
962,11
385,10
459,15
709,9
527,22
203,2
283,772
268,11
503,826
841,786
175,786
913,826
401,27
219,735
326,785
723,680
722,23
812,815
361,815
801,23
639,19
510,93
590,38
1009,735
629,9
558,15
451,826
638,786
755,735
208,772
869,38
546,11
360,10
623,11
509,12
94,735
21,16
425,5
265,25
672,2
232,826
268,2
625,38
240,4
789,27
190,93
779,93
123,772
676,22
144,826
269,680
533,38
790,10
480,23
944,785
816,38
160,15
952,27
716,12
990,8
792,15
521,10
373,735
963,38
618,826
432,25
89,8
509,5
474,25
76,680
40,25
1012,826
870,6
907,735
287,826
182,4
935,5
885,16
426,23
924,826
83,10
407,27
383,786
226,680
558,25
395,23
713,16
68,826
623,786
404,815
888,10
528,785
432,16
486,786
966,8
768,15
606,35
682,6
349,10
989,735
644,772
154,8
463,6
65,8
981,10
450,25
621,19
290,5
806,785
843,25
83,19
304,735
407,735
215,93
343,8
271,735
148,10
847,93
975,8
444,27
505,35
602,6
201,826
74,8
916,23
716,2
848,735
43,680
632,785
691,785
728,5
432,23
124,8
88,815
309,772
272,27
623,38
632,22
154,19
463,15
672,23
176,12
599,25
710,4
231,35
70,786
932,6
436,35
611,10
540,22
426,25
390,35
229,25
653,785
947,12
858,4
567,826
666,25
354,826
170,2
784,735
109,15
296,9
223,27
99,9
263,10
1000,785
487,93
458,735
95,93
522,4
389,11
287,785
1006,12
852,815
229,2
360,772
216,9
784,12
676,10
626,35
994,735
996,815
281,6
263,772
862,19
420,2
670,12
284,735
396,27
53,22
435,16
914,15
793,12
873,785
506,785
214,11
50,735
163,772
1006,23
439,4
301,35
321,826
982,12
158,9
362,19
91,38
292,826
612,25
425,772
834,15
652,10
573,93
242,25
494,16
813,25
763,12
121,6
838,35
103,772
435,25
221,35
222,772
388,735
618,2
236,27
697,735
365,772
408,826
744,9
466,93
216,23
911,9
551,22
1007,5
901,680
243,735
338,35
945,9
970,19
146,4
257,15
481,38
689,12
998,22
690,735
1002,93
396,9
914,1
456,815
78,16
939,11
153,772
411,25
125,11
164,826
236,735
152,1
830,772
228,735
812,93
123,93
855,772
69,9
17,19
180,12
551,15
755,93
75,680
973,772
612,15
319,12
527,38
32,11
859,11
788,5
627,23
539,35
260,11
500,826
689,5
636,772
998,9
196,19
161,23
988,23
662,815
368,2
754,772
97,15
297,10
371,15
850,16
387,786
524,772
525,93
322,2
236,9
806,815
681,826
387,25
226,19
905,1
797,19
251,25
822,5
551,4
291,8
844,735
609,5
427,15
501,12
395,38
217,10
788,12
420,38
442,23
464,8
927,12
285,22
489,16
72,8
381,2
418,12
492,11
143,786
771,93
532,9
903,23
925,38
671,11
782,10
433,6
804,19
550,38
569,4
865,27
890,5
86,93
509,815
128,8
61,785
227,25
637,19
588,6
664,25
684,786
95,22
96,38
85,12
304,19
512,93
196,1
880,785
492,2
510,826
286,22
289,786
507,16
73,16
969,93
644,22
647,11
372,4
251,23
91,27
609,23
511,4
773,12
42,6
373,35
429,785
860,826
256,680
442,25
906,680
304,10
250,826
14,19
930,680
961,6
616,786
853,16
397,10
544,815
526,25
51,785
784,93
737,680
437,4
648,786
976,826
742,785
817,27
410,38
212,772
533,815
292,6
384,815
591,25
168,12
317,10
542,8
231,19
677,815
218,4
532,38
736,4
169,19
209,786
504,19
912,10
275,826
937,22
720,93
98,10
279,35
262,25
854,8
212,6
126,25
805,23
770,27
313,23
573,27
645,35
133,772
869,10
284,93
181,8
203,23
151,815
301,735
231,8
860,5
293,735
921,785
573,680
776,12
150,22
137,35
599,680
764,22
604,2
73,11
274,786
629,6
777,19
890,25
410,815
412,735
805,16
77,15
277,2
153,12
264,9
691,815
891,10
619,826
657,25
53,38
456,785
327,22
610,27
81,786
832,1
428,1
104,2
364,25
935,25
700,8
885,4
175,19
1003,815
1008,12
328,772
573,786
761,785
616,12
962,8
641,772
89,826
879,6
456,19
866,25
114,786
277,11
696,19
861,786
828,93
295,38
841,785
282,815
118,35
194,6
604,16
76,38
274,772
792,772
409,27
450,815
783,19
605,15
127,735
388,9
585,35
235,35
623,10
886,680
338,735
507,93
253,6
184,786
280,6
996,15
333,772
543,15
764,35
145,22
71,735
516,35
790,11
577,11
262,5
534,12
990,9
348,23
938,19
632,772
100,826
410,5
926,785
525,786
248,680
599,735
818,25
799,9
654,772
439,35
993,5
797,35
281,815
946,735
416,2
897,735
552,4
241,19
848,5
577,12
304,680
231,786
952,35
1009,22
845,93
630,11
650,93
50,23
730,815
660,22
934,38
438,27
349,9
991,19
632,16
723,772
336,2
120,815
65,15
748,772
821,5
470,93
759,786
78,93
182,785
148,11
44,786
851,25
389,826
136,786
599,826
13,9
217,35
896,93
830,15
766,23
89,25
457,16
596,5
154,16
800,680
603,93
315,15
540,23
758,785
83,27
562,4
526,38
318,8
321,815
812,9
392,25
528,11
926,1
306,12
971,680
951,11
879,35
185,19
805,38
309,1
420,4
50,9
161,10
806,15
75,19
40,15
593,15
953,22
389,10
1000,23
547,23
586,38
261,826
975,786
337,23
135,785
375,38
750,22
343,25
1008,38
131,35
923,15
997,12
745,35
803,735
662,680
791,12
756,786
171,25
28,19
486,772
766,1
604,785
457,2
496,35
793,19
100,16
341,735
303,8
485,15
175,93
628,815
165,23
721,785
404,27
118,25
62,826
673,25
587,2
36,772
129,772
613,815
427,27
824,10
149,15
1012,25
614,680
321,16
525,815
417,772
917,10
779,25
265,38
942,2
250,25
572,11
954,1
95,772
595,785
301,27
51,815
202,23
916,815
538,6
883,10
42,35
541,27
319,6
231,815
503,735
144,735
324,680
951,22
60,8
705,786
667,16
559,38
171,23
501,772
927,25
692,8
363,815
346,19
864,23
276,826
850,22
351,680
816,735
374,22
549,786
143,10
112,1
845,785
165,25
757,10
226,25
279,1
816,25
444,826
711,2
69,8
362,735
441,735
430,6
13,38
820,93
159,27
396,772
970,27
627,22
810,23
813,10
392,826
407,786
689,4
692,23
965,772
927,6
1008,735
554,16
1010,5
535,22
208,23
668,8
261,19
544,6
26,2
29,23
143,19
491,786
807,8
523,10
375,10
930,8
513,16
498,6
649,11
355,38
501,11
230,12
713,38
677,8
218,815
738,38
991,680
599,93
85,2
653,15
196,27
640,12
532,10
769,680
236,772
275,35
371,23
211,11
782,11
68,93
433,5
508,735
397,23
989,8
610,786
905,9
816,23
743,25
286,785
893,23
288,5
52,38
473,15
330,93
573,15
576,680
538,19
847,15
560,12
834,16
796,786
178,25
514,8
400,35
328,11
149,35
363,786
452,735
678,16
332,15
334,735
48,9
764,10
693,2
644,23
647,10
152,23
781,735
963,772
526,23
1001,6
266,35
545,11
694,35
988,772
770,6
274,35
459,680
371,826
449,15
126,785
823,15
385,93
741,93
392,815
542,6
119,786
799,38
450,38
132,785
739,11
999,16
194,35
233,4
693,11
572,38
64,826
656,9
224,11
798,4
249,680
856,11
547,772
321,93
752,786
18,23
905,680
727,23
14,27
418,22
335,16
46,93
840,35
824,680
626,25
384,25
718,4
248,25
583,16
487,785
208,785
153,10
620,27
487,12
737,785
403,5
448,772
586,22
218,12
678,5
537,93
989,785
169,27
150,23
742,38
651,680
283,15
563,826
86,15
286,8
358,735
913,735
533,9
754,93
840,815
215,19
237,2
464,93
32,38
181,16
403,10
956,12
774,15
317,27
548,680
110,25
37,786
872,8
431,786
767,35
626,11
384,23
293,680
943,25
49,10
325,786
126,8
914,826
458,815
886,93
617,735
335,772
212,786
373,6
200,25
400,6
453,772
572,785
186,826
7,38
870,10
376,826
801,786
895,22
91,772
418,35
679,785
846,35
80,19
465,4
234,772
288,826
679,12
330,16
812,38
776,735
320,6
579,735
913,23
916,4
348,25
1009,27
556,35
3,27
830,27
497,772
784,772
360,12
235,735
909,35
99,786
425,11
928,772
943,772
857,8
453,8
808,25
611,25
922,1
260,680
63,772
105,22
714,786
1011,22
762,6
234,8
783,27
570,27
842,772
592,4
41,680
189,735
248,826
373,8
673,786
302,12
432,27
525,785
768,10
1012,772
276,785
81,772
796,5
302,785
599,5
342,22
624,772
697,5
308,735
91,786
843,735
95,826
367,10
758,772
360,785
750,2
587,25
629,25
997,16
580,8
7,826
284,10
468,735
983,93
895,815
456,9
3,9
778,23
210,8
392,785
391,93
781,10
452,93
842,8
805,735
771,12
278,12
176,23
910,12
821,4
471,826
475,5
794,38
540,25
116,785
689,772
261,93
44,22
636,5
910,785
784,16
552,12
950,22
365,25
241,11
59,12
385,785
997,25
691,12
858,772
566,38
469,11
240,786
593,786
99,2
741,4
528,735
467,93
581,16
324,15
476,680
40,9
682,15
629,772
103,22
512,680
303,5
179,11
215,786
253,16
54,35
843,16
827,826
648,2
775,1
133,11
318,9
502,826
858,2
984,772
241,12
148,19
724,785
959,735
160,22
414,826
534,22
420,5
559,10
373,680
232,19
359,16
877,8
939,38
707,2
217,786
439,9
497,2
224,785
79,38
41,23
83,35
158,4
216,11
328,815
751,826
244,22
997,11
319,19
415,815
309,9
39,735
902,22
210,680
651,786
430,93
991,9
574,35
388,815
831,5
661,11
1010,735
846,9
282,786
711,15
984,786
969,15
825,786
516,15
612,27
867,680
541,1
970,22
751,5
455,23
420,11
849,5
349,785
1011,735
689,9
714,19
382,680
695,23
676,785
238,27
917,9
560,826
406,680
742,22
411,735
411,2
658,1
608,22
607,38
846,16
575,9
633,735
686,4
744,11
66,11
893,11
822,9
787,25
556,93
187,680
61,772
153,35
122,786
417,25
921,38
813,16
689,2
374,786
232,8
621,93
877,680
199,11
989,826
371,8
278,35
983,785
549,785
510,8
274,826
763,680
937,826
1007,12
498,12
482,680
230,10
674,11
613,22
245,12
396,2
255,680
936,23
917,27
497,93
704,19
208,8
813,772
779,22
446,22
138,815
360,680
950,93
399,786
347,8
520,16
387,27
940,35
673,35
693,826
251,27
306,815
91,15
920,15
371,815
798,16
270,2
625,785
578,19
852,35
356,8
727,11
70,735
470,16
489,22
863,22
221,12
495,8
336,826
243,35
764,12
601,35
782,8
569,10
436,23
398,785
98,680
597,23
869,786
248,5
190,2
91,4
128,10
311,826
202,1
684,23
758,10
977,27
227,27
835,815
32,27
948,25
895,680
970,10
664,27
517,12
367,735
85,10
144,25
457,38
421,8
548,772
609,786
458,15
226,35
544,735
375,27
30,25
965,23
841,25
418,826
473,23
422,786
879,93
292,25
847,786
95,25
135,8
763,35
946,10
640,27
806,93
607,772
59,786
739,10
961,4
693,10
397,8
162,25
707,815
819,19
765,680
434,15
648,735
24,815
424,9
795,10
856,12
31,35
983,27
549,23
788,27
57,23
845,22
613,10
135,1
873,680
378,22
824,826
473,826
736,6
221,23
900,25
336,815
614,27
465,16
999,8
804,10
290,93
181,815
533,15
311,10
385,826
996,786
44,826
922,93
669,10
483,11
818,785
990,19
906,2
356,93
927,93
931,22
626,815
181,22
832,12
229,826
268,16
825,35
329,6
221,16
421,35
810,735
863,10
872,2
925,8
799,786
142,786
956,815
372,19
730,19
660,826
701,93
1012,35
919,10
929,815
456,680
809,785
365,680
884,680
638,12
431,22
472,93
257,826
498,772
836,23
798,785
679,22
1011,11
829,16
187,22
508,23
823,680
592,23
385,15
370,16
776,680
45,93
980,19
891,5
327,9
845,1
991,38
43,11
317,19
870,11
378,35
801,785
271,11
897,5
147,25
295,735
315,680
445,772
747,38
108,15
56,93
440,786
737,12
24,6
730,680
987,11
716,16
534,11
349,826
918,735
904,815
302,10
907,785
127,19
660,2
92,23
509,9
114,4
663,23
117,9
105,786
714,93
548,735
576,22
925,19
543,9
654,4
784,35
175,35
34,11
183,35
111,11
222,10
519,16
913,15
198,19
24,786
556,27
370,2
633,786
705,826
546,1
855,9
489,93
310,93
21,38
7,23
635,22
599,4
799,11
857,16
304,38
925,785
953,772
41,35
404,1
977,735
170,786
158,16
32,735
713,786
552,6
256,8
476,38
395,8
198,10
324,772
595,25
210,9
835,93
1001,786
139,15
781,9
985,35
855,6
728,1
756,12
629,826
888,786
277,815
508,680
73,93
491,826
130,12
739,93
775,11
922,16
500,4
600,735
158,27
358,772
256,15
330,10
241,10
737,23
259,10
62,8
762,9
963,735
528,22
0,4
951,12
476,826
609,93
185,8
331,25
757,786
79,826
423,2
745,826
191,38
728,8
716,826
623,35
953,19
571,25
149,680
481,786
460,5
388,826
631,35
463,8
232,786
374,8
985,815
250,10
621,9
361,5
732,12
290,27
843,19
401,4
884,826
133,10
262,93
229,6
909,815
1004,38
897,815
970,815
899,735
294,23
701,2
832,772
923,8
945,27
284,25
17,815
966,772
491,10
1009,6
738,9
938,10
354,680
741,12
445,10
282,35
914,19
189,5
176,6
1003,4
1006,19
203,735
420,815
537,19
224,786
868,16
614,35
943,93
891,772
177,25
581,826
871,5
840,786
660,772
516,1
590,8
365,10
773,35
812,2
206,785
778,772
624,8
749,826
399,735
734,93
331,23
611,786
205,785
581,1
232,27
323,785
486,826
695,25
698,815
550,772
522,10
671,16
892,22
638,93
178,785
843,1
130,25
668,826
633,8
287,680
825,785
880,10
58,826
837,15
655,8
456,38
365,735
830,38
559,27
778,8
464,38
157,93
457,9
39,25
884,93
189,23
905,785
118,680
411,5
661,19
954,15
312,9
372,35
177,11
893,735
362,25
306,826
254,11
218,680
128,38
904,785
560,25
602,25
127,93
899,22
868,815
78,786
423,38
856,815
174,6
564,93
781,38
199,10
889,23
547,12
433,9
732,16
439,23
757,8
204,38
423,772
263,735
515,785
660,785
590,680
42,735
938,680
351,38
723,9
560,16
338,25
319,9
377,735
713,35
309,680
455,4
721,35
813,8
446,786
107,38
876,680
291,815
310,2
791,735
421,5
153,735
371,16
315,815
208,9
686,786
892,35
178,826
729,12
433,2
804,23
273,22
594,8
170,93
775,93
523,12
463,815
797,16
486,9
180,22
933,11
45,6
227,680
563,2
637,23
343,826
859,5
217,15
159,2
702,6
650,735
186,786
464,11
927,9
838,11
568,38
766,35
795,785
961,9
393,735
908,93
276,12
918,2
851,93
871,38
141,16
215,9
415,12
113,22
684,16
906,22
687,5
581,680
159,11
270,10
292,19
257,23
353,27
886,826
558,786
282,9
464,2
485,815
640,5
625,12
825,15
644,735
850,1
794,786
798,826
322,19
804,5
878,4
76,6
276,11
903,772
387,735
965,22
966,826
0,93
770,4
128,2
313,10
739,815
166,19
248,786
763,815
86,785
217,25
777,772
406,6
834,815
923,735
746,22
928,93
378,12
946,11
776,1
604,15
589,786
400,826
699,680
166,785
3,826
943,12
548,9
733,19
164,680
718,772
866,11
227,735
798,10
428,785
711,735
549,22
142,35
181,12
381,815
57,22
992,2
168,15
477,27
810,9
561,19
1005,772
147,5
863,12
594,93
617,772
673,93
344,10
783,826
607,11
718,10
956,785
313,785
98,9
248,27
339,785
743,6
819,27
854,15
158,93
412,22
111,680
3,38
277,6
795,2
696,8
767,680
366,19
21,1
650,12
228,16
231,5
638,735
218,10
899,826
776,15
614,19
335,27
175,23
530,2
693,27
471,22
878,25
293,786
274,785
300,785
320,10
447,25
876,23
163,27
972,680
457,826
662,35
351,8
540,785
264,12
670,35
687,25
709,12
947,785
894,8
623,1
74,786
327,19
129,8
520,786
848,826
427,815
393,38
326,786
401,38
882,12
240,735
614,10
104,735
429,27
909,785
86,4
626,9
935,785
437,785
901,23
78,680
465,772
183,93
484,25
966,27
753,27
346,38
699,35
663,25
21,19
43,10
959,8
707,35
672,15
66,786
653,35
450,8
233,680
90,35
497,826
747,25
197,8
604,19
930,826
848,10
777,2
580,4
873,22
802,10
876,5
198,25
163,9
938,23
223,35
49,772
47,785
