820,23
289,22
74,772
663,22
813,826
685,5
389,19
176,27
157,23
105,785
895,25
697,2
899,785
935,8
367,15
993,1
354,16
444,772
86,22
674,735
145,11
437,680
737,4
666,8
777,11
173,8
528,25
817,826
755,680
330,735
260,38
299,5
890,826
263,27
619,735
46,786
374,826
324,27
731,6
509,1
165,826
919,815
522,23
499,23
339,11
488,772
512,1
655,785
196,93
503,772
515,12
897,22
401,9
935,1
648,22
556,826
478,9
407,23
944,23
123,785
837,815
145,12
454,22
256,9
812,22
743,35
581,735
198,11
109,25
830,11
298,815
136,19
136,680
265,772
546,25
324,735
142,9
316,772
615,815
892,10
621,15
434,772
952,772
77,786
575,23
62,772
562,8
47,5
654,23
639,10
402,35
455,815
901,11
762,22
605,23
968,680
199,735
96,9
867,772
869,93
49,815
928,22
927,38
674,93
546,16
605,786
435,6
697,786
164,5
238,4
1011,772
192,785
463,11
780,772
818,6
221,815
648,4
404,16
133,9
673,12
123,815
566,826
473,38
18,772
516,27
809,23
352,11
612,23
281,1
355,6
859,35
198,5
91,93
147,786
738,6
298,785
63,19
526,786
855,23
88,826
164,12
807,735
958,772
985,93
0,826
754,25
575,5
633,6
47,11
858,11
700,826
590,9
795,93
134,19
997,9
28,785
857,772
469,27
74,38
849,2
445,2
763,11
963,6
359,11
770,772
571,22
717,11
112,785
496,38
760,93
100,19
1000,1
892,23
126,680
112,22
954,5
296,786
350,16
155,735
797,4
476,11
358,35
250,680
159,22
171,19
120,735
766,15
824,786
917,23
189,22
104,93
273,27
40,826
954,12
898,785
807,23
461,12
686,10
633,16
924,785
155,27
281,785
530,815
88,38
215,680
822,15
254,8
771,735
883,15
352,16
994,22
405,10
380,19
1008,785
951,19
113,680
664,8
242,12
60,11
334,19
229,786
583,786
1003,93
749,38
917,16
921,815
795,735
368,772
261,786
940,38
797,22
155,16
502,772
712,93
288,10
548,22
20,4
612,11
405,19
958,27
134,4
45,12
501,15
674,9
677,12
862,8
664,15
295,19
687,680
653,19
72,5
860,38
539,826
294,786
171,772
939,4
208,10
942,19
233,22
840,10
587,93
436,10
917,735
458,27
190,25
66,27
619,19
1004,2
720,4
173,826
45,5
391,25
822,786
70,23
514,12
588,11
295,8
445,38
763,23
653,12
927,8
50,35
838,8
966,93
103,815
271,35
34,786
554,6
97,4
650,786
978,826
211,12
40,815
807,2
610,785
954,25
830,826
583,38
215,8
415,15
770,10
202,15
511,27
717,785
560,15
743,785
119,27
392,38
835,785
709,23
909,10
159,10
970,8
881,8
57,11
899,12
428,25
981,93
603,16
1005,785
897,38
443,9
903,8
687,815
945,786
838,772
1010,815
666,35
101,25
943,6
890,8
855,815
326,12
660,815
681,19
974,680
591,785
260,93
426,735
449,12
487,27
363,9
1005,15
751,735
606,680
845,27
168,9
477,1
542,5
467,23
638,25
431,5
628,23
130,93
151,735
650,772
140,38
912,23
604,8
397,6
644,25
480,9
188,826
98,15
176,786
943,15
893,38
930,16
977,11
278,815
687,735
709,25
140,772
514,25
734,19
921,9
542,12
304,5
838,680
268,27
860,10
36,15
665,12
169,23
776,9
703,27
996,23
614,25
579,9
727,815
565,38
235,786
347,22
55,772
614,786
577,35
101,11
730,22
841,9
821,680
437,9
402,93
166,2
573,23
922,785
116,19
64,9
850,786
706,15
524,10
67,4
894,6
328,35
400,11
384,826
663,10
45,815
428,6
543,785
431,11
109,680
293,22
898,815
647,680
746,735
925,6
305,19
286,15
293,785
184,6
438,785
555,9
1011,4
740,27
300,786
338,93
783,9
507,735
843,786
166,5
496,785
371,786
210,35
980,22
252,23
487,6
71,786
421,815
278,680
724,19
905,735
874,93
268,9
787,735
953,93
703,9
876,786
552,19
679,16
901,22
962,4
138,9
447,1
783,22
437,27
627,93
187,815
595,4
850,772
617,23
191,12
946,93
623,9
588,93
327,11
554,93
438,10
277,786
114,11
685,11
406,35
160,815
431,25
472,38
679,786
367,1
885,9
243,15
503,12
358,785
694,735
130,826
444,11
262,6
943,35
358,10
437,735
495,680
519,735
370,9
373,12
102,15
1000,826
267,38
125,785
623,22
753,19
734,15
807,826
114,2
40,23
741,785
796,9
138,786
506,680
748,786
697,1
36,35
935,11
204,23
117,786
443,35
280,10
922,12
688,785
977,785
601,16
451,35
676,680
843,680
588,826
37,12
702,680
385,772
426,786
296,735
411,772
726,680
231,785
605,4
879,16
241,785
666,786
756,826
617,1
980,35
855,11
966,735
988,35
769,815
991,22
574,10
978,9
317,35
265,5
339,10
586,9
326,772
364,2
293,10
351,772
502,815
601,25
341,680
972,11
241,23
762,12
706,785
355,27
120,10
472,680
913,6
827,15
965,826
766,16
768,735
250,772
473,680
849,785
560,785
932,4
572,680
276,93
77,785
758,786
426,27
673,10
158,25
790,25
59,1
80,735
688,4
339,826
175,735
586,786
54,772
790,786
1007,93
96,10
556,11
888,22
136,27
445,15
28,25
50,10
855,25
605,785
235,10
753,6
697,785
934,93
438,22
386,8
1003,1
859,772
658,19
290,25
54,38
179,12
229,4
32,826
676,8
750,19
36,786
971,735
183,8
59,6
812,5
410,785
677,23
398,23
803,785
272,786
719,27
223,6
556,2
28,16
528,772
673,826
156,93
677,786
1005,826
877,5
988,8
630,786
114,38
264,785
300,10
503,786
361,12
913,786
932,10
664,680
754,22
679,815
95,786
833,16
949,772
969,11
57,815
427,38
172,680
559,785
984,19
624,10
677,16
586,772
420,15
762,735
998,25
196,35
359,10
435,23
238,23
557,22
977,680
597,826
840,22
986,93
531,826
957,23
868,25
372,38
523,27
285,815
858,19
880,12
492,680
612,6
45,25
945,11
637,10
639,815
469,35
382,785
664,2
973,8
149,11
902,12
334,9
939,786
998,16
121,9
892,786
828,10
557,15
137,23
618,15
671,27
124,815
582,25
1000,9
433,22
732,27
507,11
510,4
203,786
607,35
537,680
575,10
957,16
443,93
924,786
66,6
908,1
809,9
383,826
972,38
810,815
405,9
192,5
32,9
751,15
146,1
257,2
664,9
828,735
887,10
63,9
619,680
653,25
310,9
338,680
523,786
653,735
433,15
125,6
286,38
143,22
379,93
865,12
921,735
115,16
155,19
982,19
602,680
513,19
972,93
739,826
498,11
887,772
230,9
654,735
659,93
205,826
245,9
924,15
871,735
381,4
99,815
100,9
373,826
582,11
303,35
395,680
767,5
863,785
661,35
239,11
350,10
982,735
933,9
202,5
662,2
220,785
498,2
227,23
156,9
836,785
881,22
699,11
760,11
501,786
653,11
66,826
529,5
838,9
310,27
332,12
690,16
265,93
286,16
162,2
471,12
998,680
662,5
331,93
497,735
131,735
958,10
634,11
67,16
379,735
487,680
970,9
734,38
702,15
119,785
709,785
800,19
174,25
381,22
736,11
936,8
329,16
833,93
172,23
504,10
582,5
51,8
767,11
839,35
73,27
491,772
54,23
384,15
682,785
152,27
979,27
930,22
325,826
313,8
632,735
264,25
67,25
677,38
270,19
363,8
57,19
463,93
47,680
193,6
502,8
442,815
294,772
701,785
150,25
390,93
690,2
853,27
982,826
347,16
58,680
955,772
740,22
262,27
101,1
88,10
288,23
326,4
511,8
662,23
81,93
156,22
563,27
430,38
252,2
514,22
771,38
807,785
992,4
363,772
416,826
110,19
329,2
420,786
150,16
726,786
909,680
915,10
1008,19
382,25
718,8
372,23
483,12
890,27
841,8
127,815
437,8
990,22
573,22
21,772
388,25
468,815
657,27
40,35
114,22
884,25
683,772
463,35
600,27
638,8
766,93
736,16
329,11
882,19
61,25
852,772
431,785
767,38
162,38
725,680
212,10
583,5
965,15
126,5
570,10
681,5
274,8
645,23
385,11
755,10
829,815
360,2
413,8
452,680
842,16
951,93
536,5
474,22
370,785
539,16
832,6
117,4
635,4
857,2
253,15
218,19
364,22
789,19
58,15
614,8
944,735
765,735
858,35
696,826
641,4
430,786
382,11
679,19
111,6
886,38
688,25
669,25
391,680
401,680
592,10
554,772
188,10
299,9
210,27
891,6
546,10
1002,15
692,93
966,25
623,8
716,785
327,10
665,680
499,11
746,8
564,23
435,93
535,93
540,8
480,785
170,815
351,785
72,785
108,10
861,15
383,735
671,786
837,38
13,25
358,11
287,5
345,6
296,19
757,772
456,772
860,786
610,38
663,16
777,815
336,9
371,93
907,9
910,6
586,15
968,9
895,27
1012,680
404,5
117,785
775,22
155,35
283,22
357,35
964,93
962,23
64,785
691,2
284,15
87,15
90,785
422,815
556,22
64,22
941,1
284,772
583,826
272,35
402,772
312,815
370,826
574,11
704,38
223,785
997,826
178,735
395,815
68,735
485,22
849,680
651,5
562,15
174,772
947,4
639,15
379,19
750,6
148,9
519,10
812,16
906,93
801,735
566,35
548,93
514,93
109,23
420,19
410,9
553,785
257,93
347,735
463,12
671,38
1003,11
658,25
910,16
950,785
537,6
683,35
204,6
542,785
565,11
330,9
778,785
195,23
217,38
380,9
345,25
951,9
332,735
222,735
888,23
193,93
874,22
32,93
603,35
549,35
688,680
781,826
599,23
250,9
359,786
547,680
658,16
90,5
545,785
339,27
957,4
871,9
503,19
675,815
537,786
111,35
45,38
615,4
469,16
306,9
992,93
789,786
600,93
670,15
1008,680
953,25
75,22
535,9
315,772
482,12
707,6
889,1
586,35
550,5
240,38
537,16
404,25
387,35
426,10
118,27
784,2
216,15
898,22
293,815
94,16
352,735
131,38
810,826
762,38
392,5
284,19
469,25
642,19
220,11
916,35
96,25
852,11
285,12
161,6
270,815
128,772
348,826
368,19
669,785
418,680
661,23
572,9
184,826
260,826
686,1
905,16
797,2
66,12
908,11
177,23
486,27
639,35
711,11
698,12
94,27
192,15
504,785
49,93
984,27
380,22
842,815
204,785
702,16
359,2
506,25
78,19
388,786
939,8
742,10
481,826
657,735
967,5
143,8
436,6
661,16
992,772
458,23
976,19
633,22
448,1
362,4
292,815
534,826
311,93
96,786
405,8
280,815
566,6
107,815
96,23
82,22
377,785
48,735
781,35
875,735
704,16
795,772
408,2
482,25
579,38
820,772
913,772
90,25
115,19
938,772
851,826
375,8
933,15
202,27
551,5
1007,8
576,772
540,826
560,19
106,8
948,23
509,93
71,826
328,2
168,22
848,680
245,8
338,785
304,27
446,785
640,10
107,27
421,2
739,27
460,35
631,25
332,22
939,6
690,22
671,8
840,12
397,25
769,16
607,16
458,25
609,772
647,19
705,8
523,1
635,772
248,2
781,680
933,8
202,2
453,680
522,772
836,786
912,680
855,93
503,680
292,23
257,19
699,10
95,23
760,12
393,6
324,93
714,8
421,11
776,22
172,25
28,680
912,27
436,19
384,9
610,815
520,27
77,735
905,12
871,35
965,735
895,786
511,5
357,826
784,815
396,93
70,12
414,772
803,826
718,680
847,785
424,772
270,786
736,12
936,9
332,4
903,10
906,826
356,735
233,6
430,680
507,22
875,12
163,815
437,826
919,735
540,93
616,22
890,22
908,38
930,23
894,785
128,5
937,785
457,772
116,15
136,815
449,2
252,4
18,25
165,785
168,11
898,680
539,12
36,2
308,815
807,93
665,9
391,815
512,815
693,22
604,10
937,23
369,2
167,772
942,815
234,22
622,23
416,93
753,815
592,38
738,93
511,11
684,1
194,680
514,23
181,9
474,5
366,15
992,5
21,5
724,15
89,93
72,35
418,19
971,11
518,11
921,786
421,38
80,35
504,25
641,9
73,4
419,16
130,815
207,815
101,9
656,5
163,23
77,16
369,735
775,772
980,9
484,22
67,6
894,4
474,12
327,23
954,786
663,4
921,16
425,27
561,9
601,735
268,12
342,15
145,735
589,6
700,15
354,2
872,6
122,38
697,93
962,11
126,10
385,10
709,9
527,22
875,785
203,2
503,826
175,786
913,826
217,815
219,735
401,27
326,785
58,12
723,680
722,23
761,16
812,815
801,23
639,19
641,27
510,93
1009,735
629,9
556,735
558,15
638,786
755,735
757,826
208,772
546,11
360,10
931,8
623,11
94,735
21,16
578,815
425,5
672,2
232,826
857,10
268,2
240,4
789,27
44,38
190,93
123,772
676,22
144,826
567,815
269,680
790,10
207,826
480,23
816,38
160,15
783,25
952,27
990,8
792,15
385,4
521,10
963,38
618,826
855,12
432,25
509,5
474,25
771,5
40,25
1012,826
870,6
599,11
907,735
182,4
935,5
993,6
885,16
207,4
924,826
83,10
407,27
226,680
558,25
688,8
395,23
68,826
623,786
347,680
404,815
528,785
432,16
486,786
820,25
966,8
606,35
56,785
682,6
989,735
646,735
644,772
154,8
65,8
104,680
981,10
450,25
290,5
806,785
163,785
843,25
407,735
304,735
105,2
215,93
271,735
148,10
790,4
847,93
444,27
505,35
802,27
602,6
74,8
916,23
1009,8
716,2
43,680
632,785
854,826
728,5
432,23
124,8
840,735
88,815
272,27
623,38
509,23
632,22
463,15
672,23
176,12
907,6
231,35
621,12
70,786
599,25
932,6
611,10
497,11
540,22
390,35
229,25
636,2
653,785
858,4
567,826
934,826
666,25
170,2
784,735
395,5
109,15
223,27
99,9
481,19
263,10
487,93
458,735
682,8
95,93
389,11
287,785
515,680
1006,12
229,2
360,772
784,12
1002,735
34,16
676,10
626,35
994,735
281,6
263,772
531,12
862,19
670,12
284,735
893,786
396,27
435,16
914,15
917,2
793,12
506,785
214,11
968,38
50,735
1006,23
439,4
83,38
301,35
982,12
158,9
216,16
362,19
292,826
612,25
244,19
425,772
652,10
573,93
884,35
494,16
813,25
763,12
963,11
121,6
103,772
435,25
717,8
221,35
388,735
618,2
247,772
236,27
365,772
408,826
924,680
744,9
216,23
911,9
750,35
551,22
901,680
243,735
134,9
338,35
970,19
146,4
553,9
257,15
689,12
998,22
66,815
690,735
396,9
914,1
199,9
456,815
939,11
153,772
210,815
411,25
164,826
236,735
791,826
152,1
812,93
228,735
302,680
123,93
69,9
180,12
254,15
551,15
755,93
75,680
352,19
612,15
319,12
527,38
50,93
32,11
788,5
627,23
664,11
539,35
500,826
689,5
63,11
998,9
196,19
161,23
381,9
988,23
368,2
754,772
97,15
535,23
297,10
387,786
524,772
190,735
525,93
322,2
507,2
806,815
681,826
387,25
461,2
226,19
797,19
251,25
930,11
822,5
291,8
609,5
844,735
241,35
501,12
395,38
485,680
217,10
420,38
442,23
295,12
464,8
285,22
489,16
72,8
640,11
469,735
143,786
771,93
628,5
381,2
532,9
903,23
209,815
925,38
782,10
433,6
696,786
804,19
569,4
865,27
544,785
890,5
509,815
128,8
844,9
61,785
637,19
588,6
664,25
684,786
899,8
96,38
193,10
304,19
512,93
514,772
196,1
492,2
510,826
579,23
286,22
507,16
969,93
73,16
271,93
647,11
372,4
583,35
251,23
609,23
511,4
955,15
773,12
373,35
429,785
267,1
860,826
442,25
906,680
63,38
304,10
14,19
930,680
261,15
961,6
853,16
397,10
989,27
544,815
51,785
784,93
88,5
437,4
648,786
976,826
351,25
742,785
410,38
212,772
624,38
533,815
384,815
591,25
721,10
168,12
542,8
231,19
13,785
677,815
532,38
736,4
665,8
169,19
504,19
912,10
930,786
275,826
720,93
98,10
298,15
279,35
854,8
212,6
732,826
126,25
770,27
313,23
573,27
459,16
645,35
869,10
264,2
284,93
203,23
151,815
502,1
301,735
860,5
293,735
661,826
921,785
776,12
150,22
761,5
137,35
764,22
604,2
145,35
73,11
629,6
777,19
890,25
412,735
805,16
865,826
77,15
153,12
264,9
691,815
191,27
619,826
657,25
324,35
456,785
327,22
610,27
43,16
832,1
428,1
104,2
802,786
364,25
700,8
885,4
833,38
1003,815
1008,12
328,772
1011,9
573,786
616,12
962,8
565,93
641,772
879,6
456,19
385,9
866,25
277,11
696,19
309,815
861,786
295,38
841,785
479,735
118,35
194,6
604,16
382,9
274,772
792,772
409,27
176,826
450,815
605,15
127,735
311,786
388,9
235,35
623,10
56,772
886,680
507,93
253,6
92,786
184,786
996,15
333,772
283,19
764,35
145,22
71,735
58,785
516,35
577,11
262,5
472,786
534,12
348,23
938,19
556,25
632,772
210,16
410,5
926,785
525,786
599,735
818,25
157,19
799,9
439,35
367,11
993,5
281,815
946,735
798,772
416,2
552,4
241,19
574,815
848,5
304,680
231,786
732,680
952,35
845,93
630,11
960,35
650,93
730,815
660,22
753,9
733,680
934,38
349,9
991,19
632,16
723,772
722,772
120,815
65,15
821,5
470,93
808,6
78,93
182,785
148,11
385,786
44,786
389,826
136,786
176,815
599,826
217,35
896,93
21,815
830,15
89,25
457,16
150,93
596,5
800,680
603,93
664,786
315,15
758,785
562,4
318,8
526,38
944,2
620,786
321,815
812,9
528,11
926,1
395,4
306,12
805,38
879,35
309,1
185,19
827,25
420,4
99,8
50,9
806,15
75,19
40,15
682,9
953,22
389,10
228,38
1000,23
586,38
261,826
975,786
44,11
135,785
376,22
375,38
343,25
1008,38
131,35
170,10
923,15
745,35
803,735
606,735
662,680
756,786
171,25
263,2
28,19
766,1
604,785
238,19
457,2
793,19
100,16
482,10
341,735
485,15
175,93
472,12
628,815
721,785
404,27
41,25
118,25
673,25
587,2
880,8
36,772
613,815
427,27
192,10
824,10
1012,25
614,680
689,10
321,16
417,772
917,10
960,772
942,2
265,38
250,25
273,38
954,1
95,772
595,785
63,815
301,27
202,23
916,815
883,10
720,19
42,35
541,27
726,25
319,6
503,735
144,735
488,2
324,680
60,8
705,786
667,16
171,23
295,25
334,12
501,772
692,8
363,815
346,19
492,22
864,23
850,22
351,680
317,93
816,735
549,786
143,10
510,11
165,25
112,1
757,10
387,19
226,25
816,25
444,826
190,19
69,8
362,735
441,735
612,8
430,6
820,93
159,27
452,23
970,27
627,22
810,23
353,11
813,10
407,786
689,4
965,772
529,8
927,6
1008,735
327,826
554,16
535,22
208,23
668,8
408,4
261,19
26,2
29,23
603,772
491,786
807,8
152,9
523,10
930,8
513,16
94,11
649,11
355,38
501,11
798,19
230,12
677,8
218,815
862,12
738,38
599,93
85,2
247,680
196,27
653,15
532,10
254,785
236,772
275,35
371,23
283,35
211,11
433,5
508,735
641,35
397,23
989,8
610,786
274,815
905,9
743,25
286,785
893,23
656,27
288,5
473,15
844,10
330,93
538,19
847,15
773,2
560,12
834,16
796,786
156,4
178,25
400,35
328,11
810,25
149,35
452,735
678,16
495,22
332,15
48,9
764,10
530,27
693,2
647,10
152,23
872,785
545,11
526,23
1001,6
266,35
840,826
694,35
770,6
202,11
274,35
459,680
371,826
82,772
449,15
823,15
385,93
591,19
741,93
119,786
542,6
636,735
450,38
132,785
739,11
246,9
194,35
233,4
693,11
983,826
572,38
656,9
224,11
687,9
321,93
856,11
547,772
487,23
752,786
18,23
905,680
502,15
727,23
418,22
335,16
373,786
46,93
840,35
824,680
235,785
626,25
718,4
248,25
28,815
583,16
208,785
153,10
524,15
620,27
737,785
403,5
635,11
448,772
218,12
678,5
147,8
989,785
169,27
150,23
722,35
335,25
742,38
283,15
563,826
105,35
358,735
286,8
913,735
533,9
840,815
215,19
843,785
237,2
32,38
181,16
845,9
403,10
774,15
317,27
389,35
548,680
37,786
872,8
1000,93
431,786
626,11
384,23
311,25
293,680
49,10
325,786
752,2
126,8
458,815
886,93
617,735
335,772
64,4
941,19
373,6
200,25
453,772
572,785
774,6
186,826
870,10
376,826
450,10
801,786
91,772
418,35
147,22
679,785
80,19
465,4
175,27
288,826
679,12
330,16
439,93
812,38
320,6
579,735
876,11
913,23
1009,27
348,25
3,27
556,35
792,10
497,772
373,15
360,12
909,35
235,735
509,10
99,786
928,772
943,772
874,826
857,8
808,25
611,25
243,19
922,1
63,772
105,22
30,680
714,786
762,6
234,8
714,680
783,27
842,772
592,4
296,22
41,680
248,826
373,8
670,22
673,786
525,785
432,27
928,6
768,10
276,785
81,772
117,19
796,5
599,5
342,22
624,772
697,5
91,786
930,735
492,826
843,735
367,10
758,772
376,2
360,785
587,25
629,25
901,4
7,826
580,8
284,10
379,786
983,93
895,815
456,9
789,772
3,9
392,785
210,8
321,11
781,10
452,93
842,8
142,11
805,735
278,12
176,23
411,38
910,12
471,826
475,5
459,786
461,735
116,785
261,93
794,38
725,19
44,22
636,5
910,785
784,16
430,735
950,22
365,25
916,735
241,11
385,785
997,25
466,6
691,12
566,38
469,11
252,826
240,786
99,2
741,4
263,15
581,16
467,93
324,15
877,15
476,680
682,15
629,772
758,680
103,22
303,5
179,11
895,10
215,786
843,16
253,16
827,826
537,11
775,1
133,11
118,12
318,9
858,2
984,772
455,735
148,19
724,785
959,735
615,8
160,22
534,22
420,5
99,11
373,680
232,19
359,16
161,9
877,8
707,2
217,786
571,786
242,826
224,785
439,9
79,38
41,23
158,4
216,11
969,6
751,826
244,22
997,11
154,826
319,19
309,9
39,735
223,2
902,22
651,786
430,93
768,22
991,9
388,815
831,5
119,680
661,11
846,9
282,786
177,19
984,786
969,15
825,786
291,23
516,15
867,680
541,1
328,16
751,5
455,23
420,11
41,826
349,785
1011,735
689,9
581,11
714,19
695,23
676,785
457,10
238,27
560,826
406,680
685,93
742,22
411,2
658,1
769,2
608,22
846,16
575,9
633,735
26,826
686,4
66,11
565,680
893,11
787,25
556,93
131,16
187,680
153,35
122,786
414,815
417,25
813,16
689,2
374,786
46,826
232,8
877,680
713,735
199,11
371,8
278,35
742,9
983,785
510,8
274,826
115,15
763,680
1007,12
498,12
119,11
482,680
674,11
613,22
813,9
245,12
255,680
936,23
112,772
186,23
917,27
704,19
208,8
813,772
446,22
138,815
411,16
360,680
399,786
347,8
574,786
520,16
940,35
673,35
982,23
251,27
306,815
91,15
720,2
920,15
798,16
270,2
861,826
625,785
852,35
356,8
85,1
727,11
489,22
470,16
864,38
221,12
495,8
336,826
371,22
243,35
601,35
782,8
177,772
569,10
398,785
98,680
298,16
597,23
248,5
190,2
732,815
91,4
311,826
202,1
511,25
684,23
977,27
227,27
122,815
835,815
948,25
895,680
125,680
970,10
517,12
367,735
946,19
85,10
457,38
421,8
650,680
548,772
458,15
226,35
298,27
544,735
30,25
965,23
234,35
841,25
473,23
422,786
131,12
879,93
847,786
95,25
406,1
135,8
946,10
640,27
749,12
806,93
59,786
739,10
575,815
961,4
397,8
162,25
1008,25
707,815
765,680
434,15
864,786
24,815
424,9
795,10
637,35
856,12
983,27
178,8
549,23
788,27
845,22
613,10
317,8
135,1
378,22
824,826
860,8
473,826
221,23
900,25
539,772
336,815
465,16
999,8
986,15
804,10
181,815
533,15
682,772
311,10
996,786
44,826
922,93
595,826
669,10
818,785
592,25
990,19
356,93
927,93
69,735
931,22
181,22
832,12
597,772
229,826
825,35
329,6
897,11
221,16
863,10
810,735
226,93
872,2
799,786
142,786
533,8
956,815
730,19
660,826
128,22
701,93
919,10
929,815
200,19
456,680
365,680
884,680
478,786
638,12
472,93
257,826
39,38
498,772
798,785
679,22
937,6
1011,11
187,22
508,23
324,815
823,680
385,15
370,16
388,12
776,680
980,19
891,5
657,16
327,9
991,38
43,11
759,10
317,19
378,35
801,785
586,25
897,5
147,25
295,735
650,826
315,680
747,38
108,15
145,19
56,93
737,12
24,6
318,680
730,680
716,16
534,11
75,815
918,735
904,815
302,10
1002,11
907,785
660,2
92,23
509,9
438,15
663,23
117,9
653,93
105,786
548,735
576,22
280,8
543,9
357,38
654,4
175,35
34,11
183,35
111,11
369,35
519,16
913,15
198,19
641,735
24,786
370,2
633,786
595,16
705,826
855,9
489,93
509,2
310,93
7,23
635,22
300,35
599,4
304,38
857,16
925,785
380,785
41,35
404,1
280,15
170,786
158,16
32,735
565,5
713,786
256,8
476,38
284,11
395,8
324,772
595,25
578,35
210,9
1001,786
139,15
781,9
855,6
213,12
728,1
806,19
756,12
277,815
888,786
892,9
508,680
491,826
130,12
497,23
739,93
922,16
500,4
376,10
600,735
358,772
256,15
516,19
241,10
737,23
259,10
562,772
62,8
963,735
528,22
602,5
0,4
609,93
185,8
331,25
494,2
757,786
79,826
423,2
188,19
745,826
728,8
324,8
695,11
623,35
953,19
571,25
149,680
388,826
631,35
99,735
463,8
232,786
374,8
985,815
250,10
782,35
361,5
732,12
290,27
1006,8
401,4
884,826
280,680
133,10
229,6
909,815
837,786
1004,38
254,22
970,815
899,735
701,2
832,772
923,8
762,16
945,27
17,815
966,772
0,27
491,10
738,9
938,10
667,15
741,12
445,10
282,35
53,10
914,19
176,6
1003,4
325,16
1006,19
420,815
537,19
240,35
224,786
614,35
943,93
891,772
581,826
266,27
871,5
840,786
415,35
516,1
365,10
809,25
773,35
812,2
206,785
997,10
778,772
749,826
399,735
951,2
734,93
205,785
611,786
171,27
581,1
323,785
486,826
53,19
698,815
695,25
522,10
482,8
671,16
638,93
178,785
732,2
843,1
668,826
633,8
947,680
287,680
880,10
58,826
405,2
837,15
456,38
365,735
1012,27
830,38
778,8
464,38
618,772
157,93
39,25
884,93
386,23
189,23
118,680
411,5
931,785
661,19
312,9
372,35
318,35
893,735
362,25
306,826
159,785
218,680
128,38
904,785
134,12
560,25
127,93
899,22
421,785
868,815
423,38
856,815
376,772
781,38
174,6
199,10
554,23
889,23
433,9
732,16
398,772
439,23
204,38
647,25
423,772
263,735
660,785
590,680
972,35
42,735
351,38
723,9
318,815
560,16
319,9
377,735
909,25
713,35
455,4
721,35
777,785
813,8
107,38
876,680
881,786
291,815
791,735
421,5
153,735
578,786
315,815
578,735
208,9
686,786
729,12
433,2
214,19
804,23
273,22
594,8
170,93
647,22
775,93
463,815
797,16
104,772
180,22
933,11
684,25
227,680
563,2
637,23
103,735
343,826
217,15
159,2
381,772
702,6
186,786
464,11
727,10
927,9
766,35
568,38
787,772
795,785
393,735
908,93
853,11
918,2
851,93
871,38
51,772
141,16
415,12
113,22
20,9
684,16
687,5
581,680
712,772
159,11
292,19
257,23
886,826
995,1
558,786
282,9
464,2
174,27
640,5
625,12
473,815
825,15
850,1
794,786
335,12
798,826
804,5
878,4
347,25
76,6
903,772
387,735
779,826
965,22
0,93
770,4
202,9
128,2
166,19
739,815
847,22
248,786
86,785
217,25
884,9
777,772
834,815
923,735
651,815
746,22
946,11
378,12
348,785
776,1
589,786
400,826
533,5
699,680
3,826
943,12
88,8
548,9
164,680
718,772
76,826
866,11
798,10
428,785
214,680
711,735
142,35
181,12
400,19
474,6
381,815
168,15
810,9
57,22
561,19
856,786
1005,772
863,12
594,93
100,35
617,772
344,10
783,826
986,12
607,11
956,785
313,785
761,772
98,9
743,6
483,10
854,15
819,27
158,93
656,2
412,22
111,680
277,6
795,2
983,19
696,8
366,19
21,1
921,19
650,12
231,5
638,735
949,16
218,10
776,15
614,19
172,2
335,27
530,2
693,27
986,23
878,25
293,786
274,785
60,680
300,785
447,25
876,23
952,10
163,27
457,826
662,35
224,27
540,785
264,12
670,35
687,25
249,5
709,12
894,8
696,15
74,786
327,19
129,8
21,10
848,826
427,815
393,38
968,25
326,786
882,12
240,735
761,19
614,10
429,27
909,785
379,10
86,4
935,785
437,785
848,19
901,23
465,772
183,93
617,16
484,25
753,27
346,38
327,8
699,35
21,19
43,10
336,16
959,8
672,15
66,786
653,35
104,12
450,8
90,35
516,826
747,25
604,19
930,826
108,8
848,10
580,4
873,22
216,815
802,10
198,25
163,9
383,23
497,826
49,772
47,785
