139,16
820,23
289,22
74,772
574,2
813,826
685,5
389,19
283,785
157,23
105,785
895,25
364,10
899,785
935,8
367,15
478,6
354,16
444,772
86,22
589,815
145,11
437,680
737,4
975,6
777,11
173,8
528,25
345,9
755,680
330,735
260,38
299,5
706,735
263,27
484,15
619,735
46,786
324,27
142,6
731,6
165,826
919,815
522,23
885,785
339,11
488,772
621,22
512,1
655,785
196,93
515,12
897,22
644,680
935,1
648,22
556,826
44,25
407,23
944,23
123,785
713,785
145,12
454,22
256,9
154,815
743,35
581,735
198,11
277,35
830,11
298,815
136,19
263,16
265,772
546,25
324,735
849,786
316,772
615,815
892,10
658,27
434,772
952,772
77,786
500,5
62,772
562,8
47,5
947,11
639,10
402,35
455,815
444,23
762,22
605,23
968,680
185,15
96,9
867,772
869,93
263,9
928,22
927,38
674,93
546,16
142,16
435,6
697,786
164,5
493,772
1011,772
192,785
139,826
780,772
818,6
221,815
497,15
648,4
133,9
673,12
216,6
566,826
473,38
18,772
440,815
809,23
352,11
612,23
120,23
355,6
859,35
198,5
475,826
738,6
147,786
297,815
63,19
526,786
855,23
14,38
164,12
807,735
958,772
732,4
0,826
754,25
575,5
301,38
47,11
858,11
700,826
352,2
795,93
134,19
997,9
486,680
857,772
469,27
74,38
940,786
445,2
763,11
963,6
714,22
770,772
571,22
717,11
991,11
496,38
760,93
100,19
671,19
892,23
126,680
112,22
757,5
296,786
350,16
155,735
47,16
476,11
358,35
250,680
514,35
171,19
120,735
766,15
662,785
917,23
189,22
104,93
436,4
917,786
40,826
954,12
898,785
461,12
686,10
633,16
924,785
800,815
155,27
530,815
513,27
215,680
822,15
254,8
937,93
771,735
352,16
994,22
835,826
380,19
1008,785
951,19
789,815
664,8
242,12
60,11
176,93
229,786
583,786
1003,93
275,22
921,815
917,16
795,735
458,16
261,786
940,38
797,22
873,93
155,16
712,93
288,10
660,786
20,4
612,11
405,19
797,785
134,4
501,15
45,12
655,25
677,12
862,8
664,15
611,735
687,680
653,19
72,5
381,5
539,826
294,786
171,772
939,4
596,35
942,19
233,22
214,16
587,93
436,10
917,735
523,15
190,25
66,27
619,19
180,23
720,4
173,826
45,5
585,16
822,786
70,23
514,12
60,25
295,8
542,27
445,38
104,35
763,23
927,8
50,35
838,8
966,93
255,772
715,735
271,35
554,6
97,4
650,786
978,826
286,19
165,8
40,815
807,2
610,785
830,826
583,38
215,8
897,772
770,10
202,15
511,27
351,23
560,15
743,785
119,27
563,10
998,826
835,785
709,23
159,10
970,8
881,8
57,11
168,2
428,25
981,93
603,16
533,735
897,38
443,9
903,8
48,12
945,786
838,772
1010,815
743,19
943,6
101,25
890,8
126,19
326,12
660,815
681,19
684,8
260,93
591,785
426,735
747,680
487,27
363,9
1005,15
751,735
737,772
845,27
168,9
650,27
542,5
446,772
467,23
638,25
628,23
130,93
151,735
394,19
140,38
912,23
604,8
366,815
644,25
480,9
188,826
870,826
176,786
943,15
893,38
861,93
977,11
278,815
687,735
657,35
140,772
514,25
734,19
774,16
542,12
304,5
838,680
307,16
860,10
36,15
665,12
150,19
703,27
996,23
614,25
776,9
283,11
727,815
565,38
878,23
347,22
55,772
614,786
616,2
101,11
730,22
841,9
237,6
437,9
402,93
187,785
166,2
922,785
116,19
64,9
850,786
601,680
706,15
67,4
289,735
328,35
400,11
384,826
243,826
45,815
428,6
543,785
897,9
109,680
293,22
898,815
687,826
746,735
925,6
305,19
839,15
293,785
644,15
184,6
438,785
555,9
740,27
228,826
300,786
783,9
507,735
843,786
648,772
496,785
371,786
210,35
894,9
252,23
487,6
71,786
759,15
724,19
905,735
278,680
564,15
268,9
787,735
953,93
407,11
876,786
552,19
679,16
246,735
962,4
138,9
447,1
694,2
437,27
627,93
187,815
830,23
850,772
617,23
191,12
731,11
623,9
588,93
327,11
682,22
277,786
438,10
114,11
499,8
406,35
160,815
431,25
664,826
679,786
367,1
885,9
318,16
503,12
358,785
694,735
24,8
444,11
262,6
943,35
951,35
437,735
495,680
519,735
481,10
373,12
102,15
1000,826
216,735
125,785
623,22
753,19
860,785
807,826
114,2
40,23
150,826
796,9
138,786
506,680
658,38
697,1
36,35
935,11
884,815
117,786
443,35
975,826
280,10
922,12
688,785
601,16
505,785
676,19
676,680
843,680
588,826
702,680
385,772
426,786
962,22
411,772
726,680
231,785
570,38
879,16
241,785
666,786
578,38
617,1
980,35
855,11
842,12
988,35
769,815
991,22
278,8
978,9
317,35
265,5
450,27
586,9
326,772
364,2
367,23
351,772
502,815
601,25
256,10
972,11
241,23
762,12
706,785
466,10
355,27
469,15
472,680
827,15
965,826
766,16
768,735
877,19
473,680
849,785
801,826
932,4
572,680
276,93
775,5
758,786
426,27
673,10
934,772
790,25
59,1
80,735
997,6
339,826
175,735
586,786
0,6
790,786
1007,93
96,10
667,8
888,22
136,27
445,15
47,815
50,10
855,25
605,785
272,16
753,6
697,785
934,93
386,735
386,8
1003,1
859,772
658,19
608,735
290,25
54,38
102,786
32,826
676,8
750,19
36,786
1008,35
183,8
59,6
685,785
410,785
677,23
109,10
398,23
803,785
719,27
223,6
688,735
28,16
528,772
673,826
766,2
677,786
1005,826
272,23
877,5
630,786
114,38
264,785
485,2
503,786
361,12
732,5
913,786
664,680
754,22
679,815
226,735
833,16
949,772
969,11
720,25
427,38
172,680
559,785
710,786
624,10
677,16
586,772
791,8
762,735
998,25
196,35
626,680
435,23
238,23
557,22
669,786
597,826
840,22
986,93
201,9
957,23
868,25
372,38
285,815
858,19
254,6
880,12
612,6
45,25
319,5
945,11
639,815
469,35
382,785
899,19
973,8
149,11
902,12
867,826
334,9
998,16
121,9
568,19
828,10
557,15
137,23
618,15
599,35
124,815
671,27
582,25
472,23
732,27
510,4
203,786
458,22
607,35
315,22
575,10
957,16
924,786
66,6
254,9
809,9
383,826
972,38
498,16
405,9
192,5
32,9
716,35
146,1
257,2
664,9
260,9
887,10
63,9
619,680
529,11
310,9
338,680
523,786
892,38
433,15
125,6
286,38
143,22
491,785
865,12
921,735
190,680
155,19
982,19
602,680
17,22
972,93
739,826
498,11
764,786
230,9
654,735
659,93
578,23
245,9
924,15
871,735
326,826
99,815
100,9
373,826
985,786
582,11
303,35
767,5
863,785
312,25
239,11
350,10
180,16
933,9
202,5
662,2
424,23
498,2
227,23
156,9
824,35
881,22
699,11
760,11
174,22
653,11
529,5
66,826
327,815
310,27
332,12
211,15
690,16
286,16
162,2
471,12
770,11
662,5
331,93
497,735
351,22
958,10
634,11
67,16
341,12
487,680
970,9
734,38
442,27
119,785
709,785
800,19
567,9
381,22
736,11
936,8
221,2
833,93
172,23
504,10
782,22
51,8
767,11
839,35
471,5
491,772
384,15
682,785
387,10
152,27
979,27
930,22
199,785
313,8
632,735
264,25
267,4
677,38
270,19
363,8
427,826
463,93
47,680
193,6
307,10
442,815
294,772
701,785
261,10
390,93
690,2
853,27
285,735
347,16
58,680
955,772
940,11
262,27
101,1
88,10
659,8
326,4
511,8
662,23
795,15
156,22
563,27
430,38
604,815
514,22
771,38
807,785
908,680
363,772
416,826
491,680
110,19
329,2
150,16
726,786
552,38
915,10
1008,19
382,25
209,8
372,23
483,12
890,27
806,735
127,815
437,8
990,22
459,23
21,772
388,25
468,815
18,10
992,27
40,35
114,22
884,25
463,35
600,27
638,8
218,8
736,16
329,11
882,19
651,25
852,772
431,785
767,38
996,772
725,680
212,10
583,5
752,15
570,10
126,5
681,5
274,8
313,35
645,23
385,11
579,815
360,2
413,8
452,680
200,22
951,93
536,5
474,22
167,25
539,16
832,6
117,4
228,25
857,2
253,15
453,2
218,19
789,19
58,15
614,8
305,11
639,16
858,35
696,826
765,735
641,4
679,19
111,6
98,25
886,38
688,25
669,25
583,2
401,680
592,10
554,772
388,15
299,9
210,27
891,6
302,6
1002,15
692,93
966,25
623,8
660,6
327,10
665,680
959,10
746,8
564,23
435,93
757,93
540,8
480,785
170,815
692,680
72,785
108,10
861,15
483,35
671,786
837,38
13,25
841,35
345,6
287,5
296,19
879,785
456,772
860,786
610,38
425,15
336,9
777,815
371,93
801,815
910,6
586,15
968,9
493,93
1012,680
404,5
117,785
298,93
155,35
283,22
357,35
529,680
962,23
64,785
670,785
691,2
87,15
90,785
422,815
773,93
64,22
941,1
284,772
197,785
272,35
402,772
438,5
370,826
312,815
704,38
574,11
265,735
178,735
395,815
68,735
275,680
849,680
651,5
562,15
636,10
947,4
639,15
379,19
184,35
148,9
519,10
812,16
138,35
801,735
566,35
548,93
604,735
109,23
420,19
410,9
753,12
257,93
347,735
463,12
892,4
1003,11
658,25
910,16
130,11
683,35
204,6
537,6
83,25
565,11
330,9
778,785
750,786
217,38
380,9
345,25
591,38
332,735
222,735
888,23
926,772
874,22
32,93
603,35
695,4
688,680
781,826
599,23
250,9
929,15
361,10
547,680
658,16
90,5
359,786
957,4
673,2
503,19
675,815
537,786
294,10
45,38
615,4
469,16
491,15
992,93
789,786
600,93
142,25
1008,680
953,25
75,22
593,2
315,772
482,12
707,6
103,11
586,35
550,5
240,38
149,815
404,25
387,35
426,10
465,93
784,2
216,15
516,12
898,22
495,786
352,735
131,38
810,826
762,38
392,5
284,19
824,8
642,19
220,11
916,35
461,815
852,11
285,12
161,6
435,22
128,772
348,826
368,19
124,785
418,680
661,23
572,9
222,93
260,826
686,1
905,16
104,786
908,11
177,23
486,27
216,22
639,35
66,12
698,12
408,680
192,15
504,785
49,93
159,16
380,22
842,815
204,785
174,2
359,2
506,25
78,19
631,11
388,786
742,10
939,8
322,10
967,5
143,8
436,6
954,10
992,772
458,23
976,19
905,25
448,1
362,4
292,815
720,8
534,826
96,786
405,8
948,8
566,6
107,815
96,23
852,25
377,785
48,735
781,35
988,22
704,16
795,772
408,2
482,25
500,680
820,772
913,772
224,826
115,19
938,772
851,826
927,826
933,15
202,27
662,8
551,5
576,772
540,826
560,19
566,25
948,23
509,93
71,826
220,16
168,22
848,680
245,8
800,6
304,27
446,785
640,10
186,19
739,27
460,35
631,25
668,5
332,22
690,22
671,8
710,93
840,12
397,25
769,16
572,22
458,25
609,772
647,19
188,815
635,772
248,2
781,680
948,785
933,8
202,2
453,680
320,815
836,786
912,680
855,93
788,10
292,23
257,19
699,10
186,785
760,12
393,6
324,93
311,735
421,11
776,22
172,25
999,25
912,27
436,19
384,9
369,16
77,735
520,27
905,12
656,16
965,735
895,786
511,5
449,9
784,815
396,93
821,785
70,12
414,772
718,680
847,785
946,15
270,786
736,12
936,9
59,785
903,10
906,826
356,735
233,6
927,735
430,680
507,22
865,22
919,735
437,826
540,93
190,9
890,22
908,38
930,23
752,27
128,5
937,785
457,772
652,35
136,815
449,2
252,4
402,815
165,785
168,11
898,680
636,815
36,2
308,815
807,93
446,15
391,815
512,815
693,22
141,772
937,23
369,2
167,772
979,35
234,22
622,23
416,93
274,23
592,38
738,93
757,815
511,11
194,680
514,23
181,9
590,826
366,15
992,5
21,5
635,9
89,93
72,35
418,19
221,680
518,11
921,786
421,38
246,5
504,25
641,9
73,4
37,22
419,16
207,815
101,9
752,9
163,23
77,16
369,735
264,8
980,9
484,22
67,6
623,5
474,12
327,23
954,786
369,680
425,27
921,16
561,9
13,772
268,12
342,15
145,735
789,9
700,15
354,2
872,6
675,772
697,93
962,11
126,10
459,15
709,9
527,22
875,785
283,772
268,11
503,826
841,786
175,786
913,826
401,27
217,815
58,12
723,680
722,23
761,16
361,815
801,23
639,19
641,27
590,38
1009,735
629,9
556,735
451,826
638,786
755,735
757,826
869,38
546,11
360,10
931,8
509,12
94,735
21,16
578,815
265,25
672,2
232,826
857,10
625,38
240,4
789,27
44,38
779,93
123,772
676,22
144,826
567,815
533,38
790,10
207,826
944,785
816,38
160,15
783,25
716,12
990,8
792,15
385,4
373,735
963,38
618,826
855,12
89,8
509,5
474,25
76,680
771,5
1012,826
870,6
599,11
287,826
182,4
935,5
993,6
426,23
924,826
83,10
207,4
383,786
226,680
558,25
688,8
395,23
713,16
623,786
347,680
888,10
528,785
432,16
486,786
820,25
768,15
606,35
56,785
682,6
349,10
989,735
646,735
463,6
65,8
981,10
104,680
621,19
290,5
806,785
163,785
83,19
304,735
407,735
105,2
343,8
271,735
148,10
790,4
975,8
444,27
505,35
802,27
201,826
74,8
916,23
1009,8
848,735
43,680
632,785
691,785
854,826
432,23
124,8
840,735
309,772
272,27
623,38
509,23
154,19
463,15
672,23
176,12
907,6
710,4
231,35
70,786
621,12
436,35
611,10
497,11
426,25
390,35
229,25
636,2
947,12
858,4
567,826
934,826
354,826
170,2
784,735
395,5
296,9
223,27
99,9
481,19
1000,785
487,93
458,735
682,8
522,4
389,11
287,785
515,680
852,815
229,2
360,772
216,9
784,12
1002,735
34,16
626,35
996,815
281,6
263,772
531,12
420,2
670,12
284,735
893,786
53,22
435,16
914,15
917,2
873,785
506,785
214,11
968,38
163,772
1006,23
439,4
83,38
321,826
982,12
158,9
216,16
91,38
292,826
612,25
244,19
834,15
652,10
573,93
242,25
884,35
813,25
763,12
963,11
838,35
103,772
435,25
717,8
222,772
388,735
618,2
247,772
697,735
365,772
408,826
924,680
466,93
216,23
911,9
750,35
1007,5
901,680
243,735
134,9
945,9
970,19
146,4
553,9
481,38
689,12
998,22
66,815
1002,93
396,9
914,1
199,9
78,16
939,11
153,772
210,815
125,11
164,826
236,735
791,826
152,1
830,772
228,735
302,680
855,772
69,9
17,19
180,12
254,15
755,93
75,680
973,772
352,19
319,12
527,38
50,93
859,11
788,5
627,23
664,11
260,11
500,826
689,5
636,772
63,11
196,19
161,23
381,9
662,815
368,2
754,772
97,15
535,23
371,15
850,16
387,786
524,772
190,735
322,2
507,2
236,9
681,826
387,25
461,2
905,1
797,19
251,25
930,11
551,4
291,8
844,735
241,35
427,15
501,12
395,38
485,680
788,12
420,38
442,23
295,12
927,12
285,22
489,16
72,8
640,11
418,12
492,11
143,786
771,93
469,735
628,5
903,23
209,815
671,11
782,10
433,6
696,786
804,19
550,38
865,27
544,785
86,93
509,815
128,8
844,9
227,25
637,19
588,6
664,25
684,786
95,22
899,8
193,10
85,12
304,19
512,93
514,772
880,785
492,2
510,826
579,23
289,786
507,16
73,16
271,93
644,22
647,11
372,4
583,35
91,27
609,23
511,4
955,15
42,6
373,35
429,785
267,1
256,680
442,25
906,680
63,38
250,826
14,19
930,680
261,15
616,786
853,16
397,10
989,27
526,25
51,785
784,93
88,5
737,680
648,786
976,826
351,25
817,27
410,38
212,772
624,38
292,6
384,815
591,25
721,10
317,10
542,8
231,19
13,785
218,4
532,38
736,4
665,8
209,786
504,19
912,10
930,786
937,22
720,93
98,10
298,15
262,25
854,8
212,6
732,826
805,23
770,27
313,23
573,27
459,16
133,772
869,10
264,2
181,8
203,23
151,815
502,1
231,8
860,5
293,735
661,826
573,680
776,12
150,22
761,5
599,680
764,22
604,2
145,35
274,786
629,6
777,19
410,815
412,735
805,16
865,826
277,2
153,12
264,9
691,815
891,10
191,27
657,25
324,35
53,38
327,22
610,27
81,786
43,16
428,1
104,2
802,786
935,25
700,8
885,4
833,38
175,19
1008,12
328,772
1011,9
761,785
616,12
962,8
565,93
89,826
879,6
456,19
385,9
114,786
277,11
696,19
309,815
828,93
295,38
841,785
479,735
282,815
194,6
604,16
382,9
76,38
792,772
409,27
176,826
783,19
605,15
127,735
311,786
585,35
235,35
623,10
56,772
338,735
507,93
253,6
92,786
280,6
996,15
333,772
543,15
283,19
145,22
71,735
58,785
790,11
577,11
262,5
472,786
990,9
348,23
938,19
556,25
100,826
410,5
926,785
210,16
248,680
599,735
818,25
157,19
654,772
439,35
367,11
797,35
281,815
946,735
798,772
897,735
552,4
241,19
574,815
577,12
304,680
231,786
732,680
1009,22
845,93
630,11
960,35
50,23
730,815
660,22
753,9
733,680
438,27
349,9
991,19
336,2
120,815
65,15
722,772
748,772
821,5
470,93
808,6
759,786
182,785
148,11
385,786
851,25
389,826
136,786
176,815
13,9
217,35
896,93
21,815
766,23
89,25
457,16
150,93
154,16
800,680
603,93
664,786
540,23
758,785
83,27
562,4
526,38
318,8
944,2
620,786
392,25
528,11
926,1
395,4
971,680
951,11
879,35
185,19
805,38
309,1
827,25
99,8
161,10
806,15
75,19
40,15
593,15
682,9
389,10
228,38
547,23
586,38
261,826
975,786
337,23
44,11
376,22
375,38
750,22
1008,38
131,35
170,10
997,12
745,35
803,735
606,735
791,12
756,786
171,25
263,2
486,772
766,1
604,785
238,19
496,35
793,19
100,16
482,10
341,735
303,8
485,15
472,12
165,23
721,785
404,27
41,25
62,826
673,25
587,2
880,8
129,772
613,815
427,27
192,10
149,15
1012,25
614,680
689,10
525,815
417,772
917,10
960,772
779,25
265,38
250,25
273,38
572,11
95,772
595,785
63,815
51,815
202,23
916,815
538,6
883,10
720,19
541,27
726,25
231,815
503,735
144,735
488,2
951,22
60,8
705,786
667,16
559,38
171,23
295,25
334,12
927,25
363,815
346,19
492,22
276,826
850,22
351,680
317,93
374,22
549,786
143,10
510,11
845,785
165,25
757,10
387,19
279,1
816,25
444,826
190,19
711,2
362,735
441,735
612,8
13,38
820,93
159,27
396,772
452,23
627,22
810,23
353,11
392,826
407,786
689,4
692,23
965,772
529,8
1008,735
327,826
1010,5
535,22
208,23
668,8
408,4
544,6
29,23
603,772
143,19
491,786
807,8
152,9
375,10
930,8
513,16
94,11
498,6
355,38
501,11
798,19
713,38
677,8
218,815
862,12
991,680
599,93
85,2
247,680
196,27
640,12
532,10
769,680
254,785
275,35
371,23
283,35
782,11
68,93
433,5
508,735
641,35
989,8
610,786
274,815
816,23
743,25
286,785
893,23
656,27
52,38
473,15
844,10
573,15
576,680
538,19
847,15
773,2
834,16
796,786
156,4
514,8
400,35
328,11
810,25
363,786
452,735
678,16
495,22
334,735
48,9
764,10
530,27
644,23
647,10
152,23
872,785
781,735
963,772
526,23
1001,6
266,35
840,826
988,772
770,6
202,11
459,680
371,826
82,772
126,785
823,15
385,93
591,19
392,815
542,6
119,786
799,38
636,735
132,785
739,11
246,9
999,16
233,4
693,11
983,826
64,826
656,9
224,11
687,9
798,4
249,680
856,11
547,772
487,23
18,23
905,680
502,15
14,27
418,22
335,16
373,786
840,35
824,680
235,785
384,25
718,4
248,25
28,815
487,785
208,785
153,10
524,15
487,12
737,785
403,5
635,11
586,22
218,12
678,5
147,8
537,93
169,27
150,23
722,35
335,25
651,680
283,15
563,826
105,35
86,15
286,8
913,735
754,93
840,815
215,19
843,785
464,93
32,38
181,16
845,9
956,12
774,15
317,27
389,35
110,25
37,786
872,8
1000,93
767,35
626,11
384,23
311,25
943,25
49,10
325,786
752,2
914,826
458,815
886,93
617,735
335,772
212,786
64,4
941,19
400,6
453,772
572,785
774,6
7,38
870,10
376,826
450,10
895,22
91,772
418,35
147,22
846,35
80,19
465,4
175,27
234,772
679,12
330,16
439,93
776,735
320,6
579,735
876,11
916,4
348,25
1009,27
556,35
3,27
830,27
792,10
373,15
784,772
360,12
235,735
509,10
425,11
928,772
943,772
874,826
453,8
808,25
611,25
243,19
260,680
63,772
105,22
30,680
1011,22
762,6
234,8
714,680
570,27
842,772
592,4
296,22
189,735
248,826
373,8
670,22
302,12
432,27
525,785
928,6
1012,772
276,785
81,772
117,19
302,785
599,5
342,22
624,772
697,5
308,735
91,786
930,735
492,826
95,826
758,772
376,2
750,2
587,25
629,25
901,4
997,16
580,8
284,10
468,735
379,786
895,815
456,9
789,772
778,23
210,8
392,785
391,93
321,11
452,93
842,8
142,11
771,12
278,12
176,23
411,38
821,4
471,826
475,5
459,786
461,735
540,25
116,785
689,772
261,93
725,19
910,785
784,16
430,735
552,12
950,22
365,25
916,735
59,12
385,785
997,25
466,6
858,772
566,38
469,11
252,826
593,786
99,2
741,4
263,15
528,735
467,93
324,15
877,15
40,9
682,15
629,772
758,680
512,680
303,5
179,11
895,10
54,35
843,16
827,826
537,11
648,2
775,1
133,11
118,12
502,826
858,2
984,772
455,735
241,12
724,785
959,735
615,8
414,826
534,22
420,5
99,11
559,10
232,19
359,16
161,9
939,38
707,2
217,786
571,786
242,826
497,2
224,785
79,38
83,35
158,4
216,11
969,6
328,815
244,22
997,11
154,826
415,815
309,9
39,735
223,2
210,680
651,786
430,93
768,22
574,35
388,815
831,5
119,680
1010,735
846,9
282,786
177,19
711,15
969,15
825,786
291,23
612,27
867,680
541,1
970,22
328,16
455,23
420,11
41,826
849,5
349,785
689,9
581,11
714,19
382,680
695,23
457,10
917,9
560,826
406,680
685,93
411,735
411,2
658,1
769,2
607,38
846,16
575,9
633,735
26,826
744,11
66,11
565,680
822,9
787,25
556,93
131,16
61,772
153,35
122,786
414,815
921,38
813,16
689,2
374,786
46,826
621,93
877,680
713,735
989,826
371,8
278,35
742,9
549,785
510,8
274,826
115,15
937,826
1007,12
498,12
119,11
230,10
674,11
613,22
813,9
396,2
255,680
936,23
112,772
186,23
497,93
704,19
208,8
779,22
446,22
138,815
411,16
950,93
399,786
347,8
574,786
387,27
940,35
673,35
693,826
982,23
306,815
91,15
720,2
371,815
798,16
270,2
861,826
578,19
852,35
356,8
85,1
70,735
470,16
489,22
864,38
863,22
495,8
336,826
371,22
764,12
601,35
782,8
177,772
436,23
398,785
98,680
298,16
597,23
869,786
248,5
732,815
128,10
311,826
202,1
511,25
758,10
977,27
227,27
122,815
32,27
948,25
895,680
125,680
664,27
517,12
367,735
946,19
144,25
457,38
421,8
650,680
609,786
458,15
226,35
298,27
375,27
30,25
965,23
234,35
418,826
473,23
422,786
131,12
292,25
847,786
95,25
406,1
763,35
946,10
640,27
749,12
607,772
59,786
739,10
575,815
693,10
397,8
162,25
1008,25
819,19
765,680
434,15
864,786
648,735
424,9
795,10
637,35
31,35
983,27
549,23
178,8
57,23
845,22
613,10
317,8
873,680
378,22
824,826
860,8
736,6
221,23
900,25
539,772
614,27
465,16
999,8
986,15
290,93
181,815
533,15
682,772
385,826
996,786
44,826
922,93
595,826
483,11
818,785
592,25
906,2
356,93
927,93
69,735
626,815
181,22
832,12
597,772
268,16
825,35
329,6
897,11
221,16
421,35
810,735
226,93
925,8
799,786
142,786
533,8
372,19
730,19
660,826
128,22
1012,35
919,10
929,815
200,19
809,785
365,680
884,680
478,786
431,22
472,93
257,826
39,38
836,23
798,785
679,22
937,6
829,16
187,22
508,23
324,815
592,23
385,15
370,16
388,12
45,93
980,19
891,5
657,16
845,1
991,38
43,11
759,10
870,11
378,35
801,785
586,25
271,11
147,25
295,735
650,826
445,772
747,38
108,15
145,19
440,786
737,12
24,6
318,680
987,11
716,16
534,11
75,815
349,826
904,815
302,10
1002,11
127,19
660,2
92,23
509,9
114,4
438,15
117,9
653,93
714,93
548,735
576,22
280,8
925,19
357,38
654,4
784,35
175,35
183,35
111,11
222,10
369,35
913,15
198,19
641,735
556,27
370,2
633,786
595,16
546,1
855,9
489,93
509,2
21,38
7,23
635,22
300,35
799,11
857,16
304,38
380,785
953,772
41,35
404,1
280,15
977,735
158,16
32,735
565,5
552,6
256,8
476,38
284,11
198,10
324,772
595,25
578,35
835,93
1001,786
139,15
781,9
985,35
855,6
213,12
806,19
756,12
629,826
888,786
892,9
73,93
491,826
130,12
497,23
775,11
922,16
500,4
376,10
158,27
358,772
256,15
330,10
241,10
516,19
259,10
562,772
762,9
963,735
528,22
602,5
951,12
476,826
609,93
185,8
331,25
494,2
79,826
423,2
188,19
191,38
728,8
324,8
716,826
695,11
953,19
571,25
481,786
460,5
388,826
631,35
99,735
232,786
374,8
985,815
250,10
621,9
782,35
732,12
290,27
843,19
1006,8
884,826
280,680
262,93
229,6
909,815
837,786
897,815
970,815
899,735
254,22
294,23
832,772
923,8
762,16
284,25
17,815
966,772
0,27
1009,6
738,9
938,10
354,680
667,15
445,10
282,35
53,10
189,5
176,6
1003,4
325,16
203,735
420,815
537,19
240,35
868,16
614,35
943,93
891,772
177,25
581,826
266,27
415,35
660,772
516,1
590,8
365,10
809,25
812,2
206,785
997,10
624,8
749,826
399,735
951,2
331,23
611,786
205,785
171,27
232,27
323,785
486,826
53,19
698,815
550,772
522,10
482,8
892,22
638,93
178,785
732,2
130,25
668,826
633,8
947,680
825,785
880,10
58,826
405,2
655,8
456,38
365,735
1012,27
559,27
778,8
464,38
618,772
457,9
39,25
884,93
386,23
905,785
118,680
411,5
931,785
954,15
312,9
372,35
318,35
177,11
362,25
306,826
254,11
218,680
159,785
904,785
134,12
602,25
127,93
899,22
421,785
868,815
78,786
856,815
376,772
564,93
781,38
199,10
554,23
547,12
433,9
732,16
398,772
439,23
757,8
647,25
423,772
515,785
660,785
590,680
972,35
938,680
351,38
723,9
318,815
338,25
319,9
377,735
909,25
309,680
455,4
721,35
777,785
446,786
107,38
876,680
881,786
310,2
791,735
421,5
153,735
371,16
315,815
578,786
578,735
892,35
178,826
729,12
433,2
214,19
273,22
594,8
170,93
647,22
523,12
463,815
104,772
486,9
180,22
933,11
684,25
45,6
563,2
637,23
103,735
343,826
859,5
217,15
381,772
702,6
650,735
464,11
727,10
838,11
568,38
766,35
787,772
961,9
393,735
908,93
853,11
276,12
851,93
871,38
51,772
215,9
415,12
113,22
20,9
906,22
687,5
581,680
712,772
270,10
292,19
257,23
353,27
886,826
995,1
282,9
174,27
485,815
640,5
625,12
473,815
644,735
850,1
794,786
335,12
322,19
804,5
878,4
347,25
276,11
903,772
387,735
779,826
966,826
0,93
770,4
202,9
313,10
739,815
166,19
847,22
763,815
86,785
217,25
884,9
406,6
834,815
923,735
651,815
928,93
378,12
946,11
348,785
604,15
589,786
400,826
533,5
166,785
3,826
943,12
88,8
733,19
164,680
718,772
76,826
227,735
798,10
428,785
214,680
549,22
142,35
181,12
400,19
474,6
992,2
168,15
477,27
810,9
561,19
856,786
147,5
863,12
594,93
100,35
673,93
344,10
783,826
986,12
718,10
956,785
313,785
761,772
248,27
339,785
743,6
819,27
854,15
158,93
483,10
656,2
3,38
277,6
795,2
983,19
767,680
366,19
21,1
921,19
228,16
231,5
638,735
949,16
899,826
776,15
614,19
172,2
175,23
530,2
693,27
986,23
471,22
293,786
274,785
60,680
320,10
447,25
876,23
952,10
972,680
457,826
662,35
224,27
351,8
264,12
670,35
687,25
249,5
947,785
894,8
696,15
623,1
327,19
129,8
21,10
520,786
427,815
393,38
968,25
401,38
882,12
240,735
761,19
104,735
429,27
909,785
379,10
626,9
935,785
437,785
848,19
78,680
465,772
183,93
617,16
966,27
753,27
346,38
327,8
663,25
21,19
43,10
336,16
707,35
672,15
66,786
653,35
104,12
233,680
90,35
516,826
197,8
604,19
930,826
108,8
777,2
580,4
873,22
216,815
876,5
198,25
163,9
383,23
938,23
223,35
49,772
47,785
