139,16
289,22
74,772
663,22
574,2
685,5
389,19
176,27
283,785
105,785
895,25
697,2
364,10
935,8
367,15
993,1
478,6
444,772
86,22
674,735
589,815
437,680
737,4
666,8
975,6
173,8
528,25
817,826
345,9
330,735
260,38
299,5
706,735
619,735
484,15
46,786
890,826
374,826
731,6
142,6
509,1
919,815
522,23
885,785
499,23
488,772
621,22
655,785
196,93
503,772
515,12
897,22
401,9
644,680
648,22
556,826
478,9
44,25
944,23
123,785
837,815
713,785
454,22
256,9
812,22
154,815
581,735
198,11
109,25
277,35
298,815
136,19
136,680
263,16
546,25
324,735
142,9
849,786
615,815
892,10
621,15
658,27
952,772
77,786
575,23
500,5
562,8
47,5
654,23
947,11
402,35
455,815
901,11
444,23
605,23
968,680
199,735
185,15
867,772
869,93
263,9
49,815
546,16
927,38
674,93
605,786
142,16
164,5
238,4
493,772
1011,772
192,785
463,11
139,826
818,6
221,815
497,15
648,4
404,16
673,12
216,6
123,815
473,38
18,772
440,815
516,27
352,11
612,23
281,1
120,23
859,35
198,5
91,93
475,826
147,786
298,785
297,815
526,786
855,23
88,826
14,38
807,735
958,772
985,93
732,4
754,25
575,5
633,6
301,38
858,11
700,826
590,9
352,2
134,19
997,9
28,785
486,680
469,27
74,38
849,2
940,786
763,11
963,6
359,11
714,22
571,22
717,11
112,785
991,11
760,93
100,19
1000,1
671,19
126,680
112,22
954,5
757,5
350,16
155,735
797,4
47,16
358,35
250,680
159,22
514,35
120,735
766,15
824,786
662,785
189,22
104,93
436,4
917,786
954,12
898,785
273,27
807,23
633,16
924,785
155,27
800,815
281,785
530,815
88,38
513,27
822,15
254,8
937,93
771,735
994,22
883,15
405,10
835,826
1008,785
951,19
113,680
789,815
242,12
60,11
334,19
176,93
583,786
1003,93
749,38
275,22
917,16
795,735
368,772
458,16
940,38
155,16
873,93
502,772
712,93
288,10
548,22
660,786
612,11
405,19
958,27
797,785
45,12
501,15
674,9
655,25
862,8
664,15
611,735
295,19
653,19
72,5
381,5
860,38
294,786
939,4
208,10
596,35
942,19
233,22
214,16
840,10
436,10
917,735
458,27
523,15
66,27
619,19
1004,2
180,23
173,826
45,5
391,25
585,16
70,23
514,12
588,11
60,25
542,27
445,38
104,35
763,23
50,35
838,8
966,93
653,12
255,772
715,735
103,815
554,6
34,786
650,786
978,826
211,12
286,19
165,8
807,2
610,785
954,25
583,38
215,8
415,15
897,772
202,15
511,27
717,785
351,23
743,785
119,27
563,10
998,826
709,23
392,38
159,10
909,10
881,8
57,11
899,12
168,2
981,93
603,16
1005,785
533,735
443,9
903,8
687,815
48,12
838,772
1010,815
666,35
743,19
101,25
890,8
855,815
126,19
660,815
681,19
974,680
684,8
591,785
426,735
449,12
747,680
363,9
1005,15
606,680
737,772
845,27
168,9
477,1
650,27
446,772
467,23
638,25
431,5
130,93
151,735
650,772
394,19
912,23
604,8
397,6
366,815
480,9
188,826
98,15
870,826
943,15
893,38
930,16
861,93
278,815
687,735
709,25
657,35
514,25
734,19
774,16
921,9
304,5
838,680
268,27
307,16
36,15
665,12
169,23
150,19
776,9
996,23
614,25
579,9
283,11
565,38
235,786
878,23
55,772
614,786
577,35
616,2
730,22
841,9
821,680
237,6
402,93
187,785
166,2
573,23
116,19
850,786
706,15
524,10
601,680
67,4
289,735
894,6
400,11
384,826
663,10
243,826
428,6
543,785
431,11
897,9
293,22
898,815
647,680
687,826
925,6
305,19
286,15
839,15
184,6
644,15
438,785
555,9
1011,4
228,826
300,786
338,93
507,735
843,786
166,5
648,772
371,786
210,35
980,22
894,9
487,6
71,786
421,815
759,15
278,680
905,735
564,15
874,93
787,735
953,93
703,9
407,11
552,19
679,16
901,22
246,735
138,9
447,1
783,22
694,2
627,93
187,815
830,23
595,4
617,23
191,12
946,93
731,11
588,93
327,11
554,93
682,22
438,10
114,11
685,11
499,8
160,815
431,25
472,38
664,826
367,1
885,9
243,15
318,16
358,785
694,735
130,826
24,8
262,6
943,35
358,10
951,35
495,680
519,735
370,9
481,10
102,15
1000,826
216,735
267,38
623,22
753,19
860,785
734,15
40,23
114,2
741,785
150,826
138,786
506,680
748,786
658,38
36,35
935,11
884,815
204,23
280,10
975,826
922,12
688,785
977,785
601,16
505,785
676,19
451,35
843,680
588,826
37,12
385,772
426,786
296,735
962,22
726,680
231,785
605,4
570,38
241,785
666,786
756,826
578,38
980,35
855,11
966,735
842,12
769,815
991,22
574,10
278,8
317,35
265,5
339,10
450,27
326,772
364,2
293,10
367,23
502,815
601,25
341,680
256,10
241,23
355,27
706,785
466,10
120,10
469,15
472,680
913,6
965,826
766,16
250,772
877,19
473,680
849,785
560,785
801,826
572,680
276,93
77,785
775,5
426,27
673,10
158,25
934,772
59,1
80,735
688,4
997,6
175,735
586,786
0,6
54,772
1007,93
96,10
556,11
667,8
136,27
445,15
28,25
47,815
855,25
605,785
235,10
272,16
697,785
934,93
438,22
386,735
1003,1
859,772
658,19
608,735
54,38
179,12
229,4
102,786
676,8
750,19
971,735
1008,35
183,8
59,6
812,5
685,785
677,23
109,10
803,785
272,786
719,27
223,6
556,2
688,735
528,772
673,826
156,93
766,2
1005,826
877,5
272,23
988,8
114,38
264,785
300,10
485,2
361,12
732,5
913,786
932,10
754,22
679,815
95,786
226,735
949,772
969,11
57,815
720,25
172,680
559,785
984,19
710,786
586,772
677,16
420,15
791,8
998,25
196,35
359,10
626,680
238,23
557,22
977,680
669,786
840,22
986,93
531,826
201,9
868,25
372,38
523,27
858,19
254,6
880,12
492,680
45,25
319,5
945,11
637,10
469,35
382,785
899,19
973,8
664,2
902,12
867,826
939,786
998,16
121,9
892,786
568,19
557,15
137,23
618,15
599,35
671,27
582,25
1000,9
433,22
472,23
507,11
510,4
607,35
458,22
537,680
315,22
575,10
957,16
443,93
66,6
908,1
254,9
972,38
383,826
810,815
498,16
192,5
32,9
751,15
716,35
257,2
664,9
828,735
260,9
63,9
619,680
653,25
529,11
338,680
523,786
653,735
892,38
286,38
125,6
379,93
491,785
865,12
921,735
115,16
190,680
982,19
602,680
513,19
17,22
739,826
498,11
887,772
764,786
654,735
659,93
205,826
578,23
924,15
871,735
381,4
326,826
100,9
373,826
985,786
303,35
395,680
767,5
863,785
312,25
661,35
350,10
982,735
180,16
202,5
662,2
220,785
424,23
227,23
156,9
836,785
824,35
699,11
760,11
501,786
174,22
66,826
529,5
838,9
327,815
332,12
211,15
690,16
265,93
162,2
471,12
998,680
770,11
331,93
497,735
131,735
351,22
634,11
67,16
379,735
341,12
970,9
734,38
442,27
702,15
709,785
800,19
174,25
567,9
736,11
936,8
221,2
329,16
172,23
504,10
582,5
782,22
767,11
839,35
471,5
73,27
54,23
384,15
682,785
387,10
979,27
930,22
325,826
199,785
632,735
264,25
67,25
267,4
270,19
363,8
57,19
427,826
47,680
193,6
502,8
307,10
294,772
701,785
150,25
261,10
690,2
853,27
285,735
982,826
58,680
955,772
740,22
940,11
101,1
88,10
288,23
659,8
511,8
662,23
795,15
81,93
563,27
430,38
252,2
604,815
771,38
807,785
992,4
908,680
416,826
491,680
329,2
420,786
150,16
726,786
909,680
552,38
1008,19
382,25
718,8
209,8
483,12
890,27
841,8
806,735
437,8
990,22
573,22
459,23
388,25
468,815
657,27
18,10
992,27
114,22
884,25
683,772
600,27
638,8
766,93
218,8
329,11
882,19
61,25
651,25
431,785
767,38
162,38
996,772
212,10
583,5
965,15
752,15
126,5
681,5
274,8
313,35
385,11
755,10
829,815
579,815
413,8
452,680
200,22
842,16
474,22
536,5
370,785
167,25
832,6
117,4
228,25
635,4
253,15
453,2
218,19
364,22
58,15
614,8
944,735
305,11
639,16
696,826
765,735
641,4
430,786
382,11
111,6
98,25
688,25
669,25
391,680
583,2
592,10
554,772
188,10
388,15
210,27
891,6
302,6
692,93
546,10
966,25
623,8
660,6
716,785
665,680
499,11
959,10
564,23
435,93
535,93
757,93
351,785
480,785
170,815
692,680
108,10
861,15
383,735
483,35
837,38
13,25
358,11
841,35
287,5
296,19
757,772
879,785
860,786
610,38
663,16
425,15
777,815
371,93
907,9
801,815
586,15
968,9
895,27
493,93
404,5
117,785
298,93
775,22
283,22
357,35
964,93
529,680
64,785
670,785
691,2
284,15
90,785
422,815
773,93
556,22
941,1
284,772
583,826
197,785
402,772
438,5
312,815
574,11
704,38
223,785
997,826
265,735
485,22
395,815
68,735
275,680
651,5
562,15
636,10
174,772
639,15
379,19
750,6
184,35
519,10
812,16
906,93
138,35
566,35
548,93
604,735
514,93
420,19
410,9
553,785
753,12
347,735
463,12
671,38
892,4
910,16
658,25
950,785
130,11
204,6
537,6
542,785
83,25
330,9
778,785
195,23
750,786
380,9
345,25
951,9
591,38
222,735
888,23
926,772
193,93
32,93
603,35
549,35
695,4
781,826
599,23
359,786
929,15
361,10
658,16
90,5
545,785
339,27
957,4
871,9
673,2
675,815
537,786
111,35
294,10
615,4
469,16
306,9
491,15
789,786
600,93
670,15
142,25
953,25
75,22
535,9
593,2
482,12
707,6
889,1
103,11
550,5
240,38
537,16
149,815
387,35
426,10
118,27
465,93
216,15
516,12
898,22
293,815
495,786
131,38
810,826
94,16
392,5
284,19
469,25
824,8
220,11
916,35
96,25
461,815
285,12
161,6
270,815
435,22
348,826
368,19
669,785
124,785
661,23
572,9
184,826
222,93
686,1
905,16
797,2
104,786
66,12
177,23
486,27
216,22
711,11
698,12
94,27
408,680
504,785
49,93
984,27
159,16
842,815
204,785
702,16
174,2
506,25
78,19
631,11
388,786
939,8
481,826
322,10
657,735
143,8
436,6
661,16
954,10
458,23
976,19
633,22
905,25
362,4
292,815
720,8
534,826
311,93
405,8
280,815
948,8
107,815
96,23
82,22
852,25
48,735
781,35
875,735
988,22
795,772
408,2
579,38
500,680
820,772
913,772
90,25
224,826
938,772
851,826
375,8
927,826
551,5
202,27
662,8
1007,8
540,826
560,19
106,8
566,25
509,93
71,826
220,16
328,2
848,680
245,8
338,785
800,6
446,785
640,10
107,27
186,19
332,22
460,35
421,2
668,5
939,6
690,22
671,8
710,93
397,25
769,16
607,16
572,22
609,772
647,19
188,815
705,8
523,1
248,2
781,680
948,785
453,680
202,2
522,772
320,815
912,680
855,93
503,680
788,10
699,10
257,19
95,23
186,785
393,6
324,93
714,8
311,735
776,22
172,25
999,25
28,680
436,19
384,9
610,815
369,16
520,27
905,12
871,35
656,16
895,786
511,5
357,826
449,9
396,93
821,785
414,772
803,826
718,680
847,785
424,772
946,15
736,12
936,9
59,785
332,4
906,826
356,735
233,6
927,735
507,22
875,12
163,815
865,22
437,826
540,93
616,22
190,9
908,38
930,23
752,27
894,785
937,785
457,772
116,15
652,35
449,2
252,4
18,25
402,815
898,680
168,11
539,12
636,815
308,815
807,93
665,9
446,15
512,815
693,22
604,10
141,772
369,2
167,772
942,815
979,35
622,23
416,93
753,815
274,23
511,11
738,93
757,815
684,1
514,23
181,9
474,5
590,826
992,5
21,5
724,15
635,9
72,35
418,19
971,11
221,680
921,786
421,38
80,35
246,5
641,9
73,4
37,22
130,815
207,815
101,9
656,5
752,9
77,16
369,735
775,772
264,8
484,22
67,6
894,4
623,5
327,23
954,786
663,4
369,680
921,16
561,9
601,735
13,772
342,15
145,735
589,6
789,9
354,2
872,6
122,38
675,772
962,11
126,10
385,10
459,15
527,22
875,785
203,2
283,772
268,11
175,786
841,786
913,826
217,815
219,735
326,785
58,12
722,23
761,16
812,815
361,815
639,19
641,27
510,93
590,38
629,9
556,735
558,15
451,826
755,735
757,826
208,772
869,38
360,10
931,8
623,11
509,12
21,16
578,815
425,5
265,25
232,826
857,10
268,2
625,38
789,27
44,38
190,93
779,93
144,826
567,815
269,680
533,38
790,10
207,826
480,23
944,785
160,15
783,25
952,27
716,12
792,15
385,4
521,10
373,735
618,826
855,12
432,25
89,8
474,25
76,680
771,5
40,25
870,6
599,11
907,735
287,826
935,5
993,6
885,16
426,23
207,4
83,10
407,27
383,786
558,25
688,8
68,826
713,16
623,786
347,680
404,815
888,10
486,786
820,25
966,8
768,15
606,35
56,785
989,735
349,10
646,735
644,772
154,8
463,6
104,680
981,10
450,25
621,19
806,785
163,785
843,25
83,19
407,735
105,2
215,93
343,8
148,10
790,4
847,93
975,8
505,35
802,27
602,6
201,826
716,2
916,23
1009,8
848,735
632,785
691,785
854,826
728,5
840,735
124,8
88,815
309,772
623,38
509,23
632,22
154,19
672,23
907,6
599,25
710,4
621,12
70,786
932,6
436,35
611,10
497,11
540,22
426,25
229,25
636,2
653,785
947,12
567,826
934,826
666,25
354,826
784,735
395,5
109,15
296,9
99,9
481,19
263,10
1000,785
458,735
682,8
95,93
522,4
287,785
515,680
1006,12
852,815
784,12
216,9
1002,735
34,16
676,10
626,35
994,735
996,815
263,772
531,12
862,19
420,2
284,735
893,786
396,27
53,22
914,15
917,2
793,12
873,785
214,11
968,38
50,735
163,772
439,4
83,38
301,35
321,826
158,9
216,16
362,19
91,38
612,25
244,19
425,772
834,15
573,93
242,25
884,35
494,16
763,12
963,11
121,6
838,35
435,25
717,8
221,35
222,772
618,2
247,772
236,27
697,735
408,826
924,680
744,9
466,93
911,9
750,35
551,22
1007,5
243,735
134,9
338,35
945,9
146,4
553,9
257,15
481,38
998,22
66,815
690,735
1002,93
914,1
199,9
456,815
78,16
153,772
210,815
411,25
125,11
236,735
791,826
152,1
830,772
812,93
302,680
123,93
855,772
17,19
180,12
254,15
551,15
75,680
973,772
352,19
612,15
527,38
50,93
32,11
859,11
627,23
664,11
539,35
260,11
689,5
63,11
636,772
998,9
161,23
381,9
988,23
662,815
754,772
535,23
97,15
297,10
371,15
850,16
524,772
190,735
525,93
507,2
236,9
806,815
387,25
461,2
905,1
226,19
251,25
930,11
822,5
551,4
609,5
844,735
241,35
427,15
395,38
485,680
217,10
788,12
442,23
295,12
464,8
927,12
489,16
640,11
469,735
418,12
492,11
771,93
628,5
381,2
532,9
903,23
209,815
925,38
671,11
433,6
696,786
569,4
550,38
865,27
544,785
890,5
86,93
128,8
844,9
61,785
227,25
588,6
664,25
899,8
95,22
96,38
193,10
85,12
512,93
514,772
196,1
880,785
510,826
579,23
286,22
289,786
969,93
73,16
271,93
644,22
372,4
583,35
251,23
91,27
511,4
955,15
773,12
42,6
429,785
267,1
860,826
256,680
906,680
63,38
304,10
250,826
930,680
261,15
961,6
616,786
397,10
989,27
544,815
526,25
784,93
88,5
737,680
437,4
976,826
351,25
742,785
817,27
212,772
624,38
533,815
292,6
591,25
721,10
168,12
317,10
231,19
13,785
677,815
218,4
736,4
665,8
169,19
209,786
912,10
930,786
275,826
937,22
98,10
298,15
279,35
262,25
212,6
732,826
126,25
805,23
573,27
459,16
645,35
133,772
869,10
264,2
284,93
181,8
151,815
502,1
301,735
231,8
293,735
661,826
921,785
573,680
150,22
761,5
137,35
599,680
604,2
145,35
73,11
274,786
777,19
890,25
410,815
805,16
865,826
77,15
277,2
264,9
191,27
891,10
619,826
657,25
324,35
53,38
456,785
610,27
81,786
43,16
832,1
104,2
802,786
364,25
935,25
885,4
833,38
175,19
1003,815
328,772
1011,9
573,786
761,785
962,8
565,93
641,772
89,826
456,19
385,9
866,25
114,786
696,19
309,815
861,786
828,93
841,785
479,735
282,815
118,35
604,16
382,9
76,38
274,772
409,27
176,826
450,815
783,19
127,735
311,786
388,9
585,35
623,10
56,772
886,680
338,735
253,6
92,786
184,786
280,6
333,772
543,15
283,19
764,35
71,735
58,785
516,35
790,11
262,5
472,786
534,12
990,9
938,19
556,25
632,772
100,826
926,785
210,16
525,786
248,680
818,25
157,19
799,9
654,772
439,35
367,11
993,5
797,35
946,735
798,772
416,2
897,735
241,19
574,815
848,5
577,12
231,786
732,680
952,35
1009,22
630,11
960,35
650,93
50,23
660,22
753,9
733,680
438,27
991,19
934,38
632,16
723,772
336,2
722,772
65,15
748,772
470,93
808,6
759,786
78,93
148,11
385,786
44,786
851,25
136,786
176,815
599,826
13,9
896,93
21,815
830,15
766,23
457,16
150,93
596,5
154,16
603,93
664,786
315,15
540,23
83,27
562,4
318,8
944,2
620,786
321,815
812,9
392,25
926,1
395,4
306,12
971,680
951,11
805,38
309,1
827,25
420,4
99,8
50,9
161,10
953,22
75,19
682,9
593,15
389,10
228,38
1000,23
547,23
261,826
44,11
337,23
135,785
376,22
375,38
750,22
343,25
131,35
170,10
923,15
997,12
803,735
606,735
662,680
791,12
171,25
263,2
28,19
486,772
604,785
238,19
457,2
496,35
100,16
482,10
485,15
303,8
175,93
472,12
628,815
165,23
41,25
404,27
118,25
62,826
587,2
880,8
36,772
129,772
427,27
192,10
824,10
149,15
614,680
689,10
321,16
525,815
917,10
960,772
779,25
942,2
250,25
273,38
572,11
954,1
595,785
63,815
301,27
51,815
883,10
538,6
720,19
42,35
541,27
726,25
319,6
231,815
144,735
488,2
324,680
951,22
295,25
667,16
171,23
559,38
334,12
501,772
927,25
692,8
346,19
492,22
864,23
276,826
351,680
317,93
816,735
374,22
143,10
510,11
845,785
112,1
757,10
387,19
226,25
279,1
190,19
444,826
711,2
69,8
441,735
612,8
430,6
13,38
159,27
452,23
396,772
970,27
810,23
353,11
813,10
392,826
689,4
692,23
529,8
927,6
1008,735
327,826
554,16
1010,5
208,23
408,4
261,19
544,6
26,2
29,23
603,772
143,19
807,8
152,9
523,10
375,10
513,16
94,11
498,6
649,11
501,11
798,19
230,12
713,38
218,815
862,12
738,38
991,680
653,15
85,2
247,680
640,12
532,10
769,680
254,785
236,772
371,23
283,35
211,11
782,11
68,93
508,735
641,35
397,23
610,786
274,815
905,9
816,23
286,785
656,27
288,5
52,38
473,15
844,10
330,93
573,15
576,680
847,15
773,2
560,12
796,786
156,4
178,25
514,8
328,11
810,25
149,35
363,786
678,16
495,22
332,15
334,735
764,10
530,27
693,2
644,23
152,23
872,785
781,735
963,772
266,35
840,826
545,11
694,35
988,772
770,6
202,11
274,35
371,826
82,772
449,15
126,785
385,93
591,19
741,93
392,815
119,786
799,38
636,735
450,38
739,11
246,9
999,16
194,35
983,826
693,11
572,38
64,826
224,11
687,9
798,4
249,680
321,93
547,772
487,23
752,786
905,680
502,15
727,23
14,27
335,16
373,786
46,93
824,680
235,785
626,25
384,25
248,25
28,815
583,16
487,785
153,10
524,15
620,27
487,12
403,5
635,11
448,772
586,22
678,5
147,8
537,93
989,785
150,23
722,35
335,25
651,680
742,38
563,826
105,35
86,15
358,735
913,735
533,9
754,93
215,19
843,785
237,2
464,93
181,16
845,9
403,10
956,12
317,27
389,35
548,680
110,25
872,8
1000,93
431,786
767,35
384,23
311,25
293,680
943,25
325,786
752,2
126,8
914,826
886,93
64,4
335,772
212,786
941,19
373,6
200,25
400,6
572,785
774,6
186,826
7,38
376,826
450,10
801,786
895,22
418,35
147,22
679,785
846,35
465,4
175,27
234,772
288,826
330,16
439,93
812,38
776,735
579,735
876,11
913,23
916,4
1009,27
3,27
792,10
497,772
830,27
373,15
784,772
360,12
909,35
509,10
99,786
425,11
874,826
943,772
857,8
453,8
611,25
243,19
922,1
260,680
105,22
30,680
714,786
1011,22
234,8
714,680
783,27
570,27
592,4
296,22
41,680
189,735
373,8
670,22
673,786
302,12
525,785
928,6
768,10
1012,772
81,772
117,19
796,5
302,785
624,772
930,735
697,5
308,735
492,826
843,735
95,826
367,10
758,772
376,2
360,785
750,2
629,25
901,4
997,16
7,826
284,10
468,735
379,786
983,93
456,9
789,772
3,9
778,23
392,785
391,93
321,11
781,10
142,11
842,8
805,735
771,12
176,23
411,38
910,12
821,4
475,5
459,786
461,735
540,25
261,93
689,772
725,19
794,38
44,22
636,5
784,16
430,735
552,12
365,25
916,735
241,11
59,12
997,25
466,6
691,12
858,772
469,11
252,826
240,786
593,786
741,4
263,15
528,735
581,16
324,15
877,15
476,680
40,9
629,772
758,680
103,22
512,680
179,11
895,10
215,786
54,35
253,16
827,826
537,11
648,2
133,11
118,12
318,9
502,826
984,772
455,735
241,12
148,19
615,8
959,735
160,22
414,826
420,5
99,11
559,10
373,680
359,16
161,9
877,8
939,38
217,786
571,786
242,826
497,2
439,9
79,38
41,23
83,35
216,11
969,6
328,815
751,826
997,11
154,826
319,19
415,815
39,735
223,2
902,22
210,680
430,93
768,22
991,9
574,35
831,5
119,680
661,11
1010,735
282,786
177,19
711,15
984,786
825,786
291,23
516,15
612,27
541,1
970,22
328,16
455,23
751,5
41,826
849,5
1011,735
689,9
581,11
714,19
382,680
676,785
457,10
917,9
238,27
406,680
685,93
742,22
411,735
658,1
769,2
608,22
607,38
633,735
26,826
686,4
744,11
66,11
565,680
893,11
822,9
556,93
131,16
61,772
187,680
122,786
414,815
417,25
921,38
689,2
374,786
46,826
621,93
232,8
713,735
199,11
989,826
278,35
742,9
983,785
549,785
274,826
115,15
763,680
937,826
498,12
119,11
482,680
230,10
613,22
813,9
245,12
396,2
936,23
112,772
186,23
497,93
917,27
208,8
813,772
779,22
138,815
411,16
360,680
950,93
347,8
574,786
520,16
387,27
673,35
693,826
982,23
251,27
91,15
720,2
920,15
371,815
270,2
861,826
625,785
578,19
356,8
85,1
727,11
70,735
489,22
864,38
863,22
221,12
336,826
371,22
243,35
764,12
782,8
177,772
569,10
436,23
98,680
298,16
190,2
869,786
248,5
732,815
91,4
128,10
202,1
511,25
684,23
758,10
227,27
122,815
835,815
32,27
895,680
125,680
970,10
664,27
367,735
946,19
85,10
144,25
421,8
650,680
548,772
609,786
226,35
298,27
544,735
375,27
965,23
234,35
841,25
418,826
422,786
131,12
879,93
292,25
95,25
406,1
135,8
763,35
640,27
749,12
806,93
607,772
739,10
575,815
961,4
693,10
162,25
1008,25
707,815
819,19
434,15
864,786
648,735
24,815
795,10
637,35
856,12
31,35
178,8
549,23
788,27
57,23
613,10
317,8
135,1
873,680
824,826
860,8
473,826
736,6
900,25
539,772
336,815
614,27
999,8
986,15
804,10
290,93
533,15
682,772
311,10
385,826
44,826
922,93
595,826
669,10
483,11
592,25
990,19
906,2
927,93
69,735
931,22
626,815
832,12
597,772
229,826
268,16
897,11
329,6
221,16
421,35
863,10
226,93
872,2
925,8
142,786
533,8
956,815
372,19
660,826
128,22
701,93
1012,35
929,815
200,19
456,680
809,785
884,680
478,786
638,12
431,22
257,826
39,38
498,772
836,23
679,22
937,6
1011,11
829,16
508,23
324,815
823,680
592,23
370,16
388,12
776,680
45,93
891,5
657,16
327,9
845,1
43,11
759,10
317,19
870,11
801,785
586,25
271,11
897,5
295,735
650,826
315,680
445,772
108,15
145,19
56,93
440,786
24,6
318,680
730,680
987,11
534,11
75,815
349,826
918,735
302,10
1002,11
907,785
127,19
509,9
438,15
114,4
663,23
117,9
653,93
105,786
714,93
576,22
280,8
925,19
357,38
175,35
784,35
543,9
34,11
111,11
222,10
369,35
519,16
641,735
198,19
24,786
556,27
633,786
595,16
705,826
546,1
489,93
509,2
310,93
21,38
635,22
300,35
599,4
799,11
304,38
925,785
380,785
953,772
404,1
280,15
977,735
170,786
565,5
32,735
713,786
552,6
476,38
284,11
395,8
198,10
595,25
578,35
210,9
835,93
728,1
781,9
855,6
985,35
213,12
806,19
756,12
629,826
277,815
892,9
508,680
73,93
130,12
497,23
739,93
775,11
500,4
376,10
600,735
158,27
256,15
330,10
241,10
516,19
737,23
562,772
762,9
62,8
528,22
602,5
0,4
951,12
476,826
185,8
331,25
494,2
757,786
423,2
188,19
745,826
191,38
324,8
716,826
695,11
571,25
623,35
149,680
481,786
460,5
631,35
99,735
463,8
250,10
782,35
621,9
361,5
290,27
843,19
1006,8
401,4
884,826
280,680
133,10
262,93
909,815
837,786
1004,38
897,815
254,22
899,735
294,23
701,2
923,8
762,16
945,27
284,25
966,772
0,27
491,10
1009,6
938,10
354,680
667,15
741,12
282,35
53,10
914,19
189,5
1003,4
325,16
1006,19
203,735
240,35
537,19
224,786
868,16
943,93
581,826
177,25
266,27
871,5
840,786
415,35
660,772
365,10
590,8
809,25
773,35
206,785
997,10
778,772
624,8
399,735
951,2
734,93
331,23
205,785
171,27
581,1
232,27
486,826
53,19
695,25
550,772
522,10
482,8
671,16
892,22
178,785
732,2
843,1
130,25
633,8
947,680
287,680
825,785
58,826
405,2
837,15
655,8
365,735
1012,27
830,38
559,27
464,38
618,772
157,93
457,9
884,93
386,23
189,23
905,785
411,5
931,785
661,19
954,15
372,35
318,35
177,11
893,735
306,826
254,11
159,785
128,38
904,785
134,12
560,25
602,25
899,22
421,785
423,38
78,786
856,815
376,772
564,93
174,6
199,10
554,23
889,23
547,12
732,16
398,772
204,38
757,8
647,25
423,772
263,735
515,785
590,680
972,35
42,735
938,680
723,9
318,815
560,16
338,25
377,735
909,25
713,35
309,680
721,35
777,785
813,8
446,786
876,680
881,786
291,815
310,2
421,5
578,786
371,16
315,815
578,735
208,9
686,786
892,35
178,826
433,2
214,19
804,23
594,8
170,93
647,22
523,12
775,93
797,16
104,772
486,9
933,11
684,25
45,6
227,680
637,23
103,735
343,826
859,5
159,2
381,772
186,786
650,735
464,11
727,10
927,9
838,11
766,35
787,772
795,785
961,9
853,11
908,93
276,12
918,2
871,38
51,772
141,16
215,9
113,22
20,9
684,16
906,22
581,680
712,772
159,11
270,10
257,23
353,27
886,826
995,1
558,786
464,2
174,27
485,815
625,12
473,815
825,15
644,735
794,786
335,12
798,826
322,19
878,4
347,25
76,6
276,11
387,735
779,826
965,22
966,826
770,4
202,9
128,2
313,10
166,19
847,22
248,786
763,815
217,25
884,9
777,772
406,6
923,735
651,815
746,22
928,93
946,11
348,785
776,1
604,15
400,826
533,5
699,680
166,785
943,12
88,8
548,9
733,19
718,772
76,826
866,11
227,735
428,785
214,680
711,735
549,22
181,12
400,19
474,6
992,2
810,9
477,27
381,815
57,22
856,786
1005,772
147,5
594,93
100,35
617,772
673,93
986,12
783,826
607,11
718,10
313,785
761,772
98,9
248,27
339,785
854,15
483,10
158,93
656,2
412,22
111,680
3,38
795,2
983,19
696,8
767,680
21,1
921,19
650,12
228,16
638,735
949,16
218,10
899,826
614,19
172,2
335,27
175,23
693,27
986,23
471,22
878,25
274,785
60,680
300,785
320,10
876,23
952,10
163,27
972,680
662,35
224,27
351,8
540,785
687,25
249,5
709,12
947,785
894,8
696,15
623,1
74,786
129,8
21,10
520,786
848,826
393,38
968,25
326,786
401,38
240,735
761,19
614,10
104,735
909,785
379,10
86,4
626,9
437,785
848,19
901,23
78,680
183,93
617,16
484,25
966,27
346,38
327,8
699,35
663,25
43,10
336,16
959,8
707,35
653,35
104,12
450,8
233,680
90,35
516,826
497,826
747,25
197,8
930,826
108,8
848,10
777,2
873,22
216,815
802,10
876,5
163,9
383,23
938,23
223,35
47,785
