139,16
820,23
74,772
663,22
574,2
813,826
389,19
176,27
283,785
157,23
895,25
697,2
364,10
899,785
367,15
993,1
478,6
354,16
86,22
674,735
589,815
145,11
737,4
666,8
975,6
777,11
528,25
817,826
345,9
755,680
260,38
299,5
706,735
263,27
484,15
46,786
890,826
374,826
324,27
142,6
509,1
165,826
522,23
885,785
499,23
339,11
621,22
512,1
196,93
503,772
897,22
401,9
644,680
935,1
556,826
478,9
44,25
407,23
123,785
837,815
713,785
145,12
256,9
812,22
154,815
743,35
198,11
109,25
277,35
830,11
136,19
136,680
263,16
265,772
324,735
142,9
849,786
316,772
892,10
621,15
658,27
434,772
77,786
575,23
500,5
62,772
47,5
654,23
947,11
639,10
455,815
901,11
444,23
762,22
968,680
199,735
185,15
96,9
869,93
263,9
49,815
928,22
546,16
605,786
142,16
435,6
697,786
164,5
493,772
238,4
192,785
463,11
139,826
780,772
221,815
497,15
404,16
133,9
673,12
216,6
123,815
566,826
18,772
440,815
809,23
516,27
612,23
281,1
120,23
355,6
198,5
91,93
475,826
738,6
298,785
297,815
63,19
855,23
88,826
14,38
164,12
958,772
985,93
732,4
0,826
575,5
633,6
301,38
47,11
700,826
590,9
352,2
795,93
997,9
28,785
486,680
857,772
74,38
849,2
940,786
445,2
963,6
359,11
714,22
770,772
717,11
112,785
991,11
496,38
100,19
1000,1
671,19
892,23
112,22
954,5
757,5
296,786
155,735
797,4
47,16
476,11
250,680
159,22
514,35
171,19
766,15
824,786
662,785
917,23
104,93
436,4
917,786
40,826
898,785
273,27
807,23
461,12
686,10
924,785
155,27
800,815
281,785
88,38
513,27
215,680
254,8
937,93
771,735
352,16
883,15
405,10
835,826
380,19
951,19
113,680
789,815
664,8
60,11
334,19
176,93
229,786
1003,93
749,38
275,22
921,815
795,735
368,772
458,16
261,786
797,22
873,93
155,16
502,772
288,10
548,22
660,786
20,4
405,19
958,27
797,785
134,4
45,12
674,9
655,25
677,12
664,15
611,735
295,19
687,680
72,5
381,5
860,38
539,826
171,772
939,4
596,35
208,10
233,22
214,16
840,10
587,93
917,735
458,27
523,15
190,25
619,19
1004,2
180,23
720,4
45,5
391,25
585,16
822,786
514,12
588,11
60,25
295,8
542,27
763,23
104,35
653,12
927,8
103,815
966,93
34,786
255,772
715,735
271,35
554,6
97,4
978,826
211,12
286,19
165,8
40,815
610,785
954,25
830,826
215,8
415,15
897,772
770,10
511,27
717,785
351,23
560,15
119,27
563,10
998,826
835,785
392,38
159,10
909,10
970,8
57,11
899,12
168,2
428,25
603,16
1005,785
533,735
897,38
903,8
687,815
48,12
945,786
1010,815
666,35
743,19
943,6
890,8
855,815
126,19
326,12
681,19
974,680
684,8
260,93
426,735
449,12
747,680
487,27
1005,15
751,735
737,772
845,27
606,680
477,1
650,27
542,5
446,772
638,25
431,5
628,23
151,735
650,772
394,19
140,38
604,8
397,6
366,815
644,25
98,15
188,826
870,826
176,786
893,38
930,16
861,93
977,11
687,735
709,25
657,35
140,772
734,19
774,16
921,9
542,12
838,680
268,27
307,16
860,10
665,12
169,23
150,19
703,27
776,9
579,9
283,11
727,815
565,38
235,786
878,23
347,22
614,786
577,35
616,2
101,11
841,9
821,680
237,6
437,9
187,785
166,2
573,23
922,785
850,786
64,9
706,15
601,680
524,10
289,735
894,6
328,35
384,826
663,10
243,826
45,815
543,785
431,11
897,9
109,680
898,815
647,680
687,826
746,735
305,19
286,15
839,15
293,785
644,15
555,9
1011,4
740,27
228,826
300,786
338,93
783,9
843,786
166,5
648,772
496,785
210,35
980,22
894,9
252,23
71,786
421,815
759,15
724,19
278,680
564,15
874,93
268,9
953,93
703,9
407,11
876,786
679,16
901,22
246,735
962,4
447,1
783,22
694,2
437,27
187,815
830,23
850,772
595,4
191,12
946,93
731,11
623,9
327,11
554,93
682,22
277,786
114,11
685,11
499,8
406,35
431,25
472,38
664,826
679,786
885,9
243,15
318,16
503,12
694,735
130,826
24,8
444,11
943,35
358,10
951,35
437,735
519,735
370,9
481,10
373,12
1000,826
216,735
267,38
125,785
753,19
860,785
734,15
807,826
40,23
741,785
150,826
796,9
506,680
748,786
658,38
697,1
935,11
884,815
204,23
117,786
443,35
975,826
922,12
688,785
977,785
505,785
676,19
676,680
451,35
588,826
37,12
702,680
296,735
426,786
962,22
411,772
231,785
605,4
570,38
879,16
666,786
756,826
578,38
617,1
855,11
966,735
842,12
988,35
991,22
574,10
278,8
978,9
265,5
339,10
450,27
586,9
364,2
293,10
367,23
351,772
601,25
341,680
256,10
972,11
762,12
355,27
466,10
120,10
469,15
472,680
913,6
827,15
766,16
768,735
877,19
250,772
849,785
560,785
801,826
932,4
276,93
77,785
775,5
758,786
673,10
158,25
934,772
790,25
80,735
688,4
997,6
339,826
586,786
0,6
54,772
790,786
96,10
556,11
667,8
888,22
445,15
28,25
47,815
50,10
605,785
235,10
272,16
753,6
934,93
438,22
386,735
386,8
859,772
658,19
608,735
290,25
179,12
229,4
102,786
32,826
750,19
36,786
1008,35
971,735
59,6
812,5
685,785
410,785
803,785
109,10
398,23
272,786
556,2
223,6
688,735
28,16
673,826
156,93
766,2
677,786
877,5
272,23
988,8
630,786
264,785
300,10
485,2
503,786
732,5
913,786
932,10
664,680
679,815
95,786
226,735
833,16
969,11
57,815
720,25
427,38
559,785
984,19
710,786
624,10
586,772
420,15
791,8
762,735
196,35
359,10
626,680
435,23
557,22
977,680
669,786
597,826
986,93
531,826
201,9
957,23
372,38
523,27
285,815
254,6
880,12
492,680
612,6
319,5
945,11
639,815
637,10
382,785
899,19
664,2
149,11
902,12
867,826
334,9
939,786
121,9
892,786
568,19
828,10
137,23
1000,9
599,35
124,815
582,25
433,22
507,11
472,23
732,27
607,35
203,786
458,22
537,680
315,22
957,16
443,93
924,786
66,6
908,1
254,9
809,9
972,38
810,815
498,16
405,9
32,9
751,15
716,35
146,1
664,9
828,735
260,9
887,10
619,680
653,25
529,11
310,9
523,786
653,735
892,38
433,15
286,38
379,93
143,22
491,785
921,735
115,16
190,680
155,19
602,680
513,19
17,22
972,93
498,11
887,772
764,786
230,9
659,93
205,826
578,23
245,9
871,735
381,4
326,826
99,815
373,826
985,786
582,11
303,35
395,680
661,35
312,25
239,11
350,10
982,735
180,16
933,9
662,2
220,785
424,23
498,2
156,9
836,785
824,35
881,22
760,11
501,786
174,22
653,11
66,826
838,9
327,815
310,27
211,15
690,16
265,93
286,16
471,12
998,680
770,11
662,5
497,735
131,735
351,22
958,10
67,16
379,735
341,12
487,680
734,38
442,27
702,15
119,785
800,19
174,25
567,9
381,22
329,16
936,8
221,2
833,93
504,10
582,5
782,22
51,8
839,35
471,5
491,772
73,27
682,785
54,23
387,10
152,27
930,22
325,826
199,785
313,8
264,25
67,25
267,4
677,38
363,8
57,19
427,826
463,93
193,6
502,8
307,10
442,815
701,785
150,25
261,10
390,93
853,27
285,735
982,826
347,16
955,772
740,22
940,11
262,27
88,10
288,23
659,8
326,4
662,23
795,15
81,93
156,22
430,38
252,2
604,815
514,22
807,785
992,4
908,680
363,772
491,680
110,19
329,2
420,786
726,786
909,680
552,38
915,10
382,25
718,8
209,8
372,23
890,27
841,8
806,735
127,815
990,22
573,22
459,23
21,772
468,815
657,27
18,10
992,27
40,35
884,25
683,772
463,35
638,8
766,93
218,8
736,16
882,19
61,25
651,25
852,772
767,38
162,38
996,772
725,680
583,5
965,15
752,15
570,10
274,8
755,10
313,35
645,23
385,11
829,815
579,815
360,2
452,680
200,22
842,16
951,93
474,22
370,785
167,25
539,16
117,4
228,25
635,4
857,2
453,2
218,19
364,22
789,19
614,8
944,735
305,11
639,16
858,35
765,735
641,4
430,786
679,19
382,11
98,25
886,38
669,25
391,680
583,2
401,680
554,772
188,10
388,15
299,9
891,6
302,6
1002,15
692,93
546,10
716,785
660,6
327,10
665,680
499,11
959,10
746,8
435,93
535,93
757,93
540,8
170,815
351,785
692,680
72,785
861,15
383,735
483,35
671,786
358,11
13,25
841,35
345,6
296,19
757,772
879,785
456,772
610,38
663,16
425,15
336,9
371,93
907,9
801,815
910,6
968,9
895,27
493,93
1012,680
117,785
298,93
775,22
155,35
357,35
964,93
529,680
962,23
670,785
691,2
284,15
87,15
422,815
773,93
556,22
64,22
284,772
583,826
197,785
272,35
438,5
370,826
312,815
574,11
223,785
997,826
265,735
178,735
485,22
68,735
275,680
849,680
562,15
636,10
174,772
947,4
379,19
750,6
184,35
148,9
812,16
906,93
138,35
801,735
548,93
604,735
109,23
514,93
410,9
553,785
753,12
257,93
463,12
671,38
892,4
1003,11
910,16
950,785
130,11
683,35
537,6
542,785
83,25
565,11
778,785
195,23
750,786
217,38
345,25
951,9
591,38
332,735
888,23
926,772
193,93
874,22
603,35
549,35
695,4
688,680
599,23
250,9
929,15
361,10
547,680
359,786
545,785
339,27
957,4
871,9
673,2
503,19
537,786
111,35
294,10
45,38
469,16
306,9
491,15
992,93
600,93
670,15
142,25
1008,680
75,22
535,9
593,2
315,772
889,1
707,6
103,11
586,35
240,38
537,16
149,815
404,25
426,10
118,27
465,93
784,2
516,12
898,22
293,815
495,786
352,735
810,826
94,16
762,38
284,19
469,25
824,8
642,19
916,35
96,25
461,815
852,11
161,6
270,815
435,22
128,772
368,19
669,785
124,785
418,680
572,9
184,826
222,93
260,826
905,16
797,2
104,786
908,11
66,12
216,22
639,35
711,11
698,12
94,27
408,680
192,15
49,93
984,27
159,16
380,22
204,785
702,16
174,2
359,2
78,19
631,11
939,8
742,10
481,826
322,10
657,735
967,5
436,6
661,16
954,10
992,772
976,19
633,22
905,25
448,1
292,815
720,8
534,826
96,786
311,93
280,815
948,8
566,6
96,23
82,22
852,25
377,785
781,35
875,735
988,22
704,16
408,2
482,25
500,680
579,38
913,772
90,25
224,826
115,19
851,826
375,8
927,826
933,15
551,5
662,8
1007,8
576,772
560,19
106,8
566,25
948,23
328,2
71,826
220,16
168,22
245,8
338,785
800,6
304,27
640,10
107,27
186,19
739,27
332,22
631,25
668,5
421,2
939,6
671,8
710,93
840,12
769,16
607,16
572,22
458,25
647,19
188,815
705,8
635,772
523,1
781,680
948,785
933,8
453,680
522,772
320,815
836,786
855,93
503,680
788,10
292,23
699,10
95,23
186,785
760,12
324,93
714,8
311,735
421,11
172,25
999,25
28,680
912,27
384,9
610,815
369,16
77,735
905,12
871,35
656,16
965,735
511,5
357,826
449,9
784,815
821,785
70,12
414,772
803,826
847,785
424,772
946,15
270,786
936,9
59,785
332,4
903,10
356,735
875,12
927,735
430,680
507,22
163,815
865,22
919,735
540,93
616,22
190,9
890,22
930,23
752,27
894,785
128,5
457,772
116,15
652,35
136,815
252,4
18,25
402,815
165,785
898,680
539,12
636,815
36,2
807,93
665,9
446,15
391,815
693,22
604,10
141,772
937,23
167,772
942,815
979,35
234,22
416,93
753,815
274,23
592,38
511,11
757,815
684,1
194,680
181,9
474,5
590,826
366,15
21,5
724,15
635,9
89,93
418,19
971,11
221,680
518,11
421,38
80,35
246,5
504,25
73,4
37,22
419,16
130,815
101,9
656,5
752,9
163,23
369,735
775,772
264,8
980,9
67,6
894,4
623,5
474,12
954,786
663,4
369,680
425,27
561,9
601,735
13,772
268,12
145,735
589,6
789,9
700,15
872,6
122,38
675,772
697,93
126,10
385,10
459,15
709,9
875,785
203,2
283,772
268,11
503,826
841,786
217,815
219,735
401,27
326,785
58,12
723,680
761,16
812,815
361,815
801,23
641,27
510,93
590,38
1009,735
556,735
558,15
451,826
638,786
757,826
208,772
869,38
546,11
931,8
623,11
509,12
94,735
578,815
425,5
265,25
672,2
857,10
268,2
625,38
240,4
44,38
190,93
779,93
123,772
676,22
567,815
269,680
533,38
207,826
480,23
944,785
816,38
783,25
952,27
716,12
990,8
385,4
521,10
373,735
963,38
855,12
432,25
89,8
509,5
76,680
771,5
1012,826
40,25
599,11
907,735
287,826
182,4
993,6
885,16
426,23
924,826
207,4
407,27
383,786
226,680
688,8
395,23
713,16
68,826
347,680
404,815
888,10
528,785
432,16
820,25
966,8
768,15
56,785
682,6
349,10
646,735
644,772
154,8
463,6
65,8
104,680
450,25
621,19
290,5
163,785
843,25
83,19
304,735
105,2
215,93
343,8
271,735
790,4
847,93
975,8
444,27
602,6
802,27
201,826
74,8
1009,8
716,2
848,735
43,680
691,785
854,826
728,5
432,23
840,735
88,815
309,772
272,27
509,23
632,22
154,19
463,15
907,6
176,12
599,25
710,4
231,35
621,12
932,6
436,35
497,11
540,22
426,25
390,35
636,2
653,785
947,12
858,4
934,826
666,25
354,826
170,2
395,5
109,15
296,9
223,27
481,19
263,10
1000,785
487,93
682,8
95,93
522,4
389,11
515,680
1006,12
852,815
229,2
360,772
216,9
1002,735
34,16
676,10
994,735
996,815
281,6
531,12
862,19
420,2
670,12
893,786
396,27
53,22
435,16
917,2
793,12
873,785
506,785
50,735
968,38
163,772
1006,23
83,38
301,35
321,826
982,12
216,16
362,19
91,38
292,826
244,19
425,772
834,15
652,10
494,16
242,25
884,35
813,25
121,6
963,11
838,35
103,772
717,8
221,35
222,772
388,735
247,772
236,27
697,735
365,772
924,680
744,9
466,93
216,23
750,35
551,22
1007,5
901,680
134,9
338,35
945,9
970,19
553,9
257,15
481,38
689,12
66,815
690,735
1002,93
396,9
456,815
199,9
78,16
939,11
210,815
411,25
125,11
164,826
791,826
812,93
830,772
228,735
302,680
123,93
855,772
69,9
17,19
254,15
551,15
755,93
973,772
352,19
612,15
319,12
50,93
32,11
859,11
788,5
664,11
539,35
260,11
500,826
63,11
636,772
998,9
196,19
381,9
988,23
662,815
368,2
535,23
297,10
371,15
850,16
387,786
190,735
525,93
322,2
507,2
236,9
806,815
681,826
461,2
905,1
226,19
797,19
930,11
822,5
551,4
291,8
609,5
241,35
427,15
501,12
485,680
217,10
788,12
420,38
295,12
464,8
927,12
285,22
640,11
72,8
469,735
418,12
492,11
143,786
628,5
381,2
532,9
209,815
925,38
671,11
782,10
696,786
804,19
550,38
569,4
544,785
890,5
86,93
509,815
844,9
61,785
227,25
637,19
899,8
684,786
95,22
96,38
193,10
85,12
304,19
196,1
514,772
880,785
492,2
579,23
286,22
289,786
507,16
969,93
271,93
644,22
647,11
583,35
251,23
91,27
609,23
955,15
773,12
42,6
373,35
267,1
860,826
256,680
442,25
63,38
304,10
250,826
14,19
261,15
961,6
616,786
853,16
989,27
544,815
526,25
51,785
88,5
737,680
437,4
648,786
351,25
742,785
817,27
410,38
624,38
533,815
292,6
384,815
168,12
721,10
317,10
542,8
13,785
677,815
218,4
532,38
665,8
169,19
209,786
504,19
930,786
275,826
937,22
720,93
298,15
279,35
262,25
854,8
732,826
126,25
805,23
770,27
313,23
459,16
645,35
133,772
264,2
284,93
181,8
203,23
502,1
301,735
231,8
860,5
661,826
921,785
573,680
776,12
761,5
137,35
599,680
764,22
145,35
73,11
274,786
629,6
890,25
410,815
412,735
865,826
77,15
277,2
153,12
691,815
891,10
191,27
619,826
324,35
53,38
456,785
327,22
81,786
43,16
832,1
428,1
802,786
364,25
935,25
700,8
833,38
175,19
1003,815
1008,12
1011,9
573,786
761,785
616,12
565,93
641,772
89,826
879,6
385,9
866,25
114,786
277,11
309,815
861,786
828,93
295,38
479,735
282,815
118,35
194,6
382,9
76,38
274,772
792,772
176,826
450,815
783,19
605,15
311,786
388,9
585,35
235,35
56,772
886,680
338,735
507,93
92,786
184,786
280,6
996,15
543,15
283,19
764,35
145,22
58,785
516,35
790,11
577,11
472,786
534,12
990,9
348,23
556,25
632,772
100,826
410,5
210,16
525,786
248,680
599,735
157,19
799,9
654,772
367,11
993,5
797,35
281,815
798,772
416,2
897,735
552,4
574,815
848,5
577,12
304,680
732,680
952,35
1009,22
845,93
960,35
650,93
50,23
730,815
753,9
733,680
934,38
438,27
349,9
632,16
723,772
336,2
120,815
722,772
748,772
821,5
808,6
759,786
78,93
182,785
385,786
44,786
851,25
389,826
176,815
599,826
13,9
217,35
21,815
830,15
766,23
89,25
150,93
596,5
154,16
800,680
664,786
315,15
540,23
758,785
83,27
944,2
526,38
321,815
620,786
812,9
392,25
528,11
395,4
306,12
971,680
951,11
879,35
185,19
827,25
420,4
99,8
50,9
161,10
806,15
953,22
40,15
593,15
682,9
228,38
1000,23
547,23
586,38
975,786
337,23
44,11
376,22
135,785
750,22
343,25
1008,38
170,10
923,15
997,12
745,35
606,735
662,680
791,12
756,786
263,2
28,19
486,772
766,1
238,19
457,2
496,35
793,19
482,10
341,735
303,8
175,93
472,12
628,815
165,23
721,785
41,25
118,25
62,826
673,25
880,8
36,772
129,772
613,815
192,10
824,10
149,15
1012,25
689,10
321,16
525,815
417,772
960,772
779,25
265,38
942,2
273,38
572,11
954,1
95,772
63,815
301,27
51,815
202,23
916,815
538,6
720,19
42,35
726,25
319,6
231,815
503,735
488,2
324,680
951,22
60,8
705,786
295,25
559,38
334,12
501,772
927,25
692,8
363,815
492,22
864,23
276,826
850,22
317,93
816,735
374,22
549,786
510,11
845,785
165,25
112,1
387,19
226,25
279,1
816,25
190,19
711,2
69,8
362,735
612,8
430,6
13,38
820,93
452,23
396,772
970,27
627,22
353,11
813,10
392,826
407,786
692,23
965,772
529,8
927,6
327,826
554,16
1010,5
535,22
668,8
408,4
544,6
261,19
26,2
603,772
143,19
491,786
152,9
523,10
375,10
930,8
94,11
498,6
649,11
355,38
798,19
230,12
713,38
677,8
862,12
738,38
991,680
599,93
247,680
653,15
196,27
640,12
769,680
254,785
236,772
275,35
283,35
211,11
782,11
68,93
433,5
641,35
397,23
989,8
274,815
905,9
816,23
743,25
656,27
893,23
288,5
52,38
844,10
330,93
573,15
576,680
538,19
773,2
560,12
834,16
156,4
178,25
514,8
400,35
810,25
149,35
363,786
452,735
495,22
332,15
334,735
48,9
530,27
693,2
644,23
647,10
872,785
781,735
963,772
526,23
1001,6
840,826
545,11
694,35
988,772
202,11
274,35
459,680
82,772
449,15
126,785
823,15
591,19
741,93
392,815
542,6
799,38
636,735
450,38
132,785
246,9
999,16
194,35
233,4
983,826
572,38
64,826
656,9
687,9
798,4
249,680
856,11
321,93
487,23
752,786
18,23
502,15
727,23
14,27
418,22
373,786
46,93
840,35
235,785
626,25
384,25
718,4
28,815
583,16
487,785
208,785
524,15
620,27
487,12
737,785
635,11
448,772
586,22
218,12
147,8
537,93
989,785
169,27
722,35
335,25
651,680
283,15
742,38
105,35
86,15
286,8
358,735
533,9
754,93
840,815
843,785
237,2
464,93
32,38
845,9
403,10
956,12
774,15
389,35
548,680
110,25
37,786
1000,93
431,786
767,35
626,11
293,680
311,25
943,25
49,10
752,2
126,8
914,826
458,815
617,735
64,4
212,786
941,19
373,6
200,25
400,6
453,772
774,6
186,826
7,38
870,10
450,10
801,786
895,22
91,772
147,22
679,785
846,35
80,19
175,27
234,772
288,826
679,12
439,93
812,38
776,735
320,6
876,11
913,23
916,4
348,25
792,10
556,35
497,772
830,27
373,15
784,772
909,35
235,735
509,10
99,786
425,11
928,772
874,826
857,8
453,8
808,25
243,19
922,1
260,680
63,772
30,680
714,786
1011,22
762,6
714,680
783,27
570,27
842,772
296,22
41,680
189,735
248,826
670,22
673,786
302,12
432,27
928,6
768,10
1012,772
276,785
117,19
796,5
302,785
599,5
342,22
930,735
492,826
308,735
91,786
843,735
95,826
367,10
376,2
360,785
750,2
587,25
901,4
997,16
580,8
7,826
468,735
379,786
983,93
895,815
789,772
3,9
778,23
210,8
391,93
321,11
781,10
452,93
142,11
805,735
771,12
278,12
411,38
910,12
821,4
471,826
459,786
461,735
540,25
116,785
689,772
725,19
794,38
44,22
910,785
636,5
430,735
552,12
950,22
916,735
241,11
59,12
385,785
466,6
691,12
858,772
566,38
252,826
240,786
593,786
99,2
263,15
528,735
467,93
581,16
877,15
476,680
40,9
682,15
758,680
103,22
512,680
303,5
895,10
215,786
54,35
843,16
253,16
537,11
648,2
775,1
118,12
318,9
502,826
858,2
455,735
241,12
148,19
724,785
615,8
160,22
414,826
534,22
99,11
559,10
373,680
232,19
161,9
877,8
939,38
707,2
571,786
242,826
497,2
224,785
439,9
41,23
83,35
158,4
969,6
328,815
751,826
244,22
154,826
319,19
415,815
309,9
223,2
902,22
210,680
651,786
768,22
991,9
574,35
388,815
119,680
661,11
1010,735
846,9
177,19
711,15
984,786
969,15
291,23
516,15
612,27
867,680
970,22
328,16
751,5
420,11
41,826
849,5
349,785
1011,735
581,11
676,785
382,680
695,23
457,10
917,9
238,27
560,826
685,93
742,22
411,735
411,2
769,2
608,22
607,38
846,16
575,9
26,826
686,4
744,11
565,680
893,11
822,9
787,25
131,16
187,680
61,772
153,35
414,815
417,25
921,38
813,16
46,826
232,8
621,93
877,680
713,735
199,11
989,826
371,8
742,9
983,785
549,785
510,8
115,15
763,680
937,826
1007,12
119,11
482,680
230,10
674,11
813,9
245,12
396,2
255,680
112,772
186,23
497,93
704,19
917,27
813,772
779,22
446,22
411,16
360,680
950,93
399,786
574,786
520,16
387,27
940,35
693,826
982,23
251,27
306,815
720,2
920,15
371,815
798,16
861,826
625,785
578,19
852,35
85,1
727,11
70,735
470,16
864,38
863,22
221,12
495,8
243,35
371,22
764,12
601,35
177,772
569,10
436,23
398,785
298,16
597,23
869,786
190,2
732,815
91,4
128,10
311,826
511,25
684,23
758,10
977,27
122,815
835,815
32,27
948,25
125,680
970,10
664,27
517,12
946,19
85,10
144,25
457,38
650,680
548,772
609,786
458,15
298,27
544,735
375,27
30,25
234,35
841,25
418,826
473,23
131,12
879,93
292,25
847,786
406,1
135,8
763,35
946,10
749,12
806,93
607,772
59,786
575,815
961,4
693,10
397,8
1008,25
707,815
819,19
765,680
864,786
648,735
24,815
424,9
637,35
856,12
31,35
983,27
178,8
788,27
57,23
845,22
317,8
135,1
873,680
378,22
860,8
473,826
736,6
221,23
539,772
336,815
614,27
465,16
986,15
804,10
290,93
181,815
682,772
311,10
385,826
996,786
595,826
669,10
483,11
818,785
592,25
990,19
906,2
356,93
69,735
931,22
626,815
181,22
597,772
229,826
268,16
825,35
897,11
863,10
421,35
810,735
226,93
872,2
925,8
799,786
533,8
956,815
372,19
730,19
128,22
701,93
1012,35
919,10
200,19
456,680
809,785
365,680
478,786
638,12
431,22
472,93
39,38
498,772
836,23
798,785
937,6
1011,11
829,16
187,22
324,815
823,680
592,23
385,15
388,12
776,680
45,93
980,19
657,16
327,9
845,1
991,38
759,10
317,19
870,11
378,35
586,25
271,11
897,5
147,25
650,826
315,680
445,772
747,38
145,19
56,93
440,786
737,12
318,680
730,680
987,11
716,16
75,815
349,826
918,735
904,815
907,785
1002,11
127,19
660,2
92,23
438,15
114,4
663,23
653,93
105,786
714,93
548,735
280,8
925,19
357,38
654,4
784,35
543,9
34,11
183,35
222,10
369,35
519,16
913,15
641,735
24,786
556,27
370,2
595,16
705,826
546,1
855,9
509,2
310,93
21,38
7,23
300,35
599,4
799,11
857,16
925,785
380,785
953,772
41,35
280,15
977,735
170,786
158,16
565,5
713,786
552,6
256,8
284,11
395,8
198,10
324,772
578,35
210,9
835,93
1001,786
139,15
213,12
985,35
728,1
806,19
277,815
629,826
888,786
892,9
508,680
73,93
491,826
497,23
739,93
775,11
922,16
376,10
600,735
158,27
358,772
516,19
330,10
737,23
259,10
562,772
762,9
62,8
963,735
602,5
0,4
951,12
476,826
609,93
494,2
757,786
79,826
188,19
745,826
191,38
728,8
324,8
716,826
695,11
953,19
623,35
149,680
481,786
460,5
388,826
99,735
463,8
232,786
374,8
985,815
782,35
621,9
361,5
732,12
843,19
1006,8
401,4
280,680
133,10
262,93
229,6
837,786
1004,38
897,815
970,815
254,22
294,23
701,2
832,772
762,16
945,27
284,25
17,815
0,27
491,10
1009,6
738,9
354,680
667,15
741,12
445,10
53,10
914,19
189,5
176,6
325,16
1006,19
203,735
420,815
240,35
224,786
868,16
614,35
871,5
891,772
177,25
266,27
840,786
415,35
660,772
516,1
590,8
809,25
773,35
812,2
997,10
778,772
624,8
749,826
951,2
734,93
331,23
611,786
171,27
581,1
232,27
323,785
53,19
698,815
550,772
695,25
482,8
671,16
892,22
638,93
732,2
843,1
130,25
668,826
947,680
287,680
825,785
880,10
405,2
837,15
655,8
456,38
1012,27
830,38
559,27
778,8
618,772
157,93
457,9
39,25
386,23
189,23
905,785
118,680
931,785
661,19
954,15
312,9
318,35
177,11
893,735
362,25
159,785
254,11
218,680
128,38
560,25
134,12
602,25
127,93
421,785
868,815
78,786
423,38
376,772
564,93
781,38
174,6
554,23
889,23
547,12
433,9
398,772
439,23
757,8
647,25
204,38
263,735
515,785
660,785
972,35
42,735
938,680
351,38
560,16
318,815
338,25
319,9
909,25
713,35
309,680
455,4
777,785
813,8
446,786
107,38
881,786
291,815
310,2
791,735
153,735
371,16
578,786
578,735
208,9
686,786
892,35
178,826
729,12
214,19
804,23
273,22
647,22
775,93
523,12
463,815
797,16
104,772
486,9
180,22
684,25
45,6
227,680
563,2
103,735
159,2
859,5
217,15
381,772
702,6
650,735
186,786
727,10
927,9
838,11
568,38
787,772
795,785
961,9
393,735
853,11
276,12
918,2
851,93
51,772
141,16
215,9
415,12
20,9
684,16
906,22
687,5
712,772
159,11
270,10
292,19
353,27
995,1
558,786
282,9
464,2
174,27
485,815
640,5
473,815
825,15
644,735
850,1
335,12
798,826
322,19
804,5
347,25
76,6
276,11
903,772
779,826
965,22
966,826
0,93
128,2
202,9
313,10
739,815
847,22
248,786
763,815
86,785
884,9
777,772
406,6
834,815
651,815
746,22
928,93
378,12
348,785
776,1
604,15
589,786
533,5
699,680
166,785
3,826
88,8
548,9
733,19
164,680
76,826
866,11
227,735
798,10
214,680
711,735
549,22
142,35
400,19
474,6
381,815
992,2
168,15
477,27
57,22
561,19
856,786
1005,772
147,5
863,12
100,35
617,772
673,93
344,10
986,12
607,11
718,10
956,785
761,772
98,9
248,27
339,785
743,6
819,27
483,10
656,2
412,22
111,680
3,38
277,6
983,19
696,8
767,680
366,19
921,19
650,12
228,16
231,5
949,16
218,10
899,826
776,15
172,2
335,27
175,23
530,2
986,23
471,22
878,25
293,786
60,680
300,785
320,10
447,25
952,10
163,27
972,680
457,826
224,27
351,8
540,785
264,12
670,35
249,5
709,12
947,785
696,15
623,1
74,786
327,19
21,10
520,786
848,826
427,815
968,25
326,786
401,38
882,12
761,19
614,10
104,735
429,27
86,4
379,10
626,9
935,785
848,19
901,23
78,680
465,772
617,16
484,25
966,27
753,27
327,8
699,35
663,25
21,19
336,16
959,8
707,35
672,15
66,786
104,12
450,8
233,680
516,826
497,826
747,25
197,8
604,19
108,8
848,10
777,2
580,4
216,815
802,10
876,5
198,25
383,23
938,23
223,35
49,772
