468,826
198,786
74,772
737,826
186,93
791,93
741,786
672,6
339,2
176,27
283,785
710,23
434,786
700,25
367,15
744,35
85,826
587,735
861,10
848,1
901,25
120,2
802,5
74,2
755,680
990,12
792,19
595,19
99,22
481,12
210,15
374,826
89,12
768,12
842,15
771,9
610,35
756,6
135,93
65,11
802,826
655,785
622,785
806,786
700,16
404,2
44,25
944,23
784,27
587,27
397,93
538,38
901,2
573,826
777,12
762,15
962,16
227,815
561,786
528,16
287,9
456,11
185,6
902,35
960,38
559,6
136,19
546,25
322,815
508,826
291,772
111,826
574,12
741,772
403,735
907,5
818,15
339,16
1003,9
654,786
895,15
658,27
1006,6
611,9
77,786
993,19
562,8
394,35
145,5
517,735
737,22
576,815
444,23
762,22
652,25
231,772
380,15
968,680
1006,815
96,9
556,10
667,9
869,93
432,11
324,9
605,786
695,10
806,11
793,6
867,11
575,785
1006,9
648,4
426,5
337,19
908,27
47,2
123,815
587,9
440,815
332,786
577,19
81,22
135,735
652,16
670,772
449,93
713,6
987,22
805,35
270,93
475,826
920,93
938,11
260,19
814,772
728,16
525,826
874,19
103,786
839,772
953,27
756,19
671,735
748,680
303,12
512,22
1006,735
0,826
952,786
932,9
315,25
575,5
135,786
500,11
375,35
305,35
365,9
224,93
280,735
134,19
764,772
658,815
220,9
136,8
445,2
1001,772
379,680
506,16
571,22
1010,23
991,11
793,16
557,23
316,785
596,22
278,23
780,826
103,6
179,27
472,15
404,38
575,2
465,826
541,772
1001,38
402,12
685,772
652,6
945,735
195,8
337,815
896,826
307,38
161,25
665,38
828,9
302,826
214,6
306,680
895,35
967,11
917,786
54,10
898,785
439,25
779,785
708,19
251,15
415,16
56,15
129,786
771,735
443,772
133,826
904,786
7,785
119,12
998,785
835,826
103,680
17,785
1008,785
309,25
113,680
899,25
260,8
356,4
176,93
232,10
229,786
568,25
1010,9
889,22
616,826
506,815
140,2
368,772
807,12
521,680
261,786
633,25
797,22
448,6
47,38
822,6
418,815
326,27
538,12
316,5
923,23
378,826
655,25
677,12
915,785
186,735
442,8
245,10
744,786
598,93
871,785
502,38
82,19
208,10
153,785
742,6
779,8
840,10
604,35
607,22
165,15
594,9
279,27
597,12
816,19
529,815
362,8
698,27
458,772
649,8
443,786
101,786
959,815
212,93
585,16
875,826
859,4
588,11
788,8
111,772
255,25
760,10
887,25
445,38
763,23
229,735
932,815
755,785
211,12
286,19
235,815
201,38
261,772
728,785
91,6
770,10
916,93
719,93
494,815
758,8
922,772
391,22
159,10
400,38
899,12
789,826
60,16
887,22
690,785
332,10
443,9
47,785
579,27
504,9
912,16
804,6
642,786
570,826
493,25
369,11
387,11
262,35
320,38
981,772
743,19
855,815
770,5
573,5
538,25
426,735
560,6
742,786
67,22
341,22
14,786
181,2
292,27
845,27
168,9
810,15
828,815
135,10
446,772
853,785
946,8
182,35
554,8
628,23
665,11
348,786
776,2
621,826
289,815
162,23
533,4
314,785
422,22
616,27
890,19
101,2
433,815
548,10
34,93
252,772
811,680
153,6
565,772
931,19
489,772
366,9
39,93
71,27
589,15
258,1
665,12
61,1
686,815
727,815
764,27
175,9
304,826
51,23
416,680
718,11
956,786
994,93
55,772
602,93
841,9
402,93
901,815
277,5
850,786
297,735
64,9
487,9
896,22
860,772
366,16
477,680
132,5
760,38
685,25
45,815
428,6
543,785
33,5
898,815
313,680
746,735
412,785
234,785
825,735
293,785
438,785
466,38
855,826
126,4
436,815
74,22
684,680
31,19
18,4
400,2
71,786
242,93
774,2
206,15
173,680
818,735
636,826
624,786
881,815
543,5
468,11
548,826
641,5
898,35
737,9
681,772
59,680
281,35
707,772
409,22
797,815
390,826
765,6
732,735
115,826
830,23
928,11
360,8
752,826
588,93
474,16
770,815
258,785
80,785
139,785
564,22
450,9
431,25
342,27
182,15
169,10
297,93
543,2
194,2
503,12
679,9
311,19
444,11
598,785
608,785
383,22
755,25
298,826
267,38
413,27
531,680
966,19
127,680
129,25
685,4
243,785
748,786
290,12
880,815
404,4
886,735
280,10
44,35
688,785
817,680
1003,785
505,785
641,23
972,12
292,772
296,735
385,772
869,815
962,22
195,38
982,93
398,2
553,38
879,16
666,786
302,19
197,786
842,12
456,735
154,10
766,786
485,23
857,22
175,815
913,815
697,10
293,10
759,785
651,2
407,22
636,9
503,2
639,12
143,93
454,23
516,22
495,772
441,2
59,8
89,785
74,10
3,10
830,8
250,772
550,785
238,2
560,785
68,8
910,19
550,10
808,10
182,16
957,12
758,786
426,27
725,16
178,680
784,19
503,27
145,4
256,1
330,8
771,815
148,23
790,25
740,38
80,735
111,27
259,12
598,826
505,38
586,786
987,16
605,22
643,735
553,16
257,38
263,8
728,10
198,772
435,9
697,785
934,93
326,680
164,6
845,35
954,826
336,680
616,735
874,786
341,772
884,772
775,2
426,2
744,25
600,680
969,2
516,4
59,6
333,38
134,25
541,12
997,15
528,15
984,12
106,23
691,22
272,786
331,16
938,8
719,27
870,93
368,27
303,15
512,23
932,10
643,815
664,680
846,5
866,786
831,772
728,815
784,1
698,4
57,815
94,19
720,25
136,772
710,786
531,19
260,27
778,15
998,25
356,23
581,15
359,10
250,785
291,826
349,16
414,9
683,23
957,23
372,38
584,27
251,9
451,4
753,786
637,735
106,25
382,785
751,6
756,680
260,2
766,12
551,815
939,9
850,27
557,15
334,786
374,19
527,680
472,23
967,10
537,680
458,22
41,6
494,680
584,2
893,8
698,22
129,785
920,4
994,23
560,27
155,785
751,15
146,1
334,16
631,735
377,786
619,680
985,6
417,785
990,785
936,19
258,35
867,38
433,15
273,19
239,2
331,680
190,23
155,19
66,1
982,19
548,23
306,93
787,35
844,16
862,772
739,826
795,35
154,786
319,11
391,35
674,6
255,19
446,735
871,735
781,93
985,15
408,8
779,11
29,680
671,9
303,35
507,25
661,35
350,10
647,16
706,815
121,680
486,15
291,15
1007,22
94,15
422,680
684,27
405,27
560,9
45,4
693,680
909,16
183,815
438,93
699,11
760,11
282,12
356,11
310,27
828,23
850,4
961,15
964,12
342,93
401,826
347,2
974,93
998,680
340,35
486,6
91,25
865,785
202,12
497,735
131,735
352,38
278,786
136,93
709,22
468,786
983,6
67,16
217,22
487,680
809,826
497,680
828,785
174,25
985,25
567,9
628,9
739,6
332,11
649,786
408,22
372,772
157,826
764,6
214,35
878,10
347,27
992,815
152,27
979,27
190,8
819,15
323,735
325,826
199,785
237,19
737,93
128,4
224,8
847,16
573,4
501,25
565,826
896,25
161,826
327,38
677,38
493,826
168,10
331,35
685,38
759,35
652,735
118,786
427,826
463,93
85,16
378,10
106,826
193,6
489,5
739,15
150,25
152,680
961,25
285,735
198,735
397,5
982,826
607,12
58,680
422,23
333,680
248,22
854,10
215,25
126,27
237,12
758,27
100,772
410,35
111,786
183,826
663,12
921,8
363,772
971,8
736,25
368,35
498,785
577,815
925,12
910,815
909,680
125,35
930,815
715,15
73,5
718,8
902,772
483,12
263,826
191,786
50,815
125,735
459,23
277,4
524,11
891,8
845,12
165,772
992,27
665,785
650,10
835,10
925,735
431,735
453,25
218,8
789,10
517,826
405,785
651,25
712,25
412,786
142,785
340,826
626,12
37,16
685,826
409,12
173,27
725,680
212,10
913,25
508,27
422,826
958,38
742,772
980,23
285,93
767,772
380,93
219,786
951,93
845,5
1012,93
870,23
502,680
268,10
971,6
59,826
885,15
614,8
63,786
905,815
446,35
679,19
737,8
256,38
37,25
62,19
765,5
730,25
529,772
554,772
55,735
277,22
887,93
891,6
983,35
966,25
660,6
277,785
43,12
198,680
453,11
954,93
204,25
169,9
757,93
885,8
596,93
170,815
925,23
305,12
308,15
552,27
383,735
76,35
555,6
298,680
580,6
913,11
348,680
645,25
461,786
619,815
907,786
966,16
200,4
167,15
560,735
361,23
586,15
342,19
968,9
404,5
117,785
761,35
945,815
747,16
106,735
429,11
964,93
641,22
639,6
57,786
148,2
284,15
505,27
913,12
198,22
259,772
773,93
423,9
522,735
729,735
197,785
953,6
574,11
225,5
904,19
178,735
747,786
401,15
497,19
947,4
379,19
256,11
972,4
59,11
886,11
725,785
138,35
306,23
343,772
604,735
345,16
185,4
385,23
645,11
630,12
557,815
888,16
672,785
858,680
142,15
695,15
127,2
753,12
99,772
613,93
867,4
463,12
910,735
550,11
932,5
516,785
537,6
207,11
542,785
565,11
130,772
294,19
441,10
195,23
987,19
951,9
849,22
406,93
337,826
396,680
951,772
199,35
664,93
596,2
688,680
339,27
758,735
503,19
712,35
949,826
306,9
931,93
843,815
436,786
789,786
994,772
420,1
204,680
99,15
651,785
526,735
232,23
730,826
677,785
877,4
53,23
400,93
991,12
850,38
801,93
967,23
399,826
1006,22
472,10
913,785
993,35
387,35
1001,35
216,15
880,22
898,22
256,16
590,15
293,815
205,19
405,6
655,12
469,25
624,11
344,680
240,772
461,815
260,4
667,25
728,25
374,772
270,815
272,15
788,680
346,10
828,12
665,35
578,772
262,772
250,27
434,815
145,93
201,8
572,9
240,93
222,93
908,11
251,8
486,27
134,8
504,785
945,10
798,35
161,772
887,12
445,25
124,19
514,826
53,25
297,2
903,38
742,10
907,35
1000,10
931,786
436,6
682,826
865,10
633,22
905,25
298,35
318,38
982,25
880,4
698,23
402,5
720,8
534,826
923,16
192,6
617,93
859,8
788,4
455,8
149,19
791,25
423,35
651,772
763,27
689,6
448,815
88,785
186,8
939,1
596,38
690,680
233,19
820,772
325,8
90,25
224,826
387,22
597,1
228,786
1001,22
158,680
930,10
641,815
362,15
91,10
609,6
202,27
720,15
738,815
45,10
319,10
709,35
51,680
748,2
305,786
898,735
886,815
117,93
338,785
285,23
196,25
864,35
668,5
31,786
214,22
197,38
569,5
398,786
201,35
273,11
188,815
635,772
248,2
301,8
249,815
969,38
473,9
753,772
202,735
869,16
745,2
983,8
159,15
788,10
899,9
738,35
132,35
117,38
650,23
406,11
121,35
230,826
48,786
136,38
985,23
640,1
714,8
625,8
418,6
897,35
398,735
723,826
137,9
122,2
875,23
693,4
40,785
666,38
189,826
872,815
597,19
523,6
569,785
415,9
254,35
237,25
609,16
869,25
634,8
341,11
859,680
821,785
270,9
57,9
403,680
439,772
406,2
393,15
946,15
748,826
339,93
567,8
36,27
736,12
589,27
97,19
332,4
703,23
408,23
942,35
690,8
999,22
801,11
51,11
125,16
507,22
932,93
616,22
190,9
364,772
128,5
424,6
524,22
559,826
798,6
856,9
32,22
892,735
549,735
845,25
612,815
539,12
995,11
946,6
378,11
749,8
567,1
518,16
413,680
875,5
512,815
705,19
483,6
248,23
584,38
219,93
346,786
933,35
42,11
191,19
429,772
947,772
292,12
57,27
21,5
276,680
262,826
543,735
302,93
431,12
72,35
971,11
921,786
773,785
518,11
429,38
268,786
86,9
286,10
73,4
419,16
37,22
57,680
480,2
923,93
409,10
943,22
841,15
752,9
90,826
128,19
24,826
919,9
351,12
891,11
527,9
233,786
894,4
919,772
721,5
685,23
406,23
192,826
193,23
564,2
231,6
268,12
342,15
361,35
897,15
885,5
562,735
798,786
122,38
527,815
276,35
793,772
761,786
1011,6
962,11
570,11
200,786
153,22
67,15
289,25
200,23
181,27
972,826
845,4
203,2
759,9
503,826
217,815
841,786
218,16
538,786
478,27
116,826
336,785
761,16
836,19
86,27
216,38
433,93
344,27
510,93
590,38
206,815
463,786
320,4
755,735
595,6
388,8
462,19
891,25
696,25
623,11
181,735
578,815
796,12
228,1
265,25
104,15
780,680
710,19
473,785
611,23
44,38
407,2
1001,93
175,38
108,11
822,93
630,735
24,10
740,11
447,8
913,10
472,785
74,6
916,1
348,22
481,8
855,12
198,785
235,25
1012,826
615,826
907,8
907,735
710,735
715,93
950,772
182,4
789,735
115,35
243,22
61,35
426,23
636,12
194,27
37,10
386,786
335,735
85,680
501,93
123,16
340,93
323,680
0,10
185,2
210,10
482,826
50,22
820,25
142,5
56,785
606,35
932,786
753,10
791,680
644,772
682,6
796,2
45,785
265,11
672,16
890,680
655,786
512,735
329,38
123,786
969,22
790,4
811,826
739,786
886,8
444,27
466,8
106,35
13,10
913,4
52,27
716,2
385,22
938,4
991,786
249,38
840,735
623,38
991,25
386,15
460,10
154,19
796,25
232,815
300,22
943,785
654,785
0,815
589,35
473,735
182,22
573,735
47,6
620,785
451,19
52,680
880,25
771,785
294,16
355,2
602,1
306,15
752,35
951,8
1009,1
882,785
534,16
741,15
652,785
670,5
292,93
310,35
258,93
95,93
225,22
389,11
409,786
796,16
140,25
287,785
404,19
44,10
871,8
216,9
676,10
34,16
989,93
402,25
994,8
559,735
355,11
914,786
241,826
420,2
494,9
402,735
670,12
526,785
546,38
196,38
624,735
272,9
988,10
554,38
991,15
793,12
300,4
873,785
964,35
506,785
303,9
368,786
293,35
537,23
226,6
281,772
340,2
584,22
470,815
933,19
720,27
883,2
612,25
701,23
441,27
973,786
425,772
655,15
343,786
642,16
0,22
607,680
63,5
121,6
375,680
933,826
717,8
388,735
232,772
967,15
236,27
661,22
572,10
744,9
118,19
448,11
376,35
251,11
602,785
128,35
330,35
187,93
922,815
45,23
245,826
857,786
342,785
970,19
960,5
998,22
800,9
603,9
368,11
939,11
100,5
31,815
967,4
492,786
845,786
954,11
865,9
830,772
228,735
979,1
302,680
893,6
180,12
110,735
880,5
999,772
748,4
877,93
859,11
82,23
135,35
63,11
874,11
161,23
381,9
988,23
310,15
754,772
275,27
97,15
850,16
100,12
190,735
873,772
582,22
643,772
535,786
439,19
226,19
581,785
375,11
214,785
891,815
241,35
883,25
168,786
649,4
45,9
726,735
230,15
395,38
217,10
915,786
149,27
295,12
41,815
245,23
924,9
121,25
856,826
285,22
469,735
36,22
832,93
209,815
925,38
176,38
162,9
572,23
807,6
315,38
948,786
698,38
348,38
476,19
822,785
342,826
179,785
588,6
702,10
445,35
653,9
378,6
72,15
825,10
241,680
152,785
601,38
529,735
40,786
521,735
369,23
616,16
526,22
770,9
792,38
684,12
478,680
264,735
745,10
67,735
341,10
640,772
63,38
835,25
946,12
489,2
14,19
107,8
825,19
789,680
900,16
739,8
3,680
616,786
853,16
569,22
73,25
273,4
369,8
668,785
616,23
262,38
411,815
656,8
784,93
472,815
437,4
187,772
648,786
591,786
153,2
524,23
742,785
267,6
303,785
752,785
14,785
382,826
788,25
699,27
973,35
721,10
650,6
45,826
317,10
763,38
789,6
294,826
776,5
172,8
853,25
48,6
530,12
804,8
221,735
937,22
833,815
794,735
483,9
819,22
893,35
459,16
116,23
758,25
156,16
1002,16
568,826
400,23
737,786
644,826
421,826
635,8
549,680
514,785
418,16
878,785
882,22
863,8
293,735
98,735
579,10
764,22
715,1
913,38
752,10
570,1
77,15
403,772
850,785
795,6
854,772
728,35
428,772
527,8
1002,27
879,772
328,38
219,680
53,38
477,16
702,38
777,826
482,93
65,35
428,1
724,23
802,786
124,93
875,680
589,5
756,93
614,23
279,826
175,19
382,6
184,9
844,815
1011,9
137,815
190,35
248,38
545,16
462,772
123,12
323,11
641,772
89,826
805,25
456,19
0,38
976,815
114,786
277,11
617,19
496,9
167,27
956,10
132,15
959,15
799,27
33,19
474,785
492,93
882,8
440,11
993,11
465,5
156,772
601,11
197,11
950,12
184,16
848,23
333,6
688,27
409,27
301,93
49,12
358,22
694,1
215,38
879,15
127,735
592,12
441,93
78,735
585,35
235,35
623,10
509,11
344,826
593,35
167,16
151,826
172,93
414,38
952,680
312,93
204,27
169,15
614,1
996,15
764,35
503,9
32,785
434,93
641,680
911,38
416,11
876,772
111,9
42,93
173,11
467,680
377,93
234,11
487,826
792,16
667,38
741,19
28,15
928,5
966,22
200,6
499,735
799,9
431,35
968,11
622,786
364,6
679,772
722,6
797,35
946,735
682,680
241,19
222,15
574,815
304,680
123,19
505,25
732,680
1009,22
827,11
916,9
594,786
559,5
210,11
617,6
906,35
289,35
914,35
953,4
129,23
1011,826
759,23
393,93
981,9
176,22
68,12
821,5
303,680
58,38
204,9
866,772
923,826
194,19
947,6
898,11
476,35
887,815
251,680
180,815
217,35
938,5
21,815
830,15
526,772
728,6
485,786
89,25
349,2
492,815
201,27
182,23
1006,10
44,12
390,735
833,27
333,815
865,93
701,4
352,8
984,8
355,735
445,12
50,9
675,93
877,9
864,2
37,680
848,785
795,826
228,38
1000,23
65,25
821,23
87,680
475,16
648,8
376,22
102,785
584,16
982,10
254,27
402,22
790,23
862,815
923,15
319,16
528,2
357,786
179,815
642,22
309,10
862,16
352,772
960,8
744,826
855,19
604,785
346,1
1011,785
297,22
672,38
29,12
485,15
214,8
253,35
843,15
628,815
954,6
47,23
584,23
990,93
352,6
405,4
542,735
834,12
945,23
602,16
146,10
627,8
684,815
614,680
208,735
321,16
766,8
568,15
303,735
513,815
237,785
186,4
895,38
754,12
870,735
597,680
66,10
908,5
893,12
415,23
698,10
609,10
437,38
720,19
994,27
81,4
728,680
503,735
857,785
568,785
553,8
557,785
464,27
334,12
927,25
568,22
128,680
199,8
492,22
457,12
1010,10
218,38
113,772
957,786
351,680
596,25
545,826
112,1
129,680
556,785
226,25
102,826
432,786
362,735
498,15
188,93
688,35
820,93
788,6
810,23
613,23
744,815
121,23
714,4
255,786
988,16
87,735
960,786
890,735
989,15
757,19
930,8
783,35
969,35
533,93
331,826
443,785
977,35
227,19
70,16
970,735
738,38
791,16
82,15
301,815
85,2
211,772
714,15
470,19
72,9
863,23
495,9
795,680
260,735
335,5
641,35
769,22
273,9
493,35
484,826
819,2
486,2
753,826
573,15
538,19
847,15
649,12
615,35
156,4
820,35
788,735
993,815
774,35
295,4
406,9
264,680
967,93
495,22
332,15
764,10
530,27
819,772
54,19
152,23
26,785
686,35
545,11
486,5
855,786
90,815
676,93
473,16
415,11
770,6
773,11
294,38
958,9
316,23
100,785
906,19
856,4
823,15
477,4
135,9
636,786
211,735
283,826
186,35
647,772
523,826
194,35
555,38
314,786
612,93
816,5
897,785
224,11
116,9
977,22
321,93
381,785
39,826
613,11
467,27
378,9
33,15
931,680
935,735
628,19
112,815
373,786
162,19
622,735
311,11
239,35
247,35
943,11
841,4
605,35
273,826
398,35
96,93
833,735
153,10
227,15
728,93
102,680
620,27
749,772
734,23
403,5
95,12
663,9
425,16
378,16
110,22
145,815
368,38
117,826
394,6
621,815
507,38
878,27
754,93
259,38
88,735
783,12
755,6
413,12
894,735
1008,815
845,9
496,19
793,35
762,786
834,826
446,826
33,25
144,4
665,25
811,22
387,680
32,772
86,6
344,22
197,1
293,680
311,25
3,815
333,12
397,815
694,15
659,27
325,786
952,15
97,680
941,19
448,680
823,19
734,1
255,38
181,25
635,25
228,4
104,10
675,8
897,6
471,815
882,9
293,27
721,826
679,785
80,19
367,4
271,8
169,5
872,15
209,772
175,27
440,785
669,22
320,6
943,38
913,23
987,8
952,22
52,8
348,25
3,27
388,10
617,27
546,9
784,772
929,826
283,680
361,19
515,5
240,6
899,815
351,786
98,786
133,16
651,735
490,15
471,35
666,10
688,19
64,680
173,10
62,25
52,23
694,25
570,27
994,680
296,22
245,93
941,5
263,25
879,786
91,680
536,22
314,19
741,680
635,23
672,27
818,22
228,10
586,10
930,735
308,735
775,19
133,25
83,12
674,815
37,8
330,2
679,2
688,10
634,826
284,10
13,15
109,27
789,772
3,9
591,93
849,25
210,8
670,25
139,12
820,27
623,27
272,38
956,16
795,815
103,25
475,5
461,735
794,38
116,785
636,5
156,786
836,10
837,735
268,815
910,785
701,10
707,680
615,19
691,12
13,8
645,8
888,19
741,4
263,15
213,22
695,8
879,735
867,9
303,5
929,11
910,23
697,23
831,786
775,1
744,22
502,826
376,16
512,786
69,19
711,25
750,12
880,27
293,826
183,15
762,19
780,35
321,735
534,22
612,786
373,680
559,10
581,25
251,785
877,8
146,786
191,10
806,12
991,735
939,38
481,735
355,815
932,15
843,9
571,786
497,2
812,772
44,4
688,826
393,772
947,23
216,11
158,4
469,786
787,11
805,93
37,35
347,93
541,8
281,4
357,785
195,1
859,38
604,680
109,6
624,23
309,9
884,38
496,815
439,815
763,9
164,9
349,19
300,6
29,11
214,9
414,10
661,11
177,19
784,5
984,786
679,38
476,9
392,8
289,93
1011,735
668,735
334,10
778,11
852,22
965,785
766,9
56,815
238,27
114,93
386,22
741,826
560,826
186,5
482,2
746,93
160,680
140,9
967,9
769,2
575,9
279,11
390,10
505,826
911,11
402,9
169,786
773,22
405,12
424,38
194,826
947,735
624,5
821,826
702,23
171,22
603,11
362,826
626,735
346,16
186,12
520,815
278,35
850,23
761,93
595,735
374,23
729,4
964,19
286,35
433,10
125,9
344,38
985,772
954,9
202,786
274,826
239,1
794,5
448,4
994,19
205,2
252,680
255,22
475,772
257,6
353,10
777,786
393,25
250,815
396,2
606,15
1010,2
39,12
421,6
78,25
902,735
411,16
303,38
932,35
190,27
541,785
301,12
1001,27
567,785
56,27
310,815
59,38
501,10
854,93
32,4
909,19
270,2
533,786
625,785
455,2
171,4
356,8
376,785
603,25
773,826
243,35
960,735
211,10
236,2
273,8
54,25
1011,38
260,786
905,8
301,5
321,772
566,786
770,12
202,1
20,8
239,786
538,16
424,27
316,25
341,15
159,8
948,25
514,9
970,10
270,5
536,38
899,10
222,680
760,15
118,772
67,786
85,10
638,16
144,25
418,5
186,25
421,8
631,19
261,4
764,11
31,772
73,22
952,826
24,35
705,6
226,35
101,27
20,23
538,27
811,772
172,826
338,5
620,38
929,772
487,25
934,23
954,772
972,785
95,25
154,38
500,785
749,12
949,15
310,22
754,815
593,93
936,12
922,35
668,22
443,12
942,38
51,12
530,19
436,680
328,785
816,6
707,815
190,12
597,25
731,815
36,815
274,27
511,15
77,27
866,10
351,27
795,10
637,35
178,8
217,680
363,12
203,16
810,8
650,4
192,815
28,93
946,5
824,826
513,772
71,25
567,2
473,826
1010,38
221,23
498,786
335,19
465,16
84,785
485,93
357,2
764,25
125,38
313,786
996,786
98,8
669,10
483,11
325,815
163,19
936,785
573,25
592,25
295,93
166,12
869,8
798,12
856,19
839,826
181,22
400,9
626,815
203,9
453,785
724,10
597,772
428,4
68,35
72,38
971,12
665,23
811,16
831,93
172,1
430,772
286,9
986,22
692,735
344,16
712,22
679,25
37,19
605,735
955,785
79,680
422,2
730,19
692,785
660,826
76,815
755,9
718,785
459,11
370,25
1012,35
941,25
191,5
193,785
929,815
894,11
487,4
219,785
132,2
355,772
816,786
157,6
767,93
472,93
71,15
515,22
380,772
147,16
539,786
996,27
679,22
555,12
223,735
425,826
466,35
263,815
49,9
947,93
163,1
681,9
77,6
45,93
565,785
731,9
185,93
991,38
386,38
721,680
759,735
317,19
827,785
315,680
194,4
305,15
145,19
181,826
1008,5
737,12
937,15
793,786
480,19
318,680
173,16
247,9
447,12
342,680
844,93
534,11
938,22
352,680
667,35
631,786
869,35
941,11
546,6
302,10
531,93
146,815
734,9
590,786
92,23
78,38
99,680
888,772
564,19
512,9
968,6
950,735
515,4
576,22
135,815
651,11
910,772
679,4
537,826
790,9
1011,25
120,1
355,16
29,772
691,1
160,2
472,735
716,15
719,2
673,785
267,93
413,22
696,35
771,6
310,93
314,16
632,11
796,6
46,22
599,4
910,10
700,23
440,27
293,12
80,2
83,15
194,22
214,93
769,93
111,16
1009,785
386,785
688,11
284,11
324,772
570,35
166,35
64,735
728,1
323,826
582,826
89,22
486,785
660,16
277,815
574,15
225,25
389,6
907,2
73,93
491,826
475,4
938,826
544,93
836,11
947,8
516,19
170,6
444,22
501,35
968,786
476,826
494,2
745,826
728,8
344,785
768,25
806,10
571,25
460,5
99,735
632,25
7,5
339,22
943,786
782,35
176,15
843,19
201,25
404,23
556,815
207,23
229,6
266,16
621,772
912,93
1004,38
269,5
218,735
219,16
809,16
534,786
59,4
479,25
923,8
762,16
724,786
586,680
425,680
28,22
798,93
914,19
660,38
717,19
349,25
300,8
732,11
932,8
608,25
420,815
516,772
774,735
41,22
868,16
614,35
407,35
47,8
858,10
911,4
513,10
254,25
587,15
495,785
170,8
713,8
951,2
862,22
739,735
205,785
297,785
372,680
121,2
396,22
988,5
550,772
717,12
917,15
704,15
278,22
575,772
979,826
693,35
414,11
843,1
552,680
719,772
757,6
390,16
871,2
216,19
343,16
516,8
402,15
809,2
834,10
836,826
637,12
624,15
553,5
456,38
517,23
494,23
830,38
559,27
444,735
676,786
492,25
94,680
386,23
544,10
466,786
840,27
896,680
325,2
967,8
312,9
130,16
976,16
575,8
686,5
372,35
122,93
784,680
730,35
451,11
326,35
551,19
698,8
758,38
541,25
637,5
106,2
624,6
295,27
759,93
121,12
393,23
269,786
625,25
973,735
264,772
322,6
766,826
433,9
768,815
54,12
366,786
204,38
757,8
979,2
797,23
949,785
490,93
94,6
42,735
612,10
129,735
674,8
363,35
626,785
970,25
147,815
995,19
297,772
998,12
893,826
72,4
310,2
440,93
739,22
495,2
850,15
668,10
853,2
411,19
892,35
178,826
535,815
370,735
386,815
204,93
505,93
238,772
94,9
538,22
45,6
501,9
764,815
763,785
586,826
896,9
382,772
507,680
699,9
146,680
328,6
258,826
151,772
867,815
637,786
727,10
14,4
917,35
921,826
961,9
357,22
582,12
162,4
239,22
408,786
851,93
979,16
743,27
841,23
17,2
364,786
606,785
113,22
973,93
116,5
723,23
722,680
615,93
338,11
563,11
159,11
107,785
1005,23
514,6
788,22
970,11
886,826
282,9
985,27
1005,786
640,5
145,826
644,735
206,93
903,9
979,735
767,9
804,5
276,11
387,8
635,785
962,35
743,16
88,1
473,22
770,4
202,9
0,93
131,15
847,22
320,826
745,15
464,772
267,2
86,785
947,826
89,38
823,9
972,786
99,93
651,815
428,23
853,786
925,826
915,735
538,826
978,815
407,680
675,680
912,22
693,9
569,27
382,16
328,786
79,16
463,826
176,785
601,93
656,11
326,6
166,10
955,25
941,38
227,735
303,786
549,22
474,6
934,15
104,23
946,2
675,23
14,25
971,22
221,22
495,38
61,2
84,786
530,11
344,10
783,826
878,22
607,11
740,19
705,23
854,15
730,9
622,27
752,22
795,2
634,38
617,38
987,826
767,680
18,12
509,680
92,11
366,19
663,11
539,25
921,19
800,38
157,12
231,5
431,8
327,785
381,35
384,680
58,6
335,27
512,826
530,2
555,22
616,8
49,23
505,2
692,786
694,10
966,815
952,10
570,12
913,27
755,8
457,826
459,10
274,10
540,785
191,4
945,93
356,815
252,22
344,815
623,1
865,680
520,786
685,19
317,25
488,815
971,4
775,38
872,10
104,735
549,815
915,22
537,815
311,27
646,785
333,10
78,680
170,35
943,27
780,2
548,38
198,38
74,16
990,2
313,38
520,735
702,93
522,815
173,785
687,38
64,6
484,25
657,23
89,2
92,25
771,27
536,10
849,815
381,826
132,10
685,12
978,22
959,8
228,6
134,680
746,10
543,772
895,16
694,815
271,10
576,16
318,19
925,25
601,8
108,8
329,826
533,25
184,19
155,815
447,15
13,27
215,35
573,35
21,785
830,25
49,772
249,23
