468,826
198,786
509,8
737,826
186,93
791,93
7,25
672,6
339,2
176,27
710,23
105,785
434,786
700,25
61,38
744,35
85,826
587,735
536,815
848,1
901,25
120,2
570,25
74,2
755,680
990,12
901,735
595,19
99,22
481,12
484,15
374,826
89,12
768,12
731,6
771,9
610,35
756,6
65,11
525,10
802,826
655,785
290,6
806,786
700,16
404,2
407,23
944,23
784,27
587,27
970,826
538,38
901,2
573,826
62,6
762,15
962,16
561,786
28,772
528,16
287,9
456,11
114,826
902,35
960,38
559,6
321,9
546,25
322,815
508,826
290,772
111,826
574,12
741,772
409,772
907,5
818,15
339,16
1003,9
414,23
658,27
1006,6
420,826
611,9
77,786
993,19
47,5
394,35
145,5
517,735
241,9
576,815
444,23
762,22
247,23
231,772
380,15
968,680
199,735
96,9
556,10
667,9
670,6
432,11
324,9
605,786
435,6
806,11
793,6
867,11
1000,19
1006,9
648,4
426,5
924,772
908,27
47,2
123,815
36,785
440,815
332,786
577,19
944,826
135,735
652,16
670,772
306,11
713,6
987,22
805,35
455,35
475,826
920,93
938,11
297,815
814,772
728,16
525,826
506,9
103,786
839,772
953,27
704,9
671,735
748,680
303,12
732,4
1006,735
0,826
932,9
293,38
315,25
575,5
135,786
301,38
375,35
305,35
365,9
352,2
280,735
134,19
764,772
329,680
220,9
136,8
445,2
728,23
379,680
506,16
571,22
496,38
793,16
557,23
316,785
760,93
991,11
278,23
780,826
179,27
126,680
472,15
404,38
423,785
465,826
541,772
1001,38
476,11
685,772
652,6
945,735
146,9
337,815
896,826
307,38
864,19
665,38
828,9
302,826
507,8
306,680
895,35
967,11
54,10
610,772
898,785
439,25
448,15
708,19
251,15
415,16
437,35
129,786
771,735
443,772
133,826
405,10
7,785
119,12
998,785
377,8
103,680
17,785
309,25
951,19
899,25
113,680
356,4
176,93
763,25
229,786
417,786
568,25
1010,9
889,22
506,815
729,10
140,2
368,772
954,23
521,680
261,786
633,25
448,6
873,93
47,38
822,6
326,27
660,786
538,12
316,5
378,826
13,35
655,25
677,12
42,786
186,735
442,8
245,10
542,16
598,93
871,785
82,19
539,826
208,10
153,785
742,6
942,19
840,10
604,35
607,22
239,8
594,9
279,27
597,12
635,735
529,815
362,8
698,27
538,23
649,8
443,786
101,786
563,5
212,93
585,16
875,826
896,10
588,11
788,8
111,772
934,27
760,10
887,25
445,38
356,10
229,735
932,815
755,785
286,19
177,826
235,815
201,38
226,38
728,785
91,6
770,10
237,27
719,93
494,815
758,8
373,38
391,22
159,10
400,38
789,826
352,826
60,16
887,22
144,27
332,10
443,9
853,19
504,9
912,16
804,6
54,22
570,826
493,25
369,11
686,38
262,35
320,38
981,772
154,680
855,815
770,5
573,5
495,826
426,735
560,6
742,786
267,5
341,22
14,786
181,2
992,12
168,9
810,15
828,815
650,27
135,10
446,772
853,785
825,23
182,35
554,8
628,23
348,786
739,12
776,2
621,826
288,785
162,23
533,4
314,785
940,10
616,27
890,19
101,2
930,16
34,93
252,772
548,10
866,8
153,6
565,772
931,19
625,826
366,9
39,93
71,27
258,1
828,35
665,12
61,1
727,815
764,27
175,9
283,11
30,772
304,826
416,680
718,11
55,772
994,93
422,9
602,93
472,826
402,93
901,815
277,5
850,786
210,735
64,9
487,9
514,16
860,772
366,16
477,680
702,35
760,38
685,25
45,815
979,772
543,785
33,5
898,815
872,4
746,735
412,785
234,785
18,815
293,785
438,785
466,38
432,815
126,4
436,815
74,22
462,10
31,19
18,4
400,2
114,16
242,93
774,2
206,15
870,22
818,735
636,826
624,786
900,9
543,5
468,11
548,826
950,9
898,35
737,9
681,772
443,735
281,35
707,772
409,22
320,2
390,826
765,6
732,735
224,19
830,23
928,11
360,8
749,680
588,93
474,16
770,815
759,4
80,785
139,785
564,22
33,23
342,27
431,25
182,15
243,15
297,93
543,2
194,2
401,785
679,9
311,19
444,11
967,786
608,785
383,22
755,25
302,8
267,38
413,27
531,680
549,9
127,680
129,25
685,4
635,19
748,786
290,12
880,815
117,786
280,10
44,35
886,735
283,23
817,680
1003,785
505,785
184,27
972,12
292,772
296,735
905,93
869,815
962,22
195,38
398,2
553,38
0,8
879,16
756,826
302,19
197,786
842,12
769,815
154,10
766,786
485,23
857,22
586,9
913,815
697,10
648,23
759,785
651,2
407,22
601,25
503,2
639,12
143,93
898,12
516,22
495,772
441,2
615,23
89,785
74,10
3,10
188,22
250,772
550,785
238,2
138,772
68,8
910,19
550,10
182,16
257,772
957,12
758,786
944,15
725,16
178,680
784,19
552,15
145,4
256,1
330,8
771,815
441,11
111,27
740,38
80,735
259,12
997,6
598,826
13,5
586,786
987,16
605,22
643,735
0,6
257,38
263,8
506,15
198,772
435,9
697,785
934,93
326,680
438,22
845,35
954,826
723,785
616,735
874,786
419,826
884,772
775,2
426,2
229,4
600,680
969,2
516,4
833,786
333,38
134,25
541,12
945,25
691,22
984,12
106,23
642,27
272,786
331,16
938,8
688,735
870,93
368,27
303,15
268,35
932,10
643,815
664,680
95,786
866,786
831,772
728,815
17,35
698,4
57,815
94,19
444,38
136,772
710,786
531,19
136,9
852,10
998,25
356,23
778,15
359,10
250,785
291,826
977,680
414,9
683,23
957,23
282,785
584,27
251,9
451,4
834,8
637,735
106,25
382,785
220,1
756,680
260,2
766,12
828,10
939,9
850,27
388,785
334,786
374,19
527,680
472,23
607,35
537,680
458,22
41,6
957,16
584,2
893,8
698,22
97,815
994,23
920,4
560,27
234,93
751,15
146,1
334,16
377,786
619,680
985,6
236,786
990,785
936,19
258,35
653,735
433,15
273,19
239,2
523,9
190,23
155,19
66,1
602,680
548,23
306,93
787,35
20,5
862,772
739,826
795,35
561,815
319,11
391,35
674,6
862,9
446,735
871,735
781,93
532,15
408,8
779,11
29,680
582,11
303,35
507,25
661,35
115,25
647,16
706,815
121,680
291,15
509,785
1007,22
94,15
424,23
405,27
560,9
684,27
563,4
693,680
909,16
183,815
699,11
404,680
760,11
282,12
428,35
310,27
828,23
850,4
322,22
964,12
342,93
401,826
937,38
974,93
998,680
340,35
641,826
91,25
865,785
202,12
294,35
131,735
352,38
278,786
501,16
709,22
67,16
983,6
217,22
821,786
487,680
809,826
591,22
828,785
174,25
985,25
201,93
628,9
739,6
332,11
667,735
408,22
372,772
157,826
999,23
214,35
878,10
347,27
644,19
152,27
979,27
190,8
412,2
323,735
325,826
199,785
770,2
737,93
128,4
224,8
573,4
632,735
501,25
565,826
161,826
751,35
327,38
677,38
493,826
168,10
884,11
759,35
652,735
118,786
150,772
502,8
85,16
378,10
193,6
489,5
736,2
739,15
150,25
152,680
875,2
285,735
198,735
982,826
915,5
607,12
58,680
422,23
852,680
248,22
854,10
215,25
659,8
237,12
758,27
100,772
474,4
111,786
183,826
663,12
317,5
363,772
971,8
736,25
420,786
498,785
577,815
925,12
912,15
693,16
930,815
715,15
909,680
125,35
718,8
902,772
545,25
263,826
191,786
50,815
126,2
459,23
277,4
524,11
47,772
845,12
165,772
992,27
406,22
650,10
835,10
925,735
513,786
453,25
218,8
789,10
441,815
405,785
651,25
712,25
693,25
142,785
340,826
971,772
626,12
685,826
409,12
173,27
872,735
212,10
913,25
508,27
496,786
958,38
742,772
980,23
752,772
767,772
200,22
219,786
380,93
845,5
1012,93
870,23
450,15
268,10
971,6
59,826
80,16
614,8
63,786
905,815
768,786
679,19
737,8
37,25
688,25
62,19
765,5
730,25
555,772
554,772
55,735
277,22
191,15
891,6
983,35
966,25
327,10
277,785
43,12
198,680
435,93
954,93
204,25
169,9
757,93
775,25
596,93
170,815
747,27
305,12
308,15
552,27
76,35
937,12
555,6
298,680
13,25
913,11
348,680
645,25
670,19
619,815
907,786
966,16
184,680
167,15
560,735
361,23
586,15
910,6
968,9
404,5
280,11
761,35
945,815
747,16
106,735
529,680
639,6
641,22
57,786
129,826
148,2
284,15
913,12
287,2
198,22
259,772
521,12
423,9
522,735
729,735
753,11
953,6
574,11
225,5
704,38
178,735
747,786
401,15
775,15
947,4
379,19
256,11
184,35
59,11
886,11
725,785
801,735
306,23
450,826
604,735
343,772
185,4
385,23
645,11
423,6
557,815
888,16
672,785
124,15
142,15
695,15
127,2
40,6
99,772
613,93
867,4
671,38
910,735
550,11
932,5
130,11
537,6
207,11
542,785
787,1
130,772
294,19
441,10
69,785
987,19
951,9
849,22
888,23
337,826
396,680
951,772
859,93
664,93
596,2
688,680
929,15
758,735
503,19
712,35
760,815
306,9
931,93
843,815
951,6
789,786
994,772
420,1
539,93
99,15
651,785
526,735
213,27
730,826
677,785
877,4
606,23
400,93
991,12
850,38
433,27
967,23
399,826
472,10
535,772
913,785
993,35
387,35
484,772
216,15
880,22
898,22
293,815
94,16
205,19
405,6
390,785
655,12
469,25
624,11
824,8
240,772
461,815
260,4
266,815
374,772
728,25
270,815
788,680
553,735
346,10
828,12
939,19
578,772
262,772
840,23
434,815
145,93
201,8
240,93
184,826
222,93
908,11
486,27
69,1
134,8
504,785
798,35
195,10
161,772
887,12
637,772
124,19
514,826
53,25
171,735
903,38
742,10
907,35
547,8
931,786
436,6
682,826
757,12
633,22
905,25
298,35
393,826
982,25
880,4
698,23
720,8
311,93
534,826
923,16
617,93
245,772
859,8
788,4
994,785
149,19
791,25
423,35
763,27
835,35
800,15
88,785
448,815
186,8
939,1
596,38
838,785
233,19
820,772
325,8
594,12
387,22
224,826
597,1
1001,22
375,8
584,735
930,10
641,815
415,27
158,680
91,10
609,6
720,15
738,815
45,10
377,23
51,680
748,2
305,786
220,16
898,735
886,815
117,93
763,16
285,23
196,25
864,35
872,35
31,786
214,22
197,38
769,16
398,786
201,35
273,11
79,6
635,772
248,2
301,8
30,19
969,38
473,9
753,772
61,786
869,16
745,2
983,8
660,93
788,10
899,9
738,35
760,12
117,38
650,23
406,11
121,35
67,785
393,6
136,38
985,23
640,1
714,8
144,38
418,6
234,680
625,8
398,735
723,826
28,680
122,2
875,23
693,4
921,680
666,38
189,826
872,815
523,6
890,15
569,785
415,9
326,11
237,25
609,16
869,25
563,12
341,11
859,680
821,785
199,93
57,9
403,680
439,772
887,16
393,15
946,15
339,93
270,786
567,8
36,27
736,12
628,10
97,19
332,4
703,23
906,826
942,35
690,8
999,22
543,35
51,11
125,16
507,22
520,2
616,22
190,9
364,772
937,785
424,6
524,22
559,826
482,772
32,22
892,735
549,735
610,8
612,815
845,25
539,12
636,815
946,6
378,11
749,8
254,772
518,16
413,680
875,5
740,23
705,19
483,6
248,23
677,93
219,93
346,786
933,35
684,1
191,19
429,772
947,772
292,12
366,15
21,5
276,680
428,9
543,735
302,93
431,12
144,11
971,11
921,786
773,785
703,5
429,38
268,786
86,9
433,35
73,4
419,16
37,22
207,815
480,2
923,93
409,10
656,5
841,15
752,9
90,826
237,4
24,826
919,9
351,12
67,6
527,9
233,786
894,4
95,11
721,5
685,23
406,23
541,680
193,23
564,2
231,6
361,35
342,15
531,772
897,15
614,22
562,735
798,786
122,38
530,1
276,35
1011,6
761,786
616,11
962,11
570,11
200,786
299,19
67,15
289,25
200,23
474,23
972,826
845,4
203,2
229,815
503,826
217,815
841,786
882,11
538,786
478,27
116,826
443,23
761,16
836,19
86,27
216,38
604,23
344,27
510,93
98,22
206,815
463,786
320,4
511,38
595,6
388,8
462,19
267,35
696,25
623,11
181,735
425,5
796,12
228,1
265,25
870,15
780,680
710,19
473,785
576,19
44,38
407,2
1001,93
676,22
108,11
822,93
630,735
480,23
740,11
447,8
913,10
74,6
509,735
348,22
916,1
101,815
855,12
198,785
235,25
978,12
615,826
907,8
907,735
968,10
715,93
950,772
182,4
570,680
115,35
243,22
61,35
922,10
636,12
194,27
37,10
792,785
335,735
85,680
501,93
123,16
395,23
323,680
0,10
556,23
210,10
482,826
50,22
966,8
142,5
56,785
606,35
932,786
236,826
791,680
989,735
682,6
796,2
45,785
265,11
463,6
890,680
655,786
512,735
562,12
123,786
969,22
790,4
739,786
519,5
886,8
444,27
691,10
106,35
13,10
913,4
491,16
716,2
385,22
938,4
719,23
249,38
840,735
623,38
756,8
386,15
460,10
154,19
796,25
232,815
907,6
943,785
550,8
0,815
589,35
473,735
130,735
573,735
47,6
620,785
34,25
52,680
880,25
771,785
901,8
355,2
602,1
306,15
109,15
951,8
1009,1
882,785
420,27
741,15
652,785
670,5
113,786
310,35
95,93
225,22
189,8
389,11
409,786
796,16
434,826
287,785
404,19
44,10
229,2
216,9
676,10
34,16
419,35
402,25
994,8
559,735
163,38
914,786
241,826
420,2
402,735
167,93
670,12
526,785
529,38
196,38
624,735
272,9
770,735
554,38
991,15
793,12
618,27
873,785
964,35
506,785
163,772
368,786
293,35
537,23
669,93
281,772
340,2
584,22
306,772
933,19
720,27
883,2
612,25
701,23
294,2
425,772
195,4
655,15
343,786
642,16
435,786
607,680
63,5
121,6
470,9
933,826
717,8
388,735
639,93
967,15
236,27
661,22
935,38
744,9
118,19
448,11
908,4
251,11
602,785
128,35
934,815
187,93
922,815
45,23
837,11
857,786
342,785
970,19
745,785
998,22
800,9
603,9
78,16
939,11
100,5
31,815
143,11
492,786
845,786
954,11
830,772
868,2
979,1
228,735
799,735
893,6
180,12
110,735
958,23
999,772
748,4
877,93
716,93
82,23
135,35
63,11
529,9
161,23
381,9
988,23
754,772
1010,4
97,15
295,786
275,27
100,12
190,735
873,772
143,16
643,772
535,786
439,19
390,6
581,785
375,11
891,815
401,735
241,35
883,25
168,786
405,16
45,9
726,735
230,15
70,19
217,10
915,786
149,27
41,815
995,23
245,23
924,9
856,826
871,786
285,22
469,735
576,35
832,93
209,815
925,38
507,27
162,9
572,23
807,6
641,93
948,786
698,38
348,38
61,785
822,785
342,826
179,785
612,826
702,10
445,35
653,9
107,19
72,15
825,10
241,680
764,9
601,38
529,735
40,786
369,23
187,8
616,16
526,22
990,35
792,38
684,12
478,680
373,35
745,10
67,735
341,10
992,8
63,38
835,25
946,12
489,2
930,680
107,8
825,19
900,16
739,8
721,735
3,680
690,9
853,16
569,22
73,25
607,1
369,8
668,785
616,23
743,12
411,815
656,8
784,93
659,5
437,4
187,772
648,786
153,2
524,23
742,785
178,10
752,785
303,785
14,785
363,10
788,25
699,27
973,35
258,735
650,6
45,826
317,10
107,1
789,6
294,826
776,5
872,25
853,25
48,6
530,12
715,8
221,735
937,22
833,815
333,27
483,9
819,22
893,35
116,23
133,772
758,25
156,16
178,5
568,826
400,23
737,786
203,23
421,826
635,8
549,680
34,826
418,16
878,785
882,22
293,735
921,785
98,735
579,10
394,25
715,1
913,38
752,10
681,2
77,15
403,772
850,785
191,27
449,680
428,772
527,8
728,35
1002,27
879,772
328,38
53,38
57,35
477,16
702,38
81,786
650,8
482,93
65,35
724,23
802,786
124,93
875,680
789,8
756,93
614,23
279,826
909,735
382,6
184,9
844,815
244,35
137,815
190,35
248,38
49,11
123,12
323,11
641,772
89,826
198,35
456,19
0,38
976,815
114,786
866,25
277,11
413,6
496,9
167,27
956,10
978,27
959,15
799,27
33,19
271,9
492,93
882,8
440,11
294,815
465,5
156,772
601,11
179,93
950,12
184,16
848,23
688,27
65,680
409,27
301,93
505,15
358,22
694,1
215,38
879,15
239,826
592,12
441,93
598,22
585,35
235,35
623,10
344,826
71,772
593,35
167,16
338,735
172,93
414,38
952,680
184,786
204,27
169,15
614,1
429,16
503,9
32,785
764,35
434,93
641,680
641,19
416,11
876,772
972,16
42,93
173,11
49,5
377,93
234,11
487,826
114,772
667,38
741,19
28,15
731,5
966,22
200,6
499,735
638,35
431,35
968,11
622,786
182,5
679,772
722,6
797,35
34,4
682,680
241,19
222,15
120,6
304,680
123,19
505,25
456,8
1009,22
827,11
916,9
277,38
559,5
210,11
617,6
547,815
289,35
914,35
953,4
991,19
1011,826
759,23
393,93
981,9
892,15
303,680
821,5
91,735
58,38
204,9
866,772
944,11
194,19
947,6
898,11
851,25
887,815
251,680
180,815
110,680
938,5
21,815
830,15
728,6
302,25
485,786
89,25
659,680
492,815
201,27
182,23
350,35
44,12
390,735
333,815
376,15
865,93
701,4
352,8
971,680
355,735
445,12
50,9
213,16
877,9
864,2
37,680
723,735
795,826
228,38
1000,23
752,680
87,680
821,23
475,16
957,2
376,22
102,785
584,16
1004,35
254,27
402,22
790,23
333,35
923,15
319,16
528,2
639,826
179,815
642,22
309,10
751,680
352,772
960,8
744,826
568,8
604,785
346,1
1011,785
906,786
672,38
29,12
485,15
624,815
253,35
843,15
628,815
426,8
47,23
584,23
990,93
540,815
405,4
542,735
834,12
601,815
602,16
146,10
627,8
21,826
614,680
208,735
321,16
568,15
417,772
74,815
237,785
513,815
186,4
895,38
754,12
63,815
597,680
66,10
908,5
17,25
415,23
698,10
609,10
183,27
720,19
994,27
81,4
837,10
503,735
857,785
568,785
664,5
557,785
464,27
334,12
363,815
568,22
128,680
199,8
492,22
75,6
1010,10
113,772
386,16
957,786
351,680
596,25
986,35
112,1
129,680
556,785
155,680
102,826
432,786
362,735
498,15
354,735
688,35
820,93
881,25
810,23
613,23
744,815
174,11
87,735
255,786
988,16
663,93
960,786
890,735
989,15
584,12
930,8
783,35
969,35
773,25
331,826
443,785
977,35
637,25
70,16
970,735
738,38
171,5
82,15
301,815
85,2
946,27
714,15
470,19
72,9
39,10
495,9
795,680
260,735
942,23
641,35
769,22
273,9
794,22
484,826
819,2
486,2
402,680
573,15
538,19
847,15
906,735
615,35
156,4
820,35
510,680
993,815
774,35
295,4
82,6
264,680
967,93
495,22
853,22
764,10
530,27
819,772
644,23
152,23
26,785
686,35
526,23
486,5
855,786
90,815
676,93
473,16
326,9
770,6
294,38
459,680
958,9
316,23
278,785
906,19
856,4
823,15
425,38
135,9
636,786
211,735
636,735
186,35
647,772
523,826
801,9
555,38
314,786
612,93
64,826
897,785
224,11
116,9
980,5
321,93
381,785
39,826
406,27
467,27
378,9
33,15
14,27
935,735
628,19
112,815
824,680
162,19
622,735
311,11
844,826
247,35
943,11
573,35
605,35
273,826
487,785
398,35
920,735
833,735
153,10
227,15
102,680
600,786
620,27
749,772
57,25
403,5
95,12
663,9
228,22
378,16
110,22
145,815
989,785
117,826
394,6
621,815
641,15
878,27
754,93
259,38
583,9
783,12
755,6
413,12
507,772
1008,815
845,9
496,19
774,15
762,786
834,826
446,826
605,680
144,4
665,25
811,22
601,1
32,772
86,6
344,22
552,16
293,680
311,25
3,815
580,19
397,815
694,15
659,27
952,15
309,35
97,680
941,19
200,25
823,19
734,1
771,25
181,25
635,25
228,4
104,10
625,35
897,6
471,815
882,9
293,27
721,826
611,16
80,19
540,12
271,8
169,5
872,15
209,772
234,772
440,785
669,22
320,6
745,93
52,8
987,8
952,22
148,772
348,25
3,27
388,10
963,35
546,9
784,772
929,826
943,772
361,19
515,5
240,6
722,12
351,786
98,786
133,16
923,815
490,15
471,35
43,815
62,25
64,680
173,10
394,735
52,23
694,25
570,27
296,22
41,680
245,93
941,5
302,12
879,786
91,680
536,22
460,22
741,680
635,23
672,27
228,10
446,815
586,10
930,735
478,11
775,19
133,25
83,12
454,16
37,8
330,2
679,2
580,8
634,826
284,10
13,15
790,772
534,4
3,9
591,93
789,772
210,8
670,25
139,12
142,11
623,27
272,38
956,16
981,8
103,25
475,5
461,735
133,2
116,785
636,5
156,786
836,10
837,735
565,15
910,785
59,12
707,680
615,19
691,12
198,12
645,8
888,19
741,4
321,12
213,22
695,8
879,735
303,5
929,11
512,680
910,23
404,22
831,786
775,1
744,22
502,826
174,786
908,25
512,786
69,19
750,12
587,23
880,27
293,826
148,19
762,19
780,35
321,735
684,826
612,786
373,680
559,10
232,19
251,785
877,8
146,786
191,10
935,93
991,735
939,38
481,735
543,93
932,15
843,9
571,786
957,1
812,772
44,4
688,826
155,11
947,23
216,11
158,4
418,772
91,35
37,35
347,93
805,93
541,8
281,4
357,785
602,22
624,23
604,680
109,6
568,772
309,9
884,38
496,815
223,2
763,9
164,9
349,19
374,5
29,11
214,9
414,10
229,9
177,19
784,5
984,786
256,19
476,9
392,8
289,93
902,9
334,10
778,11
668,735
563,93
965,785
766,9
56,815
917,9
186,5
386,22
741,826
560,826
78,15
482,2
599,38
160,680
140,9
967,9
275,786
575,9
279,11
390,10
216,25
911,11
402,9
169,786
424,38
405,12
996,735
194,826
106,5
624,5
821,826
702,23
985,1
603,11
362,826
626,735
186,12
39,23
520,815
278,35
850,23
742,9
595,735
374,23
964,19
983,785
286,35
433,10
125,9
214,27
985,772
954,9
202,786
239,1
115,15
794,5
822,735
994,19
205,2
252,680
455,5
475,772
257,6
353,10
245,12
393,25
250,815
396,2
753,38
1010,2
39,12
421,6
522,38
902,735
411,16
303,38
669,38
541,785
301,12
1001,27
144,772
567,785
56,27
310,815
371,815
501,10
854,93
32,4
303,772
270,2
533,786
625,785
899,5
171,4
356,8
376,785
860,35
773,826
243,35
960,735
564,815
236,2
273,8
54,25
520,23
260,786
905,8
301,5
397,785
566,786
770,12
202,1
20,8
534,93
538,16
424,27
726,35
341,15
159,8
948,25
270,5
970,10
751,25
536,38
222,680
702,8
760,15
118,772
853,735
85,10
638,16
144,25
736,8
186,25
421,8
631,19
408,19
764,11
31,772
73,22
609,786
24,35
705,6
226,35
545,10
20,23
538,27
811,772
100,786
338,5
620,38
929,772
181,4
934,23
954,772
972,785
320,680
500,785
154,38
749,12
107,10
592,772
754,815
593,93
554,10
936,12
922,35
668,22
443,12
48,1
51,12
530,19
436,680
794,25
816,6
707,815
597,25
765,680
731,815
36,815
274,27
1007,735
77,27
866,10
351,27
191,23
637,35
178,8
217,680
788,27
203,16
810,8
650,4
924,16
28,93
946,5
824,826
513,772
71,25
860,8
473,826
221,23
539,772
498,786
335,19
925,15
84,785
485,93
764,25
604,5
125,38
313,786
996,786
44,826
669,10
483,11
325,815
201,785
936,785
573,25
592,25
521,19
166,12
869,8
798,12
927,93
839,826
181,22
400,9
453,785
203,9
682,38
724,10
635,10
428,4
68,35
72,38
475,35
665,23
811,16
831,93
429,35
430,772
286,9
986,22
712,22
73,9
533,8
679,25
605,735
848,27
955,785
79,680
577,38
422,2
730,19
692,785
660,826
551,35
755,9
718,785
459,11
370,25
958,35
941,25
191,5
527,10
929,815
894,11
487,4
114,735
132,2
355,772
816,786
638,12
767,93
380,772
71,15
515,22
329,15
147,16
539,786
428,735
679,22
555,12
223,735
281,93
466,35
263,815
49,9
952,16
163,1
681,9
77,6
546,15
565,785
731,9
185,93
572,786
386,38
721,680
759,735
291,680
827,785
315,680
194,4
468,16
145,19
181,826
1008,5
937,15
555,5
793,786
480,19
409,25
173,16
247,9
447,12
659,35
342,680
844,93
534,11
352,680
918,735
631,786
869,35
941,11
121,93
546,6
302,10
877,35
146,815
734,9
590,786
663,23
78,38
99,680
888,772
512,9
105,786
968,6
950,735
440,735
576,22
135,815
651,11
712,11
679,4
537,826
790,9
666,11
120,1
355,16
29,772
284,12
160,2
472,735
716,15
370,2
673,785
267,93
413,22
161,680
771,6
310,93
314,16
958,786
796,6
46,22
599,4
33,35
700,23
440,27
293,12
977,735
83,15
194,22
214,93
861,4
111,16
1009,785
386,785
355,25
284,11
324,772
570,35
993,680
64,735
728,1
323,826
855,6
89,22
486,785
660,16
574,15
222,815
225,25
389,6
621,16
73,93
491,826
475,4
542,786
544,93
836,11
947,8
241,10
170,6
444,22
501,35
148,786
476,826
494,2
745,826
324,8
344,785
768,25
806,10
593,735
460,5
99,735
632,25
463,8
339,22
672,735
782,35
176,15
843,19
201,25
404,23
922,27
207,23
229,6
266,16
909,815
912,93
1004,38
269,5
219,16
899,735
534,786
59,4
812,11
479,25
923,8
762,16
987,23
586,680
425,680
28,22
321,4
914,19
660,38
717,19
78,2
300,8
732,11
932,8
1006,19
420,815
516,772
774,735
848,93
868,16
614,35
407,35
158,5
858,10
911,4
513,10
515,826
587,15
495,785
170,8
109,5
951,2
862,22
739,735
171,27
297,785
372,680
121,2
695,25
988,5
550,772
717,12
114,35
704,15
278,22
575,772
693,35
414,11
843,1
130,25
719,772
757,6
390,16
784,6
216,19
343,16
516,8
809,2
476,10
834,10
836,826
195,9
624,15
553,5
456,38
331,12
494,23
830,38
559,27
191,93
676,786
492,25
94,680
189,23
544,10
466,786
840,27
507,9
325,2
967,8
312,9
419,815
976,16
575,8
686,5
301,25
673,16
784,680
730,35
122,93
326,35
551,19
698,8
560,25
541,25
637,5
106,2
956,93
295,27
759,93
121,12
161,19
269,786
625,25
973,735
779,16
322,6
766,826
433,9
398,772
54,12
366,786
204,38
647,25
979,2
797,23
949,785
678,826
129,735
42,735
612,10
355,35
674,8
363,35
626,785
161,785
147,815
995,19
297,772
356,2
893,826
72,4
310,2
39,15
739,22
495,2
850,15
686,786
853,2
411,19
892,35
492,772
535,815
370,735
386,815
135,680
505,93
238,772
94,9
20,2
45,6
501,9
764,815
159,2
586,826
896,9
382,772
507,680
699,9
788,15
328,6
151,772
760,9
867,815
637,786
766,35
14,4
917,35
921,826
946,786
357,22
582,12
162,4
918,2
408,786
851,93
979,16
502,785
841,23
17,2
364,786
609,19
113,22
973,93
116,5
778,93
615,93
338,11
563,11
712,772
159,11
107,785
1005,23
514,6
330,785
970,11
886,826
467,15
985,27
1005,786
640,5
736,9
644,735
206,93
903,9
194,38
767,9
804,5
276,11
705,5
635,785
962,35
743,16
894,786
0,93
770,4
202,9
313,10
131,15
847,22
320,826
464,772
601,786
267,2
86,785
430,25
89,38
823,9
972,786
651,815
65,93
428,23
853,786
749,11
915,735
538,826
978,815
211,27
675,680
912,22
693,9
804,12
382,16
328,786
79,16
943,12
601,93
656,11
176,785
76,826
166,10
955,25
941,38
178,9
303,786
549,22
474,6
650,5
104,23
946,2
675,23
825,25
971,22
221,22
495,38
172,11
84,786
530,11
344,10
471,25
878,22
607,11
740,19
102,735
854,15
730,9
622,27
274,19
795,2
634,38
617,38
696,8
107,772
18,12
509,680
767,680
366,19
663,11
539,25
377,826
800,38
157,12
231,5
307,22
327,785
381,35
384,680
335,27
512,826
530,2
274,785
616,8
49,23
505,2
212,8
694,10
966,815
952,10
913,27
972,680
755,8
274,10
459,10
758,23
540,785
191,4
945,93
598,27
252,22
344,815
623,1
21,10
520,786
685,19
317,25
655,826
971,4
775,38
872,10
779,35
549,815
915,22
537,815
937,5
646,785
333,10
78,680
558,8
943,27
780,2
548,38
456,22
74,16
990,2
313,38
520,735
423,25
522,815
173,785
687,38
908,785
484,25
657,23
291,785
92,25
771,27
536,10
496,12
381,826
132,10
685,12
959,8
228,6
870,8
134,680
543,772
233,680
895,16
694,815
149,772
576,16
318,19
925,25
839,2
108,8
329,826
533,25
511,93
155,815
447,15
13,27
645,27
21,785
830,25
49,772
47,785
