468,826
198,786
74,772
509,8
186,93
791,93
741,786
7,25
339,2
176,27
283,785
105,785
434,786
700,25
367,15
61,38
85,826
587,735
861,10
536,815
901,25
120,2
802,5
570,25
755,680
990,12
792,19
901,735
99,22
481,12
210,15
484,15
89,12
768,12
842,15
731,6
610,35
756,6
135,93
525,10
802,826
655,785
622,785
290,6
700,16
404,2
44,25
407,23
784,27
587,27
397,93
970,826
901,2
573,826
777,12
62,6
762,15
962,16
227,815
28,772
287,9
456,11
185,6
114,826
960,38
559,6
136,19
321,9
322,815
508,826
291,772
290,772
574,12
741,772
403,735
409,772
818,15
339,16
1003,9
654,786
895,15
414,23
1006,6
420,826
611,9
77,786
562,8
47,5
145,5
517,735
737,22
241,9
444,23
762,22
652,25
247,23
380,15
968,680
1006,815
199,735
556,10
667,9
869,93
670,6
324,9
605,786
695,10
435,6
793,6
867,11
575,785
1000,19
648,4
426,5
337,19
924,772
908,27
123,815
587,9
36,785
332,786
577,19
81,22
944,826
652,16
670,772
449,93
306,11
987,22
805,35
270,93
455,35
920,93
938,11
260,19
297,815
728,16
525,826
874,19
506,9
839,772
953,27
756,19
704,9
748,680
303,12
512,22
732,4
1006,735
0,826
952,786
293,38
315,25
135,786
500,11
301,38
305,35
365,9
224,93
352,2
134,19
764,772
658,815
329,680
136,8
445,2
1001,772
728,23
506,16
571,22
1010,23
496,38
793,16
557,23
316,785
596,22
760,93
780,826
103,6
179,27
126,680
404,38
575,2
423,785
541,772
1001,38
402,12
476,11
652,6
945,735
195,8
146,9
896,826
307,38
161,25
864,19
665,38
302,826
214,6
507,8
306,680
895,35
917,786
610,772
898,785
439,25
779,785
448,15
251,15
415,16
56,15
437,35
771,735
443,772
133,826
904,786
405,10
119,12
998,785
835,826
377,8
17,785
1008,785
309,25
951,19
899,25
260,8
356,4
176,93
232,10
763,25
417,786
1010,9
889,22
616,826
506,815
729,10
368,772
807,12
954,23
261,786
633,25
797,22
448,6
873,93
822,6
418,815
660,786
538,12
316,5
923,23
378,826
13,35
677,12
915,785
42,786
442,8
245,10
744,786
598,93
871,785
502,38
542,16
539,826
208,10
742,6
779,8
942,19
604,35
607,22
165,15
239,8
279,27
597,12
816,19
635,735
362,8
698,27
458,772
538,23
649,8
101,786
959,815
563,5
585,16
875,826
859,4
896,10
788,8
111,772
255,25
934,27
887,25
445,38
763,23
356,10
932,815
755,785
211,12
286,19
177,826
201,38
261,772
226,38
91,6
770,10
916,93
237,27
494,815
758,8
922,772
373,38
159,10
400,38
899,12
352,826
60,16
887,22
690,785
144,27
443,9
47,785
579,27
853,19
912,16
804,6
642,786
54,22
493,25
369,11
387,11
686,38
320,38
981,772
743,19
154,680
770,5
573,5
538,25
495,826
560,6
742,786
67,22
267,5
14,786
181,2
292,27
845,27
168,9
992,12
828,815
650,27
446,772
853,785
946,8
825,23
554,8
628,23
665,11
739,12
776,2
621,826
289,815
288,785
533,4
314,785
422,22
940,10
890,19
101,2
433,815
930,16
34,93
252,772
811,680
866,8
565,772
931,19
489,772
625,826
39,93
71,27
589,15
258,1
828,35
61,1
686,815
727,815
764,27
175,9
283,11
51,23
30,772
718,11
956,786
994,93
422,9
602,93
841,9
472,826
901,815
277,5
850,786
297,735
210,735
487,9
896,22
514,16
366,16
477,680
132,5
760,38
702,35
45,815
979,772
428,6
33,5
898,815
313,680
872,4
412,785
234,785
825,735
18,815
438,785
466,38
855,826
432,815
436,815
74,22
684,680
462,10
18,4
400,2
71,786
114,16
774,2
206,15
173,680
870,22
636,826
624,786
881,815
900,9
468,11
548,826
641,5
950,9
737,9
681,772
59,680
443,735
281,35
707,772
409,22
797,815
320,2
732,735
115,826
224,19
928,11
360,8
752,826
749,680
588,93
474,16
258,785
759,4
139,785
564,22
450,9
33,23
342,27
182,15
169,10
243,15
543,2
194,2
503,12
401,785
311,19
444,11
598,785
967,786
383,22
755,25
298,826
302,8
413,27
531,680
966,19
549,9
129,25
685,4
243,785
635,19
290,12
880,815
404,4
117,786
280,10
44,35
688,785
283,23
1003,785
505,785
641,23
184,27
972,12
296,735
385,772
905,93
869,815
195,38
982,93
398,2
553,38
0,8
666,786
756,826
197,786
842,12
456,735
769,815
766,786
485,23
857,22
175,815
586,9
697,10
293,10
648,23
651,2
407,22
636,9
601,25
639,12
143,93
454,23
898,12
495,772
441,2
59,8
615,23
74,10
3,10
830,8
188,22
550,785
238,2
560,785
138,772
910,19
550,10
808,10
257,772
957,12
758,786
426,27
944,15
178,680
784,19
503,27
552,15
256,1
330,8
771,815
148,23
790,25
740,38
80,735
441,11
997,6
598,826
505,38
13,5
987,16
605,22
643,735
553,16
0,6
263,8
728,10
506,15
435,9
697,785
934,93
326,680
164,6
438,22
336,680
723,785
616,735
874,786
341,772
419,826
775,2
426,2
744,25
229,4
969,2
516,4
59,6
833,786
134,25
541,12
997,15
945,25
528,15
984,12
106,23
642,27
331,16
938,8
719,27
688,735
368,27
303,15
512,23
268,35
932,10
664,680
846,5
866,786
95,786
728,815
784,1
17,35
57,815
94,19
720,25
444,38
710,786
531,19
260,27
136,9
852,10
998,25
356,23
581,15
359,10
291,826
349,16
977,680
683,23
957,23
372,38
282,785
251,9
451,4
753,786
834,8
106,25
382,785
751,6
220,1
260,2
766,12
551,815
828,10
939,9
850,27
557,15
388,785
527,680
472,23
967,10
607,35
458,22
41,6
494,680
957,16
893,8
698,22
129,785
97,815
994,23
560,27
155,785
234,93
146,1
334,16
631,735
377,786
985,6
417,785
236,786
990,785
258,35
867,38
653,735
273,19
239,2
331,680
523,9
155,19
66,1
982,19
602,680
548,23
787,35
844,16
20,5
739,826
795,35
154,786
561,815
319,11
674,6
255,19
862,9
871,735
781,93
985,15
532,15
779,11
29,680
671,9
582,11
507,25
661,35
350,10
115,25
706,815
121,680
486,15
291,15
509,785
94,15
422,680
424,23
405,27
560,9
45,4
563,4
693,680
183,815
438,93
404,680
760,11
282,12
356,11
428,35
828,23
850,4
961,15
322,22
342,93
401,826
347,2
937,38
998,680
340,35
486,6
641,826
865,785
202,12
497,735
294,35
131,735
278,786
136,93
501,16
709,22
468,786
983,6
217,22
821,786
809,826
497,680
591,22
174,25
985,25
567,9
201,93
739,6
332,11
649,786
667,735
372,772
157,826
764,6
999,23
878,10
347,27
992,815
644,19
979,27
190,8
819,15
412,2
325,826
199,785
237,19
737,93
770,2
224,8
847,16
632,735
501,25
565,826
896,25
751,35
327,38
493,826
168,10
331,35
884,11
685,38
759,35
652,735
118,786
427,826
463,93
85,16
378,10
106,826
150,772
502,8
736,2
150,25
152,680
961,25
875,2
285,735
198,735
397,5
915,5
58,680
422,23
333,680
852,680
854,10
215,25
126,27
659,8
758,27
100,772
410,35
474,4
111,786
663,12
921,8
317,5
971,8
736,25
368,35
420,786
577,815
925,12
910,815
912,15
693,16
930,815
715,15
73,5
718,8
902,772
483,12
545,25
263,826
50,815
125,735
126,2
277,4
524,11
891,8
47,772
845,12
165,772
665,785
406,22
835,10
925,735
431,735
513,786
453,25
789,10
517,826
441,815
651,25
712,25
412,786
142,785
693,25
971,772
626,12
37,16
409,12
173,27
725,680
872,735
913,25
508,27
422,826
496,786
742,772
980,23
285,93
752,772
767,772
200,22
219,786
951,93
1012,93
870,23
502,680
450,15
971,6
59,826
885,15
80,16
63,786
905,815
446,35
768,786
679,19
737,8
256,38
688,25
765,5
730,25
529,772
555,772
554,772
277,22
887,93
191,15
983,35
966,25
660,6
327,10
43,12
198,680
453,11
435,93
204,25
169,9
757,93
885,8
596,93
775,25
925,23
747,27
308,15
552,27
383,735
76,35
937,12
298,680
580,6
13,25
348,680
645,25
461,786
670,19
907,786
966,16
200,4
184,680
560,735
361,23
586,15
342,19
910,6
404,5
117,785
280,11
945,815
747,16
106,735
429,11
964,93
641,22
529,680
57,786
129,826
284,15
505,27
913,12
287,2
259,772
773,93
521,12
522,735
729,735
197,785
753,11
574,11
225,5
904,19
704,38
747,786
401,15
497,19
775,15
379,19
256,11
972,4
184,35
886,11
725,785
138,35
801,735
306,23
450,826
604,735
345,16
385,23
645,11
630,12
423,6
557,815
672,785
858,680
124,15
695,15
127,2
753,12
40,6
99,772
613,93
463,12
671,38
550,11
932,5
516,785
130,11
207,11
542,785
565,11
787,1
294,19
441,10
195,23
69,785
951,9
849,22
406,93
888,23
396,680
951,772
199,35
859,93
596,2
688,680
339,27
929,15
503,19
712,35
949,826
760,815
931,93
843,815
436,786
951,6
789,786
994,772
204,680
539,93
651,785
526,735
232,23
213,27
677,785
877,4
53,23
606,23
991,12
850,38
801,93
433,27
967,23
399,826
1006,22
535,772
993,35
387,35
1001,35
484,772
880,22
898,22
256,16
590,15
94,16
205,19
405,6
390,785
469,25
624,11
344,680
824,8
461,815
260,4
667,25
266,815
374,772
270,815
272,15
788,680
553,735
828,12
665,35
939,19
262,772
250,27
840,23
145,93
201,8
572,9
184,826
222,93
908,11
251,8
69,1
134,8
504,785
945,10
195,10
161,772
887,12
445,25
637,772
514,826
53,25
297,2
171,735
742,10
907,35
1000,10
547,8
436,6
682,826
865,10
757,12
633,22
905,25
318,38
393,826
880,4
698,23
402,5
720,8
311,93
923,16
192,6
245,772
859,8
788,4
455,8
994,785
149,19
423,35
651,772
763,27
689,6
835,35
88,785
800,15
939,1
596,38
690,680
838,785
233,19
325,8
90,25
594,12
387,22
597,1
228,786
1001,22
375,8
584,735
930,10
641,815
362,15
415,27
609,6
202,27
738,815
45,10
319,10
709,35
51,680
748,2
377,23
220,16
886,815
117,93
338,785
763,16
196,25
864,35
668,5
872,35
214,22
197,38
569,5
769,16
398,786
201,35
188,815
79,6
248,2
301,8
249,815
30,19
473,9
753,772
202,735
61,786
745,2
983,8
159,15
660,93
899,9
738,35
132,35
760,12
117,38
650,23
121,35
230,826
48,786
67,785
985,23
640,1
714,8
393,6
418,6
897,35
144,38
234,680
723,826
137,9
28,680
875,23
693,4
40,785
921,680
189,826
872,815
597,19
890,15
569,785
415,9
254,35
237,25
326,11
869,25
634,8
563,12
859,680
821,785
270,9
199,93
403,680
439,772
406,2
887,16
393,15
946,15
748,826
270,786
36,27
736,12
589,27
628,10
97,19
703,23
408,23
906,826
690,8
999,22
801,11
543,35
125,16
507,22
932,93
520,2
190,9
364,772
128,5
937,785
524,22
559,826
798,6
856,9
482,772
892,735
549,735
610,8
612,815
539,12
995,11
636,815
378,11
749,8
567,1
254,772
413,680
875,5
512,815
740,23
483,6
248,23
584,38
677,93
219,93
346,786
42,11
684,1
429,772
947,772
292,12
57,27
366,15
276,680
262,826
428,9
302,93
431,12
72,35
144,11
921,786
773,785
518,11
703,5
268,786
86,9
286,10
433,35
419,16
37,22
57,680
207,815
923,93
409,10
943,22
656,5
841,15
752,9
128,19
237,4
919,9
351,12
891,11
67,6
233,786
894,4
919,772
95,11
685,23
406,23
192,826
541,680
564,2
231,6
268,12
342,15
531,772
897,15
885,5
614,22
798,786
122,38
527,815
530,1
276,35
793,772
761,786
616,11
570,11
200,786
153,22
299,19
289,25
200,23
181,27
474,23
845,4
203,2
759,9
229,815
217,815
841,786
218,16
882,11
478,27
116,826
336,785
443,23
836,19
86,27
216,38
433,93
604,23
510,93
590,38
98,22
463,786
320,4
755,735
511,38
388,8
462,19
891,25
267,35
623,11
181,735
578,815
425,5
228,1
265,25
104,15
870,15
710,19
473,785
611,23
576,19
407,2
1001,93
175,38
676,22
108,11
630,735
24,10
480,23
447,8
913,10
472,785
74,6
509,735
348,22
481,8
101,815
198,785
235,25
1012,826
978,12
907,8
907,735
710,735
968,10
950,772
182,4
789,735
570,680
243,22
61,35
426,23
922,10
194,27
37,10
386,786
792,785
335,735
85,680
123,16
340,93
395,23
0,10
185,2
556,23
210,10
50,22
820,25
966,8
56,785
606,35
932,786
753,10
791,680
644,772
236,826
989,735
796,2
45,785
265,11
672,16
463,6
655,786
329,38
562,12
969,22
790,4
811,826
519,5
886,8
444,27
466,8
691,10
106,35
913,4
52,27
491,16
385,22
938,4
991,786
719,23
840,735
623,38
991,25
386,15
756,8
154,19
796,25
232,815
300,22
907,6
654,785
550,8
589,35
473,735
182,22
130,735
47,6
620,785
451,19
34,25
880,25
771,785
294,16
901,8
602,1
306,15
752,35
109,15
1009,1
882,785
534,16
420,27
652,785
670,5
292,93
113,786
258,93
95,93
225,22
189,8
389,11
409,786
140,25
434,826
404,19
44,10
871,8
229,2
676,10
34,16
989,93
419,35
994,8
559,735
355,11
163,38
241,826
420,2
494,9
167,93
670,12
526,785
546,38
529,38
624,735
272,9
988,10
770,735
991,15
793,12
300,4
618,27
964,35
506,785
303,9
163,772
293,35
537,23
226,6
669,93
340,2
584,22
470,815
306,772
720,27
883,2
612,25
701,23
441,27
973,786
294,2
195,4
343,786
642,16
0,22
435,786
63,5
121,6
375,680
470,9
717,8
388,735
232,772
639,93
236,27
661,22
572,10
935,38
744,9
448,11
376,35
908,4
602,785
128,35
330,35
934,815
922,815
45,23
245,826
837,11
342,785
970,19
960,5
745,785
800,9
603,9
368,11
78,16
100,5
31,815
967,4
143,11
845,786
954,11
865,9
830,772
868,2
979,1
302,680
799,735
180,12
110,735
880,5
958,23
748,4
877,93
859,11
716,93
135,35
63,11
874,11
529,9
381,9
988,23
310,15
754,772
1010,4
97,15
295,786
850,16
190,735
873,772
582,22
143,16
535,786
439,19
226,19
390,6
581,785
375,11
214,785
401,735
241,35
168,786
649,4
405,16
726,735
230,15
395,38
70,19
915,786
149,27
295,12
995,23
245,23
924,9
121,25
871,786
285,22
469,735
36,22
576,35
209,815
925,38
176,38
507,27
572,23
807,6
315,38
641,93
698,38
348,38
476,19
61,785
342,826
179,785
588,6
612,826
445,35
653,9
378,6
107,19
825,10
241,680
152,785
764,9
529,735
40,786
521,735
187,8
616,16
526,22
770,9
990,35
684,12
478,680
264,735
373,35
67,735
341,10
640,772
992,8
835,25
946,12
489,2
14,19
930,680
825,19
789,680
900,16
739,8
721,735
616,786
690,9
569,22
73,25
273,4
607,1
668,785
616,23
262,38
743,12
656,8
784,93
472,815
659,5
187,772
648,786
591,786
524,23
742,785
267,6
178,10
752,785
14,785
382,826
788,25
363,10
973,35
721,10
258,735
45,826
317,10
763,38
107,1
294,826
776,5
172,8
872,25
853,25
530,12
804,8
715,8
937,22
833,815
794,735
333,27
819,22
893,35
459,16
116,23
133,772
156,16
1002,16
178,5
400,23
737,786
644,826
203,23
635,8
549,680
514,785
34,826
878,785
882,22
863,8
921,785
98,735
579,10
764,22
394,25
913,38
752,10
570,1
681,2
403,772
850,785
795,6
854,772
191,27
428,772
527,8
449,680
879,772
328,38
219,680
57,35
477,16
702,38
777,826
81,786
482,93
65,35
428,1
650,8
124,93
875,680
589,5
789,8
614,23
279,826
175,19
909,735
184,9
844,815
1011,9
244,35
190,35
248,38
545,16
462,772
49,11
323,11
641,772
89,826
805,25
456,19
198,35
976,815
114,786
866,25
617,19
413,6
167,27
956,10
132,15
978,27
799,27
33,19
474,785
271,9
882,8
440,11
993,11
294,815
156,772
601,11
197,11
179,93
184,16
848,23
333,6
688,27
65,680
301,93
49,12
505,15
694,1
215,38
879,15
127,735
239,826
441,93
78,735
598,22
235,35
623,10
509,11
71,772
593,35
167,16
151,826
338,735
414,38
952,680
312,93
184,786
169,15
614,1
996,15
429,16
503,9
32,785
434,93
641,680
911,38
641,19
111,9
972,16
42,93
173,11
467,680
49,5
234,11
487,826
792,16
114,772
741,19
28,15
928,5
731,5
200,6
499,735
799,9
638,35
968,11
622,786
364,6
182,5
722,6
797,35
946,735
34,4
241,19
222,15
574,815
120,6
123,19
505,25
732,680
456,8
1009,22
827,11
594,786
277,38
210,11
617,6
906,35
547,815
914,35
953,4
129,23
991,19
759,23
393,93
981,9
176,22
68,12
821,5
892,15
91,735
204,9
866,772
923,826
944,11
947,6
898,11
476,35
851,25
251,680
180,815
217,35
110,680
21,815
830,15
526,772
302,25
485,786
89,25
349,2
659,680
201,27
182,23
1006,10
350,35
44,12
390,735
833,27
376,15
701,4
352,8
984,8
971,680
445,12
50,9
675,93
213,16
864,2
37,680
848,785
723,735
228,38
1000,23
65,25
752,680
87,680
475,16
648,8
957,2
102,785
584,16
982,10
1004,35
402,22
790,23
862,815
333,35
319,16
528,2
357,786
639,826
642,22
309,10
862,16
751,680
960,8
744,826
855,19
568,8
346,1
1011,785
297,22
906,786
29,12
485,15
214,8
624,815
843,15
628,815
954,6
426,8
584,23
990,93
352,6
540,815
542,735
834,12
945,23
601,815
146,10
627,8
684,815
21,826
208,735
321,16
766,8
568,15
303,735
417,772
237,785
74,815
895,38
754,12
870,735
63,815
66,10
908,5
893,12
17,25
698,10
609,10
437,38
183,27
994,27
81,4
728,680
837,10
503,735
568,785
553,8
664,5
557,785
464,27
927,25
363,815
128,680
199,8
492,22
457,12
1010,10
218,38
75,6
386,16
957,786
351,680
545,826
986,35
129,680
556,785
226,25
155,680
432,786
362,735
498,15
188,93
354,735
820,93
788,6
881,25
613,23
744,815
121,23
174,11
714,4
255,786
988,16
663,93
890,735
989,15
757,19
584,12
930,8
969,35
533,93
773,25
443,785
977,35
227,19
637,25
970,735
738,38
791,16
171,5
301,815
85,2
211,772
946,27
714,15
470,19
863,23
39,10
795,680
260,735
335,5
942,23
769,22
273,9
493,35
794,22
819,2
486,2
753,826
402,680
538,19
847,15
649,12
906,735
156,4
820,35
788,735
510,680
774,35
295,4
406,9
82,6
967,93
495,22
332,15
853,22
530,27
819,772
54,19
644,23
152,23
686,35
545,11
526,23
486,5
90,815
676,93
473,16
415,11
326,9
773,11
459,680
958,9
316,23
100,785
278,785
856,4
823,15
477,4
425,38
636,786
211,735
283,826
636,735
647,772
523,826
194,35
801,9
314,786
612,93
816,5
64,826
224,11
116,9
977,22
980,5
381,785
39,826
613,11
406,27
378,9
33,15
931,680
14,27
628,19
112,815
373,786
824,680
162,19
311,11
239,35
844,826
247,35
841,4
605,35
273,826
487,785
96,93
920,735
153,10
227,15
728,93
102,680
600,786
749,772
734,23
57,25
403,5
95,12
425,16
228,22
110,22
145,815
368,38
989,785
394,6
621,815
507,38
641,15
754,93
259,38
88,735
583,9
755,6
413,12
894,735
507,772
845,9
496,19
793,35
774,15
762,786
446,826
33,25
605,680
665,25
811,22
387,680
601,1
32,772
344,22
197,1
552,16
311,25
3,815
333,12
580,19
694,15
659,27
325,786
309,35
97,680
941,19
448,680
200,25
823,19
734,1
255,38
771,25
635,25
104,10
675,8
625,35
897,6
471,815
882,9
293,27
721,826
679,785
80,19
367,4
611,16
540,12
872,15
175,27
234,772
669,22
320,6
943,38
745,93
913,23
987,8
952,22
148,772
3,27
388,10
617,27
963,35
784,772
929,826
283,680
943,772
515,5
240,6
899,815
722,12
351,786
98,786
651,735
923,815
471,35
666,10
43,815
688,19
64,680
173,10
394,735
52,23
570,27
994,680
41,680
245,93
941,5
263,25
302,12
91,680
536,22
314,19
460,22
635,23
672,27
818,22
446,815
586,10
930,735
308,735
478,11
775,19
83,12
674,815
454,16
37,8
330,2
688,10
580,8
284,10
13,15
109,27
790,772
534,4
3,9
591,93
849,25
670,25
139,12
820,27
142,11
623,27
956,16
795,815
981,8
475,5
461,735
794,38
133,2
636,5
156,786
836,10
837,735
268,815
565,15
701,10
59,12
615,19
691,12
13,8
198,12
888,19
741,4
263,15
321,12
695,8
879,735
867,9
303,5
929,11
512,680
697,23
404,22
775,1
744,22
502,826
376,16
174,786
908,25
69,19
711,25
750,12
587,23
293,826
183,15
148,19
780,35
321,735
534,22
684,826
373,680
559,10
581,25
232,19
877,8
146,786
191,10
806,12
935,93
939,38
481,735
355,815
543,93
932,15
843,9
497,2
957,1
812,772
688,826
393,772
155,11
947,23
216,11
469,786
787,11
418,772
37,35
347,93
91,35
541,8
357,785
195,1
602,22
859,38
604,680
109,6
568,772
884,38
496,815
439,815
223,2
164,9
349,19
300,6
374,5
214,9
414,10
661,11
229,9
784,5
984,786
679,38
256,19
392,8
289,93
1011,735
902,9
334,10
778,11
852,22
563,93
766,9
56,815
238,27
917,9
114,93
386,22
741,826
560,826
78,15
746,93
599,38
140,9
967,9
769,2
275,786
279,11
390,10
505,826
216,25
402,9
169,786
773,22
405,12
996,735
194,826
947,735
106,5
624,5
702,23
171,22
985,1
362,826
626,735
346,16
186,12
39,23
278,35
850,23
761,93
742,9
374,23
729,4
983,785
286,35
433,10
125,9
344,38
214,27
954,9
202,786
274,826
115,15
794,5
448,4
822,735
994,19
252,680
255,22
455,5
475,772
353,10
777,786
245,12
250,815
396,2
606,15
753,38
39,12
421,6
78,25
522,38
411,16
303,38
932,35
190,27
669,38
301,12
1001,27
144,772
56,27
310,815
59,38
371,815
854,93
32,4
909,19
303,772
533,786
625,785
455,2
899,5
356,8
376,785
603,25
860,35
243,35
960,735
211,10
564,815
273,8
54,25
1011,38
520,23
905,8
301,5
321,772
397,785
770,12
202,1
20,8
239,786
534,93
424,27
316,25
726,35
159,8
948,25
514,9
970,10
751,25
536,38
899,10
222,680
702,8
118,772
67,786
853,735
638,16
144,25
418,5
736,8
186,25
631,19
261,4
408,19
31,772
73,22
952,826
609,786
705,6
226,35
101,27
545,10
538,27
811,772
172,826
100,786
620,38
929,772
487,25
181,4
934,23
954,772
95,25
320,680
500,785
749,12
949,15
107,10
310,22
754,815
593,93
592,772
554,10
922,35
668,22
942,38
48,1
51,12
436,680
328,785
794,25
816,6
707,815
190,12
765,680
36,815
274,27
511,15
1007,735
77,27
351,27
795,10
191,23
178,8
217,680
363,12
788,27
810,8
650,4
192,815
924,16
946,5
824,826
513,772
71,25
567,2
860,8
1010,38
539,772
498,786
335,19
465,16
925,15
84,785
485,93
357,2
604,5
313,786
996,786
98,8
44,826
483,11
325,815
163,19
201,785
936,785
573,25
295,93
521,19
869,8
798,12
856,19
927,93
181,22
400,9
626,815
203,9
682,38
724,10
597,772
635,10
68,35
72,38
971,12
475,35
811,16
831,93
172,1
429,35
430,772
286,9
986,22
692,735
344,16
73,9
679,25
37,19
533,8
848,27
955,785
79,680
577,38
730,19
660,826
76,815
755,9
551,35
459,11
370,25
1012,35
958,35
191,5
193,785
527,10
894,11
487,4
219,785
114,735
355,772
816,786
157,6
638,12
767,93
472,93
71,15
515,22
329,15
539,786
996,27
428,735
555,12
223,735
425,826
281,93
263,815
49,9
947,93
952,16
681,9
77,6
45,93
546,15
731,9
185,93
991,38
386,38
572,786
759,735
317,19
291,680
315,680
194,4
305,15
468,16
181,826
1008,5
737,12
937,15
555,5
480,19
318,680
173,16
409,25
447,12
659,35
844,93
534,11
938,22
918,735
667,35
631,786
869,35
121,93
546,6
302,10
531,93
877,35
734,9
590,786
92,23
663,23
78,38
99,680
564,19
512,9
105,786
950,735
515,4
440,735
135,815
651,11
910,772
712,11
679,4
790,9
1011,25
666,11
120,1
29,772
691,1
284,12
472,735
716,15
719,2
370,2
267,93
413,22
696,35
161,680
771,6
314,16
632,11
958,786
46,22
599,4
910,10
33,35
700,23
440,27
80,2
977,735
194,22
214,93
769,93
861,4
1009,785
386,785
688,11
355,25
324,772
570,35
166,35
993,680
728,1
323,826
582,826
89,22
855,6
660,16
277,815
574,15
222,815
389,6
907,2
621,16
491,826
475,4
938,826
542,786
836,11
947,8
516,19
241,10
444,22
501,35
968,786
148,786
494,2
745,826
728,8
324,8
344,785
806,10
571,25
593,735
460,5
99,735
7,5
463,8
339,22
943,786
782,35
672,735
843,19
404,23
556,815
922,27
229,6
266,16
621,772
909,815
1004,38
269,5
218,735
899,735
809,16
534,786
59,4
812,11
923,8
762,16
724,786
987,23
425,680
28,22
798,93
321,4
660,38
717,19
349,25
78,2
732,11
932,8
608,25
1006,19
516,772
774,735
41,22
848,93
614,35
407,35
47,8
158,5
911,4
513,10
254,25
515,826
495,785
170,8
713,8
109,5
862,22
739,735
205,785
171,27
372,680
121,2
396,22
695,25
550,772
717,12
917,15
114,35
278,22
575,772
979,826
414,11
843,1
552,680
130,25
719,772
390,16
871,2
784,6
343,16
516,8
402,15
476,10
834,10
836,826
637,12
195,9
553,5
456,38
517,23
331,12
830,38
559,27
444,735
191,93
492,25
94,680
386,23
189,23
466,786
840,27
896,680
325,2
507,9
312,9
130,16
419,815
575,8
686,5
372,35
301,25
673,16
784,680
730,35
451,11
551,19
698,8
758,38
560,25
637,5
106,2
624,6
956,93
759,93
121,12
393,23
161,19
625,25
973,735
264,772
779,16
322,6
433,9
768,815
398,772
366,786
204,38
757,8
647,25
797,23
949,785
490,93
678,826
94,6
42,735
612,10
355,35
363,35
626,785
970,25
161,785
995,19
297,772
998,12
356,2
72,4
310,2
440,93
39,15
739,22
850,15
668,10
686,786
411,19
892,35
178,826
492,772
370,735
386,815
204,93
135,680
238,772
94,9
538,22
20,2
501,9
764,815
763,785
159,2
896,9
382,772
507,680
699,9
146,680
788,15
258,826
151,772
760,9
637,786
727,10
766,35
917,35
921,826
961,9
946,786
582,12
162,4
239,22
918,2
851,93
979,16
743,27
502,785
17,2
364,786
606,785
609,19
973,93
116,5
723,23
722,680
778,93
338,11
563,11
712,772
107,785
1005,23
514,6
788,22
330,785
886,826
282,9
467,15
1005,786
640,5
145,826
736,9
206,93
903,9
979,735
194,38
804,5
276,11
387,8
705,5
962,35
743,16
88,1
894,786
473,22
770,4
202,9
313,10
847,22
320,826
745,15
601,786
267,2
86,785
947,826
430,25
823,9
972,786
99,93
651,815
65,93
853,786
925,826
749,11
538,826
978,815
407,680
211,27
912,22
693,9
569,27
804,12
382,16
79,16
463,826
943,12
601,93
656,11
326,6
76,826
166,10
941,38
227,735
645,27
178,9
549,22
474,6
934,15
650,5
946,2
675,23
14,25
825,25
221,22
495,38
61,2
172,11
530,11
344,10
783,826
471,25
607,11
740,19
705,23
102,735
730,9
622,27
752,22
274,19
634,38
617,38
987,826
696,8
107,772
18,12
509,680
92,11
366,19
539,25
921,19
377,826
157,12
231,5
431,8
307,22
327,785
384,680
58,6
512,826
530,2
555,22
274,785
49,23
505,2
692,786
212,8
694,10
966,815
952,10
570,12
972,680
755,8
457,826
459,10
758,23
191,4
945,93
356,815
598,27
344,815
623,1
865,680
21,10
685,19
317,25
488,815
655,826
775,38
872,10
104,735
779,35
915,22
537,815
311,27
937,5
333,10
78,680
170,35
558,8
943,27
548,38
198,38
456,22
990,2
313,38
520,735
702,93
423,25
173,785
687,38
64,6
908,785
657,23
89,2
291,785
92,25
771,27
536,10
849,815
496,12
685,12
978,22
228,6
870,8
746,10
543,772
233,680
895,16
694,815
271,10
149,772
318,19
925,25
601,8
839,2
329,826
533,25
184,19
511,93
447,15
13,27
215,35
573,35
830,25
49,772
249,23
