468,826
198,786
74,772
509,8
737,826
186,93
791,93
741,786
7,25
672,6
339,2
176,27
283,785
105,785
710,23
434,786
700,25
367,15
61,38
744,35
85,826
587,735
861,10
536,815
848,1
901,25
120,2
802,5
570,25
74,2
755,680
990,12
792,19
901,735
595,19
99,22
481,12
210,15
484,15
374,826
89,12
768,12
842,15
731,6
771,9
610,35
756,6
135,93
525,10
65,11
802,826
655,785
622,785
290,6
806,786
700,16
404,2
44,25
407,23
944,23
784,27
587,27
397,93
970,826
538,38
901,2
573,826
777,12
62,6
561,786
962,16
762,15
227,815
28,772
528,16
287,9
456,11
185,6
114,826
902,35
960,38
559,6
136,19
321,9
546,25
322,815
508,826
291,772
290,772
111,826
574,12
741,772
403,735
409,772
907,5
818,15
339,16
654,786
414,23
658,27
1003,9
1006,6
895,15
420,826
993,19
77,786
611,9
562,8
47,5
394,35
145,5
517,735
737,22
241,9
576,815
444,23
762,22
652,25
247,23
231,772
380,15
968,680
1006,815
199,735
96,9
556,10
667,9
869,93
670,6
432,11
324,9
605,786
695,10
435,6
806,11
793,6
867,11
575,785
1000,19
1006,9
648,4
426,5
337,19
924,772
47,2
908,27
123,815
587,9
36,785
440,815
332,786
577,19
81,22
944,826
135,735
652,16
670,772
449,93
306,11
713,6
987,22
805,35
270,93
455,35
475,826
920,93
938,11
260,19
297,815
814,772
728,16
525,826
874,19
506,9
103,786
839,772
953,27
756,19
704,9
671,735
748,680
303,12
512,22
732,4
932,9
1006,735
0,826
952,786
293,38
575,5
315,25
135,786
500,11
301,38
375,35
305,35
365,9
224,93
352,2
280,735
134,19
764,772
658,815
329,680
220,9
136,8
445,2
1001,772
728,23
379,680
506,16
571,22
1010,23
496,38
991,11
557,23
316,785
596,22
760,93
278,23
793,16
780,826
103,6
126,680
472,15
179,27
404,38
575,2
423,785
465,826
541,772
1001,38
402,12
476,11
685,772
652,6
945,735
195,8
146,9
337,815
896,826
307,38
161,25
864,19
828,9
665,38
302,826
214,6
507,8
967,11
306,680
895,35
917,786
610,772
54,10
439,25
898,785
779,785
448,15
708,19
251,15
415,16
56,15
437,35
129,786
771,735
443,772
904,786
405,10
7,785
119,12
133,826
835,826
377,8
103,680
17,785
998,785
1008,785
951,19
113,680
309,25
899,25
260,8
763,25
229,786
356,4
176,93
232,10
417,786
568,25
1010,9
889,22
616,826
729,10
140,2
506,815
368,772
807,12
954,23
521,680
261,786
633,25
797,22
873,93
47,38
448,6
822,6
418,815
660,786
326,27
538,12
316,5
923,23
13,35
655,25
378,826
677,12
915,785
42,786
186,735
442,8
245,10
744,786
542,16
82,19
598,93
871,785
502,38
539,826
153,785
208,10
742,6
779,8
942,19
840,10
604,35
607,22
165,15
239,8
594,9
279,27
597,12
816,19
635,735
529,815
362,8
698,27
458,772
538,23
443,786
649,8
101,786
959,815
563,5
212,93
585,16
875,826
859,4
896,10
588,11
788,8
111,772
255,25
934,27
760,10
887,25
445,38
763,23
356,10
229,735
932,815
755,785
211,12
177,826
235,815
286,19
201,38
261,772
226,38
728,785
91,6
770,10
916,93
237,27
719,93
494,815
758,8
922,772
373,38
391,22
159,10
400,38
899,12
352,826
789,826
60,16
887,22
690,785
144,27
332,10
47,785
443,9
579,27
853,19
504,9
912,16
804,6
642,786
54,22
570,826
493,25
369,11
387,11
686,38
262,35
320,38
981,772
743,19
154,680
855,815
770,5
573,5
538,25
495,826
426,735
560,6
742,786
67,22
267,5
341,22
14,786
181,2
292,27
992,12
810,15
168,9
828,815
845,27
650,27
135,10
446,772
853,785
946,8
825,23
182,35
554,8
628,23
665,11
739,12
348,786
776,2
621,826
289,815
288,785
162,23
533,4
314,785
422,22
940,10
616,27
890,19
101,2
433,815
930,16
548,10
34,93
252,772
811,680
866,8
153,6
565,772
931,19
489,772
625,826
366,9
39,93
71,27
589,15
828,35
665,12
258,1
61,1
686,815
283,11
304,826
175,9
764,27
51,23
30,772
416,680
727,815
718,11
956,786
422,9
55,772
994,93
602,93
841,9
472,826
402,93
901,815
277,5
297,735
210,735
64,9
850,786
487,9
896,22
514,16
860,772
366,16
477,680
132,5
702,35
685,25
760,38
45,815
428,6
979,772
543,785
33,5
898,815
313,680
872,4
746,735
412,785
234,785
825,735
18,815
293,785
438,785
466,38
855,826
432,815
126,4
436,815
74,22
684,680
462,10
31,19
18,4
400,2
71,786
114,16
242,93
774,2
206,15
173,680
870,22
818,735
636,826
624,786
881,815
900,9
543,5
468,11
548,826
641,5
950,9
898,35
737,9
681,772
59,680
443,735
390,826
281,35
409,22
797,815
320,2
765,6
707,772
732,735
115,826
224,19
830,23
928,11
360,8
752,826
749,680
770,815
474,16
588,93
258,785
759,4
80,785
139,785
564,22
450,9
33,23
431,25
342,27
182,15
169,10
243,15
297,93
543,2
194,2
503,12
401,785
679,9
311,19
444,11
598,785
967,786
608,785
383,22
755,25
298,826
302,8
267,38
413,27
531,680
966,19
549,9
127,680
129,25
685,4
243,785
635,19
748,786
290,12
880,815
404,4
117,786
886,735
280,10
44,35
688,785
283,23
817,680
1003,785
505,785
641,23
184,27
292,772
972,12
296,735
385,772
905,93
962,22
869,815
195,38
982,93
0,8
879,16
553,38
398,2
666,786
756,826
302,19
197,786
842,12
456,735
769,815
154,10
766,786
857,22
175,815
586,9
913,815
697,10
485,23
293,10
648,23
759,785
651,2
407,22
636,9
601,25
503,2
639,12
143,93
454,23
898,12
516,22
495,772
441,2
59,8
615,23
89,785
74,10
3,10
830,8
188,22
250,772
550,785
238,2
560,785
138,772
68,8
910,19
550,10
808,10
257,772
182,16
957,12
758,786
426,27
944,15
725,16
178,680
784,19
503,27
552,15
145,4
256,1
771,815
148,23
441,11
259,12
740,38
80,735
790,25
997,6
111,27
330,8
598,826
505,38
13,5
586,786
987,16
643,735
553,16
0,6
257,38
605,22
263,8
728,10
506,15
198,772
435,9
697,785
164,6
438,22
845,35
934,93
326,680
336,680
723,785
954,826
616,735
874,786
341,772
419,826
884,772
775,2
426,2
744,25
229,4
600,680
969,2
516,4
59,6
833,786
333,38
134,25
541,12
997,15
945,25
691,22
984,12
106,23
528,15
642,27
272,786
331,16
938,8
719,27
688,735
870,93
368,27
303,15
512,23
268,35
643,815
932,10
664,680
846,5
95,786
831,772
866,786
728,815
784,1
17,35
698,4
57,815
94,19
720,25
444,38
136,772
710,786
531,19
260,27
136,9
778,15
998,25
356,23
581,15
852,10
250,785
359,10
291,826
349,16
977,680
414,9
683,23
957,23
372,38
282,785
584,27
251,9
451,4
753,786
834,8
637,735
106,25
382,785
751,6
220,1
756,680
260,2
766,12
551,815
828,10
334,786
850,27
939,9
557,15
388,785
374,19
527,680
472,23
967,10
607,35
537,680
458,22
41,6
494,680
957,16
584,2
893,8
698,22
129,785
97,815
920,4
994,23
560,27
155,785
234,93
751,15
146,1
334,16
631,735
67,785
619,680
377,786
985,6
417,785
236,786
936,19
990,785
258,35
867,38
653,735
433,15
273,19
239,2
331,680
523,9
190,23
155,19
66,1
982,19
602,680
306,93
548,23
787,35
844,16
20,5
862,772
739,826
795,35
154,786
561,815
391,35
319,11
674,6
255,19
862,9
446,735
871,735
781,93
985,15
532,15
408,8
779,11
29,680
671,9
582,11
303,35
507,25
661,35
350,10
115,25
647,16
706,815
121,680
486,15
509,785
1007,22
291,15
94,15
422,680
424,23
684,27
560,9
405,27
45,4
563,4
909,16
693,680
183,815
438,93
404,680
699,11
760,11
282,12
356,11
428,35
310,27
828,23
850,4
961,15
322,22
964,12
342,93
401,826
347,2
937,38
974,93
998,680
340,35
486,6
641,826
91,25
865,785
202,12
497,735
294,35
352,38
131,735
278,786
136,93
501,16
67,16
709,22
983,6
468,786
821,786
487,680
217,22
809,826
497,680
591,22
828,785
174,25
985,25
567,9
201,93
628,9
739,6
332,11
649,786
667,735
408,22
372,772
157,826
764,6
999,23
214,35
878,10
347,27
992,815
644,19
152,27
979,27
190,8
819,15
412,2
323,735
325,826
199,785
237,19
770,2
573,4
224,8
737,93
847,16
632,735
128,4
501,25
565,826
896,25
751,35
161,826
327,38
493,826
331,35
884,11
677,38
168,10
759,35
427,826
150,772
193,6
652,735
85,16
106,826
502,8
489,5
378,10
118,786
463,93
736,2
739,15
150,25
152,680
961,25
875,2
982,826
198,735
285,735
397,5
915,5
607,12
58,680
422,23
333,680
852,680
248,22
854,10
215,25
126,27
659,8
237,12
758,27
100,772
410,35
474,4
183,826
111,786
663,12
921,8
317,5
363,772
971,8
736,25
368,35
420,786
498,785
577,815
925,12
910,815
912,15
125,35
930,815
715,15
73,5
693,16
909,680
718,8
902,772
483,12
545,25
191,786
263,826
50,815
125,735
126,2
459,23
277,4
524,11
891,8
47,772
992,27
845,12
165,772
665,785
406,22
650,10
835,10
925,735
431,735
513,786
218,8
453,25
789,10
517,826
441,815
405,785
651,25
712,25
412,786
693,25
340,826
142,785
626,12
37,16
971,772
685,826
409,12
173,27
725,680
872,735
212,10
913,25
508,27
422,826
496,786
958,38
742,772
980,23
285,93
752,772
380,93
767,772
219,786
951,93
200,22
845,5
1012,93
870,23
502,680
450,15
268,10
971,6
59,826
885,15
80,16
614,8
63,786
905,815
446,35
768,786
37,25
737,8
679,19
256,38
688,25
62,19
765,5
730,25
529,772
555,772
55,735
554,772
277,22
887,93
191,15
891,6
983,35
966,25
660,6
327,10
277,785
43,12
198,680
453,11
435,93
954,93
204,25
169,9
885,8
775,25
170,815
596,93
757,93
925,23
747,27
305,12
308,15
552,27
383,735
937,12
555,6
76,35
298,680
580,6
13,25
913,11
348,680
645,25
461,786
670,19
619,815
907,786
966,16
200,4
184,680
167,15
560,735
361,23
342,19
910,6
968,9
586,15
404,5
117,785
280,11
761,35
945,815
747,16
964,93
529,680
639,6
641,22
106,735
429,11
129,826
148,2
57,786
284,15
505,27
287,2
198,22
913,12
259,772
773,93
521,12
423,9
522,735
729,735
197,785
753,11
953,6
574,11
225,5
904,19
704,38
178,735
747,786
401,15
497,19
775,15
947,4
379,19
256,11
972,4
184,35
59,11
886,11
725,785
138,35
801,735
343,772
306,23
604,735
345,16
450,826
185,4
385,23
645,11
630,12
423,6
888,16
557,815
672,785
858,680
124,15
142,15
695,15
127,2
753,12
40,6
867,4
613,93
99,772
463,12
671,38
910,735
550,11
932,5
516,785
130,11
537,6
207,11
542,785
565,11
787,1
130,772
294,19
441,10
195,23
69,785
987,19
951,9
849,22
406,93
888,23
337,826
396,680
951,772
199,35
859,93
664,93
596,2
688,680
339,27
929,15
758,735
503,19
712,35
949,826
760,815
306,9
931,93
843,815
436,786
951,6
420,1
789,786
994,772
204,680
539,93
99,15
651,785
526,735
232,23
213,27
730,826
677,785
877,4
53,23
606,23
400,93
991,12
850,38
801,93
433,27
472,10
399,826
967,23
1006,22
535,772
913,785
993,35
387,35
1001,35
484,772
216,15
880,22
898,22
590,15
94,16
293,815
205,19
405,6
256,16
390,785
655,12
469,25
624,11
344,680
824,8
240,772
461,815
260,4
667,25
266,815
728,25
374,772
270,815
272,15
553,735
346,10
788,680
828,12
665,35
939,19
578,772
262,772
694,10
250,27
840,23
434,815
145,93
201,8
572,9
184,826
240,93
222,93
908,11
251,8
69,1
486,27
134,8
504,785
945,10
195,10
798,35
161,772
887,12
445,25
637,772
124,19
514,826
53,25
297,2
171,735
903,38
742,10
907,35
1000,10
547,8
931,786
436,6
682,826
865,10
757,12
298,35
905,25
633,22
318,38
393,826
982,25
880,4
698,23
402,5
311,93
534,826
720,8
923,16
192,6
245,772
617,93
859,8
788,4
455,8
994,785
791,25
149,19
423,35
651,772
835,35
448,815
763,27
88,785
689,6
800,15
186,8
939,1
596,38
690,680
838,785
820,772
233,19
325,8
90,25
594,12
224,826
387,22
597,1
228,786
375,8
158,680
1001,22
641,815
362,15
415,27
91,10
930,10
609,6
202,27
584,735
720,15
738,815
45,10
319,10
377,23
305,786
748,2
51,680
709,35
220,16
898,735
886,815
117,93
338,785
763,16
285,23
196,25
864,35
668,5
872,35
31,786
214,22
197,38
569,5
769,16
273,11
398,786
201,35
188,815
79,6
635,772
248,2
301,8
249,815
30,19
969,38
473,9
753,772
202,735
61,786
869,16
745,2
983,8
159,15
660,93
788,10
899,9
738,35
132,35
760,12
406,11
117,38
650,23
230,826
393,6
136,38
121,35
985,23
48,786
144,38
625,8
418,6
714,8
897,35
234,680
398,735
640,1
723,826
137,9
28,680
122,2
875,23
693,4
40,785
921,680
666,38
189,826
872,815
597,19
890,15
523,6
569,785
415,9
254,35
326,11
609,16
237,25
869,25
634,8
563,12
341,11
859,680
821,785
270,9
199,93
57,9
403,680
439,772
406,2
887,16
339,93
393,15
946,15
748,826
270,786
567,8
36,27
736,12
589,27
628,10
332,4
97,19
703,23
408,23
906,826
942,35
690,8
999,22
801,11
543,35
51,11
125,16
507,22
932,93
520,2
616,22
190,9
364,772
128,5
937,785
424,6
524,22
559,826
798,6
482,772
32,22
892,735
549,735
856,9
610,8
845,25
612,815
539,12
995,11
636,815
946,6
378,11
749,8
567,1
254,772
518,16
413,680
875,5
512,815
740,23
705,19
483,6
248,23
584,38
677,93
933,35
219,93
346,786
42,11
684,1
191,19
429,772
947,772
57,27
366,15
21,5
292,12
276,680
262,826
428,9
543,735
302,93
431,12
72,35
144,11
971,11
921,786
773,785
518,11
703,5
429,38
268,786
86,9
286,10
433,35
73,4
419,16
37,22
57,680
207,815
480,2
923,93
409,10
943,22
656,5
90,826
752,9
841,15
128,19
237,4
24,826
919,9
351,12
891,11
67,6
527,9
233,786
894,4
919,772
95,11
721,5
685,23
406,23
192,826
541,680
193,23
564,2
231,6
268,12
531,772
361,35
342,15
897,15
885,5
614,22
562,735
798,786
122,38
527,815
530,1
1011,6
276,35
761,786
793,772
616,11
962,11
570,11
200,786
153,22
299,19
67,15
289,25
200,23
181,27
474,23
972,826
845,4
203,2
759,9
229,815
503,826
217,815
841,786
218,16
882,11
538,786
478,27
116,826
336,785
443,23
761,16
836,19
86,27
433,93
604,23
344,27
216,38
510,93
590,38
98,22
206,815
463,786
320,4
755,735
511,38
595,6
388,8
462,19
891,25
267,35
696,25
623,11
181,735
578,815
425,5
796,12
228,1
265,25
104,15
870,15
780,680
710,19
473,785
611,23
576,19
44,38
407,2
1001,93
175,38
676,22
822,93
108,11
630,735
24,10
480,23
740,11
447,8
913,10
472,785
509,735
916,1
348,22
74,6
481,8
101,815
855,12
198,785
235,25
1012,826
978,12
615,826
907,8
907,735
710,735
968,10
715,93
950,772
182,4
789,735
570,680
115,35
243,22
61,35
426,23
922,10
636,12
194,27
37,10
386,786
792,785
501,93
85,680
335,735
340,93
395,23
323,680
123,16
0,10
185,2
556,23
482,826
210,10
50,22
820,25
966,8
142,5
56,785
606,35
753,10
989,735
682,6
791,680
932,786
644,772
236,826
890,680
796,2
265,11
672,16
463,6
512,735
655,786
45,785
329,38
562,12
123,786
969,22
790,4
811,826
519,5
739,786
886,8
444,27
466,8
691,10
13,10
106,35
913,4
52,27
491,16
716,2
385,22
938,4
991,786
719,23
249,38
840,735
623,38
991,25
756,8
460,10
386,15
154,19
300,22
907,6
943,785
232,815
796,25
654,785
550,8
0,815
589,35
473,735
182,22
130,735
573,735
47,6
620,785
451,19
34,25
52,680
880,25
771,785
294,16
901,8
355,2
602,1
306,15
752,35
109,15
951,8
1009,1
882,785
534,16
420,27
741,15
652,785
670,5
292,93
113,786
310,35
95,93
225,22
258,93
189,8
796,16
409,786
389,11
140,25
434,826
287,785
404,19
44,10
871,8
229,2
216,9
676,10
34,16
989,93
419,35
402,25
994,8
559,735
355,11
163,38
914,786
241,826
420,2
494,9
167,93
402,735
670,12
526,785
546,38
529,38
196,38
624,735
272,9
988,10
770,735
554,38
991,15
793,12
300,4
618,27
873,785
964,35
506,785
303,9
163,772
368,786
293,35
537,23
226,6
669,93
281,772
340,2
584,22
470,815
306,772
933,19
720,27
883,2
973,786
294,2
425,772
612,25
701,23
441,27
195,4
655,15
343,786
642,16
0,22
435,786
607,680
63,5
121,6
375,680
470,9
933,826
717,8
388,735
232,772
639,93
967,15
236,27
661,22
572,10
935,38
118,19
744,9
448,11
376,35
908,4
251,11
602,785
128,35
330,35
934,815
187,93
922,815
45,23
245,826
837,11
857,786
342,785
970,19
960,5
745,785
998,22
800,9
603,9
368,11
78,16
939,11
100,5
31,815
967,4
143,11
492,786
845,786
954,11
865,9
868,2
228,735
979,1
830,772
302,680
799,735
893,6
180,12
110,735
880,5
958,23
999,772
748,4
877,93
859,11
716,93
82,23
135,35
63,11
874,11
529,9
161,23
381,9
988,23
310,15
1010,4
275,27
754,772
97,15
850,16
295,786
100,12
190,735
873,772
582,22
143,16
643,772
535,786
439,19
226,19
390,6
891,815
581,785
375,11
214,785
401,735
883,25
241,35
168,786
649,4
405,16
45,9
726,735
230,15
395,38
70,19
217,10
915,786
149,27
295,12
995,23
41,815
245,23
924,9
121,25
871,786
856,826
285,22
469,735
36,22
576,35
832,93
209,815
925,38
176,38
507,27
162,9
572,23
807,6
315,38
641,93
948,786
698,38
348,38
476,19
61,785
822,785
342,826
179,785
588,6
612,826
702,10
445,35
653,9
378,6
107,19
72,15
825,10
241,680
152,785
764,9
601,38
529,735
40,786
521,735
187,8
369,23
616,16
526,22
770,9
990,35
792,38
684,12
478,680
264,735
373,35
745,10
67,735
341,10
640,772
992,8
63,38
835,25
946,12
14,19
930,680
107,8
489,2
825,19
789,680
721,735
3,680
739,8
900,16
616,786
690,9
853,16
569,22
73,25
273,4
607,1
369,8
668,785
616,23
262,38
743,12
411,815
656,8
784,93
472,815
659,5
437,4
187,772
648,786
591,786
592,772
153,2
524,23
742,785
267,6
178,10
303,785
752,785
14,785
382,826
363,10
699,27
788,25
973,35
721,10
258,735
650,6
45,826
317,10
763,38
107,1
789,6
294,826
776,5
172,8
872,25
48,6
853,25
530,12
804,8
715,8
221,735
937,22
833,815
794,735
333,27
483,9
819,22
893,35
459,16
133,772
758,25
116,23
156,16
1002,16
178,5
568,826
400,23
737,786
644,826
203,23
421,826
635,8
549,680
514,785
34,826
418,16
878,785
882,22
863,8
921,785
293,735
98,735
579,10
764,22
394,25
715,1
913,38
752,10
570,1
681,2
77,15
403,772
850,785
795,6
191,27
728,35
428,772
527,8
854,772
449,680
1002,27
879,772
328,38
219,680
57,35
53,38
477,16
702,38
777,826
81,786
724,23
65,35
482,93
428,1
650,8
802,786
124,93
875,680
589,5
789,8
756,93
614,23
279,826
175,19
909,735
382,6
184,9
844,815
1011,9
244,35
137,815
190,35
248,38
545,16
49,11
123,12
323,11
641,772
462,772
198,35
0,38
456,19
89,826
805,25
866,25
277,11
976,815
114,786
617,19
413,6
496,9
167,27
956,10
132,15
978,27
959,15
799,27
33,19
474,785
271,9
492,93
882,8
440,11
993,11
294,815
465,5
156,772
601,11
197,11
179,93
950,12
184,16
848,23
333,6
65,680
409,27
688,27
301,93
49,12
505,15
358,22
694,1
215,38
127,735
239,826
592,12
879,15
441,93
78,735
598,22
585,35
235,35
623,10
509,11
71,772
344,826
593,35
167,16
151,826
338,735
172,93
414,38
952,680
312,93
184,786
204,27
169,15
614,1
996,15
429,16
764,35
32,785
503,9
911,38
641,19
876,772
434,93
641,680
111,9
972,16
416,11
42,93
173,11
467,680
49,5
377,93
234,11
487,826
792,16
114,772
667,38
741,19
28,15
928,5
731,5
966,22
200,6
499,735
799,9
638,35
431,35
968,11
622,786
364,6
182,5
679,772
722,6
797,35
946,735
34,4
682,680
241,19
222,15
574,815
120,6
304,680
123,19
505,25
732,680
456,8
916,9
827,11
1009,22
594,786
277,38
559,5
210,11
617,6
906,35
547,815
289,35
914,35
953,4
129,23
991,19
1011,826
759,23
981,9
176,22
892,15
303,680
393,93
821,5
68,12
91,735
58,38
204,9
866,772
923,826
944,11
194,19
947,6
898,11
476,35
851,25
887,815
251,680
180,815
217,35
110,680
938,5
21,815
830,15
526,772
302,25
728,6
485,786
89,25
349,2
659,680
492,815
201,27
182,23
1006,10
350,35
333,815
44,12
390,735
833,27
376,15
865,93
701,4
352,8
984,8
971,680
355,735
445,12
50,9
675,93
213,16
877,9
864,2
37,680
848,785
723,735
795,826
228,38
1000,23
65,25
752,680
821,23
87,680
475,16
648,8
957,2
376,22
102,785
584,16
982,10
1004,35
254,27
402,22
790,23
862,815
333,35
923,15
319,16
528,2
357,786
639,826
179,815
642,22
309,10
862,16
751,680
352,772
960,8
744,826
855,19
568,8
604,785
346,1
1011,785
297,22
906,786
672,38
29,12
485,15
214,8
624,815
253,35
843,15
628,815
954,6
426,8
47,23
584,23
990,93
352,6
540,815
405,4
542,735
834,12
945,23
601,815
602,16
146,10
627,8
684,815
21,826
614,680
208,735
321,16
766,8
417,772
513,815
568,15
237,785
303,735
74,815
186,4
895,38
754,12
870,735
63,815
597,680
66,10
908,5
893,12
17,25
415,23
698,10
609,10
437,38
183,27
720,19
994,27
81,4
728,680
837,10
857,785
503,735
568,785
553,8
664,5
334,12
464,27
557,785
927,25
363,815
568,22
128,680
199,8
218,38
75,6
113,772
492,22
1010,10
457,12
386,16
596,25
957,786
351,680
545,826
986,35
112,1
129,680
556,785
226,25
155,680
102,826
432,786
362,735
188,93
354,735
688,35
498,15
820,93
788,6
881,25
810,23
613,23
744,815
121,23
174,11
87,735
255,786
988,16
714,4
663,93
960,786
890,735
989,15
757,19
584,12
783,35
930,8
969,35
533,93
773,25
331,826
443,785
977,35
227,19
637,25
70,16
970,735
738,38
791,16
171,5
82,15
301,815
85,2
211,772
946,27
72,9
714,15
470,19
863,23
39,10
495,9
795,680
260,735
335,5
942,23
641,35
769,22
273,9
493,35
794,22
484,826
819,2
486,2
753,826
402,680
573,15
538,19
847,15
649,12
906,735
615,35
156,4
820,35
788,735
510,680
993,815
774,35
295,4
406,9
82,6
264,680
967,93
495,22
332,15
853,22
764,10
530,27
819,772
54,19
644,23
26,785
152,23
686,35
545,11
526,23
855,786
486,5
90,815
415,11
326,9
770,6
473,16
676,93
773,11
459,680
294,38
958,9
316,23
100,785
278,785
906,19
856,4
823,15
477,4
425,38
135,9
636,786
211,735
283,826
636,735
186,35
647,772
523,826
194,35
801,9
555,38
314,786
612,93
816,5
64,826
897,785
224,11
116,9
977,22
980,5
321,93
381,785
39,826
613,11
406,27
467,27
378,9
33,15
931,680
14,27
935,735
628,19
112,815
373,786
824,680
622,735
162,19
311,11
239,35
844,826
943,11
247,35
573,35
841,4
487,785
398,35
273,826
605,35
96,93
920,735
833,735
153,10
227,15
728,93
600,786
620,27
102,680
749,772
734,23
57,25
663,9
95,12
403,5
425,16
228,22
378,16
110,22
145,815
368,38
989,785
117,826
394,6
621,815
507,38
641,15
878,27
754,93
259,38
88,735
583,9
783,12
755,6
413,12
894,735
507,772
1008,815
845,9
496,19
793,35
774,15
834,826
762,786
446,826
33,25
605,680
144,4
665,25
811,22
387,680
601,1
86,6
32,772
344,22
197,1
552,16
293,680
311,25
3,815
333,12
580,19
397,815
694,15
659,27
325,786
309,35
952,15
97,680
941,19
448,680
200,25
181,25
734,1
823,19
255,38
771,25
228,4
635,25
104,10
675,8
625,35
271,8
471,815
882,9
679,785
611,16
169,5
80,19
721,826
367,4
540,12
209,772
293,27
872,15
175,27
234,772
440,785
669,22
320,6
943,38
745,93
52,8
987,8
952,22
913,23
148,772
348,25
3,27
388,10
617,27
963,35
546,9
784,772
929,826
283,680
943,772
361,19
515,5
240,6
899,815
722,12
133,16
98,786
351,786
651,735
923,815
490,15
471,35
49,772
666,10
43,815
62,25
64,680
173,10
688,19
394,735
694,25
52,23
570,27
994,680
41,680
296,22
245,93
941,5
263,25
302,12
879,786
91,680
536,22
314,19
460,22
741,680
635,23
672,27
818,22
446,815
228,10
586,10
930,735
308,735
478,11
133,25
775,19
83,12
674,815
454,16
679,2
330,2
37,8
688,10
580,8
634,826
284,10
13,15
109,27
790,772
789,772
3,9
591,93
849,25
534,4
210,8
670,25
139,12
820,27
142,11
272,38
623,27
956,16
795,815
981,8
103,25
475,5
461,735
794,38
133,2
116,785
636,5
156,786
268,815
565,15
910,785
837,735
836,10
701,10
59,12
707,680
615,19
691,12
13,8
198,12
645,8
888,19
741,4
263,15
321,12
213,22
695,8
879,735
867,9
512,680
910,23
303,5
929,11
697,23
404,22
831,786
775,1
744,22
376,16
174,786
512,786
502,826
69,19
711,25
587,23
880,27
750,12
293,826
183,15
148,19
762,19
780,35
321,735
534,22
684,826
612,786
373,680
559,10
581,25
232,19
251,785
877,8
146,786
806,12
935,93
991,735
939,38
481,735
355,815
543,93
571,786
932,15
843,9
497,2
957,1
44,4
812,772
688,826
393,772
155,11
158,4
216,11
947,23
469,786
418,772
805,93
37,35
347,93
787,11
91,35
281,4
541,8
357,785
195,1
602,22
624,23
604,680
109,6
859,38
568,772
309,9
884,38
496,815
439,815
223,2
763,9
164,9
349,19
300,6
374,5
29,11
214,9
414,10
661,11
229,9
177,19
784,5
984,786
679,38
256,19
476,9
392,8
289,93
1011,735
902,9
668,735
778,11
334,10
852,22
563,93
965,785
766,9
56,815
238,27
917,9
186,5
386,22
741,826
114,93
78,15
482,2
560,826
897,6
746,93
599,38
160,680
140,9
967,9
769,2
275,786
575,9
279,11
390,10
505,826
216,25
911,11
402,9
169,786
773,22
996,735
424,38
405,12
194,826
947,735
106,5
821,826
624,5
702,23
171,22
985,1
603,11
362,826
626,735
346,16
39,23
520,815
186,12
278,35
761,93
742,9
595,735
374,23
850,23
729,4
983,785
964,19
286,35
125,9
344,38
214,27
985,772
433,10
202,786
274,826
115,15
239,1
794,5
954,9
448,4
822,735
205,2
994,19
252,680
255,22
455,5
257,6
475,772
353,10
777,786
245,12
393,25
250,815
396,2
606,15
753,38
1010,2
39,12
421,6
78,25
522,38
902,735
411,16
303,38
932,35
669,38
541,785
301,12
1001,27
190,27
144,772
567,785
56,27
310,815
59,38
371,815
501,10
854,93
32,4
909,19
303,772
270,2
533,786
625,785
455,2
899,5
171,4
356,8
376,785
603,25
860,35
773,826
243,35
960,735
211,10
564,815
236,2
273,8
54,25
1011,38
520,23
260,786
905,8
301,5
321,772
397,785
566,786
770,12
202,1
239,786
534,93
538,16
20,8
424,27
316,25
726,35
341,15
159,8
948,25
514,9
751,25
270,5
536,38
970,10
899,10
702,8
760,15
222,680
118,772
67,786
853,735
85,10
638,16
144,25
418,5
736,8
421,8
186,25
631,19
261,4
408,19
764,11
31,772
73,22
952,826
609,786
24,35
705,6
226,35
101,27
545,10
20,23
538,27
811,772
172,826
100,786
338,5
620,38
929,772
487,25
181,4
972,785
934,23
954,772
95,25
320,680
154,38
500,785
749,12
949,15
107,10
936,12
754,815
593,93
310,22
554,10
443,12
668,22
922,35
942,38
48,1
530,19
51,12
436,680
328,785
794,25
597,25
816,6
707,815
190,12
765,680
731,815
36,815
274,27
511,15
1007,735
866,10
77,27
351,27
795,10
191,23
637,35
178,8
217,680
363,12
788,27
203,16
810,8
650,4
192,815
924,16
28,93
946,5
824,826
567,2
860,8
473,826
513,772
71,25
1010,38
539,772
221,23
498,786
335,19
465,16
925,15
764,25
485,93
84,785
357,2
604,5
125,38
313,786
996,786
98,8
44,826
669,10
483,11
325,815
163,19
201,785
592,25
936,785
573,25
295,93
521,19
166,12
869,8
798,12
856,19
927,93
839,826
181,22
400,9
626,815
682,38
453,785
203,9
724,10
597,772
635,10
428,4
68,35
72,38
971,12
475,35
665,23
811,16
831,93
172,1
429,35
712,22
286,9
986,22
692,735
73,9
605,735
679,25
430,772
344,16
848,27
422,2
955,785
79,680
37,19
577,38
692,785
730,19
660,826
76,815
551,35
718,785
459,11
370,25
1012,35
958,35
941,25
755,9
191,5
193,785
527,10
929,815
894,11
487,4
219,785
114,735
132,2
355,772
816,786
157,6
638,12
380,772
767,93
71,15
472,93
329,15
147,16
515,22
539,786
996,27
428,735
679,22
555,12
223,735
425,826
281,93
466,35
263,815
49,9
947,93
952,16
163,1
681,9
77,6
45,93
546,15
565,785
731,9
185,93
991,38
572,786
721,680
386,38
759,735
317,19
291,680
827,785
315,680
194,4
305,15
468,16
145,19
181,826
1008,5
737,12
555,5
793,786
937,15
480,19
318,680
409,25
247,9
173,16
447,12
685,38
659,35
342,680
844,93
534,11
938,22
918,735
352,680
631,786
869,35
667,35
121,93
941,11
546,6
302,10
531,93
877,35
146,815
734,9
590,786
92,23
663,23
888,772
78,38
99,680
564,19
105,786
968,6
512,9
950,735
515,4
440,735
576,22
135,815
651,11
910,772
712,11
537,826
679,4
790,9
1011,25
666,11
355,16
120,1
29,772
691,1
284,12
160,2
472,735
716,15
719,2
370,2
673,785
267,93
413,22
696,35
161,680
310,93
771,6
314,16
632,11
958,786
796,6
46,22
599,4
910,10
33,35
293,12
700,23
440,27
80,2
977,735
83,15
194,22
214,93
769,93
861,4
111,16
1009,785
386,785
688,11
355,25
284,11
324,772
570,35
166,35
993,680
64,735
728,1
323,826
582,826
855,6
486,785
89,22
660,16
277,815
222,815
225,25
574,15
389,6
907,2
621,16
73,93
491,826
475,4
938,826
542,786
544,93
836,11
947,8
516,19
241,10
170,6
444,22
501,35
968,786
148,786
476,826
494,2
745,826
728,8
324,8
768,25
344,785
806,10
571,25
593,735
632,25
460,5
99,735
7,5
463,8
176,15
339,22
782,35
943,786
672,735
201,25
843,19
404,23
556,815
922,27
207,23
229,6
266,16
621,772
909,815
912,93
1004,38
269,5
218,735
899,735
219,16
534,786
59,4
809,16
812,11
479,25
923,8
762,16
724,786
987,23
586,680
425,680
28,22
798,93
321,4
914,19
660,38
717,19
349,25
78,2
300,8
732,11
932,8
608,25
1006,19
420,815
516,772
774,735
41,22
848,93
868,16
614,35
407,35
47,8
158,5
858,10
911,4
513,10
254,25
515,826
587,15
495,785
170,8
713,8
109,5
951,2
862,22
739,735
205,785
171,27
297,785
372,680
121,2
396,22
695,25
988,5
550,772
717,12
917,15
114,35
704,15
278,22
575,772
979,826
908,25
693,35
414,11
843,1
552,680
130,25
757,6
719,772
390,16
871,2
784,6
216,19
343,16
516,8
402,15
476,10
809,2
834,10
836,826
637,12
195,9
624,15
553,5
456,38
517,23
331,12
494,23
830,38
559,27
444,735
191,93
676,786
492,25
94,680
386,23
189,23
544,10
466,786
840,27
896,680
507,9
967,8
325,2
312,9
130,16
419,815
976,16
575,8
686,5
372,35
301,25
122,93
784,680
730,35
451,11
673,16
326,35
551,19
698,8
758,38
560,25
541,25
637,5
106,2
624,6
956,93
295,27
759,93
121,12
393,23
161,19
269,786
625,25
973,735
264,772
779,16
766,826
322,6
433,9
768,815
398,772
54,12
366,786
204,38
757,8
647,25
979,2
797,23
949,785
490,93
678,826
129,735
42,735
612,10
94,6
355,35
674,8
363,35
626,785
970,25
161,785
147,815
995,19
297,772
998,12
356,2
893,826
72,4
310,2
440,93
39,15
495,2
739,22
850,15
668,10
686,786
853,2
411,19
892,35
178,826
492,772
535,815
370,735
386,815
204,93
135,680
505,93
238,772
94,9
538,22
20,2
45,6
501,9
764,815
763,785
159,2
586,826
896,9
382,772
146,680
788,15
328,6
699,9
507,680
258,826
760,9
867,815
151,772
637,786
727,10
766,35
14,4
917,35
921,826
961,9
946,786
357,22
582,12
162,4
239,22
918,2
408,786
851,93
979,16
743,27
502,785
841,23
17,2
364,786
606,785
609,19
113,22
973,93
116,5
723,23
778,93
615,93
338,11
563,11
722,680
712,772
159,11
107,785
514,6
788,22
330,785
970,11
1005,23
886,826
282,9
467,15
985,27
1005,786
640,5
145,826
736,9
644,735
206,93
903,9
979,735
194,38
767,9
804,5
276,11
387,8
705,5
635,785
962,35
743,16
88,1
894,786
0,93
770,4
202,9
473,22
313,10
131,15
847,22
320,826
745,15
601,786
464,772
267,2
86,785
947,826
430,25
89,38
823,9
972,786
99,93
65,93
428,23
651,815
853,786
925,826
749,11
915,735
538,826
978,815
407,680
211,27
675,680
912,22
693,9
569,27
804,12
328,786
382,16
79,16
463,826
943,12
176,785
656,11
601,93
326,6
76,826
955,25
166,10
941,38
227,735
178,9
303,786
549,22
474,6
934,15
650,5
104,23
946,2
675,23
14,25
825,25
971,22
221,22
495,38
61,2
172,11
84,786
530,11
344,10
783,826
471,25
878,22
607,11
740,19
705,23
102,735
854,15
730,9
622,27
752,22
274,19
795,2
634,38
617,38
987,826
696,8
767,680
18,12
509,680
92,11
107,772
663,11
366,19
539,25
921,19
377,826
800,38
157,12
231,5
431,8
307,22
381,35
327,785
384,680
58,6
533,8
335,27
512,826
530,2
555,22
274,785
616,8
49,23
505,2
692,786
212,8
913,27
966,815
952,10
570,12
972,680
274,10
755,8
459,10
457,826
758,23
540,785
191,4
945,93
356,815
598,27
252,22
344,815
623,1
865,680
21,10
520,786
685,19
317,25
488,815
655,826
971,4
775,38
872,10
104,735
779,35
549,815
915,22
537,815
311,27
937,5
646,785
333,10
78,680
170,35
558,8
780,2
943,27
548,38
198,38
456,22
74,16
990,2
313,38
702,93
423,25
522,815
173,785
687,38
64,6
908,785
484,25
520,735
657,23
89,2
291,785
381,826
92,25
536,10
849,815
496,12
132,10
771,27
685,12
978,22
870,8
134,680
228,6
543,772
746,10
233,680
959,8
895,16
694,815
271,10
149,772
576,16
318,19
925,25
601,8
839,2
108,8
329,826
533,25
184,19
511,93
155,815
447,15
13,27
215,35
645,27
21,785
830,25
191,10
249,23
