198,786
74,772
509,8
737,826
791,93
741,786
7,25
672,6
176,27
283,785
710,23
105,785
700,25
367,15
61,38
744,35
587,735
861,10
536,815
848,1
120,2
802,5
570,25
74,2
990,12
792,19
901,735
595,19
481,12
210,15
484,15
374,826
731,6
768,12
842,15
771,9
756,6
135,93
525,10
65,11
655,785
622,785
290,6
806,786
404,2
44,25
407,23
944,23
587,27
397,93
970,826
538,38
573,826
777,12
62,6
762,15
227,815
561,786
28,772
528,16
456,11
185,6
114,826
902,35
559,6
136,19
321,9
546,25
508,826
291,772
290,772
111,826
403,735
741,772
409,772
907,5
339,16
654,786
414,23
895,15
658,27
1006,6
420,826
611,9
993,19
562,8
47,5
394,35
517,735
737,22
241,9
576,815
762,22
652,25
247,23
231,772
968,680
1006,815
199,735
96,9
667,9
869,93
670,6
432,11
605,786
695,10
435,6
806,11
867,11
575,785
1000,19
1006,9
426,5
337,19
924,772
47,2
123,815
587,9
36,785
440,815
577,19
81,22
944,826
135,735
670,772
449,93
306,11
713,6
270,93
805,35
455,35
475,826
938,11
260,19
297,815
814,772
525,826
874,19
506,9
103,786
953,27
756,19
704,9
671,735
303,12
512,22
732,4
932,9
0,826
952,786
293,38
575,5
135,786
500,11
301,38
375,35
365,9
224,93
352,2
280,735
764,772
658,815
329,680
220,9
445,2
1001,772
728,23
379,680
571,22
1010,23
496,38
991,11
316,785
596,22
760,93
278,23
780,826
103,6
126,680
472,15
404,38
575,2
423,785
465,826
1001,38
402,12
476,11
685,772
945,735
195,8
146,9
337,815
161,25
307,38
864,19
828,9
302,826
214,6
507,8
895,35
967,11
54,10
917,786
610,772
898,785
779,785
448,15
708,19
415,16
56,15
437,35
129,786
443,772
133,826
904,786
405,10
7,785
998,785
835,826
377,8
103,680
1008,785
951,19
113,680
899,25
260,8
763,25
176,93
232,10
229,786
417,786
568,25
889,22
616,826
729,10
140,2
368,772
807,12
954,23
521,680
633,25
797,22
873,93
47,38
822,6
418,815
660,786
326,27
316,5
923,23
13,35
655,25
677,12
915,785
42,786
186,735
245,10
744,786
542,16
871,785
502,38
82,19
539,826
153,785
742,6
779,8
942,19
840,10
607,22
165,15
239,8
594,9
635,735
597,12
816,19
529,815
698,27
458,772
538,23
443,786
101,786
959,815
563,5
212,93
875,826
859,4
896,10
588,11
255,25
111,772
934,27
760,10
445,38
763,23
356,10
229,735
755,785
211,12
177,826
235,815
201,38
261,772
226,38
728,785
770,10
916,93
237,27
719,93
758,8
922,772
373,38
391,22
400,38
899,12
352,826
789,826
887,22
690,785
144,27
332,10
443,9
579,27
853,19
504,9
804,6
642,786
54,22
570,826
369,11
387,11
686,38
262,35
743,19
981,772
154,680
855,815
573,5
538,25
495,826
426,735
742,786
67,22
267,5
341,22
181,2
292,27
845,27
992,12
810,15
828,815
650,27
135,10
853,785
946,8
825,23
182,35
348,786
628,23
665,11
739,12
621,826
289,815
288,785
162,23
314,785
422,22
940,10
616,27
101,2
433,815
930,16
548,10
252,772
811,680
866,8
153,6
931,19
489,772
625,826
366,9
71,27
589,15
828,35
665,12
61,1
686,815
283,11
764,27
304,826
51,23
30,772
416,680
718,11
956,786
422,9
55,772
602,93
841,9
472,826
402,93
277,5
297,735
210,735
64,9
487,9
896,22
514,16
860,772
477,680
132,5
702,35
685,25
45,815
979,772
428,6
543,785
898,815
313,680
872,4
746,735
234,785
825,735
18,815
293,785
466,38
855,826
432,815
126,4
74,22
684,680
462,10
31,19
400,2
71,786
114,16
242,93
206,15
173,680
870,22
818,735
624,786
881,815
900,9
543,5
548,826
641,5
950,9
898,35
681,772
59,680
443,735
797,815
409,22
320,2
390,826
765,6
732,735
115,826
224,19
830,23
360,8
752,826
749,680
588,93
770,815
258,785
759,4
80,785
564,22
450,9
33,23
431,25
182,15
169,10
243,15
297,93
194,2
503,12
401,785
679,9
444,11
598,785
967,786
608,785
755,25
298,826
302,8
267,38
531,680
966,19
549,9
127,680
685,4
243,785
635,19
748,786
880,815
404,4
117,786
886,735
44,35
688,785
283,23
817,680
505,785
641,23
184,27
292,772
296,735
385,772
905,93
962,22
195,38
982,93
398,2
0,8
879,16
666,786
756,826
302,19
842,12
456,735
769,815
154,10
485,23
857,22
175,815
586,9
913,815
293,10
648,23
759,785
407,22
636,9
601,25
503,2
143,93
454,23
898,12
516,22
441,2
59,8
615,23
89,785
3,10
830,8
188,22
250,772
238,2
560,785
138,772
68,8
550,10
808,10
257,772
182,16
758,786
426,27
944,15
725,16
503,27
784,19
552,15
145,4
771,815
148,23
790,25
441,11
111,27
80,735
259,12
997,6
598,826
505,38
13,5
586,786
643,735
553,16
0,6
257,38
263,8
728,10
506,15
198,772
697,785
326,680
164,6
438,22
845,35
954,826
336,680
723,785
874,786
341,772
419,826
884,772
426,2
744,25
229,4
600,680
516,4
59,6
833,786
333,38
541,12
997,15
945,25
528,15
691,22
106,23
642,27
272,786
938,8
719,27
688,735
870,93
303,15
512,23
268,35
643,815
664,680
846,5
95,786
831,772
728,815
784,1
17,35
698,4
94,19
720,25
444,38
136,772
531,19
260,27
136,9
852,10
356,23
581,15
778,15
250,785
291,826
349,16
977,680
414,9
957,23
372,38
282,785
584,27
451,4
753,786
834,8
637,735
382,785
751,6
220,1
756,680
766,12
551,815
828,10
939,9
557,15
388,785
334,786
374,19
472,23
967,10
607,35
537,680
41,6
494,680
957,16
584,2
698,22
129,785
97,815
920,4
560,27
155,785
234,93
751,15
334,16
631,735
619,680
985,6
417,785
236,786
936,19
258,35
867,38
653,735
433,15
239,2
331,680
523,9
190,23
66,1
982,19
602,680
306,93
787,35
844,16
20,5
862,772
795,35
154,786
561,815
391,35
674,6
255,19
862,9
446,735
781,93
985,15
532,15
408,8
29,680
671,9
582,11
303,35
661,35
350,10
115,25
647,16
121,680
486,15
509,785
1007,22
94,15
422,680
424,23
405,27
684,27
45,4
563,4
909,16
183,815
438,93
404,680
699,11
282,12
356,11
428,35
310,27
850,4
961,15
322,22
964,12
401,826
347,2
937,38
974,93
340,35
486,6
641,826
91,25
202,12
497,735
294,35
352,38
278,786
136,93
501,16
67,16
468,786
983,6
821,786
487,680
809,826
497,680
591,22
828,785
985,25
567,9
201,93
628,9
332,11
649,786
667,735
408,22
157,826
764,6
999,23
214,35
347,27
992,815
644,19
152,27
190,8
819,15
412,2
323,735
199,785
237,19
737,93
770,2
128,4
847,16
573,4
632,735
565,826
896,25
751,35
161,826
677,38
493,826
331,35
884,11
685,38
759,35
427,826
118,786
463,93
150,772
85,16
106,826
502,8
193,6
489,5
736,2
739,15
152,680
961,25
875,2
285,735
982,826
397,5
915,5
607,12
422,23
333,680
852,680
248,22
215,25
126,27
659,8
237,12
100,772
410,35
474,4
183,826
663,12
921,8
317,5
363,772
736,25
420,786
368,35
498,785
925,12
910,815
912,15
693,16
909,680
715,15
73,5
125,35
902,772
483,12
545,25
191,786
50,815
125,735
126,2
459,23
524,11
891,8
47,772
165,772
992,27
665,785
406,22
650,10
925,735
431,735
513,786
218,8
789,10
517,826
441,815
405,785
712,25
412,786
693,25
340,826
971,772
626,12
37,16
685,826
725,680
173,27
872,735
212,10
508,27
422,826
496,786
958,38
980,23
285,93
752,772
380,93
200,22
219,786
951,93
845,5
870,23
502,680
450,15
268,10
59,826
885,15
80,16
614,8
905,815
446,35
768,786
679,19
256,38
37,25
688,25
62,19
730,25
529,772
555,772
55,735
277,22
887,93
191,15
891,6
966,25
660,6
327,10
277,785
198,680
453,11
435,93
954,93
169,9
757,93
885,8
775,25
170,815
925,23
747,27
305,12
552,27
383,735
937,12
555,6
298,680
580,6
13,25
913,11
645,25
461,786
670,19
619,815
966,16
200,4
184,680
167,15
361,23
342,19
910,6
968,9
404,5
117,785
280,11
761,35
429,11
747,16
106,735
964,93
529,680
639,6
129,826
148,2
284,15
505,27
287,2
198,22
259,772
773,93
521,12
423,9
729,735
197,785
753,11
953,6
225,5
904,19
704,38
178,735
401,15
497,19
775,15
947,4
256,11
972,4
184,35
59,11
725,785
138,35
801,735
450,826
343,772
604,735
345,16
185,4
645,11
630,12
423,6
888,16
672,785
858,680
124,15
142,15
127,2
753,12
40,6
99,772
867,4
463,12
671,38
910,735
932,5
516,785
130,11
537,6
542,785
565,11
787,1
130,772
441,10
195,23
69,785
987,19
849,22
406,93
888,23
337,826
859,93
951,772
199,35
664,93
688,680
339,27
929,15
758,735
712,35
949,826
760,815
306,9
843,815
436,786
951,6
420,1
994,772
204,680
539,93
99,15
526,735
232,23
213,27
730,826
877,4
53,23
606,23
400,93
850,38
801,93
433,27
967,23
472,10
1006,22
535,772
913,785
387,35
1001,35
484,772
216,15
898,22
256,16
590,15
94,16
293,815
405,6
390,785
655,12
624,11
344,680
824,8
240,772
260,4
667,25
266,815
728,25
270,815
272,15
553,735
346,10
828,12
665,35
939,19
578,772
250,27
840,23
434,815
201,8
572,9
184,826
240,93
908,11
251,8
69,1
486,27
504,785
945,10
195,10
798,35
887,12
445,25
637,772
124,19
53,25
297,2
171,735
903,38
907,35
1000,10
547,8
931,786
682,826
865,10
757,12
633,22
298,35
318,38
393,826
982,25
698,23
402,5
311,93
534,826
923,16
192,6
245,772
617,93
788,4
455,8
994,785
791,25
423,35
651,772
689,6
835,35
800,15
88,785
448,815
186,8
596,38
690,680
838,785
820,772
325,8
90,25
594,12
224,826
597,1
228,786
375,8
158,680
584,735
641,815
362,15
415,27
91,10
609,6
202,27
720,15
45,10
319,10
709,35
51,680
377,23
305,786
220,16
898,735
117,93
338,785
763,16
285,23
864,35
668,5
872,35
31,786
197,38
569,5
769,16
201,35
273,11
188,815
79,6
635,772
301,8
249,815
30,19
969,38
753,772
202,735
61,786
869,16
983,8
159,15
660,93
788,10
738,35
132,35
760,12
650,23
406,11
136,38
230,826
67,785
48,786
393,6
985,23
714,8
144,38
897,35
234,680
625,8
398,735
723,826
137,9
28,680
122,2
693,4
40,785
921,680
666,38
872,815
597,19
890,15
523,6
415,9
254,35
326,11
609,16
869,25
634,8
563,12
341,11
821,785
270,9
199,93
57,9
439,772
406,2
887,16
339,93
946,15
748,826
270,786
567,8
736,12
589,27
628,10
332,4
703,23
408,23
906,826
942,35
543,35
999,22
801,11
51,11
507,22
932,93
520,2
616,22
364,772
128,5
937,785
424,6
482,772
559,826
798,6
856,9
32,22
549,735
610,8
845,25
539,12
995,11
636,815
946,6
749,8
567,1
254,772
518,16
512,815
875,5
740,23
705,19
248,23
584,38
677,93
346,786
933,35
42,11
684,1
191,19
947,772
57,27
366,15
21,5
276,680
262,826
428,9
543,735
431,12
72,35
144,11
971,11
518,11
773,785
703,5
429,38
86,9
286,10
433,35
73,4
37,22
57,680
207,815
480,2
409,10
943,22
656,5
841,15
90,826
128,19
237,4
24,826
351,12
891,11
67,6
527,9
894,4
919,772
95,11
721,5
406,23
192,826
541,680
193,23
231,6
268,12
531,772
361,35
897,15
885,5
614,22
562,735
122,38
527,815
530,1
793,772
1011,6
761,786
616,11
962,11
200,786
153,22
299,19
67,15
200,23
181,27
474,23
972,826
203,2
759,9
229,815
503,826
841,786
218,16
882,11
538,786
336,785
116,826
443,23
761,16
86,27
433,93
604,23
344,27
510,93
590,38
98,22
206,815
320,4
755,735
511,38
595,6
462,19
891,25
267,35
696,25
181,735
578,815
425,5
796,12
870,15
265,25
104,15
780,680
473,785
611,23
576,19
44,38
1001,93
175,38
676,22
822,93
630,735
24,10
480,23
740,11
913,10
472,785
74,6
509,735
916,1
481,8
101,815
855,12
235,25
1012,826
978,12
615,826
907,735
710,735
968,10
715,93
182,4
570,680
789,735
115,35
61,35
426,23
922,10
636,12
37,10
386,786
792,785
335,735
501,93
340,93
395,23
323,680
0,10
185,2
556,23
482,826
50,22
820,25
966,8
142,5
606,35
932,786
753,10
644,772
236,826
989,735
682,6
45,785
463,6
265,11
672,16
890,680
512,735
329,38
562,12
123,786
790,4
811,826
519,5
739,786
444,27
466,8
691,10
13,10
913,4
52,27
491,16
716,2
938,4
991,786
719,23
249,38
623,38
991,25
756,8
460,10
154,19
796,25
300,22
907,6
943,785
654,785
550,8
0,815
473,735
182,22
130,735
573,735
620,785
451,19
34,25
52,680
771,785
294,16
901,8
355,2
306,15
752,35
109,15
951,8
534,16
882,785
420,27
741,15
670,5
292,93
113,786
258,93
310,35
225,22
189,8
389,11
796,16
140,25
434,826
287,785
44,10
871,8
229,2
216,9
34,16
989,93
419,35
402,25
559,735
355,11
163,38
914,786
402,735
420,2
494,9
167,93
526,785
546,38
529,38
196,38
272,9
988,10
770,735
554,38
793,12
300,4
618,27
873,785
506,785
303,9
163,772
368,786
537,23
226,6
669,93
281,772
584,22
470,815
306,772
933,19
883,2
701,23
441,27
973,786
294,2
425,772
195,4
655,15
642,16
0,22
435,786
607,680
121,6
375,680
470,9
933,826
388,735
232,772
639,93
967,15
661,22
572,10
935,38
118,19
448,11
376,35
908,4
251,11
128,35
330,35
934,815
187,93
45,23
245,826
837,11
857,786
970,19
960,5
745,785
998,22
603,9
368,11
78,16
939,11
31,815
967,4
143,11
492,786
954,11
865,9
830,772
868,2
228,735
302,680
799,735
893,6
110,735
880,5
958,23
999,772
877,93
859,11
716,93
82,23
63,11
874,11
529,9
161,23
988,23
310,15
1010,4
295,786
97,15
275,27
850,16
100,12
873,772
582,22
143,16
643,772
439,19
226,19
390,6
375,11
214,785
891,815
401,735
883,25
168,786
649,4
405,16
45,9
230,15
395,38
70,19
217,10
149,27
295,12
995,23
41,815
924,9
121,25
871,786
856,826
469,735
36,22
576,35
832,93
925,38
176,38
507,27
162,9
807,6
315,38
641,93
948,786
348,38
476,19
61,785
822,785
179,785
588,6
612,826
702,10
653,9
378,6
107,19
72,15
241,680
152,785
764,9
601,38
40,786
521,735
187,8
369,23
526,22
770,9
990,35
792,38
478,680
264,735
373,35
745,10
341,10
640,772
992,8
63,38
946,12
14,19
930,680
107,8
825,19
789,680
900,16
721,735
3,680
616,786
690,9
853,16
73,25
273,4
607,1
369,8
616,23
262,38
743,12
411,815
784,93
472,815
659,5
437,4
648,786
591,786
153,2
742,785
267,6
178,10
303,785
14,785
382,826
363,10
699,27
973,35
721,10
258,735
650,6
317,10
763,38
107,1
789,6
776,5
172,8
872,25
48,6
530,12
804,8
715,8
221,735
833,815
794,735
333,27
483,9
893,35
459,16
133,772
758,25
156,16
1002,16
178,5
568,826
737,786
644,826
203,23
421,826
549,680
514,785
34,826
418,16
882,22
863,8
921,785
293,735
579,10
764,22
394,25
715,1
752,10
570,1
681,2
77,15
850,785
795,6
854,772
191,27
449,680
527,8
728,35
1002,27
219,680
328,38
53,38
57,35
702,38
777,826
81,786
482,93
650,8
428,1
724,23
802,786
875,680
589,5
789,8
756,93
279,826
175,19
909,735
382,6
844,815
1011,9
244,35
137,815
248,38
545,16
462,772
49,11
123,12
641,772
89,826
805,25
198,35
0,38
866,25
114,786
277,11
617,19
413,6
496,9
956,10
132,15
978,27
959,15
33,19
474,785
271,9
492,93
440,11
993,11
294,815
465,5
601,11
197,11
179,93
950,12
848,23
333,6
65,680
409,27
301,93
49,12
505,15
358,22
215,38
127,735
239,826
592,12
441,93
78,735
598,22
585,35
344,826
623,10
509,11
71,772
167,16
151,826
338,735
172,93
952,680
312,93
184,786
204,27
614,1
996,15
429,16
503,9
764,35
641,680
911,38
641,19
416,11
876,772
111,9
972,16
173,11
467,680
49,5
377,93
487,826
792,16
114,772
667,38
28,15
928,5
731,5
966,22
499,735
799,9
638,35
431,35
622,786
364,6
182,5
679,772
797,35
946,735
34,4
682,680
222,15
574,815
120,6
304,680
505,25
732,680
456,8
1009,22
916,9
594,786
277,38
559,5
617,6
906,35
547,815
289,35
953,4
129,23
991,19
1011,826
981,9
176,22
68,12
892,15
821,5
303,680
91,735
58,38
866,772
923,826
944,11
194,19
898,11
476,35
851,25
887,815
180,815
217,35
110,680
938,5
830,15
526,772
302,25
728,6
89,25
349,2
659,680
492,815
1006,10
182,23
350,35
833,27
390,735
333,815
376,15
865,93
352,8
984,8
971,680
355,735
50,9
675,93
213,16
877,9
37,680
848,785
723,735
795,826
65,25
1000,23
752,680
821,23
475,16
648,8
957,2
376,22
584,16
982,10
1004,35
254,27
790,23
862,815
333,35
923,15
357,786
528,2
639,826
179,815
309,10
862,16
751,680
352,772
744,826
855,19
568,8
604,785
1011,785
297,22
906,786
672,38
485,15
214,8
624,815
253,35
628,815
954,6
426,8
47,23
990,93
352,6
540,815
405,4
834,12
945,23
601,815
602,16
627,8
684,815
21,826
614,680
321,16
766,8
303,735
417,772
74,815
237,785
513,815
186,4
754,12
870,735
63,815
597,680
908,5
893,12
17,25
415,23
609,10
437,38
183,27
720,19
81,4
728,680
837,10
857,785
568,785
553,8
664,5
557,785
334,12
927,25
363,815
568,22
218,38
199,8
457,12
1010,10
75,6
386,16
113,772
351,680
596,25
545,826
986,35
112,1
556,785
226,25
155,680
102,826
362,735
188,93
354,735
688,35
820,93
788,6
881,25
810,23
744,815
121,23
174,11
714,4
87,735
988,16
663,93
960,786
989,15
757,19
584,12
783,35
969,35
533,93
773,25
331,826
977,35
227,19
637,25
70,16
738,38
791,16
171,5
82,15
85,2
211,772
946,27
470,19
72,9
863,23
39,10
495,9
260,735
335,5
942,23
641,35
273,9
493,35
794,22
484,826
486,2
753,826
402,680
573,15
847,15
649,12
906,735
615,35
820,35
788,735
510,680
993,815
295,4
406,9
82,6
264,680
495,22
332,15
853,22
764,10
819,772
54,19
644,23
26,785
686,35
545,11
526,23
855,786
90,815
676,93
415,11
326,9
770,6
773,11
459,680
294,38
316,23
278,785
100,785
906,19
823,15
477,4
425,38
135,9
211,735
283,826
636,735
186,35
523,826
194,35
801,9
555,38
612,93
816,5
64,826
897,785
116,9
977,22
980,5
321,93
39,826
613,11
406,27
467,27
33,15
931,680
14,27
935,735
112,815
373,786
824,680
622,735
311,11
239,35
844,826
943,11
573,35
841,4
605,35
487,785
398,35
96,93
920,735
833,735
227,15
728,93
600,786
620,27
749,772
734,23
57,25
403,5
663,9
425,16
228,22
378,16
145,815
368,38
989,785
117,826
621,815
507,38
641,15
878,27
259,38
88,735
583,9
783,12
413,12
894,735
507,772
1008,815
496,19
793,35
774,15
834,826
446,826
33,25
605,680
144,4
811,22
387,680
601,1
86,6
344,22
197,1
552,16
293,680
3,815
333,12
580,19
397,815
325,786
659,27
952,15
309,35
941,19
448,680
200,25
823,19
255,38
771,25
181,25
228,4
104,10
675,8
625,35
897,6
271,8
882,9
679,785
721,826
367,4
611,16
540,12
169,5
872,15
209,772
175,27
234,772
440,785
320,6
943,38
745,93
913,23
52,8
952,22
148,772
348,25
388,10
617,27
963,35
546,9
929,826
283,680
943,772
361,19
240,6
899,815
722,12
351,786
133,16
651,735
923,815
490,15
666,10
43,815
688,19
62,25
173,10
394,735
694,25
570,27
994,680
41,680
296,22
941,5
263,25
302,12
879,786
536,22
314,19
460,22
741,680
228,10
672,27
818,22
446,815
930,735
308,735
478,11
133,25
83,12
674,815
454,16
37,8
679,2
688,10
580,8
634,826
13,15
109,27
790,772
534,4
591,93
789,772
849,25
210,8
139,12
820,27
142,11
272,38
956,16
795,815
981,8
103,25
461,735
794,38
133,2
116,785
156,786
836,10
268,815
565,15
910,785
701,10
59,12
707,680
691,12
13,8
198,12
645,8
741,4
263,15
321,12
213,22
879,735
867,9
929,11
512,680
910,23
697,23
404,22
831,786
744,22
376,16
174,786
908,25
512,786
69,19
711,25
587,23
880,27
293,826
183,15
148,19
762,19
321,735
534,22
684,826
612,786
559,10
581,25
232,19
251,785
191,10
146,786
806,12
935,93
991,735
481,735
355,815
543,93
571,786
843,9
497,2
957,1
44,4
688,826
393,772
155,11
947,23
158,4
469,786
787,11
418,772
347,93
91,35
805,93
281,4
357,785
195,1
602,22
859,38
568,772
109,6
624,23
309,9
439,815
496,815
223,2
763,9
349,19
300,6
374,5
29,11
414,10
661,11
229,9
177,19
984,786
679,38
256,19
476,9
289,93
1011,735
902,9
334,10
668,735
852,22
563,93
965,785
56,815
238,27
917,9
114,93
186,5
741,826
78,15
482,2
746,93
599,38
160,680
967,9
769,2
275,786
575,9
390,10
505,826
216,25
911,11
169,786
773,22
996,735
424,38
194,826
947,735
106,5
821,826
702,23
171,22
985,1
603,11
626,735
346,16
39,23
520,815
278,35
850,23
761,93
742,9
595,735
729,4
983,785
214,27
125,9
344,38
964,19
985,772
954,9
202,786
274,826
115,15
239,1
448,4
822,735
205,2
252,680
255,22
455,5
257,6
353,10
777,786
245,12
393,25
396,2
606,15
753,38
1010,2
421,6
78,25
522,38
902,735
303,38
932,35
190,27
669,38
541,785
1001,27
144,772
567,785
310,815
59,38
371,815
501,10
32,4
909,19
303,772
270,2
625,785
455,2
899,5
171,4
376,785
603,25
860,35
773,826
960,735
211,10
564,815
236,2
54,25
1011,38
520,23
260,786
301,5
321,772
397,785
566,786
202,1
239,786
534,93
538,16
424,27
316,25
726,35
341,15
948,25
514,9
970,10
751,25
270,5
899,10
702,8
760,15
118,772
67,786
853,735
85,10
144,25
418,5
736,8
421,8
631,19
261,4
408,19
764,11
73,22
952,826
609,786
24,35
226,35
101,27
545,10
20,23
811,772
172,826
100,786
338,5
929,772
487,25
181,4
972,785
954,772
95,25
320,680
154,38
749,12
949,15
107,10
310,22
592,772
593,93
554,10
936,12
922,35
443,12
942,38
48,1
530,19
436,680
328,785
794,25
707,815
190,12
597,25
765,680
731,815
274,27
511,15
1007,735
866,10
351,27
795,10
191,23
637,35
217,680
363,12
788,27
203,16
650,4
192,815
924,16
28,93
824,826
567,2
71,25
860,8
473,826
1010,38
539,772
221,23
335,19
465,16
925,15
84,785
357,2
764,25
604,5
125,38
996,786
98,8
44,826
669,10
325,815
163,19
201,785
592,25
573,25
166,12
295,93
521,19
798,12
856,19
927,93
839,826
400,9
626,815
453,785
682,38
724,10
597,772
635,10
428,4
72,38
971,12
475,35
665,23
831,93
172,1
429,35
430,772
692,735
986,22
344,16
73,9
533,8
37,19
712,22
605,735
848,27
422,2
79,680
577,38
692,785
660,826
76,815
551,35
718,785
370,25
1012,35
958,35
941,25
191,5
193,785
527,10
929,815
487,4
219,785
114,735
132,2
816,786
157,6
638,12
380,772
472,93
71,15
329,15
147,16
539,786
996,27
428,735
679,22
223,735
425,826
281,93
466,35
49,9
947,93
952,16
163,1
77,6
45,93
546,15
565,785
185,93
991,38
572,786
721,680
759,735
317,19
291,680
827,785
194,4
305,15
468,16
145,19
1008,5
737,12
555,5
793,786
480,19
318,680
409,25
247,9
447,12
659,35
342,680
534,11
938,22
918,735
667,35
352,680
869,35
941,11
121,93
302,10
531,93
877,35
146,815
92,23
590,786
663,23
888,772
99,680
564,19
105,786
968,6
950,735
515,4
440,735
576,22
651,11
910,772
712,11
537,826
790,9
1011,25
666,11
355,16
29,772
691,1
284,12
160,2
716,15
719,2
370,2
673,785
413,22
696,35
161,680
310,93
314,16
632,11
958,786
796,6
599,4
910,10
33,35
440,27
293,12
80,2
977,735
83,15
214,93
769,93
861,4
111,16
386,785
688,11
355,25
284,11
570,35
166,35
993,680
64,735
323,826
582,826
855,6
486,785
660,16
277,815
222,815
225,25
389,6
907,2
621,16
73,93
475,4
938,826
542,786
544,93
947,8
516,19
241,10
170,6
501,35
968,786
148,786
476,826
745,826
728,8
324,8
768,25
806,10
571,25
593,735
632,25
99,735
7,5
463,8
943,786
672,735
782,35
176,15
201,25
404,23
556,815
922,27
207,23
266,16
621,772
909,815
912,93
269,5
218,735
899,735
809,16
219,16
59,4
812,11
479,25
762,16
724,786
987,23
586,680
28,22
798,93
321,4
914,19
717,19
349,25
78,2
300,8
932,8
608,25
1006,19
420,815
774,735
41,22
848,93
868,16
407,35
47,8
158,5
858,10
513,10
587,15
254,25
515,826
170,8
713,8
109,5
951,2
739,735
205,785
171,27
297,785
121,2
396,22
695,25
988,5
717,12
917,15
114,35
704,15
575,772
979,826
693,35
843,1
552,680
130,25
757,6
390,16
871,2
784,6
216,19
516,8
402,15
476,10
809,2
836,826
637,12
195,9
624,15
456,38
517,23
331,12
494,23
559,27
444,735
191,93
676,786
94,680
386,23
189,23
544,10
840,27
896,680
507,9
967,8
312,9
130,16
419,815
976,16
686,5
372,35
301,25
673,16
122,93
730,35
451,11
326,35
698,8
758,38
560,25
541,25
106,2
624,6
956,93
295,27
121,12
393,23
161,19
269,786
973,735
264,772
779,16
766,826
433,9
768,815
398,772
54,12
204,38
757,8
647,25
979,2
949,785
490,93
678,826
94,6
129,735
612,10
355,35
674,8
161,785
626,785
970,25
147,815
297,772
998,12
356,2
893,826
310,2
440,93
39,15
495,2
850,15
668,10
686,786
853,2
892,35
178,826
492,772
535,815
386,815
204,93
135,680
505,93
20,2
94,9
538,22
45,6
764,815
763,785
159,2
586,826
507,680
382,772
146,680
788,15
328,6
258,826
760,9
867,815
637,786
727,10
766,35
14,4
921,826
961,9
946,786
357,22
162,4
239,22
918,2
408,786
979,16
743,27
502,785
841,23
364,786
606,785
609,19
113,22
116,5
723,23
722,680
778,93
615,93
563,11
712,772
159,11
514,6
970,11
788,22
330,785
886,826
282,9
467,15
985,27
640,5
145,826
736,9
644,735
903,9
979,735
194,38
767,9
276,11
387,8
705,5
635,785
743,16
88,1
894,786
473,22
0,93
202,9
313,10
131,15
320,826
745,15
601,786
464,772
86,785
947,826
430,25
89,38
972,786
99,93
65,93
428,23
853,786
925,826
749,11
915,735
978,815
407,680
211,27
675,680
693,9
569,27
804,12
328,786
79,16
463,826
943,12
601,93
176,785
326,6
76,826
955,25
941,38
227,735
178,9
303,786
474,6
934,15
650,5
104,23
675,23
14,25
825,25
971,22
495,38
61,2
172,11
84,786
344,10
783,826
471,25
878,22
740,19
705,23
102,735
854,15
622,27
752,22
274,19
795,2
617,38
987,826
696,8
107,772
767,680
509,680
92,11
663,11
539,25
921,19
377,826
800,38
231,5
431,8
307,22
381,35
384,680
58,6
335,27
530,2
555,22
274,785
616,8
212,8
505,2
692,786
694,10
913,27
952,10
570,12
972,680
457,826
274,10
459,10
758,23
540,785
598,27
945,93
356,815
252,22
623,1
865,680
21,10
520,786
317,25
488,815
655,826
971,4
872,10
104,735
779,35
549,815
537,815
311,27
937,5
646,785
170,35
78,680
558,8
780,2
548,38
198,38
456,22
74,16
313,38
702,93
423,25
522,815
64,6
687,38
908,785
484,25
657,23
89,2
291,785
381,826
536,10
849,815
496,12
132,10
685,12
978,22
959,8
870,8
134,680
746,10
543,772
233,680
694,815
271,10
149,772
576,16
925,25
601,8
839,2
108,8
533,25
184,19
511,93
155,815
13,27
215,35
645,27
21,785
49,772
249,23
