1376,1654
1409,131
1321,33
1107,1670
1800,66
940,633
1491,1659
1645,16
1167,1660
1978,107
1089,1642
1485,105
1838,1641
1927,86
1546,1667
1213,100
157,1660
1421,87
1557,53
785,1639
5,84
1363,1698
1809,54
1828,1656
816,1785
837,33
177,77
948,36
1369,1656
1610,1670
1923,75
1815,105
625,66
588,82
1053,56
1695,1657
850,63
1950,1092
317,36
782,86
1731,1657
127,1673
1966,94
1375,1641
1928,1676
1011,1668
407,23
1043,111
1778,112
1445,1807
1605,119
1879,1656
777,633
279,89
1868,65
987,24
1180,67
1013,190
563,67
1234,1630
970,67
1234,138
1609,1658
1770,104
690,66
1189,108
440,35
757,42
979,96
1757,1657
486,112
1580,104
1560,1641
679,53
476,62
673,1680
1957,1676
1593,1657
247,23
1684,190
948,42
1795,1673
153,1698
1571,1658
978,107
813,42
355,110
227,1807
1002,101
985,43
1724,68
1410,28
452,70
142,16
1051,1656
1378,1672
1566,73
257,80
115,132
632,26
592,131
1524,17
222,109
1135,633
1281,154
215,86
156,1632
185,16
630,24
1918,67
1331,39
728,16
1041,1675
1425,94
1581,17
1341,66
939,24
1901,138
1919,1663
834,1668
231,84
821,20
1897,85
152,1659
1860,111
831,111
979,110
1350,35
599,131
1330,1680
379,36
1580,94
1608,111
10,1630
1501,62
1926,1
1802,51
1181,86
1126,1785
818,1670
1866,84
1775,114
642,132
716,131
329,1671
1128,67
1093,101
245,1665
216,101
1636,1233
1788,110
1184,196
465,80
1616,71
913,82
296,108
277,1665
1326,1668
1737,35
282,131
1682,1658
1868,101
400,58
309,16
243,1642
774,58
1773,32
946,109
1888,32
1941,26
1402,98
46,58
342,75
1712,77
199,1666
315,23
5,41
1492,87
1515,94
737,50
1691,1671
1822,17
1661,23
338,31
449,32
38,50
188,1675
1644,64
499,80
1724,104
1559,41
492,17
956,1658
1060,96
273,28
648,32
688,87
566,104
1503,99
1251,26
685,1760
209,69
926,96
1190,107
1161,1667
1123,84
40,95
573,107
613,20
1060,1785
1938,105
772,1675
1302,638
398,1660
275,31
757,111
1274,59
22,66
1039,633
1540,68
586,89
1640,1630
1431,85
993,73
960,1642
1829,98
429,85
15,86
1047,37
455,111
306,1693
1505,71
1178,39
331,50
1945,1233
1534,1678
496,66
721,1663
424,1673
22,1678
27,138
25,154
1406,16
1081,239
343,70
1339,73
201,1657
4,138
115,31
540,68
1962,51
125,138
994,35
1808,239
1720,1
249,104
987,64
1362,1632
1766,82
721,28
152,1671
1436,1675
422,1675
228,100
1095,24
1779,1679
161,37
401,1676
1290,64
1128,1659
393,154
1759,70
1283,35
1485,35
1387,119
177,54
895,1656
1392,1807
700,1658
224,119
1236,112
994,1639
331,1671
498,1642
612,32
649,58
1151,103
1903,98
1002,42
894,20
953,1676
388,1677
521,112
760,24
961,105
1495,1658
1791,1667
1249,84
1467,29
844,1672
1235,41
4,233
1754,97
1791,36
1831,39
1582,1
1250,1654
760,1676
816,56
1574,1807
1811,75
687,1807
872,1658
1650,97
1357,1667
1314,138
1499,138
231,190
731,36
487,16
231,1642
493,233
1854,1092
975,1807
1388,20
1537,1654
1516,97
1581,89
643,97
1857,1233
757,67
404,1693
1917,65
810,1656
892,64
1819,99
1361,79
1604,29
1843,105
1276,190
781,1656
1407,110
1394,17
598,1
466,190
217,106
514,16
1377,56
1489,1672
951,69
1523,1660
149,59
1805,110
1953,109
1188,112
1299,79
1602,1698
1342,19
363,1092
622,1663
577,36
1777,131
1548,54
701,91
758,20
1970,1760
856,28
452,1797
657,29
802,104
1891,20
457,119
1072,86
1606,1657
1715,1676
1351,1642
714,41
1102,86
1840,75
535,69
1263,65
506,1663
1543,19
433,95
1544,41
509,1656
741,1659
1842,1672
1917,196
1590,42
859,1760
642,60
1930,39
649,86
980,1632
527,29
786,233
1876,1672
257,75
550,1658
1339,1641
1498,1656
881,190
1398,1673
564,1641
1353,1630
337,54
531,1632
647,96
1567,1639
1312,79
944,233
579,1642
1409,17
1156,80
1619,24
405,1680
901,1659
171,56
1972,1092
1480,154
1888,119
1602,83
1662,41
1491,1658
542,104
1702,94
1863,1668
1264,54
821,63
312,97
369,80
596,91
1421,86
1260,66
229,1630
1763,1785
1853,51
969,111
271,131
365,36
439,87
1722,1672
905,93
708,1676
656,111
1634,66
911,83
659,42
1005,84
184,138
261,1630
904,131
1734,233
944,1668
1063,109
877,26
1087,1679
625,65
1285,51
1395,1807
793,59
1531,101
543,99
179,62
433,1668
682,1663
950,99
1504,65
843,103
1218,105
976,1668
964,91
324,1680
983,233
88,68
767,1676
1029,79
1144,23
1861,28
340,90
1086,131
845,89
117,104
1220,59
1432,43
1307,67
1017,43
446,79
393,65
1631,50
140,96
430,190
507,111
1374,41
1411,33
915,196
1927,71
1910,1797
683,32
871,17
1024,100
1618,1672
1283,1233
1725,26
612,105
942,196
768,1677
1235,131
227,90
1477,66
156,70
155,1667
1674,196
572,1630
1771,98
903,56
317,53
968,61
307,67
1583,1673
276,100
1248,84
128,83
1009,1632
511,112
1505,1233
1126,85
863,239
320,101
1740,1233
212,51
1905,108
1298,82
1854,39
845,75
1796,100
1638,67
536,110
1452,196
1772,1233
1256,1639
938,1658
1331,87
1519,1680
1631,32
1115,51
656,60
1461,35
1061,1807
915,67
1306,138
1377,1642
1344,73
612,31
1491,138
1094,37
708,1760
689,132
531,19
1505,58
1876,31
133,1639
1484,1671
116,75
1820,1676
1026,63
382,1693
1342,43
1971,1807
1643,26
1271,67
122,1668
1811,32
819,42
1558,65
215,103
1049,119
491,109
212,65
305,1663
752,86
157,1807
546,58
1189,190
1653,1657
127,39
812,1671
1129,67
797,107
1169,66
968,1693
428,1807
545,99
1210,1665
782,1668
779,1678
1761,1632
657,1680
1563,60
220,24
578,28
11,31
749,37
1104,60
570,1630
496,85
1049,1659
647,138
44,93
1356,98
1389,1665
826,91
255,1671
1197,56
1569,119
871,1639
173,1680
326,24
366,131
330,87
1915,98
521,1670
1153,35
413,82
748,1
1706,1233
1545,79
1230,51
1523,39
613,19
960,17
620,75
380,154
1287,233
1860,61
1327,54
389,106
1313,1676
1813,97
586,70
627,1678
1054,31
1025,1639
1908,1668
1226,54
1544,239
418,1693
1950,85
901,80
1185,77
7,1639
126,1693
696,110
270,1
471,1658
635,99
1650,138
1353,26
357,131
1154,93
364,59
240,233
1161,53
772,82
1733,1677
1080,67
1813,1675
625,154
1006,1641
367,79
1770,1666
226,39
908,1807
1063,1665
1038,111
1441,1639
1533,99
1757,131
1462,33
161,75
956,100
1649,61
781,79
1334,239
1746,39
1964,114
664,1785
426,64
669,132
747,70
1282,1233
1338,1657
1547,1233
241,71
1239,23
837,89
1027,41
1390,1807
700,1659
1269,70
1822,114
479,106
1037,64
1311,1693
585,1
1915,1671
924,20
393,638
1832,39
766,83
1464,1
1282,24
914,94
421,62
1070,1233
282,1658
711,77
950,37
1006,1659
1767,62
1895,69
577,41
540,91
871,1675
873,56
1868,41
253,1658
1317,1667
1925,190
698,53
55,1630
1551,20
409,1676
768,43
1309,1668
278,106
439,1656
1827,1807
363,1642
1193,1
1964,96
828,60
1260,95
174,154
764,20
383,1630
993,84
1219,56
1611,196
376,82
1279,82
1044,53
642,43
737,111
810,111
223,54
442,69
244,73
1739,1678
1866,26
545,138
1748,26
769,1656
174,633
1539,1
863,119
1470,37
1342,16
1238,65
391,1672
543,31
1773,1632
1586,239
811,1641
1737,105
580,16
1079,110
1835,1658
1123,16
862,68
141,131
1371,1656
1257,93
204,1663
171,90
1934,1
781,1671
1759,20
1023,32
669,104
1976,1660
1574,107
673,109
1044,84
315,94
905,82
1984,32
1430,66
1451,75
1360,112
1974,1679
1330,1092
1923,95
290,131
186,80
1470,68
578,68
796,51
1521,28
200,108
1966,82
1643,67
594,68
705,79
354,23
853,63
1261,82
428,132
158,37
362,1658
852,1660
236,87
511,95
44,1672
577,53
1860,1642
560,75
279,69
1920,1679
1153,1678
255,90
1106,58
1220,54
173,1641
962,1656
360,112
1986,1639
1837,65
936,67
536,19
463,62
856,154
268,56
1470,1785
797,37
1260,67
1048,29
683,66
629,28
1873,23
438,106
331,108
402,190
1751,82
1755,23
1610,1668
1283,1654
894,35
1968,1672
1231,96
1927,1671
1346,32
1283,1671
1764,94
1727,42
1252,1630
954,111
974,106
1492,633
155,56
323,84
713,1654
344,239
516,23
1345,105
684,75
1436,64
1493,17
1476,63
1227,77
1409,98
1390,1658
640,80
548,633
660,19
1586,1673
1214,1630
1948,90
606,37
1055,1630
1256,1658
393,64
997,1092
359,111
1735,19
912,89
787,1
294,19
265,1665
264,66
1350,70
1758,67
74,633
274,103
385,104
1011,1654
672,190
1427,62
1306,1679
606,1807
995,64
981,29
1443,94
1080,154
766,107
985,90
654,109
544,87
1223,233
729,93
530,86
1211,91
1272,1671
1009,1639
822,56
1594,638
1726,19
1375,67
168,58
1331,41
1719,16
1576,1656
1458,1657
620,96
1318,1675
1082,87
855,17
1449,86
1432,58
440,68
1179,109
1331,86
1574,54
1850,80
1189,28
898,103
1031,131
350,1632
1240,28
1152,56
1940,65
657,638
1560,1657
1074,95
686,105
1015,77
338,43
745,1657
1041,1092
947,1663
1088,79
980,1675
1370,31
1852,1
1781,101
1339,190
732,110
1813,1797
1214,132
1821,100
1730,1807
1600,89
826,86
626,1678
628,94
1895,50
1692,1641
1090,1
3,1663
246,71
765,67
1821,1658
1468,1670
1379,37
1197,86
1605,105
1164,1679
1389,132
1816,1680
1713,56
40,83
1200,85
595,1667
1716,19
653,31
1388,60
450,196
124,19
1239,1656
1763,24
319,1680
1867,54
1978,31
1961,61
1635,82
1428,60
493,51
1286,54
1554,1672
1742,95
416,58
911,23
555,73
719,64
616,73
102,66
49,86
230,23
951,109
992,98
166,69
150,1630
4,96
1644,66
614,233
1450,89
78,26
776,104
618,119
1973,1233
1814,95
311,638
937,59
357,1670
464,233
173,1679
913,66
1805,1673
373,82
963,110
1462,84
876,79
1161,1665
1894,107
187,1676
1276,1666
1702,20
1156,1676
395,1659
384,1630
1692,26
1071,79
1550,104
169,1676
1732,1693
1273,1642
872,35
1392,132
1544,1
201,35
436,20
1621,29
1253,83
948,111
15,80
1283,68
1088,60
1436,638
873,1666
1081,19
310,105
1751,26
442,17
869,1666
1225,70
1697,90
350,99
1882,86
250,63
303,43
1008,239
1875,109
1426,99
712,77
740,1233
800,1670
1515,1665
1888,95
380,58
1247,94
1857,190
1381,190
1113,94
245,26
232,97
965,1671
1371,1676
325,82
1964,1797
686,1673
1759,64
569,23
1030,132
989,28
458,638
1897,33
462,132
979,26
1721,633
1689,1671
1320,62
715,1678
1930,1
1967,132
1826,110
375,1656
873,1676
284,69
1191,96
1145,56
1969,638
631,119
1188,1680
1040,60
1704,83
1335,239
475,41
403,1672
253,1672
260,1658
1625,1632
815,82
856,97
1207,70
215,24
491,70
805,104
809,109
1555,80
1114,1760
210,1656
1937,1675
987,80
1983,1654
370,114
618,1654
929,95
1502,26
1251,1676
57,132
1362,633
1621,64
1643,1698
1735,56
600,132
197,26
1246,31
314,1676
818,1642
49,19
1084,93
1967,138
1437,1
1427,23
474,1657
1198,60
1181,28
850,86
499,60
1366,24
921,16
631,69
303,94
739,60
78,64
408,108
1721,104
1460,196
1001,83
1406,50
994,82
1552,36
1072,1630
1737,104
576,1657
984,36
1634,1760
913,24
1466,94
1836,1680
1415,107
1588,111
886,95
377,61
1247,1670
447,107
1170,64
1800,87
1581,56
788,53
1585,61
1952,114
204,1656
719,1665
228,26
653,1233
1699,53
507,69
986,106
330,1632
1875,1642
275,75
611,1807
372,1667
673,108
1535,68
348,104
1451,61
439,67
301,94
1100,1654
1269,89
1488,70
1157,1673
1917,1639
723,61
1330,239
1224,1654
1370,54
753,24
1637,84
440,1667
1252,54
199,62
4,56
561,59
1649,1678
1035,1641
1808,29
1794,64
1871,82
1194,26
1357,638
1759,1666
1625,1660
1863,1632
1351,96
1062,29
377,94
1691,633
202,83
1622,37
701,107
817,1654
157,99
1746,107
1358,93
1894,51
593,37
1824,91
1905,1660
191,132
1793,58
1003,28
1907,132
932,16
1964,69
882,61
576,106
1988,67
1199,50
1152,93
582,80
784,39
416,1
1034,17
1525,32
1237,1654
993,119
1279,1797
615,24
528,28
527,1672
1104,1785
1859,71
1306,39
1057,65
1684,26
1980,43
1087,1673
1292,37
597,233
1973,68
1084,1659
1391,1641
1724,32
1892,20
1285,66
1431,1656
1989,68
611,1785
840,75
550,96
38,1632
825,1639
425,1675
957,98
1733,79
1558,42
1298,94
255,75
498,66
1224,32
1958,85
909,80
1176,131
1197,1639
1891,50
1050,638
993,1675
1459,190
1246,90
12,1665
697,17
238,1797
1845,638
1280,16
693,69
1640,1670
1165,65
1573,68
524,79
1634,82
1723,1807
454,1632
1714,154
1645,1670
1148,20
142,23
1930,1660
1252,42
1168,73
1919,36
543,83
1171,68
1835,93
534,1668
475,17
1093,1
118,1
1885,101
1375,61
533,58
1564,1630
1234,89
933,106
829,73
1419,41
1043,239
566,50
370,43
1090,1092
336,103
1206,66
1318,1672
721,84
1756,20
265,62
1482,23
1026,1797
552,80
1582,1672
170,101
1458,108
639,37
1580,89
1283,107
898,23
348,66
1273,91
1108,28
891,66
1424,51
911,1807
1392,1233
1943,68
274,86
55,69
314,65
522,1642
351,68
1327,1657
1276,87
732,111
1484,36
1342,94
293,91
685,95
367,1680
354,91
1100,20
1082,1659
1503,233
788,1666
346,1693
226,1
1223,1092
1113,1659
1001,43
933,28
994,26
1053,1233
1060,1639
1975,106
819,93
1409,77
1338,93
503,1654
127,80
1965,80
738,23
1770,56
1861,1785
721,53
1841,66
542,37
1719,97
1149,1785
1334,1
1003,89
144,50
845,1760
623,58
1506,16
1691,1658
1571,54
1881,68
872,54
1739,98
985,1639
1142,103
616,59
197,196
1283,89
473,62
898,233
1893,16
652,56
726,19
1469,633
695,1670
1590,131
1349,105
263,110
496,87
1070,77
421,24
1194,67
1467,99
1033,71
937,58
1325,1
520,110
367,59
1788,1233
819,58
566,111
397,112
1106,112
546,1807
309,111
795,1678
1052,75
370,79
1193,43
1567,35
1550,105
613,98
389,104
365,89
2,53
493,36
1971,69
202,1654
1802,67
1883,20
1209,69
142,82
1232,98
456,95
928,67
1778,1665
1046,85
1727,28
1801,154
44,77
1040,94
1882,87
1773,1658
1482,633
1021,107
1636,90
789,101
1113,131
337,110
815,79
984,73
1244,69
880,42
1126,97
1001,1660
1629,86
1545,1675
1518,1679
140,196
1985,96
1585,16
1898,105
1823,42
1264,31
450,41
1625,58
318,112
543,633
322,111
821,1233
1300,36
1853,26
1914,24
10,1680
911,106
398,91
291,63
1692,1807
1216,112
1764,1676
649,1233
1554,1660
653,1673
1721,131
581,66
1903,111
102,111
1076,1678
284,70
175,1659
716,65
864,90
331,37
1624,28
1716,1666
742,1667
898,1657
1674,154
479,1630
1526,1663
668,19
1001,96
1534,90
1265,105
1578,1642
1925,43
366,1092
367,95
1931,1760
323,29
1426,82
1874,190
1287,41
667,90
1592,93
526,1663
1902,1680
217,1797
1035,33
1402,36
1950,1680
1682,50
1561,41
396,35
1139,85
1799,35
1788,638
22,109
1146,33
1075,103
908,70
1391,107
1118,1233
1910,39
1624,1760
701,1807
1478,1679
362,107
166,1
1012,33
1553,65
1333,95
1868,638
554,86
176,106
1423,66
1221,1680
1600,19
1583,1760
55,1672
1855,1233
777,1642
1399,67
1550,1665
334,239
1687,1670
1944,1632
698,82
1416,99
1683,39
377,83
215,41
628,1642
1926,633
271,1693
578,1785
539,101
1203,1630
822,1630
430,54
1780,58
1928,109
663,28
1257,67
1075,196
1571,97
763,1670
856,1658
1505,1693
1417,1657
1624,1663
1000,67
1833,33
697,101
790,112
1732,91
847,65
1402,1698
767,190
840,1659
1431,1671
277,20
1477,107
1741,100
57,1658
517,84
1842,19
766,77
1464,31
1786,1656
970,638
1896,98
520,1675
189,84
374,80
1080,111
1062,131
1137,66
840,94
710,1666
1710,85
1564,1659
1325,73
1811,104
983,69
306,99
1301,32
436,1698
313,51
1456,23
946,83
909,93
1689,79
238,119
1948,70
1430,1663
1628,68
335,77
1264,41
342,17
325,39
910,1657
369,85
1538,633
157,1656
1152,94
194,24
1061,60
214,95
1216,59
1125,95
426,1675
1859,70
1174,87
1874,1807
38,107
482,97
1973,67
800,70
715,85
1090,59
648,26
867,110
1534,96
620,1658
550,97
1871,35
1819,1676
1875,36
236,71
1552,1
266,1678
1166,111
448,95
1479,28
549,87
896,93
805,61
904,1656
1720,60
686,638
249,37
1392,29
1390,1656
640,82
790,1092
57,64
1857,101
663,32
1379,233
1274,17
1260,28
1466,1657
359,105
1122,93
993,23
776,1665
1497,1657
1243,109
1044,106
1742,65
733,1785
1471,85
1788,1657
779,1639
1691,24
717,1657
1360,94
1306,54
716,58
1587,91
224,50
1892,1679
1974,1641
1150,1663
1266,104
1410,24
205,1676
1400,1672
1610,43
1464,59
877,154
1490,93
350,42
705,41
1370,1671
229,1
1650,85
1885,100
122,77
1497,53
215,82
1393,196
1376,28
1177,93
1069,23
611,131
333,35
1648,638
1614,1659
1486,64
540,1632
1526,43
1181,1668
1455,101
1780,108
1908,89
292,69
828,119
1016,633
1176,1
1253,61
1108,1658
376,29
1021,1641
787,17
382,87
1661,1
1094,24
248,87
1151,89
642,17
881,111
1984,28
1624,51
1185,23
1511,65
1840,1659
742,17
1902,119
1539,91
800,98
1320,1657
1614,1233
1804,109
1643,31
705,59
429,1797
1367,1641
1410,1760
269,50
560,103
1720,105
1847,62
1975,101
877,1666
1209,638
549,75
1912,59
1783,86
1609,1673
1647,1693
1591,53
1796,85
1371,1698
610,1678
1568,28
588,1672
761,94
690,98
393,98
653,110
1850,96
710,97
639,69
1517,1797
1069,1680
1430,1668
1047,1678
480,106
298,33
301,20
1374,1639
1175,94
1819,58
1893,31
626,77
1950,110
1590,17
988,97
682,90
992,100
149,17
1623,91
1798,1673
267,106
1104,63
1856,84
199,1
1399,104
1775,1675
1956,87
1171,99
857,65
1599,35
1485,1663
1768,101
1655,1639
1527,196
1754,56
444,95
501,154
397,111
875,1673
682,633
371,1666
1804,1092
1662,138
1918,16
1419,84
815,41
1480,70
1759,190
1230,54
309,110
121,24
730,1666
1638,98
717,50
1133,1642
503,89
366,1663
509,1630
616,42
1458,17
1080,1807
1478,84
1445,1679
251,17
1724,1678
1305,1666
960,1693
1587,20
1437,59
1792,86
891,97
585,20
1120,633
904,94
482,1666
803,58
1413,67
460,1679
1643,106
1148,190
1440,239
1339,77
826,104
680,1630
735,86
1524,71
1770,1665
1972,69
1646,20
1187,17
836,65
1633,33
712,79
1562,111
1106,99
920,28
1844,63
1902,1671
1277,138
691,69
620,37
1578,111
1281,101
346,68
829,239
901,1698
276,1233
818,64
729,1233
864,1678
459,1632
1863,19
724,106
1819,105
426,1698
518,1092
868,39
851,105
1535,51
440,1658
642,84
1893,51
1508,23
1373,37
877,64
605,91
827,65
1681,1670
1845,33
1261,1092
469,190
452,154
703,1785
465,17
692,154
1265,104
209,20
377,64
417,71
1801,101
520,154
1308,83
1456,108
444,1092
1405,71
691,83
987,1678
1958,61
1851,85
1210,87
896,19
1928,96
788,33
278,105
1257,80
463,39
1762,1797
1392,83
825,28
1964,99
1199,24
942,51
1611,104
582,106
639,111
1544,63
1391,106
551,83
170,58
575,89
1537,64
1886,77
1064,132
1316,1671
1691,33
398,42
294,75
1437,31
1311,1676
643,1680
438,60
1091,132
1221,99
411,90
1798,1639
964,1672
1600,20
200,97
717,1668
1347,1675
152,196
757,1667
27,106
559,1639
1137,87
1228,106
769,75
1359,154
1986,26
1090,71
577,56
1609,91
1701,1675
1156,110
1106,71
1510,1657
242,89
260,1672
481,109
542,98
1082,31
1887,108
842,110
1564,1
1927,95
509,1667
1968,20
1607,93
1112,64
1540,42
1176,71
402,56
575,79
1905,1698
1441,101
341,69
288,63
640,1642
514,79
955,35
1437,17
1420,111
1313,35
1991,1760
706,29
1188,19
317,1672
1573,63
1138,56
1319,1654
695,82
1727,33
1620,109
557,77
1989,80
1356,1785
290,96
1009,1656
1271,26
1572,95
279,70
10,99
137,1657
1615,91
1105,1660
578,638
1352,73
532,83
540,1676
242,75
1699,37
247,1092
140,110
267,638
1578,196
821,59
237,196
369,84
646,190
460,101
305,58
1263,83
268,138
180,36
237,85
1735,1667
1256,131
1843,73
264,87
1574,1693
1920,84
1338,1693
596,1641
277,37
1774,1698
500,1092
158,1670
1138,42
1339,1659
1771,104
445,106
1060,91
736,63
937,1092
309,1675
219,1797
1011,1675
1440,23
903,87
1575,99
485,100
1814,23
386,1665
1972,61
1294,33
942,1658
212,41
1282,1657
973,96
1415,73
539,64
1056,86
869,95
797,1672
139,638
1337,1797
1263,131
644,1659
757,132
1526,73
1662,95
1075,35
1753,59
46,35
908,138
1900,1642
140,28
1388,106
1636,638
1185,1693
976,42
922,26
468,638
1850,60
1742,70
821,190
1397,69
1856,1663
1184,638
646,1233
1259,108
264,69
1279,97
486,196
1005,66
592,233
1205,73
1134,97
1283,1641
632,31
835,1666
265,1632
250,1760
789,61
606,1693
1292,1656
957,1
266,26
819,32
601,111
1083,41
1379,56
646,1671
1956,1672
1116,87
1706,83
1462,79
1540,1659
788,106
1267,1785
40,104
316,1665
1588,83
1952,63
1612,105
252,69
1886,1676
1927,32
1810,68
1664,1676
235,1632
1054,39
922,108
355,1807
673,24
624,1680
486,103
768,1760
1254,1630
1202,103
153,90
615,62
798,1642
503,154
920,1672
818,1667
1370,26
1299,26
863,1807
536,1668
589,1670
1772,1663
1952,1642
354,89
1221,59
726,1675
1774,67
800,99
1778,62
1814,64
472,20
382,1665
516,103
1057,1657
757,1659
1774,50
708,17
712,84
1813,638
1008,85
1159,138
1456,83
1055,53
1493,50
319,1
229,131
1480,89
660,67
329,239
1912,60
498,100
356,26
546,54
1393,1657
127,35
721,68
1418,98
1770,73
1438,97
1169,70
1221,1797
1850,97
1304,69
365,101
1286,53
117,1630
780,112
504,97
1409,1632
235,633
1724,1785
1522,1
1819,61
281,31
445,190
1353,131
753,85
334,20
1276,103
981,77
176,82
1857,1676
1606,1
1163,1641
1093,82
946,1233
1600,1670
1744,96
752,154
695,154
826,103
1433,53
954,16
1700,93
601,75
1761,89
160,1679
511,16
1507,107
519,89
1419,87
1513,112
1955,105
580,89
198,90
606,103
1581,1675
792,73
1756,75
808,73
3,233
1550,111
1955,1233
140,54
968,1679
1300,16
794,23
1025,1659
962,43
636,54
323,1663
1930,26
591,100
1380,1665
1442,1668
331,1676
1845,1657
469,58
1377,23
1523,1639
1459,1679
273,112
536,1760
182,42
1502,633
1714,1
934,111
1346,103
478,59
672,90
263,239
250,58
485,43
696,1660
731,1807
122,1
1524,64
1403,1671
1627,1639
1808,85
652,1693
47,51
1137,59
641,84
1375,1
1144,83
920,29
850,1676
1184,84
617,53
192,110
1629,84
1713,89
387,1693
1591,24
1945,1642
714,62
1638,29
399,98
163,1632
497,64
225,91
967,1797
214,39
612,94
1789,112
1111,100
780,20
713,79
787,58
662,16
1711,31
972,70
260,90
49,119
988,70
438,35
1842,109
296,1698
407,138
1866,103
1801,138
1838,1
1697,105
1290,1665
1922,36
216,84
1692,1630
1254,75
1552,41
1808,67
1014,26
873,60
417,70
148,1670
1007,41
1251,61
668,1639
1217,1665
1573,1630
593,62
666,1666
761,154
1368,1666
946,60
1796,56
215,1665
1729,75
515,17
421,638
1988,106
133,36
651,1797
1481,1654
770,97
698,1666
1621,62
170,59
163,24
1434,59
1013,1632
442,65
1236,131
1883,114
1098,108
1869,59
860,111
1174,73
1232,64
1012,82
121,1673
660,1666
78,71
168,1642
226,84
651,29
836,23
145,26
38,1659
1565,36
1254,69
1622,1667
1422,63
251,1656
147,1233
1898,56
886,82
1719,58
1440,1092
1792,1663
1706,29
1445,119
272,50
1159,99
518,105
741,112
211,71
1003,35
680,94
1585,131
1782,1639
1162,84
1934,1632
704,68
1417,1663
969,96
857,1680
203,1092
510,64
842,1092
1914,58
905,86
455,60
844,93
116,110
153,28
692,89
531,93
1983,37
172,95
1283,1693
1048,1676
307,106
1896,100
645,1092
461,119
947,58
1747,101
424,93
333,61
745,69
1537,1675
765,26
1156,93
734,97
1898,42
1952,20
630,54
1223,39
178,39
1107,1676
953,1
1830,100
694,1666
1100,1665
1621,97
369,75
1146,67
756,1675
504,56
1209,1807
1176,86
4,1693
1944,91
1047,104
810,79
906,1658
1542,79
199,41
2,1639
1178,24
972,239
1971,1673
1319,1639
1026,84
431,42
1107,35
293,53
1909,1797
540,26
1271,1670
1261,64
1373,1670
1392,1675
1073,32
1493,29
390,190
1356,1663
747,1659
1598,80
864,1641
1911,59
1969,110
869,94
1576,1678
1015,1630
838,61
640,84
970,77
1713,97
280,1679
1200,60
1442,89
1136,20
503,1677
1411,36
218,1807
1934,1660
776,1667
350,1658
1522,26
1253,154
278,1672
1715,99
1279,96
1269,58
1380,19
538,90
135,56
998,96
726,101
1825,107
1610,41
689,111
672,33
1283,1785
605,1639
1778,1785
1640,54
1201,20
246,73
122,75
1960,1233
330,60
828,1663
819,80
1558,59
1874,132
660,190
1948,53
902,23
1236,1641
481,41
467,106
1520,82
453,67
399,59
280,1693
1842,1657
208,36
144,1698
515,105
1399,1659
1054,36
1900,60
318,56
1870,138
1900,83
891,71
1098,85
1226,110
768,1680
1577,112
1940,60
18,63
1302,75
1322,1693
1487,69
645,98
1181,80
829,1659
1224,1667
1647,77
1439,1672
445,28
1542,43
1356,26
517,1676
865,1659
1413,109
537,108
1772,1656
1097,100
1467,86
1838,75
698,1807
1528,104
1147,84
280,114
210,633
1861,106
246,91
209,1760
1372,41
1962,89
1690,66
1911,110
1288,104
1915,107
614,1656
1326,1678
1445,190
363,42
437,85
477,62
1530,54
598,1680
620,82
512,75
346,17
1341,110
1377,1693
440,86
663,70
137,26
821,96
895,41
1870,101
1911,1675
1947,114
572,28
1763,109
439,23
1182,107
281,109
443,80
948,101
787,33
626,75
237,42
826,633
1125,99
1926,1678
851,60
1532,107
501,1659
448,633
449,58
1302,69
1583,60
435,1679
995,19
903,138
1734,75
816,131
485,56
529,1656
220,1665
1927,1642
1768,103
775,93
1841,1659
562,1642
875,1675
1581,1657
1986,85
1345,91
1379,87
1548,233
1321,1670
1695,106
497,196
1069,138
117,89
1645,65
1867,75
124,61
1780,66
1250,75
1068,70
329,105
1031,82
1564,41
1071,75
1327,61
261,26
1314,66
1954,1679
503,91
1171,1675
809,1676
201,39
490,60
555,42
259,633
783,42
823,131
1009,67
534,82
186,196
1508,99
1806,1678
187,101
210,62
1845,1656
1010,1667
953,1668
203,101
496,233
921,56
578,107
463,1665
1477,19
1906,29
471,154
608,68
1709,638
182,43
1413,65
594,107
1255,98
278,638
1791,60
1043,60
344,60
1086,98
165,50
1136,633
677,87
1007,26
1254,41
1774,190
198,85
346,66
1638,131
738,54
1898,84
615,1654
1374,91
309,239
1803,43
1753,114
1463,1667
493,19
733,1678
996,1666
901,60
133,66
1024,33
251,33
163,109
1819,24
1257,1673
1471,111
1624,1668
1355,1678
927,1667
682,60
1145,60
707,1667
1704,87
857,50
1558,1658
1912,1668
403,1676
1510,87
44,62
1829,1659
266,64
250,77
658,84
1895,64
226,50
172,154
1904,1667
1701,1671
691,36
1187,1
1905,94
467,196
222,1092
1097,1670
1405,69
1480,100
529,82
324,1642
1958,51
1027,633
791,54
1588,20
406,16
1455,31
1405,54
1189,79
359,80
821,37
1142,33
1840,83
1270,106
1826,154
389,73
1042,1677
1793,67
1332,633
501,1807
639,105
1907,93
187,16
1091,104
982,75
1535,35
1465,99
1782,96
770,17
1088,28
1454,63
723,51
615,65
692,84
1359,70
203,1
978,31
556,1693
1956,20
1885,154
1556,196
1906,1
1231,56
1932,109
1510,65
1180,1660
944,98
1272,54
259,17
815,108
1133,33
1811,95
652,1666
893,50
252,190
828,233
1291,93
1014,132
906,53
1025,41
1334,93
553,70
1158,1807
610,17
1469,80
645,638
429,131
1025,90
1065,35
953,103
563,1760
566,1663
898,61
1162,36
1538,1675
1441,1233
361,1693
1034,1678
609,73
747,1233
827,111
333,1092
760,58
8,63
578,65
1225,16
172,1668
1221,1679
1194,119
1599,20
1526,1630
49,1672
1477,138
250,97
894,1678
397,36
1066,77
1268,1
698,99
1858,33
883,37
1586,154
1184,16
1365,95
943,41
13,20
1062,17
1317,1698
1052,31
1716,54
778,106
529,62
1227,35
1746,103
185,110
1877,101
352,1673
1661,1678
959,62
1242,1670
1759,1
342,20
1965,1666
700,16
1146,64
1386,1807
305,56
15,103
1853,77
720,1807
860,1658
1015,100
709,95
473,69
932,1092
1255,196
1664,43
726,104
1366,1693
1266,196
394,1676
1946,98
1969,131
1110,61
1386,23
1493,1671
394,35
286,109
1796,1760
1197,109
1824,1785
134,33
1312,83
1539,1642
1837,29
1769,1233
1251,70
1622,75
1952,35
1953,1632
465,1807
1045,58
1072,104
1401,1676
261,51
372,1660
1702,66
1635,61
1564,103
331,1639
744,24
1742,68
1727,1658
479,24
923,638
544,1673
1531,1663
955,65
813,35
334,62
1652,638
213,29
950,196
1202,1641
665,84
1973,82
1721,41
1095,1672
547,24
1464,62
553,1679
597,104
871,1657
444,1666
601,109
1761,51
1616,64
805,91
628,196
920,53
1732,638
647,66
1147,54
1242,1656
1186,1670
563,41
895,196
1277,66
1591,32
1352,103
1520,83
127,63
1450,1698
1270,35
1985,63
1742,39
845,1659
1051,42
440,56
115,1654
1388,233
915,73
734,1807
1712,37
1645,633
1971,154
541,31
1387,35
1758,54
609,103
992,105
921,35
830,39
1804,1654
1933,106
598,67
1684,58
1464,93
1617,105
72,23
1566,1678
313,633
172,50
1353,1693
1038,1679
1177,131
348,633
643,1659
1162,1797
1935,24
1865,110
873,84
947,103
1925,82
373,75
1017,239
448,190
909,31
437,84
1469,39
1589,1658
1201,1673
1535,1676
333,1630
968,1667
215,1630
1139,28
552,66
503,1680
1712,68
1162,109
703,79
637,1675
1478,89
1009,80
1802,93
773,29
1898,1698
1826,71
1349,196
1798,33
1460,104
1040,1785
527,83
1781,114
200,90
1178,79
970,1672
628,58
371,19
1093,80
374,108
1167,99
729,19
1831,56
1412,154
1403,1675
1184,233
1538,110
963,196
1393,1807
468,80
1636,39
533,90
419,1676
1091,1642
316,28
423,70
1955,107
728,68
1458,1671
531,1807
1706,53
1357,1641
1473,190
613,29
1334,23
1941,53
930,233
949,59
403,91
1381,24
942,26
446,31
1739,20
1243,43
1836,60
1303,39
219,1667
1162,31
152,1630
975,86
999,108
550,638
1009,66
1076,1668
541,1807
794,1665
1938,1678
139,86
948,138
961,1
1721,87
1043,63
1922,80
162,28
1565,94
1359,131
994,75
722,196
775,82
134,94
376,1678
1406,106
340,1797
896,105
590,119
559,86
1538,19
926,85
377,36
1301,119
628,1665
1766,85
1327,93
781,73
272,103
256,1660
1765,1641
1307,1
1509,69
207,89
1132,26
1573,1676
1759,79
710,64
1082,233
532,138
1929,1680
1508,131
1951,1657
1058,110
652,73
908,35
262,1797
675,1666
1565,1693
402,98
352,51
193,111
267,58
964,1654
1084,59
1232,84
1034,1658
1758,1659
961,98
1737,1659
1171,19
985,100
625,61
1586,100
1070,109
811,1760
705,101
323,112
711,75
1747,75
1278,67
157,233
1049,39
1801,106
1007,43
627,79
1452,100
48,1678
987,1667
285,69
305,1679
450,132
1247,75
420,70
463,32
1167,1632
1964,94
808,39
151,1659
1988,84
137,39
1207,638
658,1667
511,1673
510,84
993,110
1662,1672
902,1632
1437,107
744,94
1461,101
1299,1760
790,1665
147,1665
92,108
1647,23
1963,60
1432,1668
827,80
1876,93
1627,1233
521,107
1188,1667
1704,70
766,71
1743,239
1463,39
786,1
1174,62
531,190
597,65
1204,95
485,77
893,64
1335,105
511,87
697,1665
354,1698
1542,1668
1375,103
494,100
886,1676
1292,1671
178,51
474,16
644,1666
1864,1797
1567,96
1109,56
1952,119
941,1666
302,112
713,1807
1564,28
716,1670
204,24
1418,56
443,42
212,1673
624,1657
1850,39
1397,110
673,1676
1115,79
1155,94
1034,1679
1488,59
662,50
810,91
1012,51
1109,1675
701,1678
1750,1675
1919,190
227,39
1869,43
788,1654
1550,638
149,86
243,103
760,59
985,64
1707,33
30,1663
1492,1807
1794,93
1858,62
1972,42
687,70
983,65
288,1668
158,190
508,39
1897,1659
748,71
1281,80
540,1679
1382,1666
1013,37
1136,24
1428,16
1601,98
1030,196
1270,119
1425,1632
871,24
1396,1673
365,29
773,54
719,100
740,63
1900,105
141,1676
1064,99
1580,1
591,94
521,54
8,95
598,36
927,56
1154,108
267,84
984,1676
628,1797
1485,638
401,112
1549,53
1932,131
1167,56
1225,1
1827,1667
342,1659
1228,58
1322,51
499,1656
1627,196
544,95
725,16
1562,51
175,1807
1118,1639
40,1092
1626,20
1072,1663
1312,84
1683,71
1706,108
983,87
1726,107
917,1641
1156,77
1945,90
168,50
973,29
1756,108
483,1659
731,23
697,1663
1267,1693
663,60
1806,50
596,1
322,32
982,132
1118,138
1983,638
1399,1639
466,109
745,1760
1371,84
345,1092
1870,190
678,1642
1447,1671
421,1657
1330,61
777,61
120,24
1681,85
452,63
1563,41
220,51
1946,1785
200,1668
219,1654
517,35
1952,1760
334,63
618,138
361,99
676,1668
329,1693
129,101
723,1657
1949,87
1128,93
1953,28
354,66
1738,96
715,71
293,37
465,94
1889,101
1942,233
1652,1671
256,31
920,54
3,1668
1794,1668
1242,1657
1510,239
1079,94
488,24
1541,31
565,1658
1523,80
383,51
735,1668
610,85
1163,35
630,16
538,1666
232,29
936,37
1365,1656
1129,90
1664,1679
1759,100
1907,103
184,79
147,69
1527,1678
1492,73
1920,132
1957,1
347,1760
1304,233
1273,94
761,1630
1255,154
244,24
854,79
747,131
1445,1656
1501,54
1856,43
492,132
533,1642
695,1679
1879,59
1569,1632
1349,98
1154,112
1138,77
451,239
307,41
1414,1672
1067,75
807,1658
1107,80
884,95
793,24
206,71
904,53
1549,1797
1039,33
1906,70
216,109
1335,32
384,35
883,97
1133,87
1406,79
1479,111
1579,69
1962,71
128,56
1160,85
1090,138
278,196
1055,54
448,1797
447,89
1301,1670
1153,42
1852,1658
621,638
1888,1693
919,69
1790,32
1883,1656
1652,1
1688,1658
380,131
885,80
1475,80
1168,1656
453,196
1431,95
369,103
1201,1642
562,36
1009,87
1163,1676
905,108
1000,1668
652,53
1151,75
779,1671
380,638
274,69
267,110
1944,1676
1949,59
1643,112
557,1
1953,56
776,110
561,70
1773,1667
180,1666
285,1642
402,1668
1891,638
1485,1659
715,99
367,70
1861,90
169,1233
816,20
1187,103
1094,1233
748,233
88,53
1379,89
424,23
1902,1785
192,19
1740,70
360,63
724,1630
1975,119
412,1666
809,132
1321,1668
1825,1642
761,131
1756,70
302,75
1004,1679
1007,1666
292,101
704,109
157,1675
724,96
1973,1641
710,87
1118,80
858,68
1960,1660
1623,1785
740,96
851,95
669,60
942,138
1024,85
1155,119
1048,91
700,1660
311,1693
1727,1679
455,103
591,97
1091,31
1812,37
1706,1654
1266,43
657,1659
146,106
1124,93
1181,50
1919,100
1496,1670
1798,1663
843,87
1230,1679
1434,196
350,101
1916,64
973,1630
1956,65
906,1667
474,1665
367,84
604,1807
1444,1676
417,73
875,1659
896,106
937,1668
1379,71
556,60
423,119
902,80
282,239
1170,86
1210,65
1445,80
1850,1658
144,132
152,1679
721,20
171,119
773,1785
546,1677
835,28
302,85
308,132
1251,1668
1179,93
1696,97
1917,1233
558,138
959,103
1495,17
1621,41
1951,1656
1623,1679
974,1632
1971,86
1182,69
159,106
737,86
208,1668
1772,90
246,1680
692,64
1505,105
1714,95
1417,37
421,86
1662,1657
1180,1785
1470,83
1015,1092
139,71
766,90
1890,1670
438,1677
1347,1665
297,105
1066,87
240,109
1896,154
1512,633
1201,82
1183,70
6,132
392,1666
1367,1676
152,1693
889,82
136,1760
1173,190
1746,16
456,1693
979,65
1779,104
1798,1092
1833,58
639,107
1158,61
1715,58
244,33
1577,61
1685,196
1705,112
986,132
1249,1632
1699,1668
904,239
527,23
696,17
452,101
716,108
864,109
1359,64
1238,1797
149,67
702,43
456,96
38,64
569,1698
72,80
165,67
1347,1679
1753,1680
338,633
125,53
1158,633
326,1666
1289,1092
518,1654
1911,80
313,36
1452,1671
1647,1632
1817,59
292,56
1031,17
477,100
1509,23
856,1663
1149,80
838,103
434,1667
1840,67
1803,73
629,98
1129,28
979,79
562,29
1611,26
393,190
1371,75
52,101
1215,1670
443,154
673,1667
1920,90
549,1670
341,65
303,1632
200,1641
756,138
331,119
264,60
817,58
1081,67
527,101
38,1678
1381,1680
371,93
759,28
760,60
374,58
1818,37
1569,71
350,51
648,17
557,73
1398,1665
1218,111
44,28
1403,41
394,63
904,1760
1260,1797
637,108
447,54
1745,633
1004,75
240,1678
1241,80
159,1673
1634,1663
420,1679
1586,1678
534,1233
280,1668
719,1693
1408,94
603,66
1324,1654
554,1666
1199,56
1607,79
761,36
1155,62
52,107
383,1659
438,1092
1091,70
1440,1698
549,1672
341,83
640,1660
720,1680
1892,1670
1451,190
1070,190
416,1675
1373,23
1282,86
489,75
401,119
310,43
900,95
654,106
472,60
1802,1680
147,1658
846,56
176,154
1260,638
394,33
910,131
822,33
1854,82
825,1641
1456,1233
212,53
1913,1639
1447,633
1109,106
336,111
981,1675
1260,138
1585,83
1905,1632
1280,103
582,53
1300,106
1431,58
831,96
691,1675
761,54
1515,109
764,69
1152,33
1223,1698
592,94
421,1656
600,1657
1407,56
1409,1673
947,1654
270,35
385,97
1822,77
191,1693
1114,110
156,94
1249,59
199,24
129,100
1254,1666
1132,638
179,20
1046,32
1929,26
1244,105
967,1656
343,20
256,16
1049,1665
688,51
1476,20
1757,1807
580,97
447,42
610,82
1622,91
1318,1666
1927,28
1435,28
428,1666
818,54
987,1659
1601,77
918,101
497,63
594,1639
1297,1656
1058,54
1278,1663
1557,80
76,1673
1179,1660
256,1698
773,41
224,86
619,1675
1259,94
1816,69
1088,70
1364,1673
978,82
1134,119
361,108
1724,83
806,50
1808,1092
685,89
284,1660
1043,37
1143,108
1011,87
1976,105
380,1092
1137,19
970,138
1030,1660
1288,107
1548,103
855,79
1602,110
1251,100
1730,91
919,68
1952,65
660,62
832,69
1239,154
135,1660
1499,73
1162,107
1607,33
1515,73
1276,1641
807,1797
260,98
1437,36
1098,66
124,1233
509,93
78,1092
631,104
446,1654
786,41
1249,71
695,97
292,1698
699,98
1953,63
1514,37
1331,1641
1744,100
715,98
1768,106
1692,1654
357,1679
209,35
1001,31
160,1667
1355,82
912,1656
570,108
1318,90
1008,1233
1126,105
902,103
800,1679
1602,96
1620,1671
845,103
1052,65
332,190
151,1760
869,97
1649,59
546,68
855,50
399,24
1146,23
1071,84
1327,62
1220,132
831,37
12,101
1564,91
353,1675
338,119
1957,36
1780,1785
1879,105
391,16
1903,103
966,1654
1783,1639
1215,97
1198,43
1734,41
598,109
88,1680
1835,28
1103,106
401,63
1913,58
189,56
1774,99
1500,70
344,63
1080,58
1911,79
1012,1679
494,1698
943,1807
788,24
1331,24
355,1663
1601,138
623,100
532,37
1860,43
797,71
414,1667
821,65
1601,1233
1125,51
1661,65
1755,132
27,638
1812,69
982,60
1155,100
1465,86
362,99
402,96
294,82
1262,103
1923,107
1063,82
1270,1668
1174,1671
1492,1670
1681,1657
1188,75
435,73
165,80
1033,20
115,71
1825,16
799,1679
1007,196
165,33
1004,96
677,70
508,29
1429,65
1567,239
1295,1670
997,79
1740,107
553,89
936,111
610,26
313,138
781,1677
1702,43
1250,106
1270,105
1381,58
298,97
773,1659
616,1680
1707,1670
241,1797
1218,1663
1512,54
372,31
1165,36
1222,31
10,1676
1320,19
364,1675
592,20
1256,59
921,104
595,1
887,71
30,1760
732,190
1909,96
401,138
631,66
796,53
1902,65
1171,35
214,1670
1208,1665
917,77
298,1673
155,84
1280,633
308,638
308,1760
1375,1676
787,1797
1073,56
1615,80
1156,107
1247,42
886,86
1748,1660
1625,239
811,1807
1149,111
1726,1659
1485,109
201,97
271,23
332,39
1942,1671
237,94
1253,98
1453,1632
1826,26
686,75
9,109
1058,112
1904,112
1281,633
1890,63
327,109
1822,86
702,75
1016,56
282,1668
1188,24
531,97
1674,41
1913,119
421,73
884,119
1283,1665
716,1092
668,77
118,60
1497,35
1686,85
749,1760
694,99
236,79
271,1656
684,77
299,233
427,60
1538,84
1920,1671
890,60
837,633
510,1797
1011,138
1536,1667
498,75
1864,154
774,90
1551,112
1774,1233
529,51
1045,53
1173,96
837,1680
1609,1654
373,132
1260,36
818,19
694,1670
914,638
350,1676
911,53
532,190
1930,79
311,99
479,23
1037,61
362,73
345,23
1892,1671
294,104
1805,56
1309,51
1457,138
1883,82
1792,19
102,63
262,1632
1353,73
824,1679
1856,112
1208,73
1157,112
495,85
5,1639
27,77
1493,1668
1759,1785
1871,41
397,83
809,19
44,1654
1695,1665
1127,233
1147,61
192,59
744,1666
1298,89
785,42
620,1671
607,239
187,1642
1475,233
1237,36
1013,132
356,99
1884,91
1748,1680
1696,59
265,53
235,1641
714,1670
1392,98
359,103
911,138
1193,87
878,91
254,1663
629,69
1203,138
1829,66
1150,1671
325,1672
1044,112
566,1630
733,39
473,43
1972,638
1920,1233
585,112
1633,1670
1266,19
1141,75
200,1670
1971,1642
992,94
1434,109
595,43
390,1673
15,1656
1959,79
1734,99
1773,1693
286,51
1393,109
607,63
1436,63
1861,100
408,93
1018,26
526,51
765,73
1133,99
416,1656
197,1671
667,107
1307,1630
1901,94
156,1658
942,1673
289,95
1759,1660
171,31
895,86
1199,110
574,1657
542,77
235,1639
821,26
1836,91
1010,101
1146,99
1971,110
1235,1678
443,70
1297,1663
466,93
1796,131
220,108
555,83
1883,1
248,93
1498,33
177,103
765,638
1741,1679
682,82
1881,1632
1420,62
1167,233
1117,196
625,100
381,112
1470,26
387,131
1734,93
250,35
968,84
256,112
169,95
1453,83
118,106
1828,97
122,89
195,101
323,56
434,109
419,1667
1085,1672
368,233
1156,35
878,1641
1695,96
295,23
261,131
1810,32
653,23
1276,1668
363,1675
252,80
1928,43
1506,43
1149,23
825,105
1712,71
1034,95
1054,26
585,131
1108,41
1715,67
352,42
777,95
1405,1657
1441,32
449,62
234,66
1936,131
1297,1675
1590,154
1798,1667
767,1659
692,29
1697,64
614,112
172,35
945,1679
1043,50
1599,1797
1507,1
694,43
718,1673
293,1660
1858,100
1197,64
994,39
997,42
580,70
1578,103
1334,1679
1288,233
1645,61
1704,1671
231,29
1931,68
1612,1671
1499,70
1172,96
586,79
986,63
1176,99
552,51
898,67
761,1679
1326,131
963,1659
730,56
341,1807
163,99
1323,37
455,97
1495,1673
709,20
528,91
1022,37
735,190
1218,132
1553,239
1134,16
1596,75
1026,105
1586,1797
934,96
1527,35
22,1668
897,84
1250,1658
614,1673
1436,17
1024,1785
1402,1092
441,65
1951,89
869,1
487,20
1850,1656
1545,96
413,1233
1948,107
157,54
1428,105
1371,1668
1147,1641
1664,1659
504,19
194,61
1118,64
692,1656
661,1665
1914,35
459,131
1830,1657
780,17
163,17
861,90
385,63
1108,77
649,32
1866,17
1151,105
1366,1659
505,1670
1084,54
1563,19
664,1807
129,50
988,67
1057,28
411,66
323,1678
1616,1671
704,1679
374,79
1744,65
858,1672
1392,1654
1325,94
1345,138
835,1092
1352,196
712,99
1486,19
590,68
850,1659
316,35
285,66
181,17
1655,91
221,1092
1324,41
389,36
1516,91
1544,86
509,1675
221,107
1917,87
673,106
160,131
586,99
1543,23
1303,68
534,131
1769,64
741,1663
908,1760
1330,98
1776,62
1758,98
1354,108
1833,73
1320,20
345,58
1890,42
455,69
183,64
1624,66
1951,1785
1933,94
1950,190
1751,65
1098,105
399,1666
1930,138
1681,1642
793,37
888,101
1101,1671
128,196
1750,138
1606,80
280,63
1093,35
189,91
246,20
283,26
893,93
1069,58
1284,33
1584,1639
1398,131
276,154
795,20
1520,61
940,638
522,97
618,1632
1810,104
1726,1656
361,1639
714,95
117,1632
1816,1092
184,23
1401,104
136,154
1188,138
147,1680
1009,29
1284,1807
1309,32
701,1675
655,82
1617,23
1191,60
1252,62
1221,95
1613,35
1500,138
1487,1632
1234,1092
970,633
1928,1673
611,31
1825,51
1311,98
155,37
472,1675
1814,31
454,19
347,119
1623,1233
693,1630
1263,1660
1837,39
1339,1092
1918,82
1780,23
1119,93
1894,43
78,1657
1662,87
1402,67
1242,1666
446,75
1921,101
469,1092
193,1679
359,112
643,71
885,24
1480,1678
484,1671
1350,50
448,1659
291,97
365,26
860,1654
865,68
385,1672
46,1679
490,131
476,1670
1269,51
274,106
1112,1630
38,19
1181,71
749,69
1484,56
1306,1666
492,50
257,83
991,24
115,131
1306,94
490,1673
253,17
1697,26
561,190
1493,1667
469,1641
266,1673
1497,93
744,1667
1281,54
768,111
1109,104
171,32
1830,56
855,26
157,77
1598,36
624,110
57,73
1746,1665
1072,108
939,39
525,56
1246,66
470,111
898,106
221,65
1071,29
1239,97
1150,1668
1354,35
416,23
804,64
1914,91
723,112
268,1797
793,98
340,1785
348,1630
328,119
310,59
496,35
1265,89
1697,20
614,36
1422,1233
465,83
1446,65
1323,1660
1308,98
855,1671
681,90
1217,56
542,35
1224,86
1719,107
302,50
1652,62
640,39
1913,1760
518,56
1127,1642
225,39
1398,104
261,33
1094,1679
1921,65
1540,107
493,56
1219,106
376,36
1705,61
161,1672
1814,1639
1174,1660
1769,24
1067,63
1215,79
1181,43
136,51
1539,51
1845,1680
1724,109
1781,108
868,1693
377,1092
1704,1
786,68
382,1675
1972,104
1133,84
1972,1668
838,1678
1454,1630
151,75
1777,65
1533,85
1358,96
202,97
370,85
829,196
1806,98
836,1630
818,87
1068,77
1968,67
1129,73
1611,87
1850,107
143,19
1268,1668
790,64
1472,23
1470,1676
1078,1657
281,1668
504,103
1445,1670
1926,1667
1037,82
1420,94
524,107
619,1659
1741,84
659,94
1557,1654
526,1092
1225,67
568,36
253,86
200,94
1947,1642
365,1660
1413,90
1748,105
991,98
378,111
826,97
1640,23
0,1785
258,1675
1567,1680
1669,58
1605,66
519,87
1733,29
424,26
1555,63
1683,114
963,89
1480,77
1099,75
657,60
368,1667
1783,61
92,1641
571,1676
3,94
1898,111
559,61
339,86
1445,60
518,36
1035,138
1129,59
940,1698
157,1672
1978,54
1535,1807
1219,70
686,35
1111,108
1311,638
851,96
1651,75
1047,62
1880,17
355,84
1262,91
1044,138
803,82
1394,1671
456,71
667,1673
850,107
354,132
445,59
598,99
570,1654
1928,1760
1127,82
796,66
618,110
526,111
524,1233
414,83
662,1665
219,41
923,65
1848,82
1132,1659
229,80
340,53
321,1657
1933,1639
1259,1656
487,23
231,1641
400,17
1306,1807
845,23
1287,64
263,1670
1156,1659
1051,107
1070,1673
1438,71
1118,65
1105,60
683,98
1917,53
856,1668
636,66
1518,96
1563,101
915,119
1474,154
927,82
213,96
1617,42
657,1642
692,67
306,1666
257,100
922,1698
1121,62
1487,1679
1912,1673
165,94
665,16
1697,99
1184,154
49,1639
156,1693
485,71
1419,24
1014,28
262,17
815,101
1207,89
548,1632
930,39
909,1676
454,71
1730,28
1072,196
1936,1641
1038,71
372,638
444,233
670,61
563,101
842,20
1947,1797
553,95
1050,1671
1072,83
1682,42
1349,1673
1482,196
1023,36
437,1665
1010,91
503,58
892,91
986,16
1117,1668
1964,233
1303,71
1900,1
814,112
1812,85
1924,1679
52,1
254,93
609,50
442,75
723,54
1852,83
680,633
493,1676
310,66
1417,84
902,1670
1366,17
1649,1675
506,95
1101,1670
72,83
1487,1693
364,17
1870,1659
1528,54
1346,69
1399,91
799,1663
894,1665
604,17
626,633
826,23
1640,97
590,36
660,1663
14,1632
1984,638
1006,1666
1751,1668
1723,53
1045,33
474,28
420,112
1398,51
791,67
315,138
285,196
1174,638
1637,638
329,58
1749,20
1253,31
756,1667
1574,97
965,109
569,58
420,1658
383,1654
197,132
1212,17
145,1671
591,84
1434,23
1291,1666
616,138
264,63
1573,56
1296,28
1687,32
894,63
1285,54
129,29
496,56
665,67
1753,1654
206,29
184,1659
1178,131
349,1665
1750,1641
1865,75
1439,56
1221,239
1318,17
641,107
1599,96
1029,66
1066,54
1147,33
1018,119
1149,1641
437,105
420,23
1713,24
901,1632
1627,638
1576,1670
687,51
1196,65
1454,633
1495,87
322,42
1466,1663
1887,91
1300,103
583,633
1486,1760
275,96
1897,101
1436,1639
740,84
1320,98
1795,1654
1122,50
1711,94
1789,32
1681,95
264,94
44,239
834,83
817,41
692,53
381,106
736,54
329,1632
350,32
1127,154
337,29
1493,1666
729,89
878,1760
1345,103
1567,1630
1633,98
802,16
505,42
1324,109
610,95
1325,196
1969,96
634,73
1885,1632
563,79
1581,19
1692,58
1200,50
1402,82
1987,1656
542,65
434,1698
986,87
144,94
470,108
1981,20
1836,103
457,233
221,64
619,53
989,91
1451,16
1111,42
45,35
887,138
1776,73
177,107
1443,1630
1191,82
1266,17
328,233
678,1785
1363,67
1990,108
980,1679
156,89
1188,62
142,28
571,20
1767,154
260,1797
1906,80
1484,190
989,1656
1161,101
940,54
903,66
280,106
1884,1797
246,67
1018,24
1925,107
1466,154
1268,98
1929,104
296,106
373,68
815,29
488,28
178,114
1154,1807
1770,63
1456,43
523,196
1533,51
1267,91
807,132
589,1233
1381,239
812,1668
847,1671
211,119
1391,58
1601,66
1182,99
1152,50
619,35
1340,1
348,91
555,85
1377,1639
1512,112
686,119
1648,50
1313,97
1094,16
709,62
1869,108
531,28
1815,16
823,42
1478,1630
924,53
1960,29
1299,35
1281,1660
1107,84
1289,89
1036,104
1221,36
931,1654
1171,93
1389,1668
220,1673
1090,23
1429,24
1412,32
1911,100
454,110
55,1657
1285,1092
1419,94
1001,1679
1062,32
529,1698
1416,1630
1449,61
834,1659
144,43
1800,24
1568,20
335,63
1438,104
1867,32
1850,104
912,32
1964,16
365,94
1429,1233
1604,63
1846,20
1829,100
427,1233
1027,54
750,51
1525,29
1475,1630
645,1785
1795,61
692,104
1980,103
1765,93
133,1630
575,1675
978,67
817,71
15,1630
1154,94
992,1671
1936,20
1720,1675
1849,131
547,59
972,1698
1157,68
974,94
1510,60
1904,1693
838,1785
343,53
513,104
1268,70
365,1693
1605,65
519,86
1055,32
1369,87
630,112
1163,67
741,83
299,64
1898,108
1459,66
397,1693
952,1642
535,39
157,1671
1440,1807
1101,132
969,67
1396,1630
935,196
423,1630
251,41
782,1693
1831,1698
861,70
1727,1675
490,73
1899,1092
1056,1658
1772,96
1205,23
1758,23
1208,1657
1124,89
1826,1785
371,119
1536,35
1738,35
506,56
350,105
557,111
1697,80
403,1668
780,1656
1810,1639
826,112
1603,154
333,96
1757,103
912,1641
1893,1639
973,80
997,90
987,1672
1908,100
1506,90
664,105
6,1668
1823,29
1291,132
539,1
800,1807
856,1639
1438,53
1648,1641
1176,196
1964,101
648,1671
460,75
1988,99
1015,1677
1185,1630
747,51
140,35
507,32
730,1807
1948,1663
419,108
454,1671
1182,73
905,35
286,1642
52,60
733,109
1455,1678
1012,36
449,24
1780,1657
1617,41
341,26
1818,1654
1053,85
1260,1663
1900,1092
804,1667
968,17
344,97
765,1657
1855,64
297,109
204,1807
1057,131
175,20
413,233
1265,96
694,154
1942,58
347,109
1213,1654
411,1630
1633,75
892,633
1466,82
627,82
168,109
1969,73
1287,32
560,41
886,91
762,93
1696,1657
587,1654
657,31
1267,98
936,82
185,84
480,1092
242,95
1023,1666
335,112
707,59
1516,85
1730,1673
518,1
1381,39
797,86
144,1760
565,42
1833,62
507,62
1299,1654
1544,39
871,64
301,98
1005,100
296,638
1074,29
1741,105
1390,41
827,1667
456,100
1474,28
172,96
1653,104
695,84
520,82
1754,1233
891,1673
1060,190
1426,42
1100,85
607,103
1343,1797
691,56
1415,93
1881,233
1042,109
1578,75
488,66
127,19
389,20
925,98
1357,95
1213,101
1286,101
1239,95
1176,79
1175,41
990,1693
521,190
1577,19
123,28
1617,132
824,105
1430,89
899,633
1822,85
1273,36
334,36
1016,59
726,80
217,64
1397,1663
625,67
793,53
1536,29
8,37
524,131
651,1639
1171,50
1090,62
594,1233
1418,633
769,93
347,73
1308,24
685,1675
1365,89
1740,59
1633,87
117,106
1113,97
1846,1675
329,90
664,83
1662,85
12,89
603,70
868,98
545,65
1061,35
1780,1677
865,90
1701,19
585,1233
609,93
455,43
220,58
1933,64
834,80
1319,1679
1971,1678
1417,119
1879,131
1457,24
796,20
261,633
853,101
411,62
1378,1658
1896,89
1457,105
304,1663
155,53
1514,106
544,84
323,65
326,62
516,26
1939,1760
1444,638
1106,35
1589,1632
1056,110
1038,50
1885,1663
856,196
1767,1663
953,20
150,106
1082,59
1357,67
1051,82
1769,131
1795,1639
1708,42
1273,87
1735,1641
187,64
1151,82
1940,53
1634,104
1191,77
203,64
921,91
1073,1654
277,63
870,86
428,61
635,69
320,1630
1745,68
696,63
18,87
1302,35
576,1679
1625,1668
46,1657
839,68
1107,54
367,41
1972,100
262,79
531,1672
933,16
1716,97
6,64
1496,196
856,35
1706,91
383,62
852,23
746,638
1723,110
124,16
312,154
935,82
1199,107
714,99
1122,100
1803,103
406,1657
1867,1630
1590,109
1367,60
814,62
429,100
123,89
837,103
1749,1630
1875,1679
1472,138
996,1654
1733,1659
615,54
1042,1630
1441,43
1646,1672
160,60
1851,1760
1798,41
807,1760
844,110
1215,73
1608,1665
1977,58
1040,1665
911,1670
1300,1639
1924,633
182,70
1182,1785
404,68
685,85
283,87
502,89
1335,63
1389,1667
950,91
402,1679
718,39
495,106
1258,56
1794,1760
1133,82
1315,51
803,1693
1615,100
1483,111
434,104
175,1092
755,94
1415,20
1403,1632
279,112
1018,154
1740,77
285,105
802,53
1355,41
1598,119
346,105
1102,1676
1056,138
1460,1672
1562,1676
1428,80
182,1666
1968,69
1753,31
1310,20
549,1656
1499,77
1743,1660
180,103
1071,51
480,99
1833,96
948,108
713,91
1101,98
116,62
1370,69
1019,17
180,1641
1498,62
1319,60
312,1675
438,95
1346,1092
1477,42
671,103
337,1660
1183,1639
21,94
1128,190
1734,66
1553,131
1080,65
1336,43
826,111
1129,1678
1737,79
1885,95
3,51
1257,1092
1419,79
1629,90
1170,97
1766,93
664,28
238,69
740,1807
208,104
1699,20
852,43
1719,73
691,239
1425,53
1392,32
1746,41
532,19
1007,1673
1432,97
292,98
1754,1670
1550,119
623,82
1749,108
908,84
281,64
815,1671
894,132
749,233
254,39
1251,1659
1584,50
1522,43
1175,103
1108,58
1309,1233
1809,233
120,71
1612,1632
1903,99
803,84
1155,1678
1963,103
879,1656
1586,108
1825,26
1955,1675
1065,1693
1500,66
148,101
260,1663
722,190
1589,82
766,1807
752,31
880,36
1451,1797
1197,1667
755,58
441,70
1750,79
116,1630
1184,108
1533,119
159,1698
1615,233
1908,101
346,77
806,1679
573,112
977,1807
1217,20
300,1678
358,1642
1564,54
1010,1233
1985,239
271,63
1147,1642
1182,63
858,83
490,41
1853,16
1548,1672
667,1659
335,131
1956,1807
231,1092
790,1673
933,1658
1306,196
1131,89
1019,61
790,1656
476,1630
277,119
613,1639
1596,84
1484,112
1285,97
492,106
739,59
722,33
1127,66
668,101
391,1678
247,1630
1372,107
1446,60
1799,1656
475,83
1710,71
577,37
175,132
1896,1658
1858,1233
613,1092
1987,633
981,1760
1116,23
895,154
1139,95
437,1679
182,1656
1568,79
1492,31
406,154
1793,68
784,54
1852,1807
1961,112
661,1680
1157,1659
979,53
338,87
486,39
1779,28
1154,1673
1005,99
1190,1639
1012,43
1202,39
1990,20
941,17
1664,70
102,23
1741,104
692,83
1542,91
1022,68
475,131
1235,85
135,111
283,110
449,154
648,104
283,31
485,119
323,100
676,1630
661,84
994,105
957,83
258,1663
647,97
1497,70
1980,1667
1600,1639
1282,1642
417,104
1485,1693
552,1671
