1376,1654
1409,131
1173,90
1800,66
940,633
1491,1659
1645,16
1167,1660
1990,1785
1978,107
470,70
1838,1641
1927,86
1546,1667
1213,100
157,1660
1421,87
1532,196
785,1639
5,84
1363,1698
794,69
388,108
816,1785
837,33
177,77
948,36
733,112
1610,1670
1923,75
1815,105
625,66
588,82
823,99
492,63
1695,1657
1950,1092
317,36
782,86
472,51
127,1673
1966,94
1375,1641
937,239
1928,1676
1011,1668
1043,111
394,56
1445,1807
1778,112
990,100
1879,1656
777,633
1868,65
987,24
1180,67
1013,190
1241,91
319,119
970,67
1234,138
1609,1658
1770,104
690,66
1189,108
1391,32
1645,1639
979,96
1757,1657
486,112
1580,104
1560,1641
770,93
679,53
1930,75
1957,1676
1593,1657
247,23
1684,190
948,42
819,1698
1795,1673
860,1760
1571,1658
978,107
813,42
45,64
227,1807
985,43
1724,68
1410,28
452,70
142,16
700,1680
401,106
1566,73
257,80
115,132
632,26
592,131
290,24
222,109
1135,633
1281,154
215,86
1144,36
185,16
759,1680
1918,67
1331,39
728,16
1041,1675
1425,94
1206,79
714,239
939,24
1901,138
1919,1663
834,1668
231,84
821,20
493,67
1179,24
1860,111
831,111
979,110
1350,35
599,131
1330,1680
1685,132
1580,94
1608,111
1094,36
10,1630
1745,42
1802,51
1181,86
1126,1785
818,1670
1866,84
1775,114
1002,87
506,16
329,1671
1128,67
1093,101
245,1665
216,101
1636,1233
1835,86
974,64
1184,196
1616,71
913,82
1640,77
277,1665
1326,1668
1737,35
282,131
1682,1658
1868,101
30,1233
401,633
243,1642
774,58
1773,32
946,109
1888,32
1941,26
1568,24
797,108
46,58
1712,77
199,1666
315,23
5,41
1492,87
1421,109
1024,79
737,50
1691,1671
1661,23
338,31
449,32
1098,93
38,50
1623,95
499,80
1724,104
1559,41
492,17
404,69
1060,96
273,28
648,32
688,87
526,1
566,104
1562,17
1251,26
685,1760
926,96
1190,107
1028,82
1123,84
40,95
573,107
1771,1632
613,20
1060,1785
1420,638
772,1675
398,1660
275,31
757,111
1274,59
1806,16
1039,633
1540,68
586,89
366,1659
1431,85
439,111
960,1642
1829,98
429,85
466,75
15,86
455,111
306,1693
1232,111
1505,71
1178,39
1945,1233
1534,1678
253,83
496,66
721,1663
424,1673
866,1632
25,154
1406,16
1081,239
821,1670
1339,73
201,1657
4,138
115,31
540,68
27,59
266,39
994,35
1808,239
1720,1
249,104
1905,59
987,64
1362,1632
1031,53
721,28
1436,1675
422,1675
228,100
1095,24
1476,132
1779,1679
1946,638
1290,64
1128,1659
393,154
1759,70
1283,35
1485,35
632,1797
177,54
982,39
1392,1807
13,1672
895,1656
224,119
1236,112
994,1639
331,1671
666,82
649,58
1151,103
1903,98
1002,42
1560,60
894,20
1141,61
388,1677
521,112
961,105
445,56
1495,1658
1791,1667
1249,84
1288,1092
844,1672
1235,41
1754,97
1791,36
1831,39
286,29
1250,1654
760,1676
816,56
1574,1807
1811,75
687,1807
1369,54
229,93
1650,97
1314,138
691,79
1499,138
731,36
1689,110
231,1642
487,16
1854,1092
975,1807
1455,17
1537,1654
1516,97
1581,89
1485,68
643,97
757,67
404,1693
1917,65
810,1656
689,1657
1299,1642
1361,79
1604,29
1843,105
1276,190
781,1656
1019,79
1407,110
1165,190
598,1
217,106
514,16
1377,56
1489,1672
951,69
554,107
381,1693
1805,110
1953,109
1188,112
1299,79
1602,1698
1342,19
1697,96
158,58
622,1663
1777,131
1548,54
701,91
758,20
1970,1760
263,1632
1077,1658
657,29
802,104
1891,20
457,119
1072,86
1110,1668
1715,1676
1351,1642
929,107
714,41
1840,75
535,69
1631,111
1263,65
506,1663
1543,19
755,1666
1544,41
509,1656
1453,1641
1917,196
1590,42
1842,1672
945,196
1930,39
649,86
980,1632
1205,105
786,233
1876,1672
257,75
550,1658
1339,1641
1498,1656
482,80
1398,1673
1292,132
564,1641
337,54
531,1632
583,107
647,96
1567,1639
1700,104
579,1642
1409,17
1156,80
1619,24
148,1693
405,1680
901,1659
1972,1092
1480,154
1888,119
232,58
235,39
1491,1658
542,104
1702,94
1863,1668
1264,54
821,63
143,39
1506,239
369,80
1421,86
1260,66
229,1630
582,82
1853,51
969,111
271,131
365,36
754,69
439,87
1202,71
905,93
656,111
1634,66
911,83
659,42
1447,61
184,138
261,1630
904,131
1734,233
1384,99
907,190
1063,109
877,26
1087,1679
440,1679
1285,51
793,59
1531,101
543,99
179,62
433,1668
858,1785
72,68
1504,65
843,103
1218,105
976,1668
1575,103
964,91
324,1680
983,233
215,67
767,1676
1029,79
1412,89
1861,28
1086,131
845,89
117,104
1220,59
218,71
1307,67
1589,1677
446,79
393,65
1631,50
140,96
430,190
507,111
1061,1676
1618,37
1411,33
1927,71
1910,1797
683,32
387,1663
871,17
1618,1672
1283,1233
1725,26
612,105
905,79
1405,1630
1235,131
227,90
1477,66
156,70
155,1667
1282,80
1674,196
1837,1656
903,56
317,53
968,61
307,67
1583,1673
276,100
465,101
128,83
237,1679
1009,1632
1505,1233
1126,85
863,239
792,1678
320,101
501,42
212,51
1298,82
1854,39
681,108
845,75
1638,67
536,110
934,1667
1772,1233
1256,1639
938,1658
1331,87
1519,1680
1631,32
1789,94
1529,82
1461,35
1061,1807
915,67
1306,138
1377,1642
1530,1680
612,31
1491,138
1094,37
708,1760
155,1760
160,32
1505,58
1876,31
133,1639
1484,1671
116,75
1424,64
1820,1676
283,91
382,1693
1971,1807
1643,26
1271,67
122,1668
1386,1
1811,32
943,100
215,103
1049,119
491,109
212,65
305,1663
752,86
1770,58
1645,84
546,58
1653,1657
127,39
812,1671
1129,67
648,1760
797,107
968,1693
428,1807
797,28
1210,1665
782,1668
1571,1672
779,1678
1761,1632
712,1659
1563,60
220,24
11,31
1156,1233
749,37
1104,60
1049,1659
496,85
647,138
44,93
1531,31
1562,239
1389,1665
255,1671
1197,56
1569,119
871,1639
173,1680
947,111
571,1797
330,87
1915,98
521,1670
377,16
1153,35
413,82
1706,1233
1173,32
1545,79
1523,39
613,19
960,17
620,75
380,154
1267,42
1307,61
1860,61
389,106
1313,1676
1813,97
1499,79
586,70
627,1678
629,36
1025,1639
1908,1668
1544,239
418,1693
555,68
901,80
1185,77
7,1639
126,1693
696,110
819,1679
1022,60
635,99
1650,138
1353,26
357,131
1154,93
364,59
240,233
1568,633
772,82
1733,1677
1312,1675
414,101
625,154
1006,1641
367,79
1770,1666
1509,638
908,1807
1063,1665
1038,111
906,20
1441,1639
1757,131
1462,33
161,75
878,1660
956,100
386,70
781,79
1746,39
1964,114
664,1785
1736,17
669,132
747,70
1282,1233
1338,1657
1547,1233
493,24
1165,58
1239,23
1027,41
1390,1807
700,1659
1583,100
1822,114
479,106
1037,64
1311,1693
585,1
415,132
4,91
924,20
1832,39
766,83
1464,1
1282,24
914,94
934,1807
1450,60
1070,1233
711,77
950,37
1006,1659
1767,62
1895,69
1588,233
540,91
523,53
871,1675
1868,41
1745,1678
253,1658
1317,1667
698,53
55,1630
920,103
1551,20
409,1676
1062,67
1309,1668
439,1656
1827,1807
363,1642
1193,1
1964,96
1414,65
700,119
1260,95
174,154
383,1630
993,84
1219,56
1128,1785
376,82
1279,82
1044,53
642,43
509,138
1930,50
223,54
442,69
244,73
1739,1678
1866,26
545,138
1597,154
769,1656
482,95
1539,1
863,119
1470,37
350,94
1342,16
391,1672
543,31
1773,1632
964,96
811,1641
1365,66
1737,105
580,16
1079,110
1123,16
862,68
1456,103
141,131
1526,110
1257,93
204,1663
171,90
781,1671
1759,20
1023,32
130,39
115,1673
1976,1660
673,109
1044,84
170,33
315,94
1984,32
1430,66
1451,75
1360,112
153,24
1330,1092
1923,95
1207,1678
290,131
186,80
578,68
796,51
139,1670
1521,28
1821,63
1966,82
1643,67
594,68
78,77
354,23
853,63
1261,82
1703,63
158,37
852,1660
236,87
511,95
44,1672
577,53
1626,56
1609,64
279,69
1920,1679
1153,1678
255,90
1106,58
1220,54
960,42
1405,110
360,112
1986,1639
1837,65
936,67
536,19
385,633
463,62
1170,196
268,56
797,37
1260,67
1048,29
683,66
629,28
188,1660
501,1673
402,190
331,108
1751,82
519,1641
1610,1668
1283,1654
894,35
988,60
1968,1672
1927,1671
1346,32
853,80
1283,1671
1252,1630
1727,42
954,111
974,106
1492,633
49,1671
1151,1668
713,1654
344,239
516,23
1858,54
684,75
1436,64
1493,17
1476,63
1227,77
1409,98
420,19
1715,1658
548,633
660,19
1586,1673
1984,1641
1948,90
606,37
1055,1630
1256,1658
282,79
393,64
359,111
1735,19
912,89
787,1
402,33
723,105
264,66
1350,70
1758,67
74,633
274,103
385,104
978,105
1792,233
1427,62
1306,1679
606,1807
995,64
1973,87
981,29
1443,94
654,109
766,107
985,90
1586,50
1626,109
1223,233
729,93
530,86
822,56
1272,1671
1009,1639
1375,50
1726,19
1375,67
168,58
901,1630
1867,1233
1576,1656
1458,1657
620,96
1318,1675
1082,87
824,1233
859,82
855,17
440,68
1179,109
1331,86
1574,54
121,239
1850,80
898,103
1031,131
350,1632
1240,28
336,132
1940,65
965,77
657,638
1560,1657
915,66
686,105
338,43
745,1657
1041,1092
947,1663
1943,69
980,1675
853,131
1852,1
1781,101
1339,190
865,1639
1813,1797
1214,132
1821,100
1730,1807
729,62
1600,89
826,86
475,108
1692,1641
1895,50
1090,1
3,1663
246,71
501,138
765,67
1767,1672
1468,1670
1379,37
1605,105
1164,1679
249,82
1816,1680
1713,56
1102,1665
40,83
595,1667
1716,19
1645,83
1388,60
1239,1656
450,196
124,19
1763,24
721,71
319,1680
1739,99
1961,61
1635,82
1428,60
493,51
1286,54
1554,1672
764,1670
416,58
911,23
1269,97
555,73
830,93
102,66
49,86
230,23
509,68
992,98
166,69
150,1630
4,96
1644,66
614,233
402,1659
536,1679
776,104
618,119
1973,1233
1814,95
290,58
311,638
937,59
464,233
173,1679
601,70
1805,1673
1609,24
373,82
1462,84
876,79
1161,1665
1894,107
187,1676
1738,633
599,67
1156,1676
395,1659
384,1630
1692,26
1071,79
900,638
169,1676
1732,1693
1273,1642
872,35
653,98
1544,1
623,190
201,35
1621,29
1253,83
1776,26
948,111
15,80
1088,60
1436,638
873,1666
1133,1678
1706,1676
1751,26
442,17
869,1666
1225,70
88,1673
1697,90
350,99
668,28
250,63
303,43
1008,239
705,1
712,77
740,1233
800,1670
1515,1665
1888,95
380,58
1578,1693
1857,190
1357,1632
1113,94
245,26
1496,82
232,97
965,1671
1371,1676
1964,1797
447,1657
686,1673
1759,64
711,1698
1030,132
458,638
1897,33
462,132
979,26
1721,633
194,84
1886,93
1320,62
1930,1
1967,132
1826,110
375,1656
873,1676
581,67
321,95
1191,96
1969,638
631,119
1188,1680
1040,60
1704,83
1870,1632
475,41
403,1672
253,1672
471,29
1625,1632
1904,1679
856,97
1207,70
215,24
491,70
805,104
1947,1693
441,75
1555,80
1114,1760
1937,1675
987,80
1983,1654
370,114
630,70
1111,1639
1502,26
1251,1676
57,132
1362,633
1621,64
1643,1698
1274,93
600,132
197,26
1246,31
1088,233
575,95
49,19
1084,93
1967,138
1437,1
1427,23
474,1657
1927,1698
992,28
921,16
850,86
499,60
1366,24
631,69
303,94
1336,91
1728,71
408,108
1721,104
1460,196
1001,83
1406,50
471,19
994,82
576,1657
1072,1630
1737,104
102,1663
1780,138
913,24
1466,94
1836,1680
1415,107
1588,111
886,95
800,1698
376,638
1247,1670
1170,64
1800,87
1581,56
788,53
1585,61
1985,77
1894,1
719,1665
1699,53
228,26
653,1233
1813,37
986,106
330,1632
1875,1642
808,16
275,75
611,1807
1495,63
1535,68
348,104
1451,61
439,67
1294,1667
1100,1654
1269,89
1488,70
1157,1673
1917,1639
1822,111
116,99
1330,239
1224,1654
753,24
1637,84
440,1667
592,154
199,62
4,56
561,59
1649,1678
1161,66
1824,1656
1794,64
1871,82
1194,26
1357,638
1759,1666
829,37
1625,1660
812,35
1863,1632
377,94
1062,29
1247,19
1622,37
701,107
817,1654
157,99
1746,107
1358,93
1123,110
1144,233
1894,51
1905,1660
191,132
1793,58
157,20
1003,28
932,16
1964,69
1032,190
882,61
1988,67
1199,50
1684,196
582,80
784,39
513,1663
416,1
1034,17
993,119
1237,1654
1471,36
1279,1797
615,24
1387,67
1104,1785
1859,71
1306,39
1057,65
891,23
1980,43
1087,1673
1292,37
597,233
1973,68
561,53
1391,1641
1724,32
1892,20
1727,85
1431,1656
1989,68
611,1785
903,85
1744,35
38,1632
825,1639
425,1675
957,98
1733,79
1294,35
1558,42
1784,233
255,75
1224,32
1958,85
909,80
1445,110
1176,131
1197,1639
1050,638
993,1675
1459,190
1169,100
1461,1658
12,1665
238,1797
1845,638
999,94
1280,16
693,69
1640,1670
1573,68
524,79
1634,82
1689,1663
1005,68
454,1632
1714,154
1645,1670
142,23
1930,1660
1252,42
1346,51
760,82
1168,73
543,83
1835,93
534,1668
475,17
1586,51
118,1
1018,19
1885,101
533,58
1564,1630
679,1760
933,106
829,73
1419,41
1043,239
566,50
370,43
295,104
336,103
1206,66
1318,1672
1003,107
1338,58
1756,20
265,62
1026,1797
552,80
1582,1672
493,64
1458,108
486,97
1580,89
1283,107
898,23
348,66
1947,16
1108,28
891,66
1424,51
911,1807
159,42
1392,1233
275,1663
55,69
314,65
522,1642
351,68
1327,1657
1276,87
598,79
986,1663
1342,94
293,91
685,95
367,1680
354,91
1906,77
1082,1659
1503,233
788,1666
346,1693
611,33
1808,119
1113,1659
1001,43
933,28
994,26
1053,1233
1060,1639
151,51
6,68
1409,77
1338,93
503,1654
127,80
1432,154
738,23
1770,56
1861,1785
721,53
1897,1630
634,100
1841,66
1719,97
1149,1785
1334,1
1888,35
144,50
623,58
1506,16
1691,1658
842,1797
1571,54
872,54
1739,98
1850,99
985,1639
1142,103
889,131
1283,89
473,62
898,233
1893,16
652,56
726,19
819,1667
126,69
1590,131
1349,105
263,110
496,87
1070,77
421,24
1457,56
1599,32
1033,71
937,58
1325,1
520,110
367,59
1788,1233
1935,98
1781,1660
397,112
1106,112
546,1807
309,111
627,28
795,1678
1052,75
1016,1679
1567,35
1550,105
613,98
389,104
378,1665
2,53
493,36
1971,69
202,1654
1802,67
241,36
1074,64
1209,69
142,82
1232,98
598,107
1778,1665
1046,85
1727,28
1801,154
1346,105
44,77
1040,94
1576,32
1773,1658
1482,633
1636,90
789,101
354,1666
337,110
815,79
984,73
1244,69
880,42
1323,1630
1844,62
1001,1660
1629,86
140,196
1518,1679
1908,19
1985,96
1898,105
1823,42
1264,31
450,41
1780,85
680,96
543,633
322,111
821,1233
1300,36
1853,26
664,1642
1914,24
911,106
398,91
1175,99
291,63
1216,112
1764,1676
649,1233
208,1679
479,84
653,1673
581,66
1903,111
102,111
1076,1678
568,73
284,70
1377,35
716,65
331,37
1624,28
1716,1666
742,1667
1963,91
1674,154
479,1630
1526,1663
668,19
846,1693
1238,53
1534,90
1578,1642
1925,43
366,1092
367,95
1569,17
1931,1760
134,84
1874,190
1287,41
667,90
1592,93
526,1663
1902,1680
1113,62
484,104
1402,36
1950,1680
1682,50
409,239
1561,41
1139,85
1799,35
1927,110
22,109
1146,33
1075,103
818,196
1391,107
1118,1233
1910,39
1624,1760
701,1807
1478,1679
1833,64
626,98
1012,33
1553,65
1333,95
1868,638
554,86
1555,1660
1423,66
1221,1680
1228,26
1600,19
55,1672
1855,1233
777,1642
1399,67
115,79
1346,77
334,239
1944,1632
698,82
1416,99
1683,39
1132,1639
377,83
876,19
628,1642
271,1693
578,1785
539,101
1497,233
822,1630
430,54
1780,58
755,1641
1928,109
663,28
832,24
1571,97
856,1658
763,1670
1505,1693
1546,1693
1417,1657
1624,1663
1260,79
697,101
790,112
1732,91
847,65
1402,1698
900,1658
767,190
1431,1671
719,59
1477,107
1741,100
57,1658
517,84
1842,19
1188,97
824,1642
1786,1656
970,638
1896,98
520,1675
189,84
1096,1642
374,80
1062,131
1137,66
840,94
1562,37
269,28
1564,1659
1325,73
1811,104
983,69
306,99
1796,1670
436,1698
313,51
1456,23
1551,106
909,93
1689,79
1581,41
1430,1663
1948,70
1628,68
335,77
463,56
342,17
325,39
507,82
910,1657
1538,633
708,1656
157,1656
1152,94
194,24
1004,1641
1216,59
1125,95
426,1675
1859,70
1048,1641
1174,87
1874,1807
740,1679
482,97
1973,67
800,70
1295,107
1090,59
648,26
867,110
1754,82
1871,35
550,97
236,71
1819,1676
1875,36
684,69
266,1678
1166,111
1683,67
1479,28
549,87
896,93
805,61
202,66
904,1656
1343,1671
249,37
1392,29
1390,1656
1119,90
640,82
790,1092
57,64
1379,233
663,32
646,24
1274,17
885,112
359,105
1122,93
993,23
776,1665
1497,1657
1243,109
1921,239
1742,65
662,107
1471,85
1788,1657
779,1639
141,1666
1691,24
717,1657
1212,61
1782,91
716,58
1587,91
224,50
1892,1679
1150,1663
1266,104
1410,24
995,66
1400,1672
1610,43
874,1675
1464,59
877,154
350,42
1626,107
1370,1671
229,1
1650,85
1885,100
122,77
601,104
1154,132
1497,53
1376,28
1177,93
1069,23
1234,86
611,131
1648,638
1614,1659
837,1785
1486,64
1526,43
1181,1668
1455,101
563,85
1780,108
1908,89
1808,1667
828,119
1176,1
1253,61
1108,1658
376,29
1021,1641
1890,104
76,1676
1661,1
1094,24
248,87
1151,89
234,86
881,111
1984,28
1624,51
1185,23
1511,65
282,1760
867,61
742,17
1539,91
800,98
1320,1657
1614,1233
1710,16
1643,31
705,59
429,1797
1976,100
1410,1760
269,50
1272,107
1720,105
1847,62
1975,101
877,1666
1209,638
1355,62
827,1807
1783,86
1609,1673
1647,1693
1591,53
855,33
1796,85
610,1678
642,1658
588,1672
761,94
690,98
393,98
653,110
1850,96
1136,62
1300,1
639,69
1069,1680
1430,1668
1047,1678
480,106
298,33
781,1630
1374,1639
1175,94
1819,58
915,82
626,77
1950,110
1590,17
1002,50
1802,33
992,100
149,17
1623,91
1798,1673
267,106
766,58
1104,63
588,96
1399,104
1775,1675
1956,87
1171,99
857,65
179,109
1485,1663
1768,101
1655,1639
1128,196
1754,56
444,95
501,154
340,24
875,1673
682,633
1144,68
371,1666
1804,1092
499,633
1918,16
1419,84
1480,70
1759,190
1945,60
309,110
121,24
730,1666
1638,98
717,50
811,53
1631,1
503,89
366,1663
616,42
1458,17
1080,1807
1478,84
194,64
251,17
1724,1678
642,66
960,1693
1587,20
1437,59
1404,50
891,97
585,20
1120,633
904,94
504,1656
1114,75
1413,67
460,1679
1643,106
1148,190
1440,239
1339,77
662,1678
826,104
644,23
1524,71
1770,1665
1972,69
1646,20
1187,17
836,65
1885,90
712,79
1562,111
513,98
516,233
920,28
1902,1671
1277,138
691,69
620,37
1578,111
1723,16
346,68
74,65
901,1698
276,1233
818,64
729,1233
1250,95
459,1632
1863,19
724,106
929,60
1819,105
1128,1678
868,39
851,105
1535,51
440,1658
642,84
1893,51
777,1693
1282,100
877,64
605,91
827,65
1681,1670
1845,33
870,97
469,190
452,154
972,1663
465,17
692,154
1265,104
209,20
377,64
1248,31
677,91
520,154
1308,83
1456,108
444,1092
1405,71
691,83
987,1678
674,41
198,1693
1210,87
896,19
987,82
1928,96
278,105
1257,80
463,39
1388,16
1392,83
825,28
1964,99
1505,1666
1199,24
942,51
1739,63
582,106
639,111
1544,63
552,41
551,83
170,58
575,89
1071,1092
1064,132
1316,1671
1691,33
398,42
294,75
1437,31
153,19
1921,1678
643,1680
438,60
1221,99
411,90
1798,1639
622,1680
964,1672
200,97
717,1668
1231,62
1347,1675
1215,239
757,1667
559,1639
1137,87
1228,106
769,75
1412,97
1359,154
1090,71
1254,68
577,56
1701,1675
1156,110
1106,71
1510,1657
869,59
610,19
260,1672
542,98
1082,31
179,1656
1887,108
842,110
1564,1
716,1675
1968,20
1607,93
1112,64
1540,42
1176,71
402,56
741,1639
409,26
1441,101
341,69
288,63
640,1642
514,79
955,35
1751,89
259,1656
706,29
1313,35
1991,1760
1573,63
1188,19
317,1672
14,68
737,239
1319,1654
1727,33
1620,109
557,77
1989,80
1439,51
1356,1785
1009,1656
400,1658
1572,95
279,70
10,99
137,1657
837,638
1105,1660
578,638
1352,73
1541,79
532,83
589,94
1699,37
247,1092
140,110
267,638
1578,196
821,59
1964,71
369,84
646,190
460,101
1186,67
780,94
268,138
180,36
237,85
1735,1667
1256,131
1843,73
1950,1
264,87
1920,84
1338,1693
538,75
596,1641
763,98
1774,1698
158,1670
1138,42
1339,1659
1306,84
445,106
1060,91
857,26
736,63
937,1092
219,1797
1011,119
903,87
1440,23
1575,99
485,100
1814,23
219,24
990,105
1294,33
942,1658
212,41
1282,1657
973,96
1415,73
314,633
1056,86
171,42
797,1672
139,638
1337,1797
530,1797
1263,131
644,1659
757,132
1753,59
1571,28
1075,35
1458,233
908,138
1028,1663
140,28
1388,106
1636,638
1185,1693
976,42
922,26
1150,1666
1850,60
1742,70
821,190
416,17
1397,69
1856,1663
1823,633
1259,108
264,69
1279,97
486,196
1005,66
609,87
592,233
136,31
1134,97
632,31
835,1666
265,1632
430,638
250,1760
606,1693
1292,1656
387,63
266,26
819,32
601,111
1083,41
1875,53
1379,56
1180,63
1956,1672
1706,83
1462,79
1540,1659
1854,43
788,106
1267,1785
316,1665
1588,83
1952,63
406,107
798,71
1886,1676
1927,32
1810,68
1664,1676
235,1632
311,1807
1054,39
1826,196
355,1807
624,1680
486,103
768,1760
538,60
1254,1630
153,90
615,62
798,1642
503,154
992,87
818,1667
924,62
1299,26
863,1807
536,1668
589,1670
1772,1663
665,32
1073,1785
1221,59
726,1675
1774,67
800,99
1778,62
307,1665
1814,64
183,1668
516,103
1057,1657
757,1659
1774,50
708,17
962,1675
712,84
694,68
1008,85
1456,83
1055,53
1493,50
319,1
744,1785
1480,89
660,67
329,239
1912,60
205,154
635,1671
356,26
546,54
1393,1657
1214,1657
1770,73
1418,98
1438,97
1628,63
1169,70
1221,1797
1304,69
365,101
1286,53
117,1630
1455,1660
504,97
1409,1632
948,100
235,633
1522,1
1819,61
1344,91
445,190
1353,131
527,32
334,20
1276,103
981,77
176,82
1121,24
1606,1
1163,1641
1093,82
1403,108
946,1233
1720,1668
752,154
695,154
826,103
1433,53
1395,1642
1700,93
601,75
1761,89
160,1679
1872,196
1507,107
519,89
847,1660
1513,112
1955,105
580,89
198,90
606,103
165,1693
792,73
1756,75
946,24
3,233
1550,111
1955,1233
1061,98
968,1679
1300,16
365,87
794,23
962,43
636,54
323,1663
398,79
591,100
1380,1665
1442,1668
1573,104
331,1676
1594,239
469,58
1523,1639
1459,1679
1503,190
536,1760
182,42
1107,107
1502,633
934,111
1346,103
478,59
928,1760
263,239
122,1
250,58
485,43
696,1660
731,1807
608,50
1416,73
1627,1639
1808,85
652,1693
47,51
1137,59
1908,1092
641,84
1197,1675
920,29
850,1676
1184,84
617,53
192,110
1629,84
708,132
1948,110
387,1693
1591,24
1945,1642
788,131
399,98
163,1632
497,64
225,91
967,1797
214,39
1906,1673
419,103
1789,112
1111,100
713,79
787,58
290,638
662,16
1711,31
498,1639
260,90
988,70
438,35
1842,109
296,1698
407,138
759,63
300,64
1838,1
1697,105
1290,1665
1922,36
216,84
1692,1630
148,99
1569,23
1552,41
1808,67
873,60
341,638
148,1670
1007,41
1251,61
668,1639
1217,1665
263,1641
1573,1630
322,1641
666,1666
1368,1666
335,1671
1796,56
946,60
1729,75
515,17
421,638
1988,106
133,36
1682,67
1186,60
1481,1654
770,97
1621,62
865,37
170,59
1434,59
1013,1632
442,65
1236,131
1883,114
1812,62
230,32
860,111
1174,73
1232,64
1012,82
121,1673
1296,71
78,71
168,1642
1882,41
651,29
836,23
158,63
145,26
38,1659
1565,36
258,1639
1422,63
251,1656
147,1233
1123,20
1898,56
1719,58
1440,1092
1792,1663
1706,29
1445,119
322,1659
842,28
518,105
741,112
211,71
1003,35
680,94
1486,1676
1585,131
336,1658
1934,1632
704,68
1417,1663
1635,111
857,1680
203,1092
510,64
842,1092
1914,58
905,86
1920,71
528,33
844,93
153,28
692,89
531,93
588,90
172,95
1283,1693
1048,1676
307,106
1986,1092
1896,100
1569,66
461,119
1747,101
424,93
333,61
647,95
1537,1675
765,26
1156,93
734,97
420,233
1898,42
719,633
630,54
1223,39
178,39
953,1
1435,63
694,1666
1100,1665
1621,97
369,75
1550,39
756,1675
504,56
1209,1807
1176,86
1601,29
1150,1760
1047,104
810,79
906,1658
1542,79
472,138
2,1639
1178,24
972,239
1971,1673
1319,1639
547,107
1959,50
1107,35
293,53
1909,1797
540,26
1271,1670
1497,41
1373,1670
1392,1675
417,131
1493,29
390,190
1356,1663
306,19
1598,80
864,1641
1911,59
862,36
1969,110
869,94
835,66
1015,1630
838,61
970,77
329,67
1713,97
280,1679
1200,60
522,24
503,1677
1411,36
218,1807
1934,1660
776,1667
350,1658
1367,17
1253,154
278,1672
1401,1
1279,96
1269,58
1380,19
538,90
442,119
1114,99
998,96
1825,107
1610,41
689,111
672,33
615,233
605,1639
1778,1785
1322,39
1201,20
246,73
122,75
1960,1233
1023,1663
828,1663
819,80
1558,59
1140,94
660,190
1948,53
573,65
902,23
1236,1641
467,106
1520,82
453,67
1489,1807
280,1693
1842,1657
208,36
1169,75
1391,60
515,105
1399,1659
1900,60
1556,1092
318,56
1870,138
891,71
1098,85
1226,110
284,111
234,84
1577,112
1940,60
18,63
1322,1693
1487,69
645,98
1128,58
829,1659
888,41
445,28
1647,77
1439,1672
1542,43
14,51
517,1676
865,1659
1413,109
537,108
1772,1656
561,86
1517,41
1467,86
1838,75
1528,104
1382,71
1147,84
210,633
1861,106
246,91
209,1760
1372,41
947,100
158,119
1911,110
1288,104
1915,107
614,1656
1326,1678
618,1693
363,42
437,85
680,1666
477,62
1530,54
980,75
512,75
346,17
1341,110
1377,1693
440,86
663,70
832,66
1253,1672
821,96
1870,101
1763,109
1911,1675
1947,114
572,28
679,70
790,79
443,80
281,109
948,101
787,33
626,75
237,42
1893,29
1125,99
1926,1678
851,60
905,110
1000,1666
448,633
449,58
1302,69
1583,60
435,1679
1842,70
995,19
1427,94
1734,75
816,131
485,56
1504,112
220,1665
1927,1642
1768,103
520,17
1841,1659
562,1642
1581,1657
1986,85
1345,91
1379,87
973,1680
320,70
1069,138
1695,106
497,196
117,89
1645,65
1867,75
1149,1672
1099,37
1780,66
1564,41
1068,70
329,105
1031,82
1196,19
1071,75
1753,96
1314,66
1954,1679
503,91
486,1807
490,60
809,1676
201,39
555,42
259,633
1829,108
783,42
698,1630
534,82
186,196
1508,99
1806,1678
187,101
206,131
1845,1656
1906,1654
953,1668
203,101
496,233
921,56
774,1642
463,1665
1477,19
139,87
1906,29
608,68
1709,638
182,43
1413,65
594,107
1255,98
1553,132
1791,60
601,43
344,60
1086,98
165,50
828,1698
1136,633
1945,99
1254,41
1774,190
198,85
346,66
1638,131
532,1671
738,54
1181,1656
615,1654
309,239
1803,43
1753,114
1499,80
1463,1667
733,1678
996,1666
901,60
133,66
541,69
871,84
251,33
1819,24
1257,1673
1471,111
1624,1668
1960,82
1355,1678
881,59
1145,60
707,1667
1704,87
857,50
1558,1658
1505,196
1912,1668
1916,84
403,1676
44,62
266,64
250,77
658,84
1862,1639
226,50
1776,638
172,154
1701,1671
691,36
1187,1
1905,94
467,196
1140,103
1109,70
1405,69
1480,100
529,82
324,1642
1958,51
1027,633
863,1671
1588,20
406,16
1455,31
463,33
670,75
359,80
821,37
1142,33
1840,83
1270,106
1826,154
868,64
1042,1677
1793,67
525,119
501,1807
639,105
1907,93
1836,39
187,16
686,58
982,75
1465,99
1782,96
770,17
1088,28
364,1672
723,51
615,65
692,84
1390,39
1359,70
1491,54
556,1693
1956,20
1885,154
1556,196
1906,1
200,99
1932,109
1510,65
1180,1660
944,98
250,95
1210,1797
815,108
1133,33
1811,95
652,1666
893,50
252,190
1156,104
627,90
1014,132
906,53
1025,41
1334,93
1153,28
553,70
610,17
1696,28
645,638
429,131
1025,90
1065,35
953,103
563,1760
265,101
1631,85
898,61
1538,1675
1441,1233
361,1693
1034,1678
609,73
1711,50
726,94
333,1092
760,58
8,63
578,65
1225,16
172,1668
1026,67
1543,1680
1599,20
1526,1630
49,1672
1477,138
250,97
894,1678
1389,24
1066,77
827,1657
698,99
1858,33
883,37
1586,154
1184,16
279,64
943,41
13,20
1062,17
983,70
512,1693
1716,54
778,106
529,62
1227,35
1746,103
453,110
185,110
280,1666
1661,1678
959,62
1242,1670
1759,1
342,20
1965,1666
1782,1654
1146,64
1386,1807
194,23
305,56
1354,53
720,1807
860,1658
1015,100
709,95
473,69
1674,77
1255,196
1664,43
726,104
1366,1693
1496,1660
1171,58
1946,98
1969,131
1110,61
1386,23
1493,1671
1022,1639
286,109
1796,1760
1197,109
1733,75
134,33
1312,83
1539,1642
491,20
1837,29
1251,70
623,1673
1622,75
1952,35
465,1807
1045,58
453,1676
1072,104
1129,105
261,51
1702,66
1635,61
1564,103
331,1639
744,24
156,190
898,1
479,24
923,638
544,1673
1531,1663
955,65
1273,62
334,62
1652,638
213,29
950,196
753,56
571,17
665,84
1095,1672
1721,41
547,24
1464,62
553,1679
242,1678
871,1657
444,1666
601,109
508,1807
583,69
805,91
628,196
920,53
1732,638
647,66
1147,54
1116,1797
687,91
563,41
895,196
1277,66
1591,32
1352,103
1520,83
1445,28
218,83
1450,1698
1270,35
1985,63
845,1659
1729,50
440,56
115,1654
594,1641
1388,233
734,1807
1712,37
1645,633
1971,154
541,31
1776,66
1370,105
1758,54
609,103
992,105
1236,196
921,35
1804,1654
598,67
1684,58
1464,93
1281,1657
72,23
1566,1678
1748,95
313,633
1353,1693
1038,1679
1579,53
1177,131
643,1659
1608,1657
1935,24
1865,110
873,84
947,103
1925,82
237,1659
1017,239
448,190
909,31
1545,71
437,84
1589,1658
1201,1673
693,131
333,1630
1071,68
215,1630
1139,28
552,66
503,1680
1712,68
1286,43
703,79
637,1675
1478,89
1009,80
844,23
1344,93
773,29
1898,1698
1826,71
260,96
1460,104
1040,1785
527,83
1781,114
200,90
1046,95
970,1672
628,58
371,19
1093,80
1090,1673
1167,99
729,19
1831,56
1562,233
1636,80
1403,1675
1184,233
963,196
1393,1807
468,80
876,53
533,90
419,1676
751,1657
1091,1642
316,28
618,1676
1955,107
1458,1671
531,1807
1706,53
2,239
1357,1641
613,29
1077,1678
1941,53
930,233
949,59
571,1785
1381,24
942,26
446,31
1739,20
1243,43
1543,54
1303,39
1431,82
219,1667
1162,31
975,86
999,108
550,638
1009,66
684,1630
541,1807
794,1665
539,1656
1938,1678
1531,1670
961,1
1721,87
1043,63
1922,80
162,28
1727,105
1359,131
1325,111
994,75
775,82
134,94
376,1678
1406,106
268,1680
340,1797
606,196
590,119
1538,19
926,85
377,36
289,112
628,1665
1766,85
1327,93
781,73
1520,109
256,1660
1765,1641
1307,1
1052,196
1509,69
868,83
1132,26
1759,79
710,64
1082,233
532,138
1929,1680
1858,1760
683,110
1058,110
652,73
908,35
262,1797
675,1666
1565,1693
844,59
737,87
193,111
267,58
964,1654
1084,59
1232,84
1034,1658
1839,1641
1087,94
1737,1659
1171,19
985,100
625,61
1285,103
1586,100
1070,109
705,101
561,99
711,75
1747,75
1278,67
157,233
288,1656
1801,106
1007,43
1234,29
1452,100
627,79
1773,94
987,1667
450,132
305,1679
1210,82
1247,75
420,70
463,32
625,633
1964,94
151,1659
1988,84
137,39
1495,36
1207,638
511,1673
291,64
993,110
1662,1672
902,1632
1012,190
1437,107
744,94
1461,101
790,1665
147,1665
92,108
1859,110
1495,1680
1963,60
1432,1668
1876,93
1627,1233
521,107
1188,1667
1849,53
1225,101
766,71
1743,239
1463,39
1909,19
531,190
597,65
1204,95
485,77
893,64
1335,105
343,99
1929,94
354,1698
1542,1668
1375,103
494,100
886,1676
1292,1671
1720,36
788,50
644,1666
1864,1797
1567,96
1109,56
1952,119
941,1666
467,51
1408,79
713,1807
1564,28
716,1670
1753,77
1418,56
212,1673
624,1657
1850,39
1397,110
673,1676
1532,61
656,104
1034,1679
1488,59
662,50
810,91
1012,51
1109,1675
701,1678
1309,35
334,35
227,39
1869,43
1761,1698
1550,638
149,86
243,103
760,59
1221,82
985,64
1707,33
1033,50
1492,1807
1794,93
1972,42
687,70
983,65
288,1668
1615,36
508,39
1897,1659
1476,70
748,71
549,50
1382,1666
1013,37
1136,24
140,105
1428,16
1030,196
1270,119
1425,1632
871,24
969,16
365,29
1343,20
719,100
740,63
1900,105
141,1676
1064,99
1580,1
238,1630
1864,1632
8,95
598,36
927,56
1154,108
267,84
984,1676
1501,67
113,1658
1485,638
1549,53
1932,131
1776,1797
1167,56
1827,1667
342,1659
1228,58
1322,51
499,1656
1399,35
544,95
725,16
1885,110
1118,1639
175,1807
40,1092
1473,86
1072,1663
6,93
1312,84
1683,71
1706,108
178,68
1156,77
917,1641
1945,90
168,50
973,29
1570,633
483,1659
1392,17
731,23
697,1663
1267,1693
1806,50
596,1
744,138
982,132
1118,138
838,66
1399,1639
466,109
745,1760
1371,84
345,1092
269,1656
1002,1639
1447,1671
421,1657
1330,61
777,61
120,24
743,80
1681,85
1445,1654
1563,41
220,51
1946,1785
200,1668
257,63
517,35
334,63
618,138
361,99
676,1668
1711,1642
129,101
293,84
723,1657
1128,93
1953,28
354,66
1738,96
968,36
145,101
293,37
1889,101
1942,233
1652,1671
256,31
556,106
3,1668
1794,1668
1242,1657
1241,60
1510,239
567,1630
1079,94
565,1658
1523,80
383,51
735,1668
610,85
560,1672
258,190
538,1666
232,29
936,37
1365,1656
1129,90
981,1807
1664,1679
1172,66
184,79
147,69
1527,1678
1492,73
905,17
1957,1
347,1760
1304,233
642,1670
761,1630
1255,154
244,24
1847,1654
854,79
1445,1656
1501,54
1856,43
1010,1693
533,1642
695,1679
1805,94
1879,59
1569,1632
1180,1671
1154,112
451,239
307,41
1414,1672
1067,75
807,1658
735,233
954,154
884,95
793,24
206,71
760,101
1039,33
1906,70
216,109
1335,32
384,35
883,97
169,89
757,1656
1479,111
1579,69
1962,71
1854,73
128,56
1090,138
278,196
1055,54
448,1797
1059,51
1301,1670
1153,42
1852,1658
1173,39
1156,33
621,638
1790,32
1883,1656
1652,1
1688,1658
380,131
1685,1672
885,80
1168,1656
1631,31
1431,95
369,103
1201,1642
562,36
1009,87
1950,82
1553,110
905,108
652,53
1151,75
779,1671
380,638
1563,53
274,69
38,42
1944,1676
1643,112
557,1
1953,56
404,77
776,110
1773,1667
303,35
285,1642
402,1668
1891,638
1485,1659
715,99
367,70
314,190
1218,86
169,1233
816,20
1187,103
748,233
323,36
88,53
1379,89
296,66
192,19
1740,70
360,63
724,1630
1062,94
412,1666
1975,119
1894,109
1321,1668
761,131
1756,70
302,75
1099,39
1004,1679
292,101
704,109
157,1675
724,96
1459,239
1499,68
1118,80
710,87
1960,1660
722,1665
740,96
851,95
669,60
942,138
1024,85
247,80
1155,119
287,51
311,1693
1727,1679
455,103
591,97
1091,31
1812,37
1120,1667
712,1680
657,1659
146,106
1124,93
1181,50
1953,89
1919,100
1496,1670
675,107
843,87
1434,196
350,101
1916,64
973,1630
663,1676
1956,65
1948,1233
474,1665
604,1807
1444,1676
417,73
875,1659
896,106
293,1632
1379,71
1969,91
423,119
902,80
282,239
1170,86
713,1665
1210,65
1173,59
144,132
152,1679
721,20
171,119
773,1785
853,1663
546,1677
302,85
308,132
1251,1668
1820,83
1766,37
1696,97
1917,1233
558,138
1495,17
747,63
1951,1656
1623,1679
974,1632
1971,86
1182,69
1458,63
455,85
737,86
208,1668
1772,90
1549,1657
1505,105
1714,95
1417,37
421,86
1662,1657
794,1680
1734,26
1470,83
139,71
766,90
1890,1670
438,1677
1347,1665
297,105
1077,196
455,1654
240,109
1896,154
1512,633
6,132
1183,70
392,1666
1869,1785
1969,85
152,1693
889,82
1173,190
1746,16
456,1693
1346,1666
979,65
46,104
1798,1092
639,107
1158,61
1715,58
352,83
1577,61
1685,196
1705,112
986,132
1249,1632
1343,64
904,239
527,23
1426,1698
696,17
914,56
456,96
864,109
1359,64
1238,1797
884,96
702,43
38,64
1114,43
72,80
165,67
1347,1679
1753,1680
1916,100
125,53
1158,633
326,1666
1289,1092
1130,58
1911,80
313,36
1452,1671
1038,82
1647,1632
1210,101
1031,17
477,100
1509,23
856,1663
1149,80
1078,84
838,103
1729,90
1840,67
1803,73
1129,28
979,79
562,29
1611,26
1186,77
1371,75
52,101
918,62
1215,1670
1954,70
1920,90
549,1670
341,65
303,1632
200,1641
756,138
661,638
1957,1632
264,60
1081,67
527,101
692,36
1381,1680
371,93
759,28
760,60
374,58
967,51
1818,37
350,51
648,17
5,1654
1750,1642
1218,111
44,28
1403,41
394,63
904,1760
81,33
1260,1797
447,54
1745,633
1004,75
240,1678
1875,138
1251,90
159,1673
420,1679
1586,1678
534,1233
280,1668
719,1693
1531,1797
1702,86
603,66
1324,1654
554,1666
1607,79
761,36
448,1657
1155,62
383,1659
438,1092
1735,1663
1091,70
745,1670
341,83
640,1660
720,1680
1892,1670
1451,190
1070,190
1224,1642
1373,23
1282,86
489,75
1546,1
988,59
900,95
654,106
472,60
1802,1680
147,1658
846,56
759,131
1203,633
176,154
394,33
822,33
1854,82
825,1641
1456,1233
1014,119
1338,67
1913,1639
1447,633
1109,106
406,93
1260,138
1585,83
1905,1632
1280,103
582,53
1300,106
552,104
1343,1632
691,1675
761,54
1515,109
764,69
1152,33
1223,1698
1691,110
1712,41
421,1656
600,1657
1409,1673
947,1654
270,35
1142,1665
385,97
813,33
1114,110
156,94
1249,59
199,24
129,100
589,1680
1132,638
179,20
1046,32
1929,26
1528,93
1110,77
343,20
256,16
1049,1665
688,51
209,80
1757,1807
580,97
447,42
1140,89
610,82
1622,91
1589,1654
1927,28
428,1666
818,54
987,1659
1601,77
1085,84
497,63
1219,104
1297,1656
1058,54
1278,1663
1557,80
76,1673
1179,1660
398,119
770,36
224,86
619,1675
1259,94
1762,43
1816,69
1364,1673
978,82
1134,119
361,108
1724,83
435,31
186,1
1808,1092
284,1660
1043,37
1208,100
1011,87
1976,105
380,1092
1137,19
1962,68
1030,1660
1288,107
1548,103
855,79
1602,110
1911,24
1730,91
919,68
1952,65
487,70
1923,1642
1239,154
135,1660
1499,73
308,80
1607,33
1515,73
1276,1641
807,1797
183,111
260,98
1437,36
355,36
124,1233
509,93
631,104
446,1654
1719,1673
786,41
695,97
292,1698
699,98
1697,65
1514,37
944,75
1744,100
715,98
1768,106
1692,1654
648,41
357,1679
209,35
266,58
160,1667
912,1656
1318,90
570,108
1008,1233
1804,239
902,103
800,1679
1928,73
1620,1671
845,103
1052,65
1452,17
151,1760
869,97
1649,59
546,68
855,50
1651,1663
954,1659
1071,84
1327,62
1220,132
831,37
12,101
359,190
353,1675
1111,82
338,119
1957,36
1780,1785
888,1797
1903,103
966,1654
1783,1639
1215,97
1198,43
1417,58
1734,41
799,36
1835,28
1103,106
401,63
1913,58
189,56
1845,75
1500,70
344,63
523,63
1080,58
1911,79
188,103
494,1698
943,1807
788,24
1732,1659
355,1663
1601,138
532,37
1860,43
797,71
905,1665
414,1667
898,84
1601,1233
1125,51
1661,65
575,86
1812,69
982,60
1155,100
1465,86
345,41
362,99
294,82
1262,103
1923,107
1063,82
1761,1668
1558,1678
1174,1671
1492,1670
1681,1657
1405,1679
165,80
1033,20
115,71
1825,16
799,1679
1008,20
1007,196
775,66
1004,96
677,70
1429,65
1567,239
1295,1670
997,79
1097,1675
855,97
553,89
936,111
610,26
1934,63
1702,43
1250,106
1270,105
1381,58
298,97
773,1659
137,37
429,31
1707,1670
241,1797
1512,54
372,31
1165,36
1222,31
1920,77
1515,35
364,1675
592,20
1256,59
921,104
595,1
887,71
585,59
30,1760
1909,96
199,65
631,66
796,53
1902,65
1048,1666
214,1670
1208,1665
917,77
298,1673
226,80
1280,633
308,638
533,29
787,1797
1375,1676
1073,56
1878,41
1615,80
1247,42
886,86
1748,1660
1606,1654
1528,1665
811,1807
1726,1659
1485,109
201,97
271,23
332,39
1735,39
1465,1
1253,98
1453,1632
1826,26
1512,36
686,75
1058,112
1904,112
1281,633
837,37
327,109
1822,86
1570,23
1016,56
282,1668
1188,24
531,97
1377,65
1674,41
421,73
884,119
1283,1665
716,1092
78,85
1527,26
118,60
1497,35
749,1760
694,99
236,79
1503,29
684,77
812,26
427,60
1538,84
1920,1671
890,60
837,633
1724,1807
510,1797
1032,71
556,23
774,90
498,75
1864,154
1551,112
529,51
1045,53
1173,96
837,1680
970,71
1609,1654
1260,36
818,19
694,1670
621,1630
1176,43
350,1676
532,190
1930,79
311,99
479,23
1037,61
563,1632
161,1630
1892,1671
294,104
1805,56
1309,51
1457,138
499,112
1883,82
1591,1693
262,1632
1353,73
824,1679
1856,112
1208,73
1121,86
1157,112
1583,1666
5,1639
1493,1668
1759,1785
1871,41
397,83
516,31
44,1654
425,1676
1695,1665
1147,61
192,59
943,56
744,1666
785,42
620,1671
607,239
1180,85
187,1642
1475,233
1013,132
228,86
1884,91
1748,1680
1696,59
265,53
1369,1797
714,1670
1392,98
359,103
911,138
325,19
470,110
254,1663
629,69
1203,138
466,107
1150,1671
325,1672
1044,112
566,1630
733,39
473,43
1843,90
1920,1233
585,112
948,60
1633,1670
1050,138
200,1670
1971,1642
992,94
277,50
1434,109
390,1673
15,1656
1959,79
1191,33
1734,99
286,51
1393,109
1501,196
607,63
1436,63
1275,1
408,93
1133,99
526,51
765,73
416,1656
197,1671
343,23
1237,69
1307,1630
1901,94
942,1673
289,95
1759,1660
171,31
1530,32
1348,111
1199,110
574,1657
235,1639
620,239
821,26
1836,91
1010,101
1971,110
1235,1678
443,70
942,108
1297,1663
1796,131
1048,65
220,108
737,62
1883,1
1498,33
177,103
765,638
654,1657
682,82
1881,1632
1420,62
1167,233
1511,1233
1117,196
361,83
1470,26
387,131
1734,93
250,35
968,84
1652,1632
256,112
384,37
118,106
1828,97
122,89
195,101
323,56
712,89
434,109
1925,95
368,233
1156,35
878,1641
1695,96
295,23
1822,1670
1810,32
1260,239
1276,1668
363,1675
252,80
1928,43
1506,43
1149,23
1229,95
1712,71
1034,95
1054,26
756,1785
1030,35
1108,41
1715,67
352,42
405,16
1441,32
449,62
234,66
1936,131
1297,1675
1590,154
445,42
263,103
692,29
767,1659
1697,64
1333,1656
172,35
1043,50
1599,1797
1507,1
1369,32
694,43
718,1673
878,1672
1858,100
994,39
997,42
580,70
1578,103
1334,1679
771,53
336,58
1645,61
231,29
1931,68
1612,1671
1499,70
1707,1693
586,79
1265,1666
1176,99
986,63
898,67
761,1679
1326,131
1492,111
730,56
341,1807
1543,64
163,99
455,97
1495,1673
173,70
528,91
1022,37
735,190
1218,132
1553,239
334,107
1756,1668
1026,105
1586,1797
934,96
1527,35
22,1668
1334,1663
1250,1658
614,1673
1436,17
1493,96
1024,1785
173,1785
441,65
1951,89
869,1
464,110
413,1233
1545,96
1948,107
377,154
157,54
1428,105
1371,1668
518,17
1664,1659
194,61
1118,64
692,1656
661,1665
754,37
1914,35
439,119
780,17
163,17
861,90
1711,26
1108,77
649,32
1866,17
1151,105
1366,1659
528,73
505,1670
1084,54
270,24
988,67
129,50
1714,93
1057,28
411,66
323,1678
1821,82
374,79
1744,65
858,1672
1099,1658
1392,1654
1325,94
835,1092
1352,196
1537,1698
1486,19
590,68
850,1659
316,35
1425,131
285,66
1334,71
221,1092
1324,41
389,36
1516,91
1945,1663
1544,86
509,1675
258,23
673,106
160,131
586,99
1543,23
1303,68
534,131
807,35
741,1663
908,1760
686,62
1776,62
1758,98
1354,108
305,97
1320,20
345,58
1890,42
571,138
455,69
1624,66
1699,1670
1951,1785
1933,94
1751,65
1094,90
399,1666
1930,138
1681,1642
793,37
888,101
7,39
175,1671
128,196
1606,80
280,63
1457,79
189,91
246,20
283,26
893,93
1446,43
1069,58
1584,1639
1398,131
276,154
795,20
228,1797
768,50
940,638
618,1632
1810,104
1404,1671
361,1639
714,95
117,1632
1816,1092
184,23
1735,1675
136,154
1188,138
1560,1671
147,1680
1284,1807
1309,32
701,1675
321,51
1617,23
1191,60
1252,62
1750,1785
1221,95
671,50
1487,1632
1234,1092
970,633
1928,1673
611,31
1199,1670
1311,98
155,37
472,1675
964,95
454,19
347,119
1623,1233
984,58
1263,1660
1837,39
1339,1092
171,50
1780,23
1119,93
1894,43
663,43
1662,87
1402,67
637,1632
193,1679
446,75
1921,101
469,1092
359,112
714,65
885,24
579,239
484,1671
1350,50
1904,16
1480,1678
365,26
860,1654
865,68
385,1672
46,1679
264,93
159,62
476,1670
1269,51
38,19
1112,1630
1181,71
998,107
749,69
1542,64
492,50
257,83
991,24
115,131
1306,94
778,1667
253,17
1697,26
561,190
1939,69
469,1641
712,62
1497,93
744,1667
1281,54
768,111
1109,104
774,85
1830,56
855,26
157,77
837,1665
624,110
57,73
366,61
1746,1665
939,39
525,56
1246,66
470,111
1411,43
221,65
1071,29
703,87
1150,1668
1354,35
416,23
362,41
1914,91
723,112
268,1797
1430,103
340,1785
348,1630
328,119
310,59
958,1641
576,1677
1265,89
1697,20
1422,1233
465,83
1446,65
1323,1660
1750,19
277,1668
681,90
1217,56
542,35
1224,86
1719,107
302,50
157,95
640,39
1449,93
518,56
1127,1642
225,39
1398,104
261,33
579,58
691,1642
1921,65
493,56
1219,106
926,1672
376,36
1705,61
161,1672
769,1693
1769,24
1067,63
1215,79
1053,96
136,51
1539,51
1845,1680
1724,109
1781,108
329,1676
868,1693
1704,1
1265,75
382,1675
1972,104
1133,84
1972,1668
947,107
838,1678
151,75
1974,1807
1777,65
1358,96
202,97
795,1672
370,85
1806,98
836,1630
818,87
470,24
1968,67
1129,73
1611,87
686,1658
1850,107
1814,1670
1268,1668
1472,23
1470,1676
1078,1657
281,1668
504,103
1442,233
1926,1667
1952,1680
1420,94
524,107
619,1659
1741,84
659,94
1563,54
914,1677
1225,67
568,36
253,86
200,94
1947,1642
608,75
1413,90
1748,105
1512,1639
378,111
826,97
1640,23
0,1785
1362,111
258,1675
1811,56
1605,66
519,87
1733,29
424,26
1555,63
1683,114
10,37
1591,1797
1480,77
657,60
368,1667
1783,61
92,1641
571,1676
147,132
1506,75
559,61
339,86
1445,60
940,1698
1035,138
1129,59
1843,233
1662,111
157,1672
1978,54
1535,1807
1522,1670
1111,108
851,96
1311,638
1651,75
15,91
1047,62
1880,17
756,1663
1262,91
1044,138
1394,1671
456,71
1413,59
850,107
354,132
445,59
598,99
1947,1656
570,1654
495,31
796,66
618,110
526,111
524,1233
414,83
1066,96
662,1665
128,104
1848,82
1132,1659
229,80
340,53
1136,638
321,1657
1933,1639
1365,37
231,1641
400,17
1306,1807
845,23
1287,64
263,1670
429,154
1051,107
1070,1673
683,1785
1118,65
1105,60
1142,91
683,98
1917,53
1537,79
1518,96
1563,101
915,119
1474,154
284,94
927,82
213,96
1617,42
657,1642
306,1666
823,29
922,1698
577,1797
1121,62
1487,1679
165,94
570,1656
1697,99
1184,154
49,1639
156,1693
485,71
414,93
1365,70
262,17
815,101
1207,89
548,1632
930,39
909,1676
508,31
805,31
1730,28
1936,1641
1038,71
372,638
444,233
670,61
1367,1673
842,20
1947,1797
553,95
309,75
596,1807
1072,83
1349,1673
1482,196
1023,36
437,1665
1010,91
979,66
137,43
892,91
986,16
1964,233
1303,71
1900,1
814,112
1777,1660
784,67
1924,1679
52,1
609,50
442,75
723,54
324,43
680,633
1285,196
310,66
493,1676
902,1670
1366,17
1649,1675
1314,1630
506,95
1870,1659
72,83
1487,1693
236,196
628,104
1399,91
1346,69
799,1663
894,1665
604,17
626,633
1503,41
826,23
1085,1630
660,1663
14,1632
1409,28
1984,638
1006,1666
1751,1668
1045,33
453,103
474,28
1398,51
791,67
315,138
174,67
285,196
1228,1660
329,58
1749,20
1253,31
756,1667
1611,31
965,109
569,58
420,1658
383,1654
197,132
1084,100
1873,19
591,84
1434,23
1291,1666
1491,90
616,138
264,63
1296,28
1687,32
894,63
1022,112
1285,54
1252,63
665,67
1753,1654
206,29
184,1659
1524,1
349,1665
1750,1641
1865,75
1439,56
262,98
1976,66
1221,239
1066,54
1599,96
1029,66
1986,103
1018,119
1149,1641
437,105
420,23
1713,24
901,1632
977,108
1113,98
687,51
1196,65
1454,633
1495,87
1921,100
583,633
1466,1663
1887,91
1300,103
1486,1760
271,103
830,1092
1436,1639
740,84
1897,101
1795,1654
1122,50
1711,94
1856,1656
1716,1630
264,94
44,239
834,83
817,41
692,53
381,106
604,70
715,77
329,1632
1127,154
337,29
356,1807
1493,1666
729,89
1345,103
478,132
1567,1630
1633,98
802,16
768,96
610,95
1325,196
1969,96
634,73
1885,1632
563,79
963,31
1449,82
1200,50
1402,82
1987,1656
542,65
265,59
986,87
144,94
470,108
1981,20
1836,103
714,112
221,64
619,53
1742,73
989,91
1681,73
1111,42
887,138
1776,73
177,107
1443,1630
1191,82
514,42
1798,62
678,1785
1363,67
1990,108
980,1679
156,89
799,95
142,28
571,20
1767,154
260,1797
800,108
1484,190
989,1656
384,41
1161,101
1110,64
903,66
280,106
1884,1797
1018,24
1244,100
1925,107
1268,98
1929,104
1800,1632
373,68
815,29
488,28
178,114
1154,1807
1966,1666
1456,43
523,196
410,97
1533,51
1176,154
807,132
1381,239
812,1668
847,1671
426,97
211,119
1601,66
922,119
1182,99
1152,50
1340,1
348,91
555,85
1377,1639
827,190
1950,100
1648,50
1313,97
1094,16
709,62
1869,108
1027,89
531,28
823,42
327,65
1478,1630
1960,29
1299,35
1281,1660
1541,1632
1289,89
1036,104
1221,36
279,1663
931,1654
1389,1668
220,1673
1090,23
404,42
379,1660
1412,32
1911,100
55,1657
1285,1092
829,82
1419,94
1001,1679
529,1698
1416,1630
1449,61
1287,95
539,37
144,43
1800,24
1568,20
1307,56
1867,32
1850,104
912,32
1964,16
365,94
1429,1233
1361,109
1273,131
1846,20
427,1233
1027,54
750,51
1525,29
1475,1630
1401,39
958,28
692,104
1980,103
1765,93
133,1630
575,1675
1953,67
978,67
888,61
1154,94
992,1671
1936,20
1514,32
1849,131
547,59
972,1698
1157,68
644,41
974,94
1510,60
1406,1673
513,104
343,53
1268,70
1177,1
1605,65
519,86
1055,32
1369,87
845,100
630,112
1898,108
741,83
299,64
1459,66
599,85
1830,87
535,39
157,1671
1440,1807
1101,132
969,67
1396,1630
1361,95
790,83
251,41
782,1693
1831,1698
861,70
1727,1675
1764,1671
1070,138
490,73
1056,1658
1205,23
1758,23
1208,1657
659,111
1826,1785
371,119
1536,35
1738,35
869,1672
506,56
1506,1673
1697,80
403,1668
780,1656
1810,1639
826,112
1603,154
1362,94
1757,103
912,1641
1893,1639
365,1679
997,90
1792,1642
987,1672
1908,100
417,62
6,1668
1823,29
1291,132
1822,1760
800,1807
856,1639
539,1
1648,1641
1176,196
1964,101
1909,638
864,1670
1988,99
1015,1677
1185,1630
747,51
140,35
639,97
507,32
697,80
1948,1663
419,108
454,1671
905,35
1407,108
286,1642
52,60
1455,1678
1012,36
223,53
1780,1657
1617,41
341,26
1505,109
1053,85
1570,97
1900,1092
804,1667
968,17
344,97
765,1657
1855,64
182,63
368,39
1057,131
175,20
413,233
1265,96
694,154
1942,58
1268,43
1213,1654
1436,97
1633,75
892,633
1466,82
162,154
168,109
1969,73
1287,32
560,41
886,91
705,154
1696,1657
587,1654
657,31
1780,61
1602,67
185,84
480,1092
242,95
497,154
1023,1666
335,112
1516,85
140,66
1730,1673
518,1
1381,39
1198,1639
565,42
1833,62
507,62
1299,1654
1544,39
1218,1658
301,98
1005,100
296,638
1074,29
1556,83
927,67
1390,41
456,100
1474,28
172,96
1653,104
1003,1654
520,82
1754,1233
1825,39
891,1673
1060,190
1100,85
607,103
1746,1657
691,56
363,91
1415,93
1042,109
1578,75
488,66
127,19
389,20
1015,1760
1495,64
1357,95
1286,101
1239,95
1738,1642
990,1693
1175,41
521,190
1577,19
123,28
1617,132
621,1675
1465,119
899,633
1822,85
1273,36
334,36
1016,59
726,80
391,103
562,1233
625,67
793,53
1536,29
8,37
524,131
651,1639
1222,1092
1559,101
1090,62
594,1233
1418,633
347,73
1288,69
685,1675
1365,89
1740,59
1633,87
960,37
117,106
1846,1675
329,90
664,83
403,41
653,79
603,70
868,98
545,65
1061,35
1780,1677
1048,104
865,90
524,83
609,93
455,43
220,58
1933,64
834,80
581,31
1319,1679
1464,71
1879,131
1457,24
796,20
261,633
853,101
1902,96
1378,1658
1896,89
499,1663
304,1663
155,53
1514,106
544,84
323,65
858,1660
533,62
516,26
1939,1760
1444,638
1651,638
1056,110
1038,50
1885,1663
856,196
1767,1663
953,20
1985,39
1020,68
1357,67
1051,82
1769,131
1795,1639
1708,42
180,50
1273,87
666,111
187,64
1151,82
1634,104
1597,84
1191,77
203,64
277,63
1073,1654
1664,63
870,86
428,61
391,75
1745,68
696,63
18,87
1302,35
1380,233
576,1679
1625,1668
604,85
839,68
367,41
1972,100
262,79
531,1672
1616,70
1716,97
6,64
1496,196
942,1676
856,35
444,1807
383,62
852,23
746,638
124,16
772,1668
312,154
935,82
1770,79
714,99
1122,100
406,1657
281,100
1590,109
1367,60
814,62
429,100
123,89
837,103
1047,20
1749,1630
1802,85
1472,138
1733,1659
615,54
1042,1630
1441,43
1333,109
160,60
1851,1760
931,79
1798,41
716,33
1215,73
1608,1665
1977,58
1040,1665
911,1670
1687,85
1300,1639
182,70
1182,1785
404,68
225,1675
78,23
502,89
1335,63
1389,1667
950,91
402,1679
1033,67
718,39
148,65
1258,56
1794,1760
1315,51
1372,32
803,1693
1483,111
434,104
175,1092
755,94
1411,1678
1415,20
279,112
1059,54
1018,154
1740,77
1458,1679
802,53
1598,119
346,105
1102,1676
1056,138
1460,1672
1496,65
1884,58
182,1666
1968,69
1753,31
1310,20
1475,87
549,1656
1743,1660
180,103
476,96
480,99
1833,96
948,108
713,91
1101,98
1212,107
370,1668
1019,17
180,1641
1498,62
783,82
312,1675
438,95
1346,1092
1383,35
671,103
337,1660
1183,1639
365,1658
1128,190
1734,66
1553,131
1080,65
1336,43
826,111
1011,41
1737,79
1885,95
937,1693
1257,1092
1419,79
1955,17
1170,97
1766,93
664,28
238,69
721,29
208,104
1699,20
852,43
1719,73
1442,23
1610,1807
1425,53
1392,32
532,19
1007,1673
1432,97
201,95
623,82
1754,1670
1550,119
976,109
1749,108
1352,1678
281,64
815,1671
894,132
1062,1676
1522,43
1251,1659
1584,50
1175,103
1108,58
1309,1233
1950,65
1571,1698
120,71
1903,99
803,84
1155,1678
1963,103
273,104
1586,108
1825,26
7,77
1955,1675
1065,1693
148,101
260,1663
722,190
1473,96
1572,62
752,31
880,36
1451,1797
454,75
755,58
1197,1667
441,70
116,1630
1184,108
427,119
159,1698
1615,233
1908,101
346,77
771,36
573,112
977,1807
792,95
1217,20
410,84
1564,54
1010,1233
1985,239
271,63
1147,1642
1182,63
810,1659
1391,1797
1853,16
1548,1672
667,1659
335,131
1956,1807
1689,1676
231,1092
933,1658
1306,196
1131,89
617,1657
1700,1760
476,1630
277,119
613,1639
671,91
1484,112
1285,97
492,106
1033,24
722,33
1127,66
668,101
391,1678
247,1630
266,75
1446,60
236,103
1710,71
475,83
577,37
175,132
1896,1658
1858,1233
880,82
1987,633
1452,1678
981,1760
895,154
272,60
1139,95
182,1656
1568,79
1492,31
406,154
500,33
1793,68
1852,1807
1961,112
661,1680
510,94
1437,101
979,53
338,87
486,39
1190,1639
1154,1673
1005,99
431,1698
952,17
1202,39
1990,20
941,17
373,1663
1741,104
692,83
1542,91
1022,68
475,131
1235,85
1181,17
1221,106
449,154
648,104
283,31
175,37
323,100
485,119
661,84
519,26
957,83
258,1663
279,75
994,105
1980,1667
1600,1639
1282,1642
417,104
1485,1693
552,1671
3,29
