1376,1654
1409,131
1173,90
1107,1670
1491,1659
1167,1660
1978,107
470,70
1485,105
1927,86
1546,1667
157,1660
1532,196
1557,53
785,1639
5,84
1363,1698
388,108
1828,1656
948,36
625,66
588,82
492,63
1053,56
1695,1657
317,36
782,86
472,51
1731,1657
1928,1676
127,1673
1375,1641
937,239
407,23
1778,112
1043,111
1445,1807
990,100
279,89
1868,65
1180,67
1013,190
1241,91
563,67
970,67
690,66
1189,108
1645,1639
757,42
979,96
1757,1657
486,112
770,93
476,62
1957,1676
1593,1657
1795,1673
860,1760
153,1698
1571,1658
978,107
813,42
45,64
1002,101
1724,68
1410,28
452,70
700,1680
1378,1672
257,80
115,132
632,26
290,24
1524,17
1135,633
1281,154
215,86
1144,36
156,1632
185,16
1918,67
1041,1675
1206,79
1581,17
939,24
1919,1663
821,20
493,67
1897,85
1860,111
831,111
599,131
1685,132
379,36
1580,94
1608,111
10,1630
1745,42
1926,1
1802,51
1181,86
1775,114
506,16
716,131
1128,67
245,1665
216,101
1835,86
1788,110
1184,196
1616,71
913,82
1640,77
296,108
282,131
1682,1658
1868,101
30,1233
400,58
243,1642
1773,32
946,109
1568,24
1402,98
46,58
315,23
1492,87
1421,109
1515,94
737,50
1691,1671
338,31
1098,93
1644,64
499,80
1724,104
1559,41
404,69
956,1658
1060,96
688,87
566,104
1562,17
209,69
926,96
613,20
1060,1785
1420,638
1302,638
275,31
398,1660
1039,633
366,1659
1640,1630
15,86
455,111
306,1693
1232,111
331,50
1945,1233
496,66
721,1663
866,1632
27,138
1081,239
4,138
540,68
27,59
1962,51
994,35
1720,1
249,104
1905,59
152,1671
422,1675
1095,24
1779,1679
1946,638
401,1676
1128,1659
1759,70
1283,35
632,1797
1387,119
895,1656
177,54
1392,1807
13,1672
700,1658
224,119
1236,112
994,1639
666,82
498,1642
1151,103
1002,42
894,20
1141,61
760,24
1495,1658
1791,1667
1249,84
1288,1092
1467,29
844,1672
1235,41
1791,36
286,29
1582,1
1250,1654
816,56
687,1807
229,93
1357,1667
1314,138
1499,138
731,36
1689,110
493,233
1854,1092
1537,1654
1581,89
1485,68
1857,1233
404,1693
1917,65
810,1656
689,1657
892,64
1361,79
1604,29
1276,190
1019,79
1394,17
598,1
217,106
1489,1672
554,107
1523,1660
1953,109
1299,79
1342,19
1697,96
577,36
1777,131
701,91
758,20
263,1632
856,28
657,29
1891,20
457,119
1110,1668
1606,1657
1351,1642
714,41
535,69
1631,111
433,95
1544,41
506,1663
509,1656
945,196
642,60
1876,1672
257,75
1339,1641
1292,132
1353,1630
337,54
647,96
1567,1639
1700,104
944,233
579,1642
1409,17
1619,24
148,1693
171,56
1972,1092
1480,154
1888,119
232,58
1662,41
1491,1658
542,104
821,63
143,39
312,97
369,80
271,131
365,36
754,69
1722,1672
905,93
911,83
659,42
1447,61
1005,84
184,138
261,1630
904,131
1384,99
944,1668
1063,109
877,26
1087,1679
440,1679
625,65
1285,51
1531,101
179,62
858,1785
682,1663
843,103
1218,105
976,1668
1575,103
88,68
767,1676
324,1680
1029,79
1412,89
340,90
1086,131
117,104
1307,67
1589,1677
1017,43
1631,50
140,96
430,190
1061,1676
1374,41
1411,33
871,17
1725,26
1405,1630
942,196
1235,131
1477,66
155,1667
1282,80
1771,98
903,56
968,61
276,100
465,101
1248,84
1009,1632
128,83
1126,85
792,1678
1740,1233
845,75
1638,67
536,110
934,1667
1452,196
1772,1233
938,1658
1519,1680
1789,94
1115,51
1461,35
915,67
612,31
160,32
531,19
1484,1671
133,1639
1820,1676
283,91
1342,43
1271,67
122,1668
1811,32
943,100
819,42
491,109
212,65
752,86
1645,84
1189,190
1653,1657
127,39
812,1671
648,1760
1169,66
968,1693
428,1807
1210,1665
1571,1672
657,1680
1563,60
220,24
11,31
1156,1233
570,1630
1049,1659
647,138
44,93
1562,239
826,91
255,1671
1197,56
173,1680
571,1797
366,131
1153,35
413,82
1706,1233
1173,32
1230,51
1523,39
613,19
380,154
1267,42
1287,233
1860,61
389,106
1813,97
1499,79
1054,31
1025,1639
1908,1668
418,1693
555,68
1950,85
901,80
1185,77
696,110
819,1679
270,1
635,99
1650,138
364,59
1568,633
1161,53
772,82
240,233
1733,1677
1312,1675
1080,67
625,154
1006,1641
1770,1666
1509,638
226,39
1038,111
1441,1639
956,100
386,70
1649,61
781,79
747,70
1547,1233
1165,58
837,89
1027,41
1390,1807
700,1659
1583,100
1269,70
1037,64
1311,1693
585,1
415,132
393,638
1832,39
766,83
1282,24
934,1807
282,1658
950,37
1767,62
1895,69
523,53
873,56
253,1658
1317,1667
698,53
920,103
768,43
1309,1668
1827,1807
1964,96
1414,65
764,20
383,1630
1219,56
1044,53
1930,50
810,111
223,54
1739,1678
545,138
482,95
174,633
1342,16
1470,37
863,119
350,94
1238,65
391,1672
1773,1632
811,1641
1365,66
1835,1658
1123,16
862,68
141,131
1526,110
1934,1
781,1671
1759,20
1023,32
130,39
1574,107
315,94
1984,32
1430,66
153,24
1974,1679
1923,95
290,131
186,80
139,1670
200,108
1966,82
1643,67
594,68
78,77
428,132
852,1660
158,37
44,1672
1609,64
560,75
1153,1678
1106,58
1220,54
1405,110
173,1641
360,112
1837,65
536,19
385,633
1470,1785
797,37
1048,29
683,66
188,1660
1873,23
402,190
331,108
1751,82
519,1641
1755,23
1968,1672
1927,1671
1346,32
853,80
1764,94
1252,1630
1727,42
1492,633
1151,1668
155,56
713,1654
344,239
516,23
1858,54
1345,105
1436,64
1493,17
1227,77
420,19
1390,1658
606,37
1948,90
1256,1658
282,79
997,1092
359,111
1735,19
912,89
723,105
265,1665
1350,70
1758,67
385,104
978,105
1011,1654
1306,1679
1443,94
766,107
1586,50
1211,91
822,56
1272,1671
1009,1639
1867,1233
1719,16
855,17
1318,1675
1082,87
859,82
1432,58
440,68
1850,80
1031,131
336,132
1152,56
657,638
1940,65
1560,1657
915,66
1015,77
745,1657
1041,1092
980,1675
853,131
1370,31
1730,1807
1214,132
1821,100
729,62
626,1678
1090,1
3,1663
246,71
501,138
1821,1658
1468,1670
1379,37
1164,1679
249,82
1389,132
40,83
595,1667
1716,19
1645,83
653,31
1388,60
1763,24
319,1680
1739,99
1867,54
1961,61
1635,82
1554,1672
1269,97
719,64
102,66
49,86
230,23
509,68
951,109
992,98
1644,66
614,233
536,1679
78,26
618,119
1973,1233
1814,95
290,58
357,1670
464,233
173,1679
1805,1673
1609,24
963,110
1462,84
1894,107
187,1676
599,67
1276,1666
395,1659
1732,1693
872,35
623,190
436,20
1253,83
948,111
15,80
1133,1678
1081,19
1751,26
1697,90
350,99
668,28
1882,86
250,63
303,43
1008,239
705,1
1426,99
740,1233
800,1670
1515,1665
1578,1693
1247,94
1857,190
1113,94
245,26
1496,82
325,82
1964,1797
686,1673
1759,64
711,1698
989,28
462,132
979,26
1721,633
1886,93
1689,1671
1320,62
1967,132
873,1676
581,67
1145,56
1040,60
1188,1680
1704,83
1870,1632
1335,239
475,41
403,1672
253,1672
471,29
260,1658
1625,1632
1207,70
215,24
441,75
210,1656
987,80
1983,1654
370,114
1111,1639
929,95
1251,1676
57,132
1643,1698
575,95
314,1676
1437,1
1427,23
474,1657
1927,1698
1181,28
631,69
1366,24
303,94
1336,91
739,60
1721,104
1460,196
994,82
102,1663
984,36
913,24
1588,111
886,95
800,1698
377,61
1170,64
1247,1670
1800,87
1985,77
1952,114
719,1665
330,1632
1875,1642
808,16
372,1667
1535,68
348,104
439,67
1294,1667
301,94
1100,1654
1269,89
1157,1673
116,99
723,61
1330,239
1224,1654
561,59
1824,1656
1808,29
1794,64
1871,82
1625,1660
812,35
1691,633
157,99
1746,107
1358,93
1144,233
593,37
1894,51
191,132
1793,58
157,20
1907,132
1964,69
882,61
1988,67
1684,196
1152,93
416,1
1034,17
1237,1654
1471,36
527,1672
1104,1785
1859,71
1057,65
891,23
1684,26
1087,1673
597,233
1973,68
1727,85
1285,66
1431,1656
1892,20
611,1785
1744,35
550,96
38,1632
825,1639
957,98
1294,35
1298,94
255,75
1958,85
909,80
1445,110
1891,50
1050,638
993,1675
1459,190
1169,100
1246,90
12,1665
238,1797
1845,638
999,94
1165,65
524,79
1573,68
1634,82
1689,1663
1723,1807
454,1632
1714,154
1645,1670
760,82
1919,36
543,83
1168,73
475,17
1586,51
1093,1
1885,101
533,58
1564,1630
679,1760
1234,89
1419,41
566,50
370,43
295,104
1090,1092
336,103
1206,66
1318,1672
1338,58
721,84
1756,20
265,62
1582,1672
493,64
170,101
1580,89
891,66
1392,1233
275,1663
274,86
1327,1657
351,68
1276,87
598,79
1484,36
293,91
1342,94
354,91
1906,77
1100,20
1082,1659
1503,233
788,1666
611,33
226,1
1113,1659
933,28
994,26
151,51
819,93
127,80
738,23
1861,1785
634,100
1003,89
144,50
1506,16
1691,1658
842,1797
1881,68
1739,98
985,1639
1142,103
889,131
197,196
1283,89
898,233
652,56
126,69
695,1670
1349,105
263,110
1070,77
1457,56
1467,99
367,59
1325,1
1788,1233
1781,1660
566,111
1106,112
546,1807
309,111
627,28
370,79
1567,35
613,98
389,104
378,1665
365,89
493,36
202,1654
1802,67
241,36
1883,20
1209,69
142,82
1232,98
598,107
928,67
1778,1665
1727,28
1801,154
1346,105
1882,87
1773,1658
1482,633
1636,90
354,1666
1113,131
815,79
984,73
880,42
1844,62
1545,1675
140,196
1985,96
1264,31
680,96
1625,58
821,1233
1853,26
1914,24
1175,99
1692,1807
291,63
1216,112
649,1233
208,1679
1554,1660
653,1673
581,66
102,111
1377,35
864,90
1624,28
742,1667
1526,1663
846,1693
1001,96
1534,90
367,95
1931,1760
134,84
323,29
1874,190
1287,41
1902,1680
484,104
1035,33
1561,41
1139,85
1799,35
1927,110
1788,638
1391,107
1118,1233
701,1807
626,98
166,1
1333,95
554,86
1423,66
1228,26
1583,1760
55,1672
777,1642
1399,67
1346,77
1687,1670
1416,99
1683,39
377,83
876,19
1926,633
271,1693
578,1785
539,101
1497,233
1203,1630
430,54
1928,109
663,28
832,24
1075,196
856,1658
1417,1657
1624,1663
1260,79
1833,33
790,112
847,65
767,190
719,59
277,20
1477,107
57,1658
1842,19
1188,97
766,77
1786,1656
970,638
840,94
1562,37
1710,85
1564,1659
1325,73
983,69
1796,1670
1301,32
313,51
1456,23
1689,79
1581,41
238,119
1430,1663
1628,68
342,17
507,82
369,85
157,1656
1152,94
194,24
1004,1641
214,95
1125,95
426,1675
1859,70
1048,1641
38,107
482,97
1973,67
800,70
1295,107
715,85
1090,59
648,26
867,110
1754,82
620,1658
236,71
550,97
1166,111
1683,67
448,95
1479,28
549,87
805,61
202,66
1720,60
249,37
1392,29
1390,1656
1119,90
1857,101
1379,233
663,32
1274,17
885,112
1260,28
359,105
1122,93
993,23
662,107
733,1785
1788,1657
1691,24
717,1657
1212,61
1306,54
1892,1679
1587,91
224,50
1782,91
1974,1641
1410,24
1400,1672
1610,43
874,1675
1490,93
1370,1671
229,1
1885,100
1154,132
215,82
1376,28
1177,93
1069,23
1234,86
333,35
1486,64
1780,108
1908,89
1808,1667
1016,633
1176,1
1253,61
1021,1641
76,1676
787,17
1661,1
881,111
1185,23
867,61
1902,119
800,98
1320,1657
705,59
1976,100
1367,1641
269,50
1720,105
877,1666
1355,62
549,75
1783,86
1796,85
610,1678
642,1658
1568,28
761,94
690,98
653,110
1136,62
710,97
639,69
1047,1678
480,106
781,1630
301,20
1374,1639
1175,94
1819,58
1002,50
988,97
992,100
149,17
267,106
766,58
1856,84
1775,1675
1956,87
682,633
1144,68
1662,138
1419,84
1918,16
1480,70
1945,60
1230,54
309,110
1638,98
717,50
811,53
1133,1642
503,89
366,1663
616,42
194,64
1445,1679
251,17
1724,1678
1437,59
1404,50
1792,86
891,97
1120,633
904,94
1114,75
482,1666
1413,67
1148,190
1440,239
644,23
735,86
1770,1665
1972,69
1646,20
516,233
1844,63
691,69
620,37
1578,111
74,65
829,239
276,1233
901,1698
818,64
1250,95
864,1678
724,106
1863,19
1819,105
1128,1678
518,1092
851,105
1535,51
642,84
1282,100
1373,37
605,91
827,65
1681,1670
870,97
1261,1092
452,154
465,17
209,20
1248,31
417,71
1456,108
444,1092
1405,71
674,41
1851,85
1210,87
987,1678
896,19
987,82
788,33
1257,80
825,28
1964,99
1505,1666
1391,106
551,83
170,58
575,89
1071,1092
1537,64
398,42
294,75
1437,31
1921,1678
1091,132
411,90
1798,1639
1347,1675
1215,239
27,106
559,1639
1137,87
1228,106
1412,97
1986,26
1090,71
577,56
1156,110
610,19
481,109
1887,108
842,110
1564,1
716,1675
509,1667
1112,64
1607,93
1540,42
409,26
1905,1698
640,1642
514,79
955,35
259,1656
1420,111
1573,63
1991,1760
1188,19
737,239
695,82
1620,109
557,77
1989,80
1439,51
290,96
1009,1656
1572,95
10,99
837,638
1615,91
578,638
1352,73
532,83
589,94
242,75
1699,37
267,638
821,59
1964,71
237,196
369,84
646,190
460,101
1186,67
1263,83
180,36
237,85
1256,131
1950,1
1574,1693
1920,84
264,87
1338,1693
763,98
500,1092
1138,42
158,1670
445,106
857,26
309,1675
219,1797
1440,23
1575,99
990,105
1972,61
1294,33
212,41
1282,1657
314,633
539,64
1056,86
797,1672
139,638
530,1797
1526,73
1753,59
757,132
1075,35
1458,233
46,35
1388,106
908,138
140,28
1028,1663
1900,1642
922,26
1397,69
1856,1663
1823,633
646,1233
1259,108
1279,97
486,196
609,87
1283,1641
632,31
835,1666
265,1632
430,638
789,61
1292,1656
266,26
1083,41
1875,53
1116,87
1462,79
788,106
1267,1785
798,71
252,69
1927,32
1664,1676
1054,39
1826,196
673,24
768,1760
1254,1630
503,154
924,62
1370,26
1299,26
863,1807
589,1670
1073,1785
354,89
1774,67
800,99
1778,62
307,1665
472,20
516,103
1057,1657
1774,50
962,1675
1813,638
1008,85
1493,50
329,239
635,1671
127,35
1169,70
1221,1797
117,1630
1455,1660
780,112
504,97
1409,1632
1819,61
1344,91
281,31
1353,131
334,20
176,82
1121,24
1857,1676
1606,1
1093,82
946,1233
1720,1668
1600,1670
695,154
826,103
1433,53
1395,1642
954,16
1700,93
1761,89
519,89
847,1660
1419,87
1513,112
1955,105
580,89
165,1693
1581,1675
792,73
1756,75
1300,16
365,87
1025,1659
962,43
636,54
323,1663
398,79
1930,26
331,1676
1380,1665
1442,1668
1594,239
1845,1657
469,58
1523,1639
1459,1679
1503,190
273,112
934,111
1346,103
478,59
928,1760
672,90
122,1
250,58
696,1660
1416,73
1403,1671
1627,1639
47,51
1137,59
1908,1092
1375,1
850,1676
1184,84
192,110
1948,110
714,62
163,1632
225,91
967,1797
419,103
780,20
713,79
662,16
1711,31
498,1639
49,119
988,70
438,35
1842,109
300,64
1866,103
1838,1
1922,36
1692,1630
148,99
1254,75
1552,41
1808,67
873,60
341,638
417,70
148,1670
1007,41
1573,1630
322,1641
593,62
666,1666
1988,106
133,36
1186,60
698,1666
170,59
1013,1632
1883,114
1812,62
1869,59
1232,64
121,1673
168,1642
1882,41
226,84
38,1659
145,26
1565,36
258,1639
1622,1667
1422,63
251,1656
147,1233
1123,20
886,82
1792,1663
1706,29
1445,119
842,28
272,50
211,71
1003,35
680,94
1486,1676
1782,1639
1934,1632
704,68
1417,1663
1635,111
969,96
203,1092
510,64
1914,58
528,33
116,110
153,28
172,95
1283,1693
1986,1092
645,1092
461,119
1747,101
333,61
647,95
745,69
1537,1675
765,26
1898,42
719,633
1107,1676
953,1
369,75
1176,86
1150,1760
1944,91
810,79
906,1658
1542,79
472,138
199,41
2,1639
972,239
1319,1639
1959,50
431,42
293,53
540,26
1271,1670
1497,41
1261,64
1373,1670
1493,29
1356,1663
306,19
747,1659
1598,80
864,1641
1911,59
862,36
1576,1678
1015,1630
838,61
970,77
329,67
1136,20
1411,36
1934,1660
350,1658
1401,1
1715,99
1279,96
1269,58
538,90
442,119
135,56
998,96
1610,41
689,111
615,233
1283,1785
605,1639
1201,20
1558,59
1140,94
1874,132
660,190
902,23
1236,1641
1489,1807
399,59
280,1693
1842,1657
208,36
1391,60
1054,36
318,56
1870,138
891,71
284,111
768,1680
1940,60
18,63
645,98
1128,58
1181,80
445,28
1647,77
1439,1672
14,51
1356,26
517,1676
1542,43
1413,109
1517,41
698,1807
1147,84
210,633
246,91
947,100
1962,89
1911,110
1288,104
1915,107
618,1693
1445,190
363,42
477,62
1530,54
980,75
620,82
1341,110
1377,1693
663,70
832,66
895,41
1763,109
1947,114
572,28
790,79
439,23
443,80
281,109
851,60
1000,1666
501,1659
448,633
1302,69
1583,60
1842,70
903,138
1734,75
816,131
485,56
1504,112
775,93
1841,1659
562,1642
1581,1657
973,1680
1548,233
1069,138
1695,106
497,196
1149,1672
124,61
1780,66
1068,70
1031,82
1196,19
261,26
1314,66
1954,1679
503,91
486,1807
1171,1675
555,42
259,633
783,42
698,1630
1009,67
1508,99
1806,1678
1845,1656
1906,1654
1010,1667
953,1668
203,101
496,233
774,1642
578,107
1906,29
1709,638
1413,65
601,43
1043,60
344,60
1086,98
165,50
828,1698
677,87
1774,190
198,85
738,54
1181,1656
1374,91
1753,114
1463,1667
733,1678
871,84
163,109
1819,24
1257,1673
1624,1668
1960,82
927,1667
1145,60
1704,87
1558,1658
1505,196
1510,87
44,62
403,1676
266,64
1862,1639
1895,64
172,154
1701,1671
1187,1
1140,103
222,1092
1405,69
1480,100
1027,633
670,75
1405,54
821,37
1840,83
1826,154
868,64
389,73
1042,1677
1793,67
1907,93
1836,39
1091,104
982,75
1465,99
692,84
1390,39
203,1
1556,196
1906,1
1180,1660
250,95
259,17
815,108
1133,33
1811,95
1156,104
828,233
1014,132
553,70
610,17
1696,28
1469,80
645,638
429,131
1065,35
1631,85
566,1663
898,61
1441,1233
609,73
1711,50
827,111
760,58
1225,16
172,1668
1026,67
1221,1679
1526,1630
49,1672
1477,138
827,1657
1268,1
698,99
883,37
1586,154
983,70
1317,1698
778,106
1746,103
185,110
280,1666
352,1673
959,62
1242,1670
342,20
194,23
15,103
720,1807
1015,100
473,69
1674,77
932,1092
1664,43
726,104
1366,1693
1171,58
1266,196
1110,61
1493,1671
1312,83
491,20
1769,1233
1251,70
1622,75
1952,35
453,1676
372,1660
1702,66
1635,61
1564,103
898,1
1727,1658
923,638
544,1673
955,65
1273,62
813,35
334,62
1652,638
950,196
571,17
1202,1641
665,84
547,24
553,1679
508,1807
1761,51
628,196
920,53
647,66
1116,1797
1242,1656
1591,32
1277,66
1352,103
218,83
1742,39
845,1659
440,56
115,1654
594,1641
915,73
1712,37
1645,633
541,31
1370,105
830,39
598,67
1684,58
1464,93
1281,1657
1617,105
1566,1678
313,633
1038,1679
1579,53
348,633
1935,24
947,103
1925,82
237,1659
373,75
1017,239
448,190
909,31
1545,71
1469,39
1589,1658
1201,1673
333,1630
1071,68
968,1667
215,1630
552,66
1478,89
1344,93
1349,196
1040,1785
1781,114
200,90
1046,95
1178,79
628,58
371,19
1093,80
1562,233
1538,110
963,196
1393,1807
533,90
751,1657
423,70
1955,107
1357,1641
613,29
1077,1678
1334,23
1941,53
930,233
949,59
571,1785
403,91
1381,24
446,31
1243,43
1543,54
1836,60
219,1667
1162,31
1009,66
684,1630
1076,1668
541,1807
794,1665
1938,1678
1531,1670
948,138
961,1
1721,87
1043,63
1727,105
1565,94
994,75
376,1678
340,1797
606,196
559,86
377,36
1327,93
781,73
1520,109
272,103
256,1660
1765,1641
1307,1
1052,196
207,89
1132,26
1759,79
710,64
1858,1760
1951,1657
652,73
908,35
262,1797
737,87
352,51
267,58
964,1654
1084,59
1839,1641
1758,1659
1737,1659
1586,100
1070,109
561,99
323,112
1747,75
1278,67
157,233
288,1656
1049,39
627,79
1007,43
1452,100
1234,29
285,69
450,132
987,1667
305,1679
1210,82
1167,1632
1964,94
1988,84
137,39
1495,36
658,1667
1437,107
744,94
1461,101
1859,110
1647,23
1963,60
1432,1668
521,107
1849,53
786,1
531,190
597,65
1204,95
1929,94
511,87
354,1698
1375,103
886,1676
1720,36
178,51
1952,119
1109,56
941,1666
467,51
302,112
713,1807
1564,28
716,1670
1753,77
443,42
212,1673
624,1657
1397,110
656,104
1155,94
662,50
1012,51
1109,1675
334,35
1919,190
149,86
243,103
760,59
1221,82
30,1663
1492,1807
1794,93
288,1668
1615,36
158,190
508,39
983,65
1897,1659
1476,70
1281,80
1428,16
1030,196
365,29
1343,20
773,54
740,63
141,1676
1580,1
1864,1632
521,54
8,95
598,36
984,1676
113,1658
401,112
1167,56
1228,58
1322,51
1399,35
1627,196
725,16
544,95
175,1807
1473,86
1626,20
1312,84
1683,71
1706,108
178,68
1726,107
1156,77
168,50
483,1659
1392,17
663,60
1806,50
596,1
1118,138
838,66
1983,638
1399,1639
466,109
345,1092
1002,1639
678,1642
1681,85
1330,61
120,24
743,80
452,63
1563,41
220,51
200,1668
257,63
1952,1760
334,63
618,138
361,99
1711,1642
329,1693
129,101
723,1657
1738,96
968,36
465,94
1889,101
1942,233
256,31
556,106
920,54
1510,239
1794,1668
1242,1657
567,1630
488,24
1079,94
1523,80
735,1668
560,1672
1163,35
232,29
1129,90
1664,1679
1172,66
1907,103
184,79
147,69
1527,1678
905,17
1920,132
1304,233
854,79
1445,1656
1010,1693
492,132
533,1642
1879,59
1569,1632
1180,1671
1138,77
307,41
1414,1672
1067,75
735,233
904,53
1039,33
1906,70
216,109
169,89
1133,87
1479,111
1579,69
1962,71
1854,73
1160,85
1090,138
278,196
1852,1658
1156,33
919,69
1883,1656
1688,1658
885,80
1631,31
453,196
1431,95
1201,1642
562,36
1553,110
1000,1668
652,53
1151,75
380,638
1563,53
267,110
1944,1676
1643,112
557,1
404,77
561,70
285,1642
1891,638
367,70
314,190
1861,90
169,1233
816,20
1187,103
323,36
1902,1785
1975,119
360,63
412,1666
1894,109
1825,1642
1756,70
1004,1679
157,1675
1499,68
858,68
740,96
669,60
1024,85
247,80
1048,91
455,103
1091,31
1812,37
712,1680
1266,43
146,106
1124,93
1181,50
1953,89
1798,1663
843,87
350,101
1916,64
663,1676
906,1667
474,1665
604,1807
875,1659
293,1632
937,1668
1379,71
282,239
1170,86
713,1665
1445,80
144,132
152,1679
302,85
1820,83
1179,93
1696,97
1917,1233
558,138
747,63
1621,41
1951,1656
1623,1679
1971,86
1458,63
159,106
737,86
208,1668
1772,90
1549,1657
246,1680
1505,105
1714,95
1662,1657
1734,26
1015,1092
139,71
766,90
438,1677
455,1654
1201,82
6,132
1512,633
1183,70
1969,85
136,1760
1173,190
1746,16
456,1693
1346,1666
1779,104
1158,61
1685,196
986,132
1343,64
1699,1668
904,239
527,23
696,17
914,56
716,108
38,64
1238,1797
702,43
1114,43
569,1698
165,67
1347,1679
1753,1680
1916,100
338,633
1158,633
326,1666
1911,80
1038,82
292,56
477,100
856,1663
838,103
1729,90
629,98
979,79
562,29
1611,26
918,62
443,154
549,1670
200,1641
756,138
1957,1632
817,58
760,60
371,93
1818,37
5,1654
557,73
44,28
394,63
904,1760
81,33
637,108
447,54
1745,633
240,1678
1875,138
1634,1663
534,1233
1586,1678
280,1668
1531,1797
1408,94
603,66
1324,1654
554,1666
448,1657
52,107
438,1092
383,1659
1091,70
745,1670
1440,1698
341,83
720,1680
1451,190
1546,1
401,119
900,95
654,106
472,60
759,131
910,131
1854,82
825,1641
1456,1233
1014,119
212,53
1447,633
1913,1639
1109,106
406,93
981,1675
1260,138
1905,1632
582,53
552,104
1431,58
761,54
691,1675
1515,109
1691,110
1407,56
1409,1673
947,1654
385,97
813,33
191,1693
1249,59
129,100
1046,32
1528,93
1244,105
343,20
256,16
1049,1665
209,80
1476,20
580,97
688,51
447,42
1140,89
1318,1666
1927,28
987,1659
497,63
1219,104
594,1639
1058,54
1557,80
76,1673
398,119
773,41
1816,69
1364,1673
1134,119
435,31
806,50
1808,1092
284,1660
1043,37
1208,100
1143,108
1976,105
380,1092
1137,19
1962,68
970,138
1030,1660
1288,107
1602,110
1911,24
1251,100
1730,91
919,68
1952,65
487,70
832,69
1607,33
1515,73
807,1797
183,111
1098,66
124,1233
509,93
446,1654
1719,1673
1249,71
695,97
699,98
1514,37
944,75
1331,1641
1692,1654
357,1679
209,35
266,58
1001,31
912,1656
570,108
1008,1233
1804,239
1126,105
902,103
1620,1671
845,103
1452,17
332,190
869,97
546,68
855,50
1651,1663
399,24
831,37
1220,132
353,1675
1111,82
1879,105
1903,103
966,1654
1215,97
1417,58
598,109
1835,28
401,63
189,56
1845,75
1774,99
344,63
1080,58
1911,79
188,103
1331,24
355,1663
1601,138
414,1667
898,84
27,638
362,99
1155,100
1923,107
1558,1678
1270,1668
1174,1671
1492,1670
1681,1657
1405,1679
1188,75
115,71
799,1679
1007,196
775,66
508,29
1429,65
1567,239
997,79
855,97
313,138
1381,58
298,97
773,1659
137,37
616,1680
1707,1670
241,1797
1512,54
1920,77
10,1676
592,20
1256,59
887,71
199,65
401,138
631,66
796,53
1902,65
1048,1666
1171,35
214,1670
1208,1665
298,1673
226,80
155,84
1280,633
308,638
1375,1676
1878,41
1156,107
1247,42
886,86
1748,1660
1606,1654
1625,239
811,1807
1726,1659
201,97
1735,39
1942,1671
686,75
1904,112
1281,633
837,37
1890,63
1016,56
282,1668
1188,24
1377,65
1913,119
884,119
1283,1665
716,1092
78,85
1686,85
749,1760
694,99
684,77
812,26
299,233
427,60
1538,84
837,633
1724,1807
1011,138
774,90
498,75
1864,154
556,23
1774,1233
1045,53
1173,96
1609,1654
1176,43
911,53
532,190
1930,79
479,23
563,1632
345,23
294,104
1309,51
1883,82
1591,1693
1792,19
824,1679
1208,73
1157,112
1583,1666
27,77
1493,1668
1759,1785
397,83
516,31
809,19
1147,61
1695,1665
192,59
943,56
1298,89
785,42
620,1671
607,239
1180,85
1237,36
1013,132
1748,1680
1696,59
1369,1797
235,1641
714,1670
1392,98
359,103
325,19
1193,87
254,1663
629,69
1203,138
466,107
1829,66
325,1672
566,1630
733,39
1843,90
1972,638
1920,1233
585,112
1633,1670
1050,138
1141,75
992,94
200,1670
1971,1642
277,50
595,43
1434,109
1734,99
286,51
1501,196
1861,100
408,93
765,73
416,1656
343,23
156,1658
942,1673
289,95
171,31
1348,111
542,77
821,26
1836,91
1010,101
1048,65
555,83
1883,1
1498,33
765,638
654,1657
1741,1679
682,82
1881,1632
1167,233
1511,1233
625,100
1470,26
387,131
250,35
1652,1632
169,95
118,106
122,89
434,109
1925,95
419,1667
368,233
1156,35
1810,32
1260,239
653,23
363,1675
1928,43
1506,43
756,1785
585,131
1108,41
1715,67
352,42
405,16
1405,1657
234,66
1936,131
1297,1675
263,103
614,112
172,35
694,43
718,1673
878,1672
1197,64
997,42
580,70
1334,1679
336,58
1704,1671
1931,68
1612,1671
1499,70
1707,1693
1172,96
986,63
1176,99
730,56
1543,64
1323,37
455,97
735,190
1218,132
1756,1668
1134,16
934,96
1527,35
1436,17
1493,96
487,20
413,1233
1545,96
1948,107
377,154
504,19
1118,64
661,1665
1914,35
439,119
1830,1657
780,17
163,17
861,90
1711,26
385,63
1108,77
1866,17
1151,105
528,73
1563,19
988,67
1084,54
129,50
1714,93
1616,1671
1392,1654
1325,94
1352,196
1537,1698
712,99
1486,19
590,68
285,66
1334,71
181,17
221,1092
1324,41
389,36
1945,1663
1917,87
673,106
160,131
1543,23
807,35
1769,64
741,1663
345,58
455,69
1699,1670
1950,190
1751,65
399,1666
1930,138
175,1671
1750,138
189,91
246,20
283,26
1446,43
1284,33
1584,1639
1398,131
795,20
228,1797
1520,61
940,638
618,1632
1810,104
1404,1671
1726,1656
714,95
117,1632
1816,1092
1735,1675
1401,104
1188,138
147,1680
1221,95
671,50
1500,138
1487,1632
970,633
1311,98
964,95
1814,31
347,119
1623,1233
1837,39
171,50
1918,82
1780,23
1894,43
1662,87
637,1632
1242,1666
193,1679
446,75
1921,101
579,239
448,1659
1480,1678
365,26
46,1679
264,93
274,106
38,19
1181,71
749,69
1542,64
1484,56
492,50
991,24
1697,26
1939,69
1493,1667
1497,93
1109,104
1830,56
837,1665
1598,36
624,110
525,56
1246,66
1411,43
898,106
221,65
1071,29
1354,35
362,41
804,64
1914,91
723,112
268,1797
1430,103
793,98
348,1630
328,119
310,59
576,1677
614,36
1422,1233
465,83
1323,1660
277,1668
855,1671
542,35
1224,86
1719,107
157,95
1652,62
640,39
518,56
261,33
579,58
1094,1679
1921,65
493,56
1219,106
926,1672
1814,1639
1769,24
1067,63
1215,79
1053,96
1181,43
136,51
1845,1680
868,1693
1265,75
786,68
1972,104
1133,84
1972,1668
947,107
1454,1630
151,75
1777,65
202,97
795,1672
829,196
1806,98
818,87
1611,87
686,1658
790,64
1472,23
281,1668
504,103
1952,1680
1037,82
619,1659
524,107
1420,94
1563,54
526,1092
1225,67
253,86
200,94
608,75
365,1660
1748,105
826,97
0,1785
1362,111
1567,1680
1605,66
519,87
1733,29
10,37
963,89
1480,77
92,1641
571,1676
147,132
1898,111
940,1698
1035,138
1129,59
1662,111
518,36
157,1672
1978,54
1535,1807
1522,1670
1219,70
1111,108
1311,638
1651,75
15,91
355,84
1394,1671
1262,91
1044,138
1413,59
667,1673
354,132
445,59
598,99
1947,1656
1928,1760
796,66
526,111
524,1233
1066,96
923,65
1848,82
340,53
1933,1639
1365,37
487,23
231,1641
400,17
263,1670
429,154
1156,1659
1051,107
1070,1673
1118,65
1142,91
856,1668
1563,101
927,82
657,1642
823,29
257,100
922,1698
1121,62
1487,1679
570,1656
665,16
49,1639
156,1693
485,71
414,93
1419,24
262,17
1207,89
930,39
508,31
1072,196
1936,1641
372,638
670,61
309,75
1050,1671
1072,83
1349,1673
1010,91
137,43
503,58
892,91
986,16
1964,233
1777,1660
1812,85
1924,1679
52,1
680,633
1285,196
1417,84
1366,17
1649,1675
506,95
236,196
364,17
1399,91
1346,69
894,1665
1503,41
1640,97
1984,638
1006,1666
1751,1668
453,103
420,112
1398,51
791,67
315,138
174,67
1637,638
329,58
1749,20
756,1667
1611,31
1574,97
965,109
420,1658
197,132
1084,100
1212,17
1434,23
591,84
1291,1666
1491,90
1573,56
1296,28
1687,32
894,63
1022,112
129,29
665,67
206,29
184,1659
1524,1
1178,131
1221,239
1439,56
1865,75
262,98
641,107
1149,1641
437,105
1713,24
977,108
1627,638
1196,65
1454,633
1495,87
1921,100
322,42
583,633
1466,1663
1300,103
271,103
275,96
1897,101
1436,1639
740,84
1716,1630
1789,32
264,94
834,83
692,53
715,77
350,32
1493,1666
729,89
1345,103
478,132
505,42
610,95
634,73
563,79
1449,82
1692,58
1402,82
144,94
1981,20
714,112
457,233
221,64
619,53
989,91
1681,73
45,35
1776,73
177,107
1443,1630
514,42
328,233
678,1785
1363,67
1990,108
799,95
1188,62
571,20
1767,154
260,1797
384,41
940,54
280,106
903,66
1884,1797
1244,100
1466,154
1268,98
488,28
1154,1807
1966,1666
1770,63
1456,43
523,196
1533,51
1176,154
1267,91
807,132
1381,239
847,1671
426,97
1391,58
1182,99
1152,50
555,85
1950,100
1512,112
1313,97
1869,108
531,28
327,65
924,53
1299,35
1281,1660
1289,89
279,1663
1171,93
1389,1668
220,1673
1090,23
379,1660
454,110
55,1657
1412,32
1911,100
829,82
1062,32
529,1698
1416,1630
1449,61
539,37
834,1659
144,43
1800,24
1568,20
1307,56
335,63
1867,32
912,32
1429,1233
1273,131
1829,100
427,1233
1027,54
1525,29
1401,39
1795,61
1980,103
575,1675
978,67
888,61
817,71
1154,94
992,1671
1936,20
1514,32
1720,1675
547,59
974,94
1510,60
1406,1673
838,1785
513,104
343,53
1268,70
1177,1
365,1693
1605,65
519,86
1055,32
845,100
1163,67
1898,108
741,83
299,64
599,85
952,1642
157,1671
1440,1807
1101,132
1361,95
935,196
251,41
782,1693
1831,1698
1764,1671
1899,1092
1056,1658
1205,23
1208,1657
659,111
1124,89
1826,1785
1536,35
506,56
1506,1673
350,105
1697,80
780,1656
1603,154
1792,1642
1506,90
539,1
800,1807
856,1639
864,1670
648,1671
1015,1677
747,51
140,35
639,97
730,1807
1948,1663
419,108
454,1671
1407,108
733,109
1455,1678
1012,36
1780,1657
1505,109
1818,1654
804,1667
968,17
765,1657
182,63
204,1807
413,233
694,154
1942,58
1268,43
347,109
1213,1654
1633,75
1466,82
162,154
627,82
1287,32
1969,73
560,41
1780,61
1267,98
185,84
480,1092
242,95
497,154
707,59
1730,1673
518,1
1381,39
1198,1639
797,86
565,42
507,62
1005,100
1556,83
1741,105
1390,41
1474,28
520,82
1825,39
1426,42
1100,85
607,103
691,56
363,91
1881,233
1042,109
1578,75
127,19
1015,1760
1213,101
990,1693
1175,41
1577,19
621,1675
1430,89
1273,36
334,36
1016,59
391,103
1397,1663
793,53
524,131
651,1639
1559,101
769,93
347,73
1633,87
664,83
403,41
1662,85
603,70
868,98
545,65
1048,104
585,1233
455,43
834,80
1319,1679
1464,71
1417,119
1879,131
796,20
853,101
1902,96
411,62
1896,89
155,53
544,84
858,1660
326,62
516,26
1939,1760
1444,638
1651,638
1589,1632
1056,110
1038,50
856,196
1985,39
150,106
1051,82
1795,1639
1273,87
666,111
1735,1641
187,64
1151,82
1634,104
1597,84
921,91
277,63
870,86
428,61
391,75
320,1630
1302,35
576,1679
1625,1668
604,85
1107,54
367,41
262,79
6,64
942,1676
1723,110
124,16
312,154
935,82
1770,79
1803,103
1590,109
1367,60
123,89
1802,85
996,1654
1733,1659
1042,1630
1441,43
1333,109
1646,1672
160,60
1851,1760
1798,41
716,33
844,110
1215,73
1977,58
1182,1785
225,1675
283,87
502,89
1389,1667
402,1679
1033,67
1133,82
803,1693
1483,111
434,104
1411,1678
1403,1632
279,112
1018,154
1740,77
1458,1679
1355,41
1598,119
1056,138
1460,1672
1496,65
1562,1676
1753,31
549,1656
1743,1660
476,96
1071,51
480,99
1833,96
713,91
1212,107
116,62
312,1675
438,95
1346,1092
1383,35
1477,42
1183,1639
337,1660
671,103
365,1658
21,94
1553,131
1734,66
826,111
1011,41
1129,1678
1737,79
1885,95
1419,79
1955,17
1629,90
238,69
664,28
1766,93
721,29
740,1807
208,104
1699,20
1719,73
1442,23
1746,41
623,82
1432,97
532,19
976,109
749,233
1522,43
1251,1659
1584,50
1950,65
1612,1632
1903,99
1155,1678
1963,103
273,104
879,1656
1825,26
1955,1675
1065,1693
1473,96
1589,82
752,31
880,36
1451,1797
454,75
1750,79
116,1630
1184,108
159,1698
771,36
806,1679
1217,20
977,1807
573,112
410,84
358,1642
1564,54
1010,1233
1985,239
1391,1797
490,41
1853,16
335,131
1956,1807
1689,1676
790,1673
933,1658
1306,196
1131,89
1700,1760
790,1656
476,1630
277,119
613,1639
671,91
1596,84
1127,66
722,33
247,1630
266,75
1372,107
1710,71
475,83
1858,1233
1452,1678
1116,23
1139,95
182,1656
1793,68
1437,101
1779,28
1190,1639
1154,1673
1005,99
952,17
1664,70
692,83
1741,104
1542,91
1181,17
283,110
449,154
648,104
283,31
175,37
676,1630
994,105
957,83
258,1663
279,75
1497,70
1282,1642
1485,1693
552,1671
3,29
1321,33
1800,66
940,633
1645,16
1990,1785
1089,1642
1213,100
1838,1641
1421,87
794,69
1809,54
816,1785
837,33
177,77
733,112
1369,1656
1610,1670
1923,75
1815,105
823,99
850,63
1950,1092
1966,94
1011,1668
394,56
1605,119
1879,1656
777,633
987,24
319,119
1234,1630
1234,138
1609,1658
1770,104
1391,32
440,35
1580,104
1560,1641
679,53
1930,75
673,1680
1684,190
247,23
948,42
819,1698
355,110
227,1807
985,43
142,16
401,106
1051,1656
592,131
1566,73
222,109
759,1680
630,24
1331,39
728,16
1425,94
714,239
1341,66
1901,138
834,1668
231,84
1179,24
152,1659
979,110
1350,35
1330,1680
1094,36
1501,62
1126,1785
818,1670
1866,84
1002,87
642,132
329,1671
1093,101
1636,1233
974,64
465,80
1326,1668
277,1665
1737,35
401,633
309,16
774,58
1888,32
1941,26
797,108
342,75
1712,77
199,1666
5,41
1024,79
1822,17
1661,23
449,32
38,50
1623,95
188,1675
492,17
273,28
648,32
526,1
1503,99
1251,26
685,1760
1190,107
1028,82
1161,1667
1123,84
40,95
573,107
1771,1632
1938,105
772,1675
757,111
1274,59
1806,16
22,66
1540,68
586,89
1431,85
439,111
993,73
960,1642
1829,98
429,85
466,75
1047,37
1505,71
1178,39
1534,1678
253,83
22,1678
25,154
424,1673
1406,16
821,1670
343,70
1339,73
201,1657
115,31
266,39
125,138
1808,239
987,64
1362,1632
1031,53
1766,82
1436,1675
721,28
228,100
1476,132
161,37
1290,64
393,154
1485,35
982,39
612,32
649,58
331,1671
1903,98
1560,60
953,1676
388,1677
521,112
961,105
445,56
4,233
1754,97
1831,39
760,1676
1369,54
872,1658
1650,97
1811,75
1574,1807
691,79
231,190
487,16
231,1642
975,1807
1455,17
1388,20
1516,97
643,97
757,67
1299,1642
1819,99
1843,105
781,1656
1407,110
1165,190
466,190
514,16
1377,56
951,69
381,1693
149,59
1805,110
1188,112
1602,1698
158,58
363,1092
622,1663
1548,54
1970,1760
1077,1658
452,1797
802,104
1072,86
1715,1676
929,107
1102,86
1840,75
1263,65
1543,19
755,1666
741,1659
1842,1672
1917,196
1590,42
1453,1641
859,1760
1930,39
649,86
980,1632
1205,105
527,29
786,233
550,1658
1498,1656
482,80
881,190
1398,1673
564,1641
531,1632
583,107
1312,79
1156,80
405,1680
901,1659
235,39
1602,83
1702,94
1863,1668
1264,54
1506,239
596,91
229,1630
1421,86
1260,66
582,82
1763,1785
969,111
1853,51
439,87
1202,71
708,1676
656,111
1634,66
1734,233
907,190
1395,1807
793,59
543,99
433,1668
72,68
950,99
1504,65
964,91
983,233
215,67
1144,23
1861,28
845,89
1220,59
218,71
1432,43
446,79
393,65
507,111
1618,37
915,196
1927,71
1910,1797
683,32
387,1663
1024,100
1618,1672
1283,1233
612,105
905,79
768,1677
227,90
156,70
1674,196
1837,1656
572,1630
317,53
307,67
1583,1673
237,1679
511,112
863,239
1505,1233
320,101
501,42
1905,108
1298,82
212,51
1854,39
681,108
1796,100
1256,1639
1331,87
1631,32
1529,82
656,60
1061,1807
1306,138
1377,1642
1530,1680
1344,73
1491,138
1094,37
708,1760
155,1760
689,132
1505,58
1876,31
116,75
1424,64
1026,63
382,1693
1971,1807
1643,26
1386,1
1558,65
215,103
1049,119
305,1663
1770,58
157,1807
546,58
1129,67
797,107
797,28
545,99
782,1668
779,1678
1761,1632
712,1659
578,28
749,37
1104,60
496,85
1531,31
1356,98
1389,1665
1569,119
871,1639
947,111
326,24
330,87
1915,98
521,1670
377,16
748,1
1545,79
960,17
620,75
1307,61
1327,54
1313,1676
586,70
627,1678
629,36
1226,54
1544,239
7,1639
126,1693
1022,60
471,1658
357,131
1353,26
1154,93
414,101
1813,1675
367,79
908,1807
1063,1665
906,20
1533,99
1757,131
1462,33
161,75
878,1660
1334,239
664,1785
1964,114
1746,39
1736,17
426,64
669,132
1282,1233
1338,1657
493,24
241,71
1239,23
1822,114
479,106
4,91
1915,1671
924,20
1464,1
914,94
1450,60
421,62
1070,1233
711,77
1006,1659
1588,233
577,41
540,91
871,1675
1868,41
1745,1678
1925,190
55,1630
1551,20
409,1676
1062,67
278,106
439,1656
363,1642
1193,1
700,119
828,60
1260,95
174,154
993,84
1128,1785
1611,196
376,82
1279,82
642,43
509,138
737,111
442,69
244,73
1866,26
1597,154
1748,26
769,1656
1539,1
543,31
964,96
1586,239
1737,105
580,16
1079,110
1456,103
1371,1656
1257,93
204,1663
171,90
115,1673
669,104
1976,1660
673,109
1044,84
170,33
905,82
1360,112
1451,75
1330,1092
1207,1678
1470,68
578,68
796,51
1521,28
1821,63
705,79
354,23
853,63
1261,82
1703,63
362,1658
236,87
511,95
577,53
1626,56
1860,1642
279,69
1920,1679
255,90
960,42
962,1656
1986,1639
936,67
463,62
1170,196
856,154
268,56
1260,67
629,28
501,1673
438,106
1610,1668
1283,1654
894,35
988,60
1231,96
1283,1671
954,111
974,106
49,1671
323,84
684,75
1476,63
1409,98
1715,1658
640,80
548,633
660,19
1586,1673
1984,1641
1214,1630
1055,1630
393,64
787,1
402,33
294,19
264,66
74,633
274,103
1792,233
672,190
1427,62
606,1807
995,64
1973,87
1080,154
654,109
981,29
985,90
1626,109
544,87
1223,233
729,93
530,86
1375,50
1594,638
1726,19
1375,67
168,58
901,1630
1331,41
1576,1656
1458,1657
620,96
824,1233
1449,86
1179,109
1331,86
1574,54
121,239
1189,28
898,103
350,1632
1240,28
965,77
1074,95
686,105
338,43
947,1663
1943,69
1088,79
1852,1
1781,101
1339,190
865,1639
732,110
1813,1797
1600,89
826,86
475,108
628,94
1692,1641
1895,50
765,67
1767,1672
1197,86
1605,105
1816,1680
1713,56
1102,1665
1200,85
1239,1656
450,196
124,19
721,71
1978,31
1428,60
493,51
1286,54
764,1670
1742,95
911,23
416,58
555,73
830,93
616,73
166,69
150,1630
4,96
402,1659
1450,89
776,104
311,638
937,59
601,70
913,66
373,82
876,79
1161,1665
1738,633
1702,20
1156,1676
384,1630
1692,26
900,638
1550,104
169,1676
1071,79
1273,1642
653,98
1392,132
1544,1
201,35
1621,29
1776,26
1283,68
1088,60
1436,638
873,1666
1706,1676
310,105
442,17
869,1666
1225,70
88,1673
1875,109
712,77
1888,95
380,58
1357,1632
1381,190
232,97
965,1671
1371,1676
447,1657
569,23
1030,132
458,638
1897,33
194,84
715,1678
1930,1
1826,110
375,1656
321,95
284,69
1191,96
1969,638
631,119
1904,1679
815,82
856,97
491,70
805,104
1947,1693
809,109
1555,80
1114,1760
1937,1675
630,70
618,1654
1502,26
1362,633
1621,64
1274,93
1735,56
600,132
197,26
1246,31
1088,233
818,1642
49,19
1084,93
1967,138
992,28
1198,60
921,16
850,86
499,60
1728,71
78,64
408,108
1001,83
1406,50
471,19
1552,36
576,1657
1072,1630
1737,104
1780,138
1634,1760
1466,94
1836,1680
1415,107
376,638
447,107
1581,56
788,53
1585,61
1894,1
204,1656
1699,53
228,26
653,1233
1813,37
507,69
986,106
275,75
611,1807
1495,63
673,108
1451,61
1488,70
1917,1639
1822,111
1370,54
199,62
753,24
440,1667
592,154
1252,54
4,56
1637,84
1649,1678
1161,66
1035,1641
1759,1666
1194,26
1357,638
829,37
1351,96
377,94
1062,29
1863,1632
1247,19
202,83
1622,37
701,107
817,1654
1123,110
1824,91
1905,1660
1003,28
932,16
1032,190
576,106
1199,50
582,80
784,39
513,1663
1525,32
993,119
1279,1797
615,24
1387,67
528,28
1306,39
1980,43
1292,37
561,53
1084,1659
1724,32
1391,1641
1989,68
903,85
840,75
1733,79
425,1675
1558,42
1784,233
498,66
1224,32
1176,131
1197,1639
1461,1658
697,17
1280,16
693,69
1640,1670
1005,68
1148,20
142,23
1930,1660
1252,42
1346,51
1171,68
1835,93
534,1668
118,1
1018,19
1375,61
933,106
829,73
1043,239
1003,107
1482,23
1026,1797
552,80
1458,108
486,97
639,37
1283,107
898,23
348,66
1947,16
1273,91
1108,28
1424,51
911,1807
159,42
1943,68
55,69
314,65
522,1642
986,1663
732,111
685,95
367,1680
346,1693
1808,119
1223,1092
1001,43
1053,1233
1060,1639
6,68
1975,106
1409,77
1338,93
503,1654
1432,154
1965,80
1841,66
1770,56
721,53
1897,1630
542,37
1719,97
1149,1785
1334,1
1888,35
845,1760
623,58
1571,54
872,54
1850,99
616,59
473,62
1893,16
726,19
819,1667
1469,633
1590,131
496,87
421,24
1599,32
1194,67
1033,71
937,58
520,110
1935,98
819,58
397,112
795,1678
1052,75
1016,1679
1193,43
1550,105
2,53
1971,69
1074,64
456,95
1046,85
44,77
1040,94
1576,32
1021,107
789,101
337,110
1244,69
1323,1630
1126,97
1001,1660
1629,86
1518,1679
1908,19
1585,16
1823,42
1898,105
450,41
1780,85
318,112
543,633
322,111
1300,36
664,1642
10,1680
911,106
398,91
1764,1676
479,84
1721,131
284,70
1903,111
1076,1678
568,73
175,1659
716,65
331,37
1716,1666
1963,91
898,1657
1674,154
479,1630
668,19
1238,53
1265,105
1925,43
1578,1642
366,1092
1569,17
1426,82
667,90
1592,93
526,1663
1113,62
217,1797
1950,1680
1402,36
1682,50
409,239
396,35
1146,33
22,109
1075,103
818,196
908,70
1910,39
1624,1760
1478,1679
1833,64
362,107
1012,33
1553,65
1868,638
1555,1660
176,106
1221,1680
1600,19
1855,1233
115,79
1550,1665
334,239
1944,1632
698,82
1132,1639
215,41
628,1642
822,1630
1780,58
755,1641
1257,67
1571,97
763,1670
1505,1693
1546,1693
1000,67
697,101
1732,91
1402,1698
900,1658
840,1659
1431,1671
1741,100
517,84
824,1642
1464,31
1896,98
520,1675
189,84
1096,1642
1080,111
374,80
1062,131
1137,66
269,28
710,1666
1811,104
306,99
436,1698
1551,106
946,83
909,93
1948,70
335,77
463,56
1264,41
910,1657
325,39
1538,633
708,1656
1061,60
1216,59
1174,87
1874,1807
740,1679
1534,96
1871,35
1819,1676
1875,36
684,69
1552,1
266,1678
896,93
904,1656
1343,1671
686,638
640,82
790,1092
57,64
646,24
1466,1657
776,1665
1497,1657
1243,109
1921,239
1044,106
1742,65
1471,85
779,1639
141,1666
1360,94
716,58
1150,1663
1266,104
995,66
205,1676
1464,59
877,154
350,42
1626,107
705,41
1497,53
1650,85
122,77
601,104
1393,196
611,131
1648,638
1614,1659
837,1785
540,1632
1526,43
1181,1668
1455,101
563,85
292,69
828,119
1108,1658
376,29
1890,104
382,87
1094,24
248,87
1151,89
234,86
642,17
1984,28
1624,51
1511,65
282,1760
1840,1659
742,17
1539,91
1614,1233
1710,16
1804,109
1643,31
429,1797
1410,1760
1272,107
560,103
1847,62
1975,101
1209,638
827,1807
1912,59
1609,1673
1647,1693
1591,53
855,33
1371,1698
588,1672
393,98
1850,96
1300,1
1517,1797
1069,1680
1430,1668
298,33
915,82
1893,31
626,77
1950,110
1590,17
1802,33
682,90
1623,91
1798,1673
1104,63
588,96
199,1
1399,104
1171,99
857,65
179,109
1599,35
1485,1663
1768,101
1655,1639
1128,196
1527,196
1754,56
444,95
501,154
340,24
397,111
875,1673
371,1666
1804,1092
499,633
815,41
1759,190
121,24
730,1666
1631,1
509,1630
1080,1807
1458,17
1478,84
642,66
1305,1666
1587,20
960,1693
585,20
504,1656
803,58
1643,106
460,1679
1339,77
662,1678
680,1630
1524,71
826,104
1187,17
1885,90
1633,33
712,79
836,65
1562,111
513,98
1106,99
920,28
1902,1671
1277,138
1723,16
1281,101
346,68
729,1233
459,1632
929,60
426,1698
868,39
440,1658
1893,51
777,1693
1508,23
877,64
1845,33
469,190
972,1663
703,1785
692,154
1265,104
377,64
677,91
1801,101
520,154
1308,83
691,83
198,1693
1958,61
1928,96
278,105
463,39
1388,16
1762,1797
1392,83
1199,24
942,51
1739,63
1611,104
582,106
639,111
1544,63
552,41
1886,77
1064,132
1316,1671
1691,33
153,19
1311,1676
643,1680
438,60
1221,99
622,1680
1600,20
200,97
964,1672
717,1668
1231,62
152,196
757,1667
769,75
1359,154
1254,68
1609,91
1701,1675
1106,71
1510,1657
869,59
242,89
260,1672
542,98
1082,31
179,1656
1927,95
1968,20
1176,71
402,56
741,1639
575,79
1441,101
341,69
288,63
1751,89
1437,17
706,29
1313,35
317,1672
14,68
1138,56
1319,1654
1727,33
1356,1785
400,1658
1271,26
279,70
137,1657
1105,1660
1541,79
540,1676
247,1092
140,110
1578,196
780,94
305,58
268,138
1735,1667
1843,73
538,75
277,37
596,1641
1774,1698
1339,1659
1306,84
1771,104
1060,91
736,63
937,1092
1011,119
1011,1675
903,87
485,100
1814,23
219,24
386,1665
942,1658
973,96
1415,73
171,42
869,95
1263,131
1337,1797
644,1659
1571,28
1662,95
1185,1693
1636,638
976,42
1150,1666
468,638
1850,60
1742,70
821,190
416,17
1184,638
264,69
1005,66
592,233
136,31
1205,73
1134,97
250,1760
606,1693
387,63
957,1
601,111
819,32
1379,56
1180,63
646,1671
1956,1672
1706,83
1540,1659
1854,43
40,104
316,1665
1588,83
1952,63
406,107
1612,105
1886,1676
1810,68
235,1632
311,1807
922,108
355,1807
624,1680
486,103
538,60
1202,103
153,90
615,62
798,1642
992,87
920,1672
818,1667
536,1668
1772,1663
665,32
1952,1642
1221,59
726,1675
1814,64
183,1668
382,1665
757,1659
708,17
712,84
694,68
1159,138
1456,83
1055,53
319,1
744,1785
229,131
1480,89
660,67
1912,60
205,154
498,100
356,26
546,54
1393,1657
1214,1657
721,68
1770,73
1418,98
1438,97
1628,63
1850,97
1304,69
365,101
1286,53
948,100
1724,1785
235,633
1522,1
445,190
527,32
753,85
1276,103
981,77
1163,1641
1403,108
1744,96
752,154
601,75
160,1679
1872,196
511,16
1507,107
198,90
606,103
946,24
808,73
3,233
1550,111
1955,1233
1061,98
140,54
968,1679
794,23
591,100
1573,104
1377,23
1502,633
536,1760
182,42
1107,107
1714,1
263,239
485,43
731,1807
608,50
1524,64
1808,85
652,1693
641,84
1197,1675
1144,83
920,29
617,53
1629,84
708,132
1713,89
387,1693
1591,24
1945,1642
788,131
1638,29
399,98
497,64
214,39
1906,1673
612,94
1789,112
1111,100
787,58
290,638
972,70
260,90
296,1698
407,138
759,63
1801,138
1697,105
1290,1665
216,84
1569,23
1014,26
1251,61
668,1639
1217,1665
263,1641
761,154
946,60
1368,1666
1796,56
335,1671
215,1665
515,17
1729,75
421,638
1682,67
651,1797
1481,1654
770,97
1621,62
865,37
163,24
1434,59
442,65
1236,131
230,32
1098,108
1174,73
860,111
1012,82
1296,71
660,1666
78,71
651,29
836,23
158,63
1254,69
1898,56
1719,58
1440,1092
322,1659
1159,99
518,105
741,112
1585,131
336,1658
1162,84
857,1680
842,1092
905,86
1920,71
455,60
844,93
692,89
531,93
588,90
1983,37
1048,1676
307,106
1896,100
1569,66
947,58
424,93
1156,93
734,97
420,233
1952,20
630,54
1223,39
178,39
1435,63
1830,100
694,1666
1100,1665
1621,97
1550,39
1146,67
756,1675
504,56
1209,1807
1601,29
4,1693
1047,104
1178,24
1971,1673
547,107
1026,84
1909,1797
1107,35
1392,1675
417,131
1073,32
390,190
1969,110
869,94
835,66
640,84
1713,97
280,1679
1200,60
522,24
1442,89
503,1677
218,1807
776,1667
1367,17
1522,26
1253,154
278,1672
1380,19
1114,99
726,101
1825,107
672,33
1778,1785
1322,39
1640,54
246,73
122,75
1960,1233
1023,1663
330,60
828,1663
819,80
1948,53
573,65
481,41
467,106
1520,82
453,67
1169,75
144,1698
515,105
1399,1659
1900,60
1556,1092
1900,83
1577,112
1226,110
1098,85
234,84
1302,75
1322,1693
1487,69
829,1659
888,41
1224,1667
865,1659
537,108
1772,1656
561,86
1097,100
1467,86
1838,75
1528,104
1382,71
280,114
1861,106
209,1760
1372,41
158,119
1690,66
614,1656
1326,1678
437,85
680,1666
598,1680
512,75
346,17
440,86
1253,1672
137,26
1870,101
821,96
1911,1675
679,70
1182,107
948,101
787,33
626,75
1893,29
826,633
1926,1678
1125,99
237,42
905,110
1532,107
449,58
435,1679
995,19
1427,94
529,1656
220,1665
1927,1642
1768,103
520,17
875,1675
1379,87
1986,85
1345,91
320,70
1321,1670
1645,65
117,89
1867,75
1099,37
1250,75
1564,41
329,105
1071,75
1753,96
1327,61
490,60
809,1676
201,39
1829,108
823,131
534,82
186,196
187,101
206,131
210,62
921,56
463,1665
1477,19
139,87
471,154
608,68
182,43
594,107
1553,132
278,638
1791,60
1255,98
1136,633
1945,99
1007,26
1254,41
346,66
1638,131
532,1671
1898,84
615,1654
309,239
1803,43
1499,80
493,19
996,1666
901,60
133,66
541,69
1024,33
251,33
1471,111
1355,1678
881,59
682,60
707,1667
857,50
1912,1668
1916,84
1829,1659
250,77
658,84
226,50
1776,638
1904,1667
467,196
691,36
1905,94
1109,70
1097,1670
1958,51
529,82
324,1642
863,1671
791,54
1588,20
406,16
1455,31
463,33
1189,79
359,80
1142,33
1270,106
525,119
1332,633
501,1807
639,105
187,16
686,58
1535,35
1782,96
770,17
1088,28
364,1672
1454,63
723,51
615,65
1359,70
1491,54
978,31
556,1693
1956,20
1885,154
200,99
1231,56
1932,109
1510,65
944,98
1210,1797
1272,54
652,1666
893,50
252,190
627,90
1291,93
906,53
1025,41
1334,93
1153,28
1158,1807
1025,90
953,103
563,1760
265,101
1162,36
1538,1675
361,1693
1034,1678
726,94
747,1233
333,1092
8,63
578,65
1543,1680
1194,119
1599,20
250,97
894,1678
1389,24
397,36
1066,77
1858,33
1184,16
279,64
1365,95
943,41
13,20
1062,17
512,1693
1052,31
1716,54
529,62
1227,35
453,110
1877,101
1661,1678
1759,1
1965,1666
1782,1654
700,16
1146,64
1386,1807
305,56
1354,53
1853,77
860,1658
709,95
1255,196
1496,1660
394,1676
1946,98
1969,131
1386,23
1022,1639
394,35
286,109
1796,1760
1197,109
1733,75
1824,1785
1539,1642
134,33
1837,29
623,1673
1953,1632
465,1807
1045,58
1072,104
1129,105
1401,1676
261,51
331,1639
744,24
156,190
1742,68
479,24
1531,1663
213,29
753,56
1973,82
1095,1672
1721,41
1464,62
242,1678
597,104
871,1657
444,1666
601,109
583,69
1616,64
805,91
1732,638
1147,54
687,91
1186,1670
563,41
895,196
1520,83
1445,28
127,63
1985,63
1270,35
1450,1698
1729,50
1051,42
1388,233
734,1807
1971,154
1776,66
1387,35
1758,54
609,103
992,105
1236,196
1933,106
921,35
1804,1654
72,23
1748,95
172,50
1353,1693
1177,131
643,1659
1608,1657
1162,1797
1865,110
873,84
437,84
693,131
1535,1676
503,1680
1139,28
1712,68
1286,43
1162,109
703,79
637,1675
1009,80
844,23
1802,93
773,29
1898,1698
1826,71
260,96
1798,33
1460,104
527,83
970,1672
1090,1673
374,108
1167,99
729,19
1831,56
1636,80
1412,154
1403,1675
1184,233
468,80
876,53
1636,39
419,1676
1091,1642
316,28
618,1676
728,68
1458,1671
531,1807
1706,53
2,239
1473,190
942,26
1739,20
1303,39
1431,82
152,1630
975,86
999,108
550,638
539,1656
139,86
1922,80
162,28
1359,131
1325,111
722,196
775,82
134,94
1406,106
268,1680
896,105
590,119
1538,19
926,85
289,112
1301,119
628,1665
1766,85
1509,69
868,83
1573,1676
1082,233
532,138
1929,1680
683,110
1508,131
1058,110
675,1666
1565,1693
844,59
402,98
193,111
1232,84
1034,1658
1087,94
961,98
1171,19
985,100
625,61
1285,103
811,1760
705,101
711,75
1801,106
1773,94
48,1678
1247,75
420,70
463,32
625,633
808,39
151,1659
1207,638
511,1673
291,64
510,84
993,110
1662,1672
902,1632
1012,190
1299,1760
790,1665
147,1665
92,108
1495,1680
827,80
1876,93
1627,1233
1188,1667
1225,101
1704,70
766,71
1743,239
1463,39
1909,19
1174,62
485,77
893,64
1335,105
343,99
697,1665
1542,1668
494,100
1292,1671
788,50
474,16
644,1666
1864,1797
1567,96
1408,79
204,24
1418,56
1850,39
673,1676
1532,61
1115,79
1034,1679
1488,59
810,91
1309,35
1750,1675
227,39
701,1678
1869,43
1761,1698
788,1654
1550,638
985,64
1707,33
1033,50
1858,62
1972,42
687,70
748,71
549,50
540,1679
1382,1666
1013,37
1136,24
140,105
1601,98
1270,119
1425,1632
871,24
969,16
1396,1673
719,100
1900,105
1064,99
238,1630
591,94
267,84
1154,108
927,56
1501,67
628,1797
1485,638
1549,53
1932,131
1776,1797
1225,1
1827,1667
342,1659
499,1656
1885,110
1562,51
1118,1639
40,1092
1072,1663
6,93
983,87
1945,90
917,1641
973,29
1570,633
1756,108
731,23
697,1663
1267,1693
744,138
322,32
982,132
745,1760
1371,84
269,1656
1870,190
1447,1671
421,1657
777,61
1445,1654
219,1654
517,35
1946,1785
676,1668
293,84
1949,87
1128,93
1953,28
354,66
145,101
715,71
293,37
1652,1671
3,1668
1241,60
1541,31
565,1658
383,51
610,85
258,190
630,16
538,1666
936,37
1365,1656
981,1807
1759,100
1492,73
1957,1
347,1760
642,1670
1273,94
761,1630
1255,154
244,24
1847,1654
747,131
1501,54
1856,43
695,1679
1805,94
1349,98
451,239
1154,112
807,1658
954,154
1107,80
793,24
884,95
206,71
760,101
1549,1797
1335,32
384,35
883,97
757,1656
1406,79
128,56
1055,54
448,1797
1059,51
447,89
621,638
1301,1670
1153,42
1173,39
1888,1693
1790,32
1652,1
380,131
1685,1672
1475,80
1168,1656
369,103
1009,87
1950,82
1163,1676
905,108
779,1671
274,69
38,42
1949,59
776,110
1953,56
1773,1667
303,35
180,1666
715,99
402,1668
1485,1659
1218,86
1094,1233
88,53
748,233
1379,89
296,66
424,23
192,19
1740,70
724,1630
1062,94
809,132
1321,1668
761,131
302,75
1099,39
1007,1666
292,101
704,109
724,96
1459,239
1973,1641
710,87
1118,80
1960,1660
722,1665
1623,1785
851,95
942,138
1155,119
287,51
700,1660
311,1693
1727,1679
591,97
1120,1667
1706,1654
657,1659
1919,100
1496,1670
675,107
1230,1679
1434,196
973,1630
1956,65
1948,1233
367,84
1444,1676
417,73
896,106
1969,91
556,60
902,80
423,119
1210,65
1173,59
1850,1658
721,20
171,119
773,1785
853,1663
835,28
546,1677
308,132
1251,1668
1766,37
959,103
1495,17
974,1632
1182,69
455,85
692,64
1470,83
1417,37
421,86
794,1680
1180,1785
1890,1670
1347,1665
297,105
1077,196
1066,87
240,109
1896,154
392,1666
1869,1785
1367,1676
152,1693
889,82
979,65
46,104
1833,58
639,107
1798,1092
1715,58
352,83
244,33
1577,61
1705,112
1249,1632
1426,1698
452,101
456,96
864,109
1359,64
884,96
149,67
72,80
125,53
1289,1092
1130,58
518,1654
313,36
1452,1671
1647,1632
1210,101
1817,59
1031,17
1509,23
1149,80
1078,84
434,1667
1840,67
1803,73
1129,28
1186,77
393,190
1371,75
52,101
1215,1670
1954,70
673,1667
1920,90
341,65
303,1632
661,638
331,119
264,60
1081,67
527,101
692,36
38,1678
1381,1680
759,28
374,58
967,51
1569,71
1218,111
350,51
648,17
1750,1642
1398,1665
1403,41
1260,1797
1004,75
1251,90
1241,80
159,1673
420,1679
719,1693
1702,86
1199,56
1607,79
761,36
1155,62
1735,1663
549,1672
640,1660
1892,1670
1070,190
1224,1642
416,1675
489,75
1373,23
1282,86
988,59
310,43
1802,1680
147,1658
846,56
1203,633
1260,638
394,33
176,154
822,33
1338,67
336,111
1585,83
1280,103
1300,106
1343,1632
831,96
1223,1698
764,69
1152,33
1712,41
592,94
421,1656
600,1657
270,35
1142,1665
1822,77
1114,110
156,94
199,24
589,1680
1254,1666
1132,638
179,20
1929,26
1110,77
967,1656
1757,1807
610,82
1622,91
1589,1654
1435,28
428,1666
818,54
1601,77
1085,84
918,101
1297,1656
1278,1663
1179,1660
770,36
256,1698
224,86
619,1675
1259,94
1762,43
1088,70
978,82
361,108
1724,83
186,1
685,89
1011,87
1548,103
855,79
1923,1642
660,62
1239,154
135,1660
1499,73
308,80
1162,107
1276,1641
260,98
1437,36
355,36
78,1092
631,104
786,41
292,1698
1697,65
1953,63
1744,100
715,98
1768,106
648,41
1355,82
1318,90
160,1667
800,1679
1928,73
1602,96
151,1760
1052,65
1649,59
954,1659
1146,23
1071,84
1327,62
12,101
359,190
1564,91
338,119
1957,36
1780,1785
888,1797
391,16
1783,1639
1198,43
1734,41
799,36
88,1680
1103,106
1913,58
1500,70
523,63
1012,1679
494,1698
943,1807
788,24
1732,1659
623,100
532,37
1860,43
797,71
905,1665
821,65
1601,1233
1125,51
1661,65
575,86
1755,132
1812,69
982,60
1465,86
345,41
402,96
294,82
1262,103
1063,82
1761,1668
435,73
1033,20
165,80
1825,16
1008,20
165,33
1004,96
677,70
1295,1670
1097,1675
1740,107
553,89
936,111
610,26
1934,63
781,1677
1702,43
1250,106
1270,105
429,31
1218,1663
1165,36
372,31
1222,31
1515,35
1320,19
364,1675
921,104
595,1
585,59
732,190
1909,96
30,1760
917,77
533,29
308,1760
787,1797
1073,56
1615,80
1528,1665
1149,111
271,23
1485,109
332,39
1465,1
237,94
1253,98
1453,1632
1826,26
1512,36
9,109
1058,112
327,109
1822,86
1570,23
702,75
531,97
1674,41
421,73
1527,26
668,77
118,60
1497,35
236,79
1503,29
271,1656
890,60
1920,1671
510,1797
1032,71
1536,1667
1551,112
529,51
837,1680
970,71
373,132
1260,36
818,19
694,1670
621,1630
914,638
350,1676
311,99
1037,61
161,1630
362,73
1892,1671
1805,56
1457,138
499,112
102,63
1353,73
262,1632
1856,112
1121,86
495,85
5,1639
1871,41
44,1654
425,1676
1127,233
744,1666
187,1642
1475,233
228,86
356,99
1884,91
265,53
911,138
470,110
878,91
1150,1671
1044,112
473,43
948,60
1266,19
390,1673
15,1656
1959,79
1191,33
1773,1693
1393,109
607,63
1436,63
1275,1
1018,26
1133,99
526,51
197,1671
1237,69
667,107
1307,1630
1901,94
1759,1660
1530,32
895,86
574,1657
1199,110
235,1639
620,239
1146,99
443,70
1971,110
1235,1678
942,108
466,93
1297,1663
1796,131
220,108
737,62
248,93
177,103
1420,62
1117,196
361,83
381,112
1734,93
968,84
256,112
384,37
1453,83
1828,97
195,101
323,56
712,89
1085,1672
878,1641
1695,96
295,23
1822,1670
261,131
1276,1668
252,80
1149,23
1229,95
825,105
1712,71
1034,95
1054,26
1030,35
777,95
1441,32
449,62
1590,154
445,42
1798,1667
692,29
767,1659
1697,64
1333,1656
945,1679
1043,50
1599,1797
1507,1
1369,32
293,1660
1858,100
994,39
1578,103
771,53
1288,233
1645,61
231,29
586,79
1265,1666
552,51
898,67
761,1679
1326,131
1492,111
963,1659
341,1807
163,99
1495,1673
173,70
709,20
528,91
1022,37
1553,239
334,107
1596,75
1026,105
1586,1797
22,1668
1334,1663
897,84
1250,1658
614,1673
1024,1785
173,1785
1402,1092
441,65
1951,89
869,1
464,110
1850,1656
157,54
1428,105
1371,1668
518,17
1147,1641
194,61
1664,1659
692,1656
754,37
459,131
649,32
1366,1659
505,1670
270,24
664,1807
1057,28
411,66
323,1678
1821,82
704,1679
374,79
1744,65
858,1672
1099,1658
1345,138
835,1092
850,1659
316,35
1425,131
1655,91
1516,91
1544,86
509,1675
258,23
221,107
586,99
1303,68
534,131
686,62
1330,98
1776,62
908,1760
1758,98
305,97
1833,73
1890,42
1320,20
1354,108
571,138
183,64
1624,66
1951,1785
1933,94
1094,90
1098,105
1681,1642
793,37
888,101
7,39
1101,1671
128,196
1606,80
280,63
1457,79
1093,35
893,93
1069,58
276,154
768,50
522,97
361,1639
184,23
136,154
1560,1671
1009,29
1284,1807
1309,32
701,1675
321,51
655,82
1617,23
1191,60
1252,62
1750,1785
1613,35
1234,1092
1928,1673
611,31
1199,1670
1825,51
155,37
472,1675
454,19
984,58
693,1630
1263,1660
1339,1092
1119,93
663,43
78,1657
1402,67
469,1092
359,112
714,65
643,71
885,24
484,1671
1350,50
1904,16
291,97
860,1654
865,68
385,1672
159,62
490,131
476,1670
1269,51
1112,1630
998,107
1306,1666
1306,94
257,83
115,131
778,1667
490,1673
253,17
561,190
469,1641
712,62
266,1673
744,1667
1281,54
768,111
774,85
171,32
157,77
855,26
57,73
366,61
1072,108
1746,1665
939,39
470,111
703,87
1239,97
1150,1668
416,23
340,1785
958,1641
496,35
1265,89
1697,20
1446,65
1750,19
1308,98
681,90
1217,56
302,50
1449,93
1913,1760
1398,104
1127,1642
225,39
691,1642
1540,107
376,36
1705,61
161,1672
769,1693
1174,1660
1539,51
1724,109
1781,108
329,1676
377,1092
1704,1
382,1675
838,1678
1974,1807
1533,85
1358,96
370,85
836,1630
470,24
1068,77
1968,67
1129,73
1850,107
1814,1670
143,19
1268,1668
1470,1676
1078,1657
1442,233
1445,1670
1926,1667
1741,84
659,94
914,1677
1557,1654
568,36
1947,1642
1413,90
1512,1639
991,98
378,111
1640,23
258,1675
1811,56
1669,58
424,26
1555,63
1683,114
1591,1797
1099,75
657,60
368,1667
1783,61
1506,75
3,94
559,61
339,86
1445,60
1843,233
686,35
851,96
1047,62
1880,17
756,1663
803,82
456,71
850,107
570,1654
495,31
1127,82
618,110
414,83
662,1665
128,104
219,41
321,1657
1132,1659
229,80
1136,638
1259,1656
1306,1807
845,23
1287,64
683,1785
1438,71
1105,60
683,98
1917,53
1537,79
636,66
1518,96
915,119
1474,154
284,94
692,67
306,1666
1617,42
213,96
577,1797
1912,1673
165,94
1697,99
1184,154
1365,70
1014,28
815,101
548,1632
909,1676
805,31
454,71
1730,28
1038,71
444,233
1367,1673
563,101
842,20
1947,1797
553,95
596,1807
1682,42
1482,196
1023,36
437,1665
979,66
1117,1668
1303,71
1900,1
814,112
784,67
254,93
609,50
442,75
723,54
324,43
1852,83
493,1676
310,66
902,1670
1314,1630
1101,1670
1870,1659
72,83
1487,1693
628,104
1528,54
799,1663
604,17
626,633
1085,1630
590,36
660,1663
826,23
14,1632
1409,28
1723,53
1045,33
474,28
285,196
1228,1660
1174,638
1253,31
569,58
383,1654
1873,19
145,1671
616,138
264,63
1285,54
1252,63
496,56
1753,1654
349,1665
1750,1641
1976,66
1318,17
1066,54
1599,96
1029,66
1986,103
1147,33
1018,119
420,23
901,1632
1113,98
1576,1670
687,51
1887,91
1486,1760
830,1092
1320,98
1795,1654
1122,50
1711,94
1856,1656
1681,95
44,239
817,41
381,106
604,70
736,54
329,1632
1127,154
337,29
356,1807
878,1760
1567,1630
1633,98
802,16
768,96
1324,109
1969,96
1325,196
1885,1632
963,31
1581,19
1200,50
1987,1656
542,65
265,59
434,1698
986,87
470,108
1836,103
1742,73
1451,16
887,138
1111,42
1191,82
1798,62
1266,17
980,1679
156,89
142,28
800,108
1906,80
1484,190
989,1656
1161,101
1110,64
246,67
1018,24
1925,107
1929,104
1800,1632
296,106
373,68
815,29
178,114
410,97
589,1233
812,1668
211,119
1601,66
922,119
619,35
1340,1
348,91
1377,1639
827,190
686,119
1094,16
1648,50
709,62
1027,89
1815,16
823,42
1478,1630
1960,29
1541,1632
1107,84
1036,104
1221,36
931,1654
404,42
1429,24
1285,1092
1419,94
1001,1679
1287,95
1438,104
1850,104
1964,16
365,94
1361,109
1604,63
1846,20
750,51
1475,1630
958,28
645,1785
692,104
1765,93
133,1630
1953,67
15,1630
1849,131
972,1698
1157,68
644,41
1904,1693
1369,87
630,112
1459,66
1830,87
397,1693
535,39
969,67
1396,1630
790,83
423,1630
490,73
861,70
1727,1675
1070,138
1772,96
1758,23
371,119
1738,35
869,1672
557,111
403,1668
1810,1639
826,112
1362,94
333,96
1757,103
912,1641
1893,1639
365,1679
973,80
997,90
987,1672
1908,100
417,62
664,105
6,1668
1823,29
1291,132
1822,1760
1438,53
1648,1641
1176,196
1964,101
1909,638
460,75
1988,99
1185,1630
507,32
697,80
1182,73
905,35
286,1642
52,60
223,53
449,24
341,26
1617,41
1053,85
1570,97
1260,1663
1900,1092
344,97
1855,64
368,39
297,109
1057,131
175,20
1265,96
1436,97
411,1630
892,633
168,109
886,91
705,154
762,93
1696,1657
587,1654
657,31
1602,67
936,82
1023,1666
335,112
1516,85
140,66
144,1760
1833,62
1299,1654
1544,39
1218,1658
871,64
301,98
296,638
1074,29
927,67
827,1667
456,100
172,96
1653,104
1003,1654
695,84
1754,1233
891,1673
1060,190
1746,1657
1343,1797
1415,93
488,66
389,20
1495,64
925,98
1357,95
1286,101
1239,95
1738,1642
1176,79
521,190
123,28
1617,132
1465,119
824,105
899,633
1822,85
726,80
562,1233
217,64
625,67
1536,29
8,37
1222,1092
1171,50
1090,62
594,1233
1418,633
1288,69
1308,24
685,1675
1365,89
1740,59
960,37
1113,97
117,106
1846,1675
329,90
653,79
12,89
1061,35
1780,1677
865,90
524,83
1701,19
220,58
609,93
1933,64
581,31
1971,1678
261,633
1457,24
1378,1658
499,1663
1457,105
304,1663
1514,106
323,65
533,62
1106,35
1885,1663
1767,1663
953,20
1020,68
1082,59
1357,67
1769,131
1708,42
180,50
1940,53
1191,77
203,64
1073,1654
1664,63
635,69
696,63
1745,68
18,87
1380,233
46,1657
839,68
1972,100
531,1672
1616,70
933,16
1716,97
1496,196
856,35
444,1807
1706,91
383,62
852,23
746,638
772,1668
1199,107
714,99
1122,100
406,1657
281,100
1867,1630
814,62
429,100
837,103
1047,20
1875,1679
1749,1630
1472,138
615,54
931,79
807,1760
1608,1665
1040,1665
911,1670
1687,85
1924,633
1300,1639
182,70
404,68
78,23
685,85
1335,63
950,91
718,39
148,65
495,106
1794,1760
1258,56
1315,51
1372,32
1615,100
175,1092
755,94
1415,20
1059,54
285,105
802,53
346,105
1102,1676
1884,58
1428,80
182,1666
1968,69
1310,20
1475,87
1499,77
180,103
948,108
1101,98
370,1668
1370,69
1498,62
180,1641
1019,17
783,82
1319,60
1128,190
1080,65
1336,43
937,1693
3,51
1257,1092
1170,97
852,43
1610,1807
691,239
1425,53
1392,32
1007,1673
201,95
292,98
1749,108
1754,1670
1550,119
1352,1678
908,84
281,64
815,1671
894,132
1062,1676
254,39
1175,103
1108,58
1309,1233
1571,1698
1809,233
120,71
803,84
1586,108
7,77
1500,66
148,101
260,1663
722,190
1572,62
766,1807
1197,1667
755,58
441,70
427,119
1533,119
1615,233
1908,101
346,77
792,95
300,1678
271,63
1147,1642
1182,63
810,1659
858,83
1548,1672
667,1659
231,1092
617,1657
1019,61
1484,112
1285,97
492,106
1033,24
739,59
668,101
391,1678
1446,60
236,103
1799,1656
577,37
175,132
1896,1658
880,82
613,1092
1987,633
981,1760
895,154
272,60
437,1679
1568,79
1492,31
406,154
500,33
784,54
1961,112
1852,1807
661,1680
510,94
1157,1659
979,53
338,87
486,39
431,1698
1012,43
1202,39
1990,20
941,17
373,1663
102,23
1022,68
475,131
1235,85
1221,106
135,111
485,119
323,100
661,84
519,26
647,97
1600,1639
1980,1667
417,104
