1409,131
1173,90
1321,33
1107,1670
1800,66
1491,1659
1645,16
1990,1785
1978,107
470,70
1089,1642
1485,105
1927,86
1213,100
157,1660
1421,87
1532,196
1557,53
785,1639
1363,1698
794,69
388,108
1809,54
1828,1656
816,1785
177,77
948,36
733,112
1369,1656
1610,1670
1815,105
588,82
823,99
492,63
1053,56
1695,1657
850,63
1950,1092
782,86
472,51
1731,1657
1375,1641
937,239
1928,1676
1011,1668
407,23
394,56
1778,112
1445,1807
990,100
1605,119
1879,1656
279,89
1868,65
987,24
1013,190
1241,91
319,119
563,67
1234,1630
970,67
1234,138
1770,104
1189,108
1391,32
440,35
1645,1639
757,42
979,96
486,112
1580,104
770,93
679,53
1930,75
476,62
673,1680
1957,1676
1684,190
948,42
819,1698
1795,1673
860,1760
153,1698
1571,1658
813,42
45,64
355,110
227,1807
1002,101
1724,68
452,70
142,16
700,1680
401,106
1051,1656
1378,1672
257,80
592,131
632,26
290,24
1524,17
222,109
1135,633
215,86
1144,36
156,1632
185,16
759,1680
630,24
1331,39
1041,1675
1425,94
1206,79
714,239
1581,17
1341,66
939,24
1901,138
231,84
821,20
493,67
1179,24
1897,85
152,1659
1860,111
979,110
599,131
1330,1680
1685,132
379,36
1580,94
1094,36
10,1630
1745,42
1501,62
1926,1
1802,51
1126,1785
1866,84
1775,114
1002,87
506,16
642,132
716,131
329,1671
1128,67
216,101
1636,1233
1835,86
974,64
1788,110
1184,196
465,80
913,82
1640,77
296,108
1326,1668
1737,35
282,131
1868,101
30,1233
401,633
400,58
309,16
243,1642
774,58
946,109
1941,26
1568,24
1402,98
797,108
46,58
342,75
1712,77
5,41
1492,87
1421,109
1024,79
1515,94
737,50
1822,17
1661,23
338,31
1098,93
38,50
1623,95
188,1675
1644,64
499,80
1559,41
492,17
404,69
956,1658
1060,96
648,32
526,1
566,104
1562,17
1503,99
1251,26
209,69
926,96
1190,107
1028,82
1161,1667
1123,84
573,107
1771,1632
1060,1785
1420,638
1938,105
772,1675
1302,638
275,31
22,66
1274,59
1806,16
1039,633
1540,68
366,1659
1640,1630
1431,85
439,111
993,73
960,1642
466,75
429,85
15,86
1047,37
306,1693
1232,111
1505,71
331,50
1945,1233
1534,1678
253,83
721,1663
22,1678
866,1632
27,138
25,154
1406,16
1081,239
821,1670
343,70
1339,73
115,31
540,68
27,59
266,39
1962,51
125,138
994,35
1808,239
249,104
1905,59
1362,1632
1031,53
1766,82
152,1671
1436,1675
422,1675
228,100
1476,132
1779,1679
161,37
1946,638
401,1676
1290,64
1128,1659
1283,35
1485,35
632,1797
1387,119
982,39
895,1656
1392,1807
13,1672
700,1658
224,119
666,82
994,1639
498,1642
612,32
649,58
1151,103
1903,98
1560,60
894,20
1141,61
953,1676
388,1677
760,24
961,105
445,56
1495,1658
1249,84
1288,1092
1467,29
844,1672
4,233
1754,97
1791,36
286,29
1582,1
1250,1654
760,1676
1574,1807
687,1807
1369,54
229,93
872,1658
1650,97
1357,1667
1314,138
691,79
231,190
731,36
1689,110
487,16
493,233
1854,1092
975,1807
1455,17
1388,20
1516,97
1581,89
1485,68
1857,1233
757,67
404,1693
810,1656
689,1657
892,64
1299,1642
1819,99
1361,79
1843,105
1276,190
1019,79
1407,110
1394,17
1165,190
598,1
466,190
514,16
1489,1672
951,69
554,107
381,1693
1523,1660
149,59
1805,110
1953,109
1602,1698
1342,19
1697,96
158,58
363,1092
622,1663
577,36
1777,131
758,20
1970,1760
263,1632
1077,1658
856,28
452,1797
657,29
802,104
457,119
1110,1668
1606,1657
1715,1676
1351,1642
929,107
1102,86
1840,75
535,69
1631,111
433,95
1544,41
1543,19
755,1666
509,1656
741,1659
1453,1641
1842,1672
1590,42
945,196
859,1760
642,60
1930,39
980,1632
1205,105
527,29
786,233
1876,1672
1339,1641
1498,1656
482,80
881,190
1398,1673
1292,132
1353,1630
337,54
531,1632
583,107
1567,1639
1312,79
1700,104
944,233
579,1642
1156,80
1619,24
148,1693
901,1659
171,56
1972,1092
232,58
1888,119
235,39
1602,83
1662,41
1491,1658
1702,94
1264,54
821,63
143,39
1506,239
312,97
369,80
596,91
229,1630
1260,66
582,82
1763,1785
969,111
365,36
754,69
439,87
1202,71
1722,1672
905,93
708,1676
656,111
659,42
1447,61
1005,84
184,138
904,131
1734,233
1384,99
907,190
944,1668
1063,109
1087,1679
440,1679
625,65
1285,51
1395,1807
793,59
179,62
433,1668
858,1785
72,68
682,1663
950,99
1504,65
843,103
976,1668
1575,103
983,233
88,68
215,67
767,1676
1029,79
1412,89
1144,23
1861,28
340,90
1086,131
1220,59
218,71
1432,43
1307,67
1589,1677
1017,43
446,79
1631,50
430,190
507,111
1061,1676
1618,37
1374,41
915,196
1411,33
1927,71
683,32
387,1663
1024,100
1618,1672
1725,26
612,105
905,79
1405,1630
942,196
768,1677
1235,131
227,90
155,1667
1282,80
1674,196
1837,1656
572,1630
1771,98
903,56
317,53
1583,1673
276,100
465,101
1248,84
1009,1632
237,1679
511,112
863,239
1126,85
792,1678
320,101
501,42
1740,1233
1905,108
1298,82
1854,39
681,108
845,75
1796,100
934,1667
536,110
1452,196
1772,1233
1256,1639
1519,1680
1631,32
1789,94
1529,82
1115,51
656,60
1461,35
1061,1807
1377,1642
1530,1680
612,31
1344,73
1491,138
689,132
708,1760
155,1760
160,32
531,19
1505,58
1484,1671
116,75
1424,64
1820,1676
283,91
1026,63
382,1693
1342,43
1271,67
1643,26
1386,1
1811,32
943,100
819,42
1558,65
215,103
491,109
305,1663
752,86
1770,58
1645,84
157,1807
546,58
1189,190
1653,1657
812,1671
648,1760
797,107
1169,66
968,1693
797,28
545,99
1210,1665
782,1668
1571,1672
1761,1632
712,1659
657,1680
1563,60
578,28
11,31
1156,1233
749,37
570,1630
496,85
1049,1659
44,93
1531,31
1562,239
1356,98
1389,1665
826,91
255,1671
871,1639
173,1680
947,111
326,24
571,1797
366,131
330,87
521,1670
377,16
1153,35
748,1
1706,1233
1173,32
1230,51
1545,79
1523,39
620,75
380,154
1267,42
1307,61
1287,233
1860,61
1327,54
1313,1676
1813,97
1499,79
627,1678
629,36
1054,31
1025,1639
1226,54
1544,239
418,1693
555,68
1950,85
901,80
126,1693
696,110
819,1679
1022,60
270,1
471,1658
635,99
357,131
1154,93
364,59
1568,633
1161,53
772,82
1733,1677
1312,1675
1080,67
414,101
1813,1675
625,154
367,79
1770,1666
1509,638
226,39
1063,1665
1038,111
906,20
1533,99
1757,131
161,75
878,1660
956,100
386,70
1649,61
781,79
1334,239
1746,39
664,1785
1736,17
426,64
669,132
1338,1657
1547,1233
493,24
241,71
1165,58
1239,23
837,89
1027,41
700,1659
1583,100
1269,70
479,106
1037,64
585,1
415,132
4,91
1915,1671
924,20
393,638
1832,39
1282,24
914,94
934,1807
1450,60
421,62
1070,1233
282,1658
950,37
1006,1659
1895,69
1588,233
577,41
540,91
523,53
873,56
1868,41
1745,1678
253,1658
1925,190
698,53
55,1630
920,103
409,1676
1062,67
768,43
1309,1668
278,106
439,1656
1193,1
1964,96
1414,65
700,119
828,60
1260,95
764,20
383,1630
993,84
1128,1785
1611,196
376,82
1044,53
642,43
509,138
1930,50
737,111
810,111
223,54
442,69
1866,26
545,138
1597,154
1748,26
769,1656
482,95
174,633
863,119
1342,16
350,94
1238,65
391,1672
543,31
964,96
1586,239
811,1641
1365,66
1737,105
1079,110
1835,1658
1123,16
1456,103
141,131
1371,1656
1526,110
1257,93
171,90
1934,1
781,1671
1023,32
130,39
115,1673
669,104
1976,1660
1574,107
1044,84
170,33
315,94
905,82
1430,66
1360,112
153,24
1974,1679
1330,1092
1923,95
1207,1678
186,80
1470,68
578,68
139,1670
1521,28
200,108
1821,63
1966,82
594,68
78,77
705,79
354,23
428,132
1261,82
1703,63
852,1660
362,1658
236,87
44,1672
577,53
1626,56
1609,64
1860,1642
560,75
279,69
1153,1678
255,90
1220,54
960,42
1405,110
173,1641
962,1656
360,112
1986,1639
536,19
385,633
463,62
1170,196
856,154
268,56
1470,1785
797,37
683,66
629,28
188,1660
501,1673
1873,23
438,106
402,190
1751,82
519,1641
1755,23
1610,1668
894,35
988,60
1231,96
1968,1672
1346,32
853,80
1283,1671
1764,94
1252,1630
974,106
1492,633
49,1671
1151,1668
155,56
323,84
713,1654
516,23
1858,54
1345,105
684,75
1436,64
1227,77
1409,98
420,19
1715,1658
1390,1658
640,80
548,633
1586,1673
1214,1630
1984,1641
606,37
1055,1630
1256,1658
282,79
997,1092
359,111
912,89
787,1
402,33
294,19
723,105
265,1665
264,66
1350,70
274,103
385,104
978,105
1011,1654
1792,233
672,190
1427,62
1306,1679
995,64
1973,87
1080,154
654,109
766,107
985,90
1586,50
1626,109
544,87
1223,233
530,86
1211,91
1375,50
1009,1639
822,56
1594,638
1726,19
168,58
901,1630
1867,1233
1719,16
1331,41
1576,1656
620,96
1082,87
824,1233
859,82
855,17
1449,86
1432,58
440,68
1179,109
1574,54
121,239
1189,28
898,103
1031,131
1240,28
336,132
1152,56
657,638
965,77
1560,1657
915,66
1074,95
686,105
1015,77
745,1657
947,1663
1943,69
1088,79
980,1675
853,131
1370,31
1852,1
732,110
1339,190
865,1639
1813,1797
1730,1807
1821,100
729,62
826,86
475,108
626,1678
628,94
1692,1641
1090,1
246,71
501,138
765,67
1767,1672
1821,1658
1468,1670
1197,86
1605,105
1164,1679
249,82
1389,132
1713,56
1102,1665
1200,85
40,83
1716,19
1645,83
653,31
1388,60
1239,1656
124,19
721,71
319,1680
1739,99
1867,54
1978,31
1961,61
1428,60
1286,54
1554,1672
764,1670
1742,95
911,23
1269,97
555,73
719,64
830,93
616,73
102,66
230,23
509,68
951,109
992,98
166,69
4,96
614,233
402,1659
536,1679
1450,89
78,26
776,104
618,119
1814,95
290,58
937,59
357,1670
464,233
601,70
913,66
1805,1673
1609,24
373,82
963,110
1462,84
1161,1665
187,1676
1738,633
599,67
1276,1666
1702,20
1156,1676
395,1659
1692,26
900,638
1550,104
169,1676
1273,1642
872,35
653,98
1392,132
1544,1
623,190
436,20
1621,29
1253,83
1776,26
15,80
1283,68
1088,60
873,1666
1133,1678
1081,19
1706,1676
310,105
1751,26
442,17
1225,70
88,1673
350,99
668,28
1882,86
250,63
1008,239
1875,109
705,1
1426,99
712,77
740,1233
1515,1665
380,58
1578,1693
1247,94
1857,190
1357,1632
1381,190
245,26
1496,82
232,97
1371,1676
325,82
1964,1797
447,1657
1759,64
711,1698
569,23
1030,132
989,28
1897,33
462,132
1721,633
194,84
1886,93
1689,1671
1320,62
715,1678
1930,1
375,1656
873,1676
581,67
321,95
284,69
1191,96
1145,56
631,119
1040,60
1704,83
1870,1632
1335,239
475,41
253,1672
471,29
260,1658
1625,1632
1904,1679
815,82
856,97
215,24
805,104
1947,1693
809,109
441,75
1555,80
210,1656
1937,1675
987,80
370,114
630,70
618,1654
1111,1639
929,95
1502,26
1251,1676
1621,64
1643,1698
1274,93
1735,56
600,132
1246,31
1088,233
575,95
314,1676
818,1642
49,19
1967,138
1437,1
474,1657
1927,1698
992,28
1198,60
1181,28
921,16
499,60
631,69
303,94
1336,91
1728,71
739,60
78,64
408,108
1721,104
1406,50
471,19
994,82
1552,36
576,1657
1737,104
102,1663
984,36
1780,138
1634,1760
913,24
1466,94
1415,107
886,95
800,1698
376,638
377,61
447,107
1170,64
1800,87
1581,56
1585,61
1985,77
1894,1
1952,114
204,1656
719,1665
653,1233
1699,53
1813,37
507,69
986,106
1875,1642
808,16
611,1807
1495,63
372,1667
673,108
1535,68
1451,61
439,67
1294,1667
301,94
1100,1654
1157,1673
1917,1639
1822,111
116,99
723,61
1330,239
1370,54
440,1667
199,62
592,154
1252,54
4,56
561,59
1649,1678
1161,66
1824,1656
1035,1641
1808,29
1794,64
1759,1666
1357,638
829,37
1625,1660
812,35
1863,1632
1351,96
377,94
1247,19
1691,633
202,83
1622,37
817,1654
157,99
1358,93
1123,110
1144,233
593,37
1824,91
1894,51
1905,1660
1793,58
157,20
1907,132
932,16
1964,69
1032,190
576,106
1988,67
1199,50
1684,196
1152,93
784,39
513,1663
416,1
1525,32
993,119
1237,1654
1471,36
615,24
1387,67
528,28
527,1672
1104,1785
1306,39
1057,65
891,23
1684,26
1087,1673
1292,37
561,53
1973,68
1084,1659
1724,32
1727,85
1285,66
1431,1656
1989,68
611,1785
903,85
1744,35
840,75
550,96
38,1632
1733,79
957,98
1294,35
1558,42
1298,94
1784,233
255,75
498,66
1224,32
909,80
1445,110
1891,50
1197,1639
1050,638
1459,190
1169,100
1246,90
1461,1658
697,17
12,1665
1845,638
999,94
1280,16
1640,1670
1165,65
524,79
1634,82
1689,1663
1723,1807
1005,68
454,1632
1645,1670
1148,20
142,23
1252,42
1346,51
760,82
1919,36
543,83
1171,68
1835,93
475,17
1586,51
1093,1
118,1
1018,19
1885,101
1375,61
679,1760
1564,1630
1234,89
933,106
1419,41
1043,239
370,43
295,104
1090,1092
336,103
1318,1672
1003,107
1338,58
721,84
1756,20
1482,23
1026,1797
1582,1672
493,64
170,101
1458,108
486,97
639,37
1580,89
1283,107
1947,16
348,66
1273,91
1108,28
911,1807
159,42
1392,1233
275,1663
1943,68
274,86
55,69
522,1642
1327,1657
1276,87
598,79
986,1663
732,111
1484,36
293,91
685,95
354,91
1906,77
1100,20
1082,1659
788,1666
346,1693
611,33
1808,119
226,1
1223,1092
1113,1659
1001,43
994,26
151,51
1060,1639
6,68
1975,106
819,93
1409,77
503,1654
127,80
1432,154
1965,80
1841,66
1861,1785
721,53
1897,1630
634,100
542,37
1719,97
1334,1
1888,35
1003,89
144,50
845,1760
623,58
1691,1658
842,1797
1881,68
872,54
1739,98
1850,99
1142,103
616,59
889,131
197,196
1283,89
473,62
652,56
726,19
819,1667
126,69
1469,633
695,1670
1590,131
1349,105
1070,77
421,24
1457,56
1599,32
1194,67
1467,99
1033,71
520,110
367,59
1788,1233
1935,98
1781,1660
819,58
566,111
397,112
1106,112
309,111
627,28
1052,75
370,79
1016,1679
1193,43
1567,35
1550,105
389,104
378,1665
365,89
493,36
1971,69
1802,67
241,36
1074,64
1883,20
1209,69
1232,98
456,95
598,107
928,67
1778,1665
1046,85
1801,154
1346,105
1882,87
1040,94
1576,32
1773,1658
1021,107
1636,90
789,101
354,1666
1113,131
815,79
1244,69
880,42
1323,1630
1126,97
1844,62
1001,1660
1545,1675
1518,1679
140,196
1908,19
1585,16
1823,42
1264,31
450,41
1780,85
680,96
1625,58
318,112
543,633
821,1233
1300,36
664,1642
1914,24
10,1680
911,106
1175,99
1692,1807
1764,1676
291,63
649,1233
208,1679
1554,1660
479,84
653,1673
1721,131
102,111
1076,1678
284,70
568,73
175,1659
1377,35
716,65
864,90
1624,28
1716,1666
1963,91
898,1657
1674,154
1526,1663
668,19
846,1693
1238,53
1001,96
1534,90
1265,105
1925,43
366,1092
1569,17
1931,1760
134,84
323,29
1426,82
1874,190
667,90
526,1663
1902,1680
1113,62
484,104
217,1797
1035,33
1950,1680
1682,50
409,239
1561,41
396,35
1799,35
1927,110
1788,638
1146,33
1075,103
818,196
908,70
1391,107
1910,39
701,1807
1478,1679
1833,64
362,107
626,98
166,1
1012,33
1333,95
1868,638
1555,1660
176,106
1423,66
1221,1680
1228,26
1583,1760
55,1672
1855,1233
1399,67
115,79
1346,77
1550,1665
334,239
1687,1670
698,82
1416,99
1132,1639
377,83
876,19
215,41
628,1642
1926,633
271,1693
539,101
1497,233
1203,1630
430,54
1780,58
755,1641
663,28
832,24
1257,67
1075,196
1571,97
856,1658
1505,1693
1546,1693
1624,1663
1260,79
1000,67
1833,33
697,101
790,112
1402,1698
900,1658
767,190
840,1659
1431,1671
719,59
277,20
1477,107
517,84
1842,19
1188,97
824,1642
766,77
1464,31
1786,1656
1896,98
189,84
1096,1642
1080,111
374,80
1137,66
840,94
1562,37
269,28
710,1666
1710,85
1564,1659
1811,104
983,69
1796,1670
1301,32
436,1698
313,51
1551,106
946,83
909,93
1689,79
1581,41
238,119
1430,1663
335,77
463,56
1264,41
342,17
507,82
910,1657
369,85
1538,633
708,1656
157,1656
194,24
1061,60
1004,1641
214,95
1216,59
1125,95
1859,70
1048,1641
1874,1807
38,107
740,1679
482,97
800,70
1295,107
715,85
1090,59
867,110
1754,82
1534,96
620,1658
1871,35
236,71
1875,36
684,69
1552,1
266,1678
1166,111
1683,67
448,95
1479,28
805,61
202,66
904,1656
1343,1671
1720,60
686,638
249,37
1390,1656
1119,90
640,82
1857,101
57,64
1379,233
646,24
1274,17
885,112
1260,28
1466,1657
359,105
993,23
776,1665
1243,109
1921,239
1044,106
1742,65
662,107
733,1785
1788,1657
779,1639
141,1666
1212,61
717,1657
1782,91
1360,94
1306,54
224,50
716,58
1892,1679
1974,1641
1266,104
1410,24
995,66
205,1676
1610,43
874,1675
1464,59
1490,93
350,42
1626,107
705,41
1370,1671
1497,53
1885,100
122,77
601,104
1154,132
215,82
1393,196
1376,28
1069,23
1234,86
611,131
333,35
1614,1659
837,1785
1486,64
540,1632
1526,43
1455,101
563,85
1908,89
292,69
1808,1667
828,119
1016,633
1176,1
376,29
1021,1641
1890,104
76,1676
787,17
382,87
1661,1
1094,24
1151,89
234,86
642,17
1984,28
1185,23
1511,65
282,1760
1840,1659
867,61
742,17
1902,119
800,98
1614,1233
1710,16
1804,109
1643,31
705,59
1976,100
1367,1641
1410,1760
269,50
1272,107
560,103
1847,62
877,1666
1209,638
1355,62
549,75
827,1807
1912,59
1783,86
1609,1673
1591,53
855,33
1371,1698
610,1678
642,1658
1568,28
588,1672
761,94
653,110
1850,96
1136,62
710,97
1300,1
1517,1797
639,69
1069,1680
480,106
298,33
781,1630
301,20
1374,1639
1819,58
915,82
1893,31
626,77
1590,17
1002,50
988,97
1802,33
682,90
992,100
1623,91
267,106
766,58
1104,63
588,96
1856,84
199,1
1399,104
1775,1675
857,65
179,109
1599,35
1485,1663
1655,1639
1128,196
1527,196
1754,56
501,154
340,24
397,111
875,1673
682,633
1144,68
1804,1092
499,633
1662,138
1419,84
815,41
1480,70
1759,190
1945,60
1230,54
309,110
730,1666
717,50
811,53
1133,1642
1631,1
503,89
509,1630
616,42
1080,1807
1478,84
194,64
1445,1679
251,17
642,66
1305,1666
1587,20
1437,59
1404,50
1792,86
891,97
585,20
904,94
504,1656
1114,75
482,1666
803,58
1413,67
1643,106
1440,239
1339,77
662,1678
680,1630
644,23
735,86
1524,71
1770,1665
1646,20
1187,17
1885,90
1633,33
712,79
1562,111
513,98
516,233
1106,99
920,28
1844,63
1277,138
691,69
1578,111
1723,16
1281,101
346,68
74,65
829,239
276,1233
818,64
1250,95
864,1678
459,1632
724,106
929,60
1819,105
426,1698
1128,1678
518,1092
868,39
851,105
642,84
1893,51
777,1693
1508,23
1282,100
1373,37
877,64
605,91
1681,1670
870,97
1261,1092
469,190
452,154
972,1663
703,1785
692,154
209,20
377,64
1248,31
677,91
417,71
1801,101
520,154
1456,108
1405,71
691,83
674,41
198,1693
1958,61
1851,85
896,19
987,82
788,33
1210,87
1928,96
1257,80
463,39
1388,16
1762,1797
1392,83
1964,99
1505,1666
942,51
1739,63
1611,104
582,106
1544,63
1391,106
552,41
551,83
575,89
1071,1092
1537,64
1886,77
1064,132
1691,33
398,42
1437,31
153,19
1921,1678
1311,1676
643,1680
1091,132
1221,99
411,90
622,1680
1600,20
200,97
717,1668
1231,62
1347,1675
1215,239
152,196
757,1667
27,106
559,1639
1228,106
1412,97
1359,154
1986,26
1090,71
1254,68
1609,91
1701,1675
1156,110
1510,1657
869,59
610,19
242,89
260,1672
481,109
1082,31
179,1656
1887,108
1564,1
1927,95
716,1675
509,1667
1968,20
1112,64
1540,42
402,56
741,1639
575,79
409,26
1905,1698
1441,101
640,1642
288,63
955,35
1751,89
259,1656
1437,17
1420,111
706,29
1573,63
1188,19
317,1672
14,68
1138,56
737,239
1319,1654
695,82
1620,109
1989,80
1439,51
1356,1785
290,96
1009,1656
400,1658
1271,26
279,70
10,99
837,638
1615,91
1105,1660
578,638
1541,79
532,83
589,94
540,1676
242,75
1699,37
247,1092
1578,196
821,59
1964,71
237,196
369,84
460,101
1186,67
780,94
305,58
1263,83
268,138
180,36
1256,131
1843,73
1950,1
1574,1693
1920,84
1338,1693
538,75
277,37
596,1641
763,98
500,1092
1138,42
1339,1659
1306,84
1771,104
445,106
1060,91
857,26
937,1092
309,1675
219,1797
1011,119
1011,1675
903,87
1575,99
1814,23
219,24
990,105
386,1665
1972,61
1294,33
942,1658
1282,1657
314,633
1415,73
539,64
1056,86
171,42
869,95
139,638
1263,131
530,1797
644,1659
1526,73
1753,59
1571,28
1075,35
1458,233
1662,95
46,35
1900,1642
1028,1663
140,28
1388,106
1185,1693
976,42
922,26
1150,1666
468,638
1850,60
821,190
416,17
1856,1663
1823,633
1184,638
646,1233
1259,108
264,69
486,196
609,87
592,233
136,31
1205,73
1134,97
1283,1641
632,31
265,1632
430,638
789,61
606,1693
1292,1656
387,63
957,1
601,111
1083,41
1875,53
1379,56
1180,63
646,1671
1956,1672
1116,87
1462,79
1540,1659
1854,43
1267,1785
40,104
316,1665
1952,63
406,107
798,71
1612,105
252,69
1886,1676
1927,32
235,1632
311,1807
1054,39
1826,196
922,108
355,1807
673,24
768,1760
486,103
538,60
1202,103
153,90
798,1642
503,154
992,87
920,1672
818,1667
924,62
1370,26
1299,26
589,1670
1772,1663
665,32
1073,1785
1952,1642
354,89
1221,59
1774,67
1778,62
307,1665
1814,64
472,20
183,1668
382,1665
516,103
757,1659
1774,50
962,1675
712,84
1813,638
694,68
1008,85
1159,138
1456,83
319,1
744,1785
229,131
1480,89
329,239
1912,60
205,154
498,100
635,1671
356,26
1393,1657
127,35
1214,1657
721,68
1770,73
1438,97
1628,63
1169,70
1850,97
1304,69
1286,53
117,1630
1455,1660
780,112
504,97
948,100
1724,1785
235,633
1819,61
1344,91
281,31
445,190
1353,131
527,32
753,85
1276,103
176,82
1121,24
1857,1676
1606,1
1163,1641
1403,108
946,1233
1720,1668
1600,1670
1744,96
752,154
695,154
1433,53
1395,1642
954,16
1700,93
160,1679
1872,196
511,16
1507,107
519,89
847,1660
1419,87
1513,112
580,89
606,103
165,1693
1581,1675
792,73
946,24
808,73
3,233
1955,1233
1061,98
140,54
968,1679
1300,16
365,87
1025,1659
962,43
323,1663
398,79
1930,26
591,100
331,1676
1442,1668
1573,104
1594,239
1845,1657
469,58
1377,23
1459,1679
1503,190
182,42
273,112
1107,107
1714,1
1502,633
478,59
934,111
928,1760
672,90
263,239
696,1660
122,1
731,1807
608,50
1524,64
1416,73
1403,1671
1627,1639
1808,85
1137,59
1908,1092
641,84
1197,1675
1375,1
1144,83
920,29
850,1676
192,110
1629,84
708,132
1948,110
1713,89
387,1693
1945,1642
714,62
788,131
1638,29
399,98
163,1632
967,1797
214,39
1906,1673
419,103
612,94
1789,112
780,20
713,79
787,58
290,638
1711,31
972,70
498,1639
260,90
49,119
988,70
1842,109
759,63
407,138
300,64
1866,103
1801,138
1838,1
1697,105
216,84
1692,1630
148,99
1569,23
1254,75
1552,41
1014,26
873,60
341,638
417,70
148,1670
1251,61
1217,1665
263,1641
1573,1630
322,1641
593,62
666,1666
761,154
335,1671
946,60
1796,56
215,1665
515,17
421,638
133,36
1682,67
1186,60
651,1797
1481,1654
698,1666
1621,62
865,37
170,59
163,24
1434,59
1236,131
1883,114
1812,62
230,32
1098,108
1869,59
1174,73
1232,64
1012,82
1296,71
660,1666
78,71
168,1642
1882,41
226,84
836,23
158,63
38,1659
1565,36
1254,69
258,1639
1622,1667
1422,63
147,1233
1123,20
1898,56
886,82
1792,1663
1440,1092
1445,119
322,1659
842,28
272,50
1159,99
518,105
211,71
680,94
1486,1676
1585,131
1782,1639
336,1658
1162,84
1417,1663
1934,1632
1635,111
969,96
857,1680
203,1092
1914,58
905,86
1920,71
528,33
455,60
844,93
116,110
153,28
531,93
588,90
1983,37
1283,1693
1048,1676
1986,1092
1896,100
1569,66
645,1092
461,119
947,58
424,93
333,61
647,95
745,69
1537,1675
734,97
420,233
1898,42
719,633
1952,20
630,54
178,39
1107,1676
953,1
1435,63
1830,100
694,1666
1621,97
1550,39
1146,67
756,1675
1209,1807
1176,86
1601,29
4,1693
1150,1760
1944,91
1047,104
810,79
1542,79
472,138
199,41
2,1639
1971,1673
1319,1639
547,107
1959,50
1026,84
431,42
293,53
1909,1797
1271,1670
1497,41
1261,64
1373,1670
1392,1675
417,131
1073,32
390,190
1356,1663
306,19
747,1659
1598,80
1911,59
862,36
869,94
1576,1678
835,66
1015,1630
640,84
970,77
329,67
1713,97
1200,60
522,24
1442,89
1136,20
503,1677
1411,36
776,1667
350,1658
1367,17
1522,26
1253,154
1401,1
1715,99
1279,96
1380,19
538,90
442,119
1114,99
135,56
726,101
998,96
1825,107
689,111
615,233
1283,1785
605,1639
1778,1785
1322,39
1640,54
246,73
1960,1233
1023,1663
330,60
828,1663
1558,59
1140,94
1874,132
660,190
1948,53
573,65
1236,1641
481,41
467,106
453,67
1489,1807
399,59
280,1693
208,36
1169,75
144,1698
1391,60
515,105
1054,36
1900,60
1556,1092
318,56
1900,83
891,71
1098,85
284,111
768,1680
234,84
1577,112
1940,60
1302,75
1322,1693
645,98
1128,58
1181,80
829,1659
888,41
1224,1667
445,28
1439,1672
14,51
1356,26
517,1676
865,1659
1413,109
1772,1656
561,86
1097,100
1517,41
1467,86
698,1807
1528,104
1382,71
280,114
1147,84
1861,106
246,91
1372,41
947,100
158,119
1962,89
1690,66
1911,110
1915,107
614,1656
618,1693
1445,190
363,42
437,85
680,1666
1530,54
598,1680
980,75
620,82
512,75
1341,110
440,86
663,70
832,66
1253,1672
137,26
1870,101
895,41
1763,109
1911,1675
679,70
572,28
790,79
439,23
1182,107
443,80
948,101
626,75
237,42
1893,29
826,633
1926,1678
851,60
905,110
1000,1666
1532,107
501,1659
448,633
449,58
1583,60
1842,70
995,19
903,138
1427,94
1734,75
485,56
529,1656
1504,112
220,1665
1768,103
520,17
775,93
1841,1659
875,1675
1581,1657
1379,87
1345,91
973,1680
320,70
1548,233
1321,1670
497,196
1069,138
1645,65
1867,75
1149,1672
1099,37
124,61
1780,66
1250,75
1564,41
1031,82
1196,19
1071,75
1753,96
1327,61
261,26
1314,66
503,91
486,1807
1171,1675
490,60
201,39
555,42
1829,108
783,42
823,131
698,1630
1009,67
534,82
1508,99
187,101
206,131
210,62
1845,1656
1906,1654
1010,1667
953,1668
496,233
921,56
774,1642
578,107
1477,19
139,87
1906,29
471,154
608,68
1413,65
594,107
1553,132
278,638
1791,60
601,43
1043,60
344,60
165,50
828,1698
1136,633
1945,99
677,87
1007,26
1254,41
1774,190
1638,131
532,1671
738,54
1898,84
1181,1656
615,1654
1374,91
1803,43
1753,114
1499,80
493,19
733,1678
996,1666
133,66
541,69
871,84
1024,33
251,33
163,109
1819,24
1624,1668
1960,82
1355,1678
927,1667
881,59
682,60
1145,60
707,1667
1558,1658
1505,196
1912,1668
1916,84
1510,87
44,62
1829,1659
266,64
250,77
1862,1639
1895,64
226,50
1776,638
1904,1667
1187,1
1905,94
172,154
467,196
1140,103
1109,70
222,1092
1097,1670
1405,69
1958,51
324,1642
1027,633
863,1671
791,54
1588,20
1455,31
463,33
670,75
1405,54
1189,79
359,80
821,37
1270,106
1826,154
868,64
389,73
1042,1677
525,119
1332,633
501,1807
1907,93
1836,39
187,16
1091,104
686,58
982,75
1535,35
1782,96
1088,28
364,1672
1454,63
723,51
692,84
1390,39
1359,70
203,1
1491,54
978,31
556,1693
1556,196
1885,154
200,99
1231,56
1932,109
1180,1660
944,98
250,95
1210,1797
1272,54
259,17
815,108
1811,95
652,1666
252,190
1156,104
627,90
828,233
1291,93
1014,132
906,53
1334,93
1153,28
1158,1807
610,17
1696,28
1469,80
645,638
1025,90
1065,35
563,1760
265,101
1631,85
566,1663
898,61
1162,36
1538,1675
1034,1678
609,73
1711,50
726,94
747,1233
827,111
333,1092
760,58
578,65
172,1668
1026,67
1543,1680
1221,1679
1194,119
1599,20
1526,1630
1477,138
1389,24
894,1678
397,36
827,1657
1268,1
1066,77
698,99
1586,154
1184,16
279,64
1365,95
943,41
1062,17
983,70
512,1693
1317,1698
1052,31
1716,54
778,106
1227,35
453,110
185,110
280,1666
1877,101
352,1673
1661,1678
959,62
342,20
1965,1666
1782,1654
700,16
1146,64
194,23
305,56
1354,53
15,103
1853,77
720,1807
860,1658
473,69
1674,77
932,1092
1255,196
1664,43
1366,1693
1496,1660
1171,58
1266,196
394,1676
1946,98
1110,61
1386,23
1022,1639
394,35
286,109
1197,109
1733,75
1824,1785
1312,83
1539,1642
491,20
1837,29
1769,1233
623,1673
1251,70
1952,35
1953,1632
465,1807
453,1676
1072,104
1129,105
1401,1676
261,51
372,1660
1702,66
1564,103
744,24
156,190
1742,68
898,1
1727,1658
479,24
923,638
955,65
1273,62
813,35
334,62
213,29
950,196
753,56
571,17
1202,1641
665,84
1973,82
1095,1672
1464,62
553,1679
242,1678
597,104
871,1657
601,109
508,1807
583,69
1761,51
1616,64
805,91
628,196
647,66
1147,54
1116,1797
687,91
1242,1656
1186,1670
563,41
1591,32
1352,103
1520,83
1445,28
218,83
127,63
1450,1698
1985,63
1742,39
845,1659
1729,50
1051,42
115,1654
594,1641
1388,233
915,73
1712,37
1971,154
541,31
1776,66
1370,105
1387,35
1758,54
992,105
1236,196
830,39
1933,106
921,35
598,67
1464,93
1281,1657
72,23
1617,105
1566,1678
1748,95
172,50
1353,1693
1038,1679
1579,53
348,633
643,1659
1608,1657
1162,1797
1935,24
1865,110
1925,82
237,1659
373,75
1017,239
909,31
1545,71
437,84
1469,39
1589,1658
693,131
1535,1676
333,1630
1071,68
968,1667
215,1630
503,1680
1712,68
1286,43
1162,109
703,79
1478,89
1009,80
844,23
1344,93
1802,93
773,29
260,96
1826,71
1349,196
1798,33
1460,104
1040,1785
1046,95
200,90
1178,79
970,1672
628,58
1093,80
1090,1673
374,108
1167,99
1831,56
1562,233
1636,80
1412,154
1403,1675
1538,110
963,196
468,80
876,53
1636,39
533,90
419,1676
751,1657
423,70
316,28
618,1676
1955,107
728,68
1458,1671
1706,53
2,239
1473,190
613,29
1077,1678
1334,23
1941,53
949,59
571,1785
403,91
1381,24
942,26
1243,43
1543,54
1836,60
1303,39
1431,82
219,1667
152,1630
975,86
550,638
1009,66
684,1630
1076,1668
541,1807
539,1656
1938,1678
1531,1670
139,86
948,138
961,1
1043,63
1922,80
1727,105
1565,94
1359,131
1325,111
994,75
722,196
775,82
1406,106
268,1680
340,1797
606,196
896,105
590,119
559,86
926,85
377,36
289,112
1301,119
628,1665
781,73
1520,109
272,103
256,1660
1307,1
1052,196
1509,69
868,83
207,89
1132,26
1573,1676
710,64
1082,233
1858,1760
1929,1680
683,110
1508,131
1951,1657
1058,110
652,73
262,1797
1565,1693
844,59
737,87
402,98
352,51
193,111
267,58
1084,59
1034,1658
1839,1641
1087,94
1758,1659
961,98
1737,1659
1171,19
625,61
1285,103
1070,109
811,1760
705,101
561,99
323,112
1747,75
157,233
288,1656
1049,39
1801,106
627,79
1234,29
1452,100
1773,94
48,1678
285,69
450,132
305,1679
1210,82
1247,75
463,32
1167,1632
625,633
808,39
1964,94
151,1659
137,39
1495,36
658,1667
511,1673
291,64
510,84
993,110
902,1632
1012,190
1437,107
1461,101
1299,1760
790,1665
92,108
1859,110
1495,1680
1647,23
1963,60
827,80
1876,93
521,107
1188,1667
1849,53
1225,101
1704,70
766,71
1463,39
786,1
1909,19
1174,62
531,190
1204,95
485,77
1335,105
343,99
1929,94
511,87
697,1665
354,1698
1542,1668
886,1676
1292,1671
1720,36
178,51
788,50
474,16
644,1666
1567,96
1952,119
941,1666
467,51
1408,79
302,112
713,1807
716,1670
204,24
1753,77
443,42
1418,56
212,1673
1397,110
673,1676
1532,61
1115,79
656,104
1155,94
1034,1679
662,50
810,91
1109,1675
1309,35
334,35
1750,1675
1919,190
227,39
1869,43
1761,1698
788,1654
1550,638
149,86
760,59
1221,82
1707,33
30,1663
1033,50
1492,1807
1858,62
1972,42
288,1668
1615,36
158,190
508,39
1897,1659
1476,70
748,71
1281,80
549,50
540,1679
1382,1666
1136,24
140,105
1428,16
1601,98
1270,119
871,24
969,16
1396,1673
365,29
1343,20
773,54
719,100
740,63
1064,99
1580,1
238,1630
591,94
1864,1632
521,54
8,95
927,56
267,84
984,1676
1501,67
113,1658
628,1797
401,112
1485,638
1932,131
1776,1797
1225,1
1167,56
1827,1667
1322,51
499,1656
1399,35
1627,196
725,16
1885,110
1562,51
175,1807
1118,1639
1473,86
1626,20
1072,1663
6,93
1312,84
1706,108
178,68
983,87
1726,107
1156,77
1945,90
973,29
1570,633
1756,108
483,1659
1392,17
731,23
1267,1693
663,60
1806,50
744,138
322,32
982,132
1118,138
838,66
1983,638
1399,1639
1371,84
345,1092
269,1656
1002,1639
1870,190
678,1642
1447,1671
777,61
1681,85
120,24
743,80
1445,1654
452,63
1563,41
219,1654
200,1668
257,63
517,35
1952,1760
334,63
361,99
676,1668
1711,1642
329,1693
293,84
1949,87
129,101
1128,93
354,66
1738,96
968,36
145,101
715,71
293,37
465,94
1889,101
256,31
556,106
920,54
3,1668
1510,239
1242,1657
1241,60
567,1630
488,24
1541,31
1079,94
565,1658
735,1668
610,85
560,1672
258,190
1163,35
630,16
538,1666
232,29
1365,1656
981,1807
1664,1679
1759,100
1172,66
1907,103
184,79
1527,1678
1492,73
905,17
1920,132
347,1760
1304,233
642,1670
1273,94
761,1630
244,24
1847,1654
747,131
1445,1656
1501,54
1010,1693
492,132
533,1642
695,1679
1805,94
1569,1632
1180,1671
1349,98
451,239
1138,77
307,41
1067,75
807,1658
735,233
954,154
1107,80
793,24
206,71
760,101
904,53
1549,1797
1039,33
216,109
1335,32
883,97
169,89
757,1656
1133,87
1406,79
1479,111
1962,71
1854,73
128,56
1160,85
1090,138
448,1797
1059,51
447,89
1153,42
1852,1658
621,638
1173,39
1156,33
1888,1693
919,69
1790,32
1883,1656
380,131
1685,1672
885,80
1475,80
1168,1656
1631,31
453,196
1431,95
562,36
1009,87
1950,82
1553,110
1163,1676
905,108
1000,1668
652,53
380,638
1563,53
274,69
38,42
267,110
1944,1676
1949,59
404,77
557,1
776,110
561,70
1773,1667
303,35
180,1666
285,1642
715,99
1485,1659
367,70
314,190
1218,86
1861,90
169,1233
1187,103
1094,1233
323,36
88,53
1379,89
296,66
424,23
1902,1785
192,19
724,1630
1975,119
1062,94
412,1666
1894,109
809,132
1825,1642
1321,1668
1756,70
302,75
1099,39
1007,1666
292,101
157,1675
724,96
1459,239
1973,1641
1499,68
858,68
710,87
1960,1660
722,1665
1623,1785
740,96
851,95
1024,85
247,80
1155,119
287,51
1048,91
700,1660
311,1693
455,103
591,97
1812,37
1120,1667
712,1680
1706,1654
1266,43
657,1659
146,106
1181,50
1953,89
1496,1670
1798,1663
675,107
843,87
1230,1679
1434,196
1916,64
663,1676
1956,65
906,1667
1948,1233
474,1665
367,84
1444,1676
875,1659
896,106
293,1632
937,1668
1379,71
1969,91
556,60
902,80
1170,86
713,1665
1210,65
1173,59
1445,80
1850,1658
144,132
721,20
773,1785
546,1677
853,1663
835,28
302,85
1251,1668
1820,83
1766,37
1179,93
1696,97
558,138
959,103
1495,17
747,63
1621,41
1951,1656
1971,86
1182,69
1458,63
159,106
455,85
737,86
1772,90
1549,1657
246,1680
692,64
1505,105
421,86
794,1680
1662,1657
1734,26
1180,1785
1470,83
1015,1092
139,71
1890,1670
438,1677
297,105
1077,196
1066,87
455,1654
240,109
1201,82
6,132
1183,70
392,1666
1869,1785
1969,85
1367,1676
152,1693
136,1760
1173,190
456,1693
1346,1666
979,65
46,104
1779,104
1833,58
639,107
1158,61
1715,58
352,83
244,33
1577,61
986,132
1249,1632
1343,64
1699,1668
904,239
1426,1698
696,17
914,56
452,101
716,108
1359,64
456,96
38,64
884,96
702,43
149,67
1114,43
569,1698
72,80
165,67
1753,1680
1916,100
338,633
1158,633
1289,1092
1130,58
518,1654
1911,80
313,36
1038,82
1647,1632
1210,101
1817,59
292,56
1031,17
477,100
1149,80
1078,84
838,103
434,1667
1729,90
1840,67
629,98
1129,28
979,79
1611,26
1186,77
393,190
1371,75
918,62
1215,1670
1954,70
443,154
673,1667
1920,90
549,1670
303,1632
661,638
756,138
331,119
1957,1632
264,60
817,58
527,101
692,36
38,1678
1381,1680
760,60
374,58
967,51
1818,37
1569,71
648,17
5,1654
557,73
1750,1642
1398,1665
1218,111
44,28
1403,41
904,1760
81,33
637,108
447,54
1004,75
240,1678
1875,138
1251,90
1241,80
159,1673
1634,1663
534,1233
280,1668
719,1693
1531,1797
1702,86
1408,94
603,66
554,1666
1199,56
1607,79
448,1657
1155,62
52,107
438,1092
1735,1663
1091,70
745,1670
1440,1698
549,1672
341,83
640,1660
1451,190
1070,190
1224,1642
416,1675
1282,86
489,75
1546,1
988,59
401,119
310,43
900,95
472,60
1802,1680
846,56
759,131
1203,633
1260,638
394,33
910,131
822,33
1854,82
1456,1233
1014,119
212,53
1338,67
1447,633
1109,106
406,93
981,1675
336,111
1260,138
1585,83
582,53
1300,106
552,104
1431,58
1343,1632
831,96
761,54
1515,109
1152,33
1223,1698
1691,110
1712,41
592,94
421,1656
1407,56
1409,1673
270,35
1142,1665
385,97
1822,77
813,33
191,1693
1114,110
1249,59
199,24
589,1680
1254,1666
1132,638
1046,32
1929,26
1528,93
1110,77
1244,105
967,1656
343,20
1049,1665
209,80
1476,20
1757,1807
580,97
447,42
1140,89
1622,91
1589,1654
1318,1666
1927,28
1435,28
428,1666
1601,77
1085,84
918,101
497,63
1219,104
594,1639
1297,1656
1058,54
76,1673
1179,1660
398,119
770,36
256,1698
773,41
224,86
1259,94
1762,43
1816,69
1088,70
978,82
1134,119
1724,83
435,31
806,50
186,1
1808,1092
685,89
1043,37
1208,100
1143,108
1011,87
1976,105
1137,19
1962,68
970,138
1030,1660
855,79
1602,110
1911,24
1251,100
1730,91
1952,65
487,70
1923,1642
660,62
832,69
1239,154
1499,73
308,80
1162,107
1607,33
1276,1641
807,1797
183,111
1437,36
355,36
1098,66
124,1233
78,1092
631,104
446,1654
1719,1673
1249,71
695,97
292,1698
1697,65
1953,63
1514,37
944,75
1331,1641
1744,100
1768,106
1692,1654
648,41
209,35
266,58
1001,31
1355,82
912,1656
1318,90
1008,1233
1804,239
1126,105
902,103
800,1679
1928,73
1602,96
845,103
1452,17
332,190
151,1760
869,97
1649,59
855,50
1651,1663
954,1659
399,24
1146,23
1071,84
831,37
12,101
359,190
1564,91
353,1675
1111,82
338,119
1780,1785
888,1797
1879,105
391,16
1903,103
1783,1639
1215,97
1417,58
1734,41
598,109
799,36
88,1680
1835,28
1103,106
189,56
1845,75
1774,99
1500,70
344,63
523,63
1911,79
188,103
1012,1679
494,1698
788,24
1732,1659
1331,24
355,1663
623,100
532,37
797,71
905,1665
414,1667
821,65
898,84
1601,1233
1661,65
575,86
1755,132
27,638
1812,69
1465,86
345,41
362,99
402,96
294,82
1923,107
1063,82
1761,1668
1558,1678
1270,1668
1174,1671
1681,1657
1405,1679
1188,75
435,73
1033,20
115,71
1825,16
1008,20
1007,196
165,33
775,66
1004,96
508,29
1429,65
1295,1670
997,79
1097,1675
1740,107
855,97
553,89
610,26
313,138
1934,63
781,1677
1702,43
1270,105
1381,58
773,1659
137,37
429,31
616,1680
1707,1670
1218,1663
1512,54
1165,36
1222,31
1920,77
1515,35
10,1676
1320,19
364,1675
592,20
595,1
887,71
585,59
732,190
1909,96
199,65
401,138
631,66
1902,65
1048,1666
1171,35
214,1670
917,77
298,1673
226,80
155,84
1280,633
533,29
308,1760
1375,1676
787,1797
1878,41
1615,80
1156,107
1247,42
1748,1660
1606,1654
1528,1665
1625,239
811,1807
1149,111
201,97
271,23
332,39
1735,39
1942,1671
1465,1
237,94
1253,98
1826,26
1512,36
9,109
686,75
1058,112
1281,633
837,37
1890,63
1822,86
1570,23
702,75
1016,56
1188,24
531,97
1377,65
1913,119
421,73
884,119
716,1092
78,85
1527,26
668,77
118,60
1686,85
749,1760
236,79
1503,29
271,1656
684,77
812,26
299,233
427,60
890,60
837,633
1724,1807
510,1797
1032,71
556,23
1011,138
1536,1667
1864,154
774,90
1551,112
1774,1233
1045,53
837,1680
970,71
1609,1654
373,132
1260,36
694,1670
621,1630
1176,43
914,638
350,1676
911,53
532,190
479,23
1037,61
563,1632
161,1630
362,73
345,23
1892,1671
294,104
1457,138
499,112
1883,82
1591,1693
1792,19
102,63
1353,73
824,1679
1856,112
1121,86
1157,112
1583,1666
495,85
5,1639
27,77
1493,1668
397,83
516,31
809,19
44,1654
425,1676
1127,233
1147,61
192,59
943,56
744,1666
1298,89
785,42
607,239
1180,85
1237,36
1475,233
1013,132
228,86
356,99
1884,91
1696,59
1369,1797
235,1641
714,1670
359,103
911,138
325,19
470,110
1193,87
878,91
254,1663
1203,138
466,107
1829,66
1150,1671
325,1672
733,39
473,43
1843,90
1972,638
1920,1233
948,60
1633,1670
1266,19
1050,138
1141,75
992,94
1971,1642
1434,109
277,50
595,43
390,1673
1959,79
1191,33
1773,1693
286,51
1393,109
1501,196
1436,63
1275,1
1861,100
408,93
1018,26
1133,99
416,1656
197,1671
343,23
1237,69
667,107
1307,1630
156,1658
942,1673
1759,1660
171,31
1530,32
1348,111
895,86
574,1657
542,77
235,1639
620,239
821,26
1010,101
1146,99
1235,1678
443,70
1297,1663
942,108
466,93
1048,65
220,108
737,62
555,83
1883,1
248,93
177,103
765,638
654,1657
1741,1679
682,82
1167,233
1511,1233
1117,196
361,83
625,100
381,112
1470,26
1734,93
250,35
1652,1632
256,112
384,37
169,95
1453,83
118,106
1828,97
323,56
712,89
434,109
1925,95
419,1667
1085,1672
368,233
878,1641
295,23
1822,1670
261,131
1810,32
1260,239
653,23
1276,1668
363,1675
1506,43
1149,23
1229,95
825,105
1712,71
1054,26
756,1785
585,131
1030,35
1108,41
352,42
405,16
777,95
1405,1657
1441,32
234,66
1297,1675
1590,154
445,42
263,103
1798,1667
692,29
1697,64
614,112
1333,1656
945,1679
172,35
1043,50
1507,1
1369,32
718,1673
293,1660
878,1672
1197,64
1858,100
997,42
1578,103
1334,1679
771,53
1288,233
336,58
1704,1671
1645,61
1931,68
1499,70
1707,1693
586,79
1265,1666
1172,96
552,51
986,63
898,67
1326,131
1492,111
963,1659
730,56
341,1807
1543,64
1323,37
455,97
1495,1673
173,70
709,20
528,91
1218,132
1553,239
334,107
1756,1668
1134,16
1596,75
1026,105
934,96
22,1668
1334,1663
897,84
1250,1658
1436,17
1493,96
1024,1785
173,1785
1402,1092
441,65
869,1
464,110
487,20
1850,1656
413,1233
1948,107
377,154
157,54
1371,1668
518,17
1147,1641
504,19
194,61
1118,64
692,1656
754,37
1914,35
439,119
459,131
1830,1657
780,17
861,90
1711,26
385,63
1108,77
649,32
1151,105
528,73
505,1670
270,24
1563,19
664,1807
129,50
988,67
1714,93
1057,28
323,1678
1616,1671
1821,82
704,1679
374,79
858,1672
1099,1658
1392,1654
1345,138
835,1092
1352,196
1537,1698
712,99
1486,19
316,35
1425,131
285,66
1334,71
181,17
1655,91
221,1092
389,36
1516,91
1945,1663
509,1675
258,23
221,107
1917,87
673,106
586,99
1543,23
534,131
807,35
1769,64
741,1663
686,62
1330,98
1776,62
1758,98
1354,108
305,97
1833,73
1890,42
571,138
455,69
183,64
1624,66
1699,1670
1950,190
1933,94
1751,65
1094,90
1098,105
1930,138
1681,1642
888,101
7,39
1101,1671
175,1671
128,196
1750,138
280,63
1457,79
1093,35
189,91
283,26
893,93
1446,43
1284,33
1584,1639
276,154
795,20
228,1797
1520,61
768,50
940,638
522,97
1810,104
1404,1671
1726,1656
361,1639
714,95
1816,1092
1735,1675
1401,104
136,154
1188,138
1560,1671
1009,29
1284,1807
701,1675
321,51
655,82
1617,23
1252,62
1750,1785
1221,95
671,50
1613,35
1500,138
1487,1632
1234,1092
611,31
1199,1670
1825,51
1311,98
155,37
964,95
1814,31
454,19
347,119
984,58
693,1630
1263,1660
1837,39
171,50
1918,82
1780,23
1119,93
663,43
78,1657
1662,87
1402,67
637,1632
1242,1666
193,1679
1921,101
359,112
714,65
643,71
885,24
579,239
448,1659
1350,50
1904,16
1480,1678
291,97
860,1654
385,1672
46,1679
264,93
159,62
490,131
476,1670
274,106
38,19
1112,1630
998,107
749,69
1542,64
1484,56
1306,1666
492,50
1306,94
115,131
778,1667
490,1673
253,17
1697,26
1939,69
1493,1667
469,1641
712,62
266,1673
1497,93
744,1667
768,111
774,85
171,32
1830,56
157,77
837,1665
1598,36
624,110
57,73
366,61
1072,108
1746,1665
1246,66
470,111
1411,43
898,106
221,65
703,87
1239,97
1150,1668
1354,35
362,41
804,64
1914,91
268,1797
1430,103
793,98
340,1785
348,1630
310,59
958,1641
496,35
576,1677
1265,89
614,36
1422,1233
1446,65
1323,1660
1750,19
1308,98
277,1668
855,1671
681,90
542,35
1719,107
302,50
157,95
1652,62
640,39
1449,93
1913,1760
1398,104
225,39
261,33
579,58
691,1642
1094,1679
1921,65
1540,107
1219,106
926,1672
376,36
161,1672
1814,1639
769,1693
1174,1660
1769,24
1215,79
1053,96
1181,43
136,51
1539,51
1781,108
329,1676
868,1693
377,1092
1704,1
1265,75
786,68
1972,104
1972,1668
947,107
838,1678
1454,1630
151,75
1974,1807
1533,85
1358,96
202,97
795,1672
829,196
1806,98
836,1630
470,24
1068,77
1968,67
1611,87
686,1658
1850,107
1814,1670
143,19
1268,1668
790,64
1472,23
1078,1657
504,103
1442,233
1445,1670
1926,1667
1952,1680
1037,82
1420,94
619,1659
659,94
1563,54
914,1677
1557,1654
526,1092
1225,67
568,36
200,94
608,75
365,1660
1413,90
1748,105
1512,1639
991,98
378,111
0,1785
1362,111
258,1675
1567,1680
1811,56
1669,58
1605,66
1733,29
424,26
1683,114
10,37
1591,1797
963,89
1099,75
1480,77
657,60
1783,61
571,1676
147,132
1506,75
3,94
1898,111
559,61
1445,60
518,36
940,1698
1129,59
1843,233
1662,111
157,1672
1535,1807
1522,1670
1219,70
686,35
1111,108
851,96
1651,75
15,91
1880,17
756,1663
355,84
1394,1671
1044,138
803,82
456,71
1413,59
667,1673
354,132
598,99
1947,1656
570,1654
1928,1760
495,31
1127,82
796,66
618,110
524,1233
1066,96
662,1665
128,104
219,41
923,65
1848,82
229,80
321,1657
1136,638
1933,1639
1365,37
1259,1656
487,23
231,1641
1306,1807
1287,64
263,1670
429,154
1156,1659
1051,107
683,1785
1438,71
1118,65
1105,60
1142,91
1917,53
1537,79
856,1668
636,66
1518,96
1563,101
1474,154
284,94
692,67
213,96
657,1642
306,1666
823,29
257,100
922,1698
577,1797
1487,1679
1912,1673
570,1656
665,16
165,94
1184,154
49,1639
485,71
414,93
1365,70
1419,24
1014,28
262,17
815,101
930,39
909,1676
508,31
805,31
454,71
1730,28
1072,196
1936,1641
444,233
670,61
1367,1673
563,101
842,20
553,95
309,75
1050,1671
596,1807
1072,83
1682,42
1482,196
437,1665
1010,91
979,66
137,43
503,58
892,91
1117,1668
1964,233
1303,71
814,112
1777,1660
1812,85
784,67
1924,1679
254,93
609,50
723,54
324,43
1852,83
680,633
1285,196
493,1676
1417,84
902,1670
1366,17
1314,1630
506,95
1101,1670
1870,1659
1487,1693
236,196
364,17
628,104
1528,54
1399,91
799,1663
894,1665
626,633
1503,41
1085,1630
1640,97
590,36
660,1663
14,1632
1409,28
1984,638
1751,1668
1723,53
1045,33
453,103
420,112
1398,51
315,138
174,67
285,196
1228,1660
1174,638
1637,638
329,58
1253,31
756,1667
1611,31
1574,97
965,109
383,1654
197,132
1084,100
1873,19
1212,17
145,1671
1434,23
1291,1666
1491,90
616,138
1573,56
1296,28
894,63
1022,112
1285,54
129,29
1252,63
496,56
665,67
1753,1654
184,1659
1524,1
1178,131
1750,1641
1865,75
262,98
1976,66
1221,239
1318,17
641,107
1029,66
1066,54
1986,103
1147,33
1018,119
1149,1641
1713,24
901,1632
977,108
1113,98
1627,638
1576,1670
687,51
1196,65
1495,87
1921,100
322,42
583,633
1300,103
1486,1760
271,103
275,96
830,1092
1897,101
740,84
1320,98
1795,1654
1711,94
1856,1656
1716,1630
1789,32
1681,95
264,94
44,239
692,53
381,106
604,70
715,77
736,54
329,1632
350,32
337,29
356,1807
1493,1666
878,1760
1345,103
478,132
1567,1630
505,42
802,16
768,96
1324,109
610,95
1969,96
1885,1632
563,79
963,31
1581,19
1449,82
1692,58
1200,50
1402,82
542,65
265,59
434,1698
986,87
714,112
1981,20
1836,103
457,233
221,64
1742,73
989,91
1451,16
1681,73
887,138
45,35
1776,73
1443,1630
1191,82
514,42
1798,62
1266,17
328,233
678,1785
1990,108
980,1679
799,95
1188,62
142,28
571,20
260,1797
800,108
1906,80
1484,190
384,41
1161,101
1110,64
940,54
280,106
1884,1797
246,67
1018,24
1244,100
1466,154
1268,98
1929,104
1800,1632
296,106
373,68
178,114
1154,1807
1966,1666
1770,63
1456,43
410,97
1533,51
1176,154
1267,91
807,132
589,1233
812,1668
847,1671
426,97
1391,58
1601,66
922,119
1182,99
619,35
1340,1
827,190
555,85
1377,1639
1950,100
1512,112
686,119
1313,97
1094,16
709,62
1027,89
531,28
1815,16
823,42
327,65
924,53
1960,29
1299,35
1541,1632
1107,84
1289,89
1036,104
279,1663
931,1654
1171,93
1389,1668
1090,23
404,42
379,1660
1429,24
454,110
1911,100
55,1657
1285,1092
829,82
1001,1679
1062,32
529,1698
1449,61
1287,95
539,37
834,1659
144,43
1568,20
1307,56
335,63
1438,104
1867,32
1850,104
365,94
1429,1233
1361,109
1273,131
1604,63
1846,20
1829,100
427,1233
1525,29
1475,1630
1401,39
958,28
645,1785
1795,61
692,104
1980,103
133,1630
1953,67
978,67
888,61
817,71
15,1630
1154,94
1936,20
1514,32
1720,1675
1849,131
547,59
1157,68
644,41
1510,60
1406,1673
1904,1693
838,1785
513,104
1268,70
1177,1
365,1693
1605,65
1055,32
1369,87
845,100
1163,67
1898,108
299,64
1459,66
599,85
1830,87
397,1693
952,1642
535,39
157,1671
1101,132
1396,1630
1361,95
790,83
935,196
423,1630
251,41
1831,1698
490,73
1727,1675
1764,1671
1070,138
1899,1092
1056,1658
1772,96
1758,23
1208,1657
659,111
1124,89
1826,1785
1738,35
869,1672
506,56
1506,1673
350,105
557,111
1697,80
403,1668
826,112
1603,154
1362,94
333,96
1757,103
1893,1639
365,1679
973,80
997,90
1792,1642
1908,100
417,62
1506,90
664,105
6,1668
539,1
1291,132
1822,1760
856,1639
1438,53
1648,1641
1964,101
1909,638
864,1670
648,1671
460,75
1988,99
1015,1677
140,35
639,97
507,32
730,1807
697,80
1948,1663
454,1671
1182,73
905,35
1407,108
52,60
733,109
1455,1678
223,53
449,24
1780,1657
341,26
1505,109
1818,1654
1053,85
1570,97
1260,1663
1900,1092
804,1667
765,1657
1855,64
182,63
368,39
297,109
204,1807
1057,131
413,233
1265,96
1942,58
1268,43
347,109
1213,1654
1436,97
411,1630
892,633
1466,82
162,154
627,82
1287,32
560,41
886,91
705,154
762,93
1696,1657
657,31
1780,61
1267,98
1602,67
936,82
185,84
1023,1666
242,95
497,154
707,59
1516,85
140,66
1730,1673
1381,39
1198,1639
797,86
144,1760
565,42
1833,62
1544,39
1218,1658
871,64
301,98
1005,100
1074,29
1556,83
927,67
1741,105
1390,41
827,1667
456,100
1653,104
1003,1654
695,84
520,82
1754,1233
1825,39
1060,190
1426,42
1100,85
1746,1657
1343,1797
691,56
363,91
1415,93
1881,233
1042,109
127,19
389,20
1015,1760
1495,64
925,98
1357,95
1213,101
1239,95
1738,1642
1176,79
990,1693
521,190
1577,19
1617,132
621,1675
1465,119
824,105
1430,89
899,633
1273,36
1016,59
726,80
391,103
562,1233
217,64
1397,1663
625,67
793,53
8,37
651,1639
1222,1092
1559,101
1171,50
1090,62
1418,633
769,93
347,73
1288,69
1308,24
685,1675
1740,59
960,37
1113,97
117,106
329,90
664,83
403,41
1662,85
653,79
12,89
603,70
545,65
1061,35
1048,104
865,90
524,83
1701,19
585,1233
455,43
220,58
1933,64
581,31
1319,1679
1464,71
1971,1678
1417,119
1879,131
261,633
853,101
1902,96
411,62
1378,1658
1896,89
499,1663
1457,105
304,1663
544,84
323,65
858,1660
326,62
533,62
516,26
1444,638
1651,638
1106,35
1589,1632
1056,110
1885,1663
856,196
953,20
1985,39
150,106
1020,68
1082,59
1357,67
1051,82
1708,42
180,50
1273,87
666,111
1735,1641
187,64
1940,53
1634,104
1597,84
1191,77
921,91
1073,1654
277,63
1664,63
635,69
428,61
391,75
320,1630
696,63
18,87
1302,35
1380,233
1625,1668
46,1657
604,85
839,68
1107,54
367,41
531,1672
1616,70
933,16
1716,97
6,64
942,1676
856,35
444,1807
1706,91
383,62
746,638
1723,110
124,16
772,1668
935,82
1770,79
1199,107
714,99
1803,103
406,1657
281,100
1867,1630
1590,109
814,62
123,89
837,103
1047,20
1875,1679
1802,85
1749,1630
996,1654
1733,1659
615,54
1441,43
1333,109
1646,1672
160,60
931,79
1798,41
716,33
807,1760
844,110
1215,73
1608,1665
911,1670
1687,85
1924,633
1300,1639
1182,1785
404,68
225,1675
78,23
685,85
283,87
502,89
1335,63
402,1679
1033,67
718,39
148,65
495,106
1794,1760
1133,82
1315,51
1372,32
1615,100
434,104
803,1693
175,1092
1411,1678
1415,20
1403,1632
279,112
1059,54
1740,77
1458,1679
285,105
1355,41
802,53
1598,119
1102,1676
1460,1672
1496,65
1884,58
1562,1676
1428,80
182,1666
1753,31
1310,20
1475,87
1499,77
1743,1660
180,103
476,96
1071,51
480,99
713,91
1101,98
1212,107
370,1668
116,62
1370,69
1019,17
1498,62
783,82
1319,60
312,1675
1346,1092
1383,35
1477,42
671,103
1183,1639
365,1658
21,94
1128,190
1553,131
1336,43
826,111
1011,41
1129,1678
1737,79
937,1693
3,51
1257,1092
1419,79
1955,17
1629,90
1766,93
238,69
721,29
740,1807
208,104
852,43
1719,73
1442,23
1610,1807
691,239
1425,53
532,19
1007,1673
201,95
1746,41
292,98
623,82
1550,119
976,109
1749,108
1352,1678
908,84
281,64
894,132
1062,1676
749,233
254,39
1584,50
1522,43
1175,103
1309,1233
1950,65
1571,1698
1809,233
120,71
1612,1632
1903,99
1963,103
273,104
879,1656
1586,108
1825,26
7,77
1065,1693
1500,66
148,101
1473,96
722,190
1589,82
1572,62
766,1807
752,31
1451,1797
454,75
1197,1667
441,70
1750,79
116,1630
427,119
1533,119
159,1698
1615,233
346,77
771,36
806,1679
573,112
792,95
1217,20
410,84
300,1678
358,1642
1564,54
271,63
1985,239
1182,63
810,1659
1391,1797
858,83
490,41
1853,16
1548,1672
1956,1807
1689,1676
231,1092
790,1673
933,1658
1131,89
617,1657
1700,1760
1019,61
790,1656
476,1630
613,1639
671,91
1596,84
1484,112
492,106
1033,24
739,59
1127,66
668,101
247,1630
266,75
1372,107
1446,60
236,103
1799,1656
1710,71
577,37
1896,1658
1858,1233
880,82
613,1092
1987,633
1452,1678
1116,23
895,154
272,60
1139,95
437,1679
1568,79
406,154
500,33
1793,68
784,54
1961,112
661,1680
510,94
1157,1659
1437,101
979,53
486,39
1779,28
431,1698
1005,99
952,17
1190,1639
1012,43
1202,39
941,17
1664,70
373,1663
102,23
692,83
1542,91
1022,68
1235,85
1181,17
1221,106
135,111
283,110
449,154
283,31
175,37
485,119
676,1630
661,84
519,26
647,97
258,1663
279,75
994,105
1497,70
1600,1639
1282,1642
417,104
552,1671
3,29
