1376,1654
1173,90
1321,33
1107,1670
1800,66
940,633
1491,1659
1167,1660
1990,1785
470,70
1089,1642
1485,105
1838,1641
1927,86
1546,1667
1213,100
1532,196
1557,53
785,1639
5,84
794,69
388,108
1809,54
1828,1656
816,1785
837,33
948,36
733,112
1369,1656
1610,1670
1923,75
625,66
823,99
492,63
1053,56
1695,1657
850,63
1950,1092
317,36
472,51
1731,1657
127,1673
1966,94
937,239
1928,1676
407,23
1043,111
394,56
1778,112
990,100
1605,119
1879,1656
777,633
279,89
1868,65
1180,67
1241,91
319,119
563,67
1234,1630
970,67
1234,138
1609,1658
690,66
1391,32
440,35
1645,1639
757,42
979,96
1757,1657
1580,104
1560,1641
770,93
1930,75
476,62
673,1680
1957,1676
1593,1657
247,23
1684,190
819,1698
860,1760
153,1698
1571,1658
978,107
45,64
355,110
227,1807
1002,101
985,43
1724,68
1410,28
700,1680
401,106
1051,1656
1566,73
1378,1672
115,132
257,80
592,131
290,24
1524,17
1135,633
1281,154
1144,36
156,1632
185,16
759,1680
630,24
1918,67
1331,39
728,16
1206,79
714,239
1581,17
1341,66
939,24
1901,138
1919,1663
834,1668
493,67
1179,24
1897,85
152,1659
1860,111
831,111
979,110
1350,35
1685,132
379,36
1580,94
1608,111
1094,36
1745,42
1501,62
1926,1
1802,51
1181,86
1126,1785
818,1670
1002,87
506,16
642,132
716,131
329,1671
1128,67
1093,101
245,1665
1835,86
974,64
1788,110
1184,196
465,80
1616,71
1640,77
296,108
277,1665
1326,1668
282,131
1682,1658
30,1233
401,633
400,58
309,16
243,1642
774,58
1773,32
1888,32
1568,24
1402,98
797,108
46,58
342,75
1712,77
199,1666
315,23
1421,109
1024,79
1515,94
737,50
1691,1671
1822,17
1661,23
449,32
1098,93
1623,95
188,1675
1644,64
499,80
1724,104
492,17
404,69
956,1658
1060,96
273,28
688,87
526,1
1562,17
1503,99
1251,26
685,1760
209,69
926,96
1028,82
1161,1667
1123,84
40,95
1771,1632
613,20
1420,638
1938,105
772,1675
1302,638
398,1660
275,31
757,111
22,66
1806,16
1540,68
586,89
366,1659
1640,1630
439,111
993,73
960,1642
1829,98
466,75
15,86
1047,37
455,111
1232,111
1505,71
1178,39
331,50
1945,1233
253,83
496,66
22,1678
424,1673
866,1632
27,138
25,154
1081,239
821,1670
343,70
1339,73
201,1657
4,138
27,59
266,39
1962,51
125,138
994,35
1808,239
1720,1
1905,59
987,64
1031,53
1766,82
721,28
152,1671
1436,1675
422,1675
1476,132
1095,24
161,37
1946,638
401,1676
1290,64
1128,1659
393,154
1759,70
632,1797
1387,119
177,54
982,39
13,1672
895,1656
700,1658
224,119
1236,112
666,82
331,1671
498,1642
612,32
649,58
1151,103
1002,42
1560,60
1141,61
953,1676
388,1677
521,112
760,24
445,56
1495,1658
1791,1667
1288,1092
1467,29
844,1672
1235,41
4,233
1754,97
1831,39
286,29
1582,1
1250,1654
816,56
1369,54
1811,75
229,93
872,1658
1650,97
1357,1667
1314,138
691,79
1499,138
231,190
1689,110
487,16
231,1642
493,233
1854,1092
1455,17
1388,20
1537,1654
1516,97
1485,68
643,97
1857,1233
404,1693
1917,65
689,1657
892,64
1299,1642
1819,99
1361,79
1604,29
1843,105
781,1656
1019,79
1394,17
1165,190
598,1
466,190
217,106
514,16
1377,56
554,107
381,1693
1523,1660
149,59
1805,110
1953,109
1188,112
1299,79
1697,96
158,58
363,1092
622,1663
577,36
1777,131
1548,54
701,91
263,1632
1077,1658
856,28
452,1797
657,29
802,104
1891,20
1072,86
1110,1668
1606,1657
1351,1642
929,107
714,41
1102,86
1840,75
1631,111
1263,65
506,1663
433,95
755,1666
1544,41
741,1659
1453,1641
1917,196
1842,1672
945,196
859,1760
642,60
1930,39
649,86
1205,105
527,29
786,233
1876,1672
257,75
550,1658
482,80
881,190
1398,1673
1292,132
564,1641
1353,1630
337,54
583,107
647,96
1312,79
1700,104
944,233
579,1642
1409,17
1156,80
148,1693
405,1680
171,56
1972,1092
1480,154
232,58
235,39
1602,83
1662,41
1491,1658
542,104
1702,94
1863,1668
143,39
1506,239
312,97
369,80
596,91
1421,86
229,1630
582,82
1763,1785
1853,51
969,111
271,131
754,69
1202,71
1722,1672
905,93
708,1676
656,111
1634,66
911,83
1005,84
1447,61
184,138
261,1630
1384,99
907,190
944,1668
1063,109
877,26
625,65
440,1679
1285,51
1395,1807
793,59
1531,101
543,99
858,1785
72,68
682,1663
950,99
1504,65
843,103
1218,105
1575,103
964,91
324,1680
88,68
215,67
767,1676
1412,89
1144,23
1861,28
340,90
1086,131
845,89
117,104
218,71
1432,43
1589,1677
1017,43
446,79
393,65
1631,50
140,96
1061,1676
1618,37
1374,41
915,196
1910,1797
1411,33
1927,71
387,1663
871,17
1024,100
1618,1672
1283,1233
905,79
1405,1630
942,196
768,1677
1235,131
227,90
1477,66
156,70
1282,80
572,1630
1837,1656
1771,98
903,56
317,53
968,61
307,67
465,101
1248,84
128,83
237,1679
511,112
1505,1233
1009,1632
863,239
792,1678
501,42
1740,1233
212,51
1905,108
1298,82
681,108
845,75
1796,100
1638,67
934,1667
1452,196
1772,1233
1256,1639
938,1658
1331,87
1789,94
1529,82
1115,51
656,60
1461,35
1061,1807
915,67
1306,138
1344,73
1530,1680
1491,138
1094,37
689,132
155,1760
160,32
531,19
1505,58
1876,31
133,1639
1484,1671
1424,64
283,91
1026,63
382,1693
1342,43
1971,1807
1271,67
122,1668
1386,1
943,100
819,42
1558,65
215,103
1049,119
491,109
212,65
1770,58
1645,84
157,1807
546,58
1189,190
1653,1657
127,39
1129,67
648,1760
1169,66
968,1693
428,1807
797,28
545,99
782,1668
1571,1672
779,1678
712,1659
657,1680
1563,60
220,24
578,28
1156,1233
749,37
1104,60
570,1630
1049,1659
647,138
1531,31
1562,239
1356,98
1389,1665
826,91
255,1671
1197,56
1569,119
947,111
326,24
571,1797
366,131
330,87
1915,98
377,16
1153,35
413,82
748,1
1173,32
1545,79
1230,51
1523,39
613,19
960,17
1267,42
1307,61
1287,233
1860,61
1327,54
389,106
1313,1676
1499,79
586,70
629,36
1054,31
1025,1639
1908,1668
1226,54
1544,239
555,68
1950,85
901,80
1185,77
7,1639
819,1679
1022,60
270,1
471,1658
635,99
1650,138
1353,26
357,131
240,233
1568,633
1161,53
772,82
1312,1675
1080,67
414,101
1813,1675
625,154
1006,1641
367,79
1509,638
226,39
908,1807
1038,111
906,20
1441,1639
1533,99
1757,131
1462,33
878,1660
386,70
1649,61
781,79
1334,239
664,1785
1964,114
1736,17
426,64
669,132
747,70
1282,1233
493,24
241,71
1165,58
1239,23
837,89
1027,41
1390,1807
1583,100
1269,70
1822,114
1037,64
1311,1693
415,132
4,91
1915,1671
924,20
393,638
1832,39
766,83
1464,1
934,1807
1450,60
421,62
1070,1233
282,1658
711,77
950,37
1767,62
1588,233
577,41
540,91
523,53
871,1675
873,56
1745,1678
253,1658
1317,1667
1925,190
55,1630
920,103
1551,20
1062,67
768,43
1309,1668
278,106
439,1656
1827,1807
363,1642
1414,65
700,119
828,60
1260,95
174,154
764,20
383,1630
1219,56
1128,1785
1611,196
376,82
1279,82
509,138
1930,50
737,111
810,111
223,54
442,69
244,73
1739,1678
1597,154
1748,26
769,1656
482,95
174,633
1539,1
1342,16
1470,37
350,94
1238,65
391,1672
1773,1632
964,96
1586,239
1365,66
1737,105
580,16
1835,1658
1123,16
862,68
1456,103
1371,1656
1526,110
1257,93
204,1663
1934,1
781,1671
1759,20
130,39
115,1673
669,104
1976,1660
1574,107
673,109
170,33
315,94
905,82
1984,32
1360,112
1451,75
153,24
1974,1679
1923,95
1207,1678
290,131
1470,68
578,68
796,51
139,1670
200,108
1821,63
1966,82
1643,67
78,77
705,79
354,23
853,63
428,132
1703,63
158,37
362,1658
852,1660
236,87
511,95
1626,56
1609,64
1860,1642
560,75
279,69
1920,1679
1153,1678
1106,58
960,42
1405,110
173,1641
962,1656
360,112
1986,1639
1837,65
936,67
385,633
1170,196
856,154
268,56
1470,1785
797,37
1260,67
1048,29
188,1660
501,1673
1873,23
438,106
331,108
402,190
519,1641
1755,23
1610,1668
1283,1654
988,60
1231,96
1927,1671
1968,1672
853,80
1283,1671
1764,94
1727,42
1252,1630
954,111
49,1671
1151,1668
155,56
323,84
713,1654
344,239
1858,54
1345,105
684,75
1436,64
1493,17
1476,63
420,19
1715,1658
1390,1658
640,80
548,633
660,19
1214,1630
1984,1641
1948,90
606,37
1055,1630
282,79
393,64
997,1092
359,111
1735,19
402,33
294,19
723,105
265,1665
264,66
1350,70
1758,67
74,633
978,105
1011,1654
1792,233
672,190
1427,62
1306,1679
606,1807
1973,87
981,29
1443,94
1080,154
654,109
1586,50
1626,109
544,87
1223,233
729,93
1211,91
1272,1671
1375,50
822,56
1594,638
1726,19
1375,67
901,1630
1867,1233
1719,16
1331,41
1458,1657
1576,1656
1318,1675
824,1233
859,82
855,17
1449,86
1432,58
440,68
1179,109
1331,86
121,239
1850,80
1189,28
898,103
350,1632
336,132
1152,56
1940,65
965,77
657,638
915,66
1074,95
686,105
1015,77
338,43
745,1657
1041,1092
1943,69
1088,79
853,131
1370,31
1852,1
1781,101
732,110
865,1639
1813,1797
1214,132
1730,1807
729,62
1600,89
626,1678
475,108
628,94
1895,50
1692,1641
1090,1
3,1663
501,138
1767,1672
1821,1658
1468,1670
1379,37
1197,86
1605,105
249,82
1389,132
1816,1680
1102,1665
40,83
1200,85
595,1667
1645,83
653,31
1388,60
450,196
1239,1656
1763,24
721,71
1739,99
1867,54
1978,31
1961,61
1635,82
1428,60
493,51
764,1670
1742,95
416,58
911,23
1269,97
719,64
830,93
616,73
102,66
49,86
509,68
951,109
992,98
166,69
150,1630
1644,66
402,1659
536,1679
1450,89
78,26
776,104
618,119
1973,1233
290,58
311,638
357,1670
464,233
173,1679
601,70
913,66
1609,24
373,82
963,110
1462,84
876,79
1894,107
1738,633
599,67
1276,1666
1702,20
1156,1676
395,1659
384,1630
1071,79
900,638
1550,104
1732,1693
169,1676
653,98
1392,132
1544,1
623,190
201,35
436,20
1253,83
1776,26
948,111
1283,68
1088,60
1436,638
1133,1678
1081,19
1706,1676
310,105
1751,26
442,17
869,1666
88,1673
1697,90
668,28
1882,86
250,63
303,43
1875,109
705,1
1426,99
712,77
740,1233
800,1670
1888,95
1578,1693
1247,94
1857,190
1357,1632
1381,190
1113,94
1496,82
232,97
965,1671
325,82
1964,1797
447,1657
686,1673
711,1698
569,23
1030,132
989,28
458,638
462,132
979,26
194,84
1886,93
1689,1671
1320,62
715,1678
1930,1
1967,132
1826,110
581,67
321,95
284,69
1191,96
1145,56
1969,638
1188,1680
1040,60
1870,1632
1335,239
475,41
403,1672
471,29
260,1658
1625,1632
1904,1679
815,82
856,97
1207,70
491,70
1947,1693
809,109
441,75
1555,80
1114,1760
210,1656
987,80
1983,1654
630,70
618,1654
1111,1639
929,95
1502,26
1251,1676
57,132
1362,633
1274,93
1735,56
600,132
197,26
1088,233
575,95
314,1676
818,1642
49,19
1084,93
1437,1
1427,23
1927,1698
992,28
1198,60
1181,28
850,86
921,16
1366,24
631,69
1336,91
1728,71
739,60
78,64
408,108
1721,104
1460,196
1001,83
471,19
1552,36
576,1657
1072,1630
102,1663
984,36
1780,138
1634,1760
913,24
1466,94
1836,1680
1588,111
800,1698
376,638
1247,1670
377,61
447,107
1170,64
1581,56
788,53
1985,77
1894,1
1952,114
204,1656
719,1665
228,26
1699,53
1813,37
507,69
986,106
330,1632
808,16
275,75
1495,63
372,1667
673,108
1535,68
348,104
1451,61
1294,1667
301,94
1100,1654
1269,89
1488,70
1822,111
116,99
723,61
1330,239
1224,1654
1370,54
753,24
1637,84
199,62
592,154
1252,54
4,56
1161,66
1824,1656
1035,1641
1808,29
1794,64
1871,82
1194,26
1759,1666
829,37
812,35
1351,96
377,94
1062,29
1247,19
1691,633
202,83
1622,37
701,107
157,99
1746,107
1123,110
1144,233
593,37
1824,91
1894,51
1905,1660
191,132
157,20
1003,28
1907,132
1964,69
1032,190
882,61
576,106
1199,50
1684,196
1152,93
582,80
513,1663
416,1
1034,17
1525,32
1471,36
993,119
1279,1797
1387,67
528,28
527,1672
1104,1785
1859,71
1306,39
891,23
1684,26
1980,43
1087,1673
597,233
561,53
1084,1659
1391,1641
1724,32
1892,20
1727,85
1285,66
1431,1656
903,85
1744,35
840,75
550,96
38,1632
825,1639
425,1675
1733,79
1294,35
1298,94
1784,233
255,75
498,66
1224,32
1958,85
1445,110
1176,131
1891,50
1050,638
993,1675
1169,100
1246,90
1461,1658
697,17
238,1797
12,1665
999,94
1280,16
693,69
1165,65
1573,68
524,79
1689,1663
1723,1807
1005,68
454,1632
1714,154
1148,20
142,23
1930,1660
1346,51
760,82
1168,73
1919,36
543,83
1171,68
1835,93
534,1668
1586,51
1093,1
1018,19
1885,101
1375,61
533,58
679,1760
1234,89
933,106
829,73
1419,41
566,50
295,104
1090,1092
336,103
1206,66
1003,107
1338,58
721,84
1756,20
265,62
1482,23
1026,1797
552,80
493,64
170,101
486,97
639,37
1580,89
1283,107
898,23
1947,16
1273,91
1108,28
891,66
1424,51
159,42
1943,68
275,1663
274,86
55,69
314,65
1327,1657
351,68
598,79
986,1663
732,111
1484,36
1342,94
293,91
685,95
367,1680
1906,77
1100,20
1082,1659
1503,233
611,33
1808,119
226,1
1223,1092
1113,1659
1001,43
933,28
1053,1233
151,51
6,68
1975,106
819,93
1409,77
1338,93
127,80
1432,154
1965,80
738,23
1770,56
1841,66
1897,1630
634,100
542,37
1719,97
1149,1785
1888,35
1003,89
144,50
845,1760
623,58
1506,16
842,1797
1571,54
1881,68
1739,98
1850,99
985,1639
616,59
889,131
197,196
1283,89
473,62
898,233
1893,16
819,1667
126,69
1469,633
695,1670
1590,131
1349,105
263,110
496,87
1457,56
1599,32
1194,67
1467,99
1033,71
937,58
1325,1
367,59
1935,98
1781,1660
819,58
566,111
397,112
1106,112
546,1807
627,28
795,1678
370,79
1016,1679
1193,43
1567,35
1550,105
613,98
378,1665
365,89
2,53
493,36
202,1654
241,36
1074,64
1883,20
1209,69
142,82
456,95
598,107
928,67
1778,1665
1046,85
1727,28
1346,105
44,77
1882,87
1576,32
1773,1658
1482,633
1021,107
789,101
354,1666
1113,131
337,110
815,79
984,73
1323,1630
1126,97
1844,62
1001,1660
1629,86
1545,1675
140,196
1908,19
1985,96
1585,16
1898,105
1823,42
1780,85
680,96
1625,58
318,112
543,633
322,111
821,1233
1853,26
664,1642
10,1680
911,106
398,91
1175,99
1692,1807
1216,112
291,63
1554,1660
208,1679
479,84
653,1673
1721,131
581,66
1903,111
284,70
568,73
175,1659
1377,35
716,65
864,90
331,37
1624,28
742,1667
1963,91
898,1657
1674,154
479,1630
846,1693
1238,53
1001,96
1534,90
1265,105
1578,1642
1925,43
367,95
1569,17
134,84
323,29
1426,82
1874,190
1287,41
667,90
1592,93
1113,62
484,104
217,1797
1035,33
1402,36
1950,1680
409,239
1561,41
396,35
1139,85
1927,110
1788,638
22,109
1146,33
818,196
908,70
1391,107
1118,1233
1910,39
1624,1760
1833,64
362,107
626,98
166,1
1012,33
1553,65
1333,95
554,86
1555,1660
176,106
1221,1680
1228,26
1600,19
1583,1760
55,1672
777,1642
115,79
1346,77
1550,1665
334,239
1687,1670
1944,1632
1416,99
1683,39
1132,1639
876,19
215,41
628,1642
1926,633
271,1693
578,1785
1497,233
1203,1630
822,1630
430,54
755,1641
1928,109
832,24
1257,67
1075,196
763,1670
1571,97
856,1658
1546,1693
1417,1657
1260,79
1000,67
1833,33
697,101
790,112
1732,91
847,65
900,1658
840,1659
1431,1671
719,59
277,20
1477,107
1741,100
57,1658
1188,97
824,1642
766,77
1464,31
1786,1656
970,638
1896,98
520,1675
1096,1642
1080,111
374,80
1062,131
1562,37
269,28
710,1666
1710,85
1564,1659
1325,73
1811,104
306,99
1796,1670
1301,32
313,51
1456,23
1551,106
946,83
909,93
1581,41
238,119
1948,70
1430,1663
1628,68
463,56
1264,41
507,82
325,39
910,1657
369,85
157,1656
708,1656
1152,94
1061,60
1004,1641
214,95
1216,59
1125,95
426,1675
1048,1641
1174,87
38,107
740,1679
482,97
1973,67
1295,107
715,85
1090,59
648,26
1754,82
1534,96
620,1658
550,97
1871,35
1819,1676
236,71
684,69
1552,1
266,1678
1683,67
448,95
1479,28
549,87
896,93
202,66
1343,1671
1720,60
686,638
249,37
1392,29
640,82
1119,90
790,1092
1857,101
1379,233
663,32
646,24
885,112
1260,28
1466,1657
359,105
1122,93
776,1665
1497,1657
1921,239
1044,106
1742,65
662,107
733,1785
1471,85
1788,1657
141,1666
1691,24
1212,61
1782,91
1360,94
1306,54
1587,91
716,58
1892,1679
1974,1641
1150,1663
1410,24
995,66
1400,1672
874,1675
205,1676
1464,59
877,154
1490,93
1626,107
705,41
1370,1671
229,1
1650,85
601,104
1497,53
1154,132
215,82
1393,196
1376,28
1177,93
1234,86
611,131
333,35
1648,638
837,1785
1486,64
540,1632
1526,43
1181,1668
563,85
1780,108
292,69
1808,1667
828,119
1016,633
1176,1
1253,61
1108,1658
1890,104
76,1676
787,17
382,87
1661,1
1094,24
248,87
234,86
642,17
881,111
1984,28
1624,51
282,1760
1840,1659
867,61
742,17
1902,119
1539,91
800,98
1320,1657
1710,16
1804,109
1643,31
429,1797
1976,100
1367,1641
269,50
1272,107
560,103
1720,105
1847,62
1975,101
1355,62
549,75
827,1807
1912,59
1783,86
1609,1673
1647,1693
855,33
1796,85
1371,1698
642,1658
1568,28
588,1672
761,94
690,98
393,98
1136,62
710,97
639,69
1300,1
1517,1797
1069,1680
1430,1668
1047,1678
781,1630
301,20
1374,1639
1175,94
915,82
1893,31
626,77
1950,110
1002,50
988,97
1802,33
682,90
992,100
149,17
1623,91
1798,1673
766,58
588,96
1856,84
199,1
1399,104
1775,1675
1956,87
1171,99
179,109
1599,35
1485,1663
1768,101
1128,196
1527,196
1754,56
444,95
340,24
397,111
875,1673
1144,68
371,1666
499,633
1662,138
1918,16
1419,84
815,41
1759,190
1945,60
1230,54
309,110
121,24
1638,98
811,53
1133,1642
1631,1
503,89
366,1663
509,1630
1458,17
1080,1807
194,64
1445,1679
251,17
1724,1678
642,66
1305,1666
960,1693
1587,20
1404,50
1792,86
891,97
1120,633
504,1656
1114,75
482,1666
803,58
1413,67
460,1679
1643,106
1148,190
662,1678
826,104
644,23
680,1630
735,86
1524,71
1770,1665
1972,69
836,65
1885,90
1633,33
712,79
513,98
516,233
1106,99
920,28
1844,63
1902,1671
691,69
620,37
1723,16
1281,101
346,68
74,65
829,239
901,1698
276,1233
729,1233
1250,95
864,1678
1863,19
724,106
929,60
426,1698
1128,1678
518,1092
868,39
851,105
1535,51
440,1658
777,1693
1508,23
1282,100
1373,37
877,64
605,91
827,65
1845,33
870,97
1261,1092
452,154
972,1663
703,1785
465,17
692,154
1265,104
1248,31
677,91
417,71
1801,101
520,154
1308,83
1456,108
444,1092
987,1678
674,41
198,1693
1958,61
987,82
1851,85
788,33
1210,87
1928,96
278,105
1257,80
1388,16
1762,1797
1392,83
825,28
1505,1666
1199,24
1611,104
1739,63
582,106
639,111
1391,106
552,41
551,83
170,58
1071,1092
1537,64
1886,77
1064,132
1316,1671
398,42
294,75
153,19
1921,1678
1311,1676
643,1680
438,60
1091,132
411,90
1798,1639
622,1680
964,1672
1600,20
200,97
1231,62
1215,239
152,196
757,1667
27,106
559,1639
1137,87
769,75
1412,97
1986,26
1090,71
1254,68
577,56
1609,91
1701,1675
1106,71
869,59
610,19
242,89
260,1672
481,109
542,98
179,1656
1887,108
842,110
1927,95
716,1675
509,1667
1968,20
1607,93
1112,64
1176,71
741,1639
575,79
409,26
1905,1698
1441,101
341,69
640,1642
514,79
1751,89
259,1656
1437,17
1420,111
1313,35
1991,1760
706,29
1573,63
14,68
1138,56
737,239
1319,1654
695,82
1727,33
1620,109
557,77
1439,51
290,96
1009,1656
400,1658
1271,26
1572,95
279,70
137,1657
837,638
1615,91
578,638
1352,73
1541,79
589,94
540,1676
242,75
1699,37
247,1092
140,110
267,638
1964,71
237,196
369,84
646,190
1186,67
780,94
305,58
1263,83
268,138
180,36
237,85
1735,1667
1950,1
264,87
1574,1693
1920,84
538,75
277,37
596,1641
763,98
1774,1698
500,1092
158,1670
1138,42
1306,84
1771,104
1060,91
857,26
736,63
309,1675
219,1797
1011,119
1011,1675
1440,23
903,87
485,100
219,24
990,105
386,1665
1972,61
1294,33
942,1658
212,41
973,96
314,633
539,64
1056,86
171,42
869,95
797,1672
1337,1797
530,1797
1263,131
757,132
1526,73
1571,28
1662,95
1458,233
1753,59
46,35
908,138
1028,1663
1900,1642
1388,106
1636,638
1185,1693
922,26
1150,1666
468,638
1850,60
1742,70
416,17
1397,69
1823,633
1184,638
646,1233
1259,108
264,69
1279,97
1005,66
609,87
136,31
1205,73
1134,97
1283,1641
632,31
835,1666
430,638
250,1760
789,61
1292,1656
387,63
957,1
266,26
819,32
601,111
1875,53
1180,63
646,1671
1956,1672
1116,87
1706,83
1462,79
1854,43
788,106
40,104
316,1665
1588,83
406,107
798,71
1612,105
252,69
1886,1676
1927,32
1810,68
1664,1676
311,1807
1826,196
922,108
355,1807
673,24
624,1680
768,1760
538,60
1254,1630
1202,103
153,90
615,62
992,87
920,1672
818,1667
924,62
1370,26
1299,26
863,1807
536,1668
665,32
1073,1785
1952,1642
354,89
726,1675
1221,59
800,99
307,1665
1774,67
472,20
183,1668
382,1665
516,103
1057,1657
757,1659
708,17
962,1675
1813,638
694,68
1008,85
1159,138
1456,83
1055,53
1493,50
229,131
744,1785
1480,89
660,67
205,154
498,100
635,1671
356,26
546,54
127,35
1214,1657
721,68
1418,98
1770,73
1628,63
1169,70
1221,1797
1850,97
1304,69
365,101
1455,1660
780,112
504,97
1409,1632
948,100
1724,1785
235,633
1522,1
1344,91
281,31
1353,131
527,32
753,85
334,20
1276,103
981,77
1121,24
1857,1676
1606,1
1093,82
1403,108
1720,1668
1600,1670
1744,96
752,154
695,154
826,103
954,16
1395,1642
1700,93
601,75
1761,89
1872,196
511,16
1507,107
847,1660
1419,87
1513,112
1955,105
198,90
165,1693
1581,1675
792,73
1756,75
946,24
808,73
3,233
1550,111
1061,98
140,54
968,1679
365,87
794,23
1025,1659
962,43
636,54
398,79
1930,26
1380,1665
331,1676
1573,104
1594,239
1845,1657
469,58
1377,23
1523,1639
1503,190
536,1760
273,112
1107,107
1714,1
1502,633
1346,103
934,111
928,1760
672,90
263,239
250,58
485,43
122,1
608,50
1524,64
1416,73
1403,1671
1627,1639
1808,85
652,1693
47,51
1908,1092
1197,1675
1375,1
1144,83
920,29
850,1676
1184,84
617,53
708,132
1948,110
1713,89
387,1693
1591,24
714,62
788,131
1638,29
399,98
163,1632
497,64
225,91
1906,1673
419,103
612,94
1789,112
1111,100
780,20
713,79
290,638
662,16
972,70
498,1639
260,90
49,119
988,70
438,35
296,1698
759,63
300,64
1866,103
1801,138
1838,1
1697,105
1290,1665
1922,36
148,99
1569,23
1254,75
1552,41
1808,67
1014,26
341,638
417,70
148,1670
1007,41
1251,61
668,1639
263,1641
322,1641
593,62
666,1666
761,154
1368,1666
335,1671
215,1665
946,60
1729,75
515,17
1988,106
1682,67
1186,60
651,1797
1481,1654
770,97
698,1666
865,37
170,59
163,24
1434,59
1013,1632
442,65
1812,62
230,32
1098,108
1869,59
860,111
1174,73
1232,64
121,1673
1296,71
660,1666
78,71
226,84
1882,41
651,29
158,63
145,26
38,1659
1254,69
258,1639
1622,1667
1422,63
251,1656
1123,20
1898,56
886,82
1719,58
1792,1663
1706,29
322,1659
842,28
272,50
1159,99
518,105
741,112
211,71
1003,35
1486,1676
1782,1639
336,1658
1162,84
704,68
1934,1632
1635,111
969,96
857,1680
203,1092
510,64
842,1092
1920,71
528,33
455,60
844,93
116,110
153,28
692,89
588,90
1983,37
172,95
1048,1676
307,106
1986,1092
1569,66
645,1092
461,119
947,58
1747,101
424,93
647,95
745,69
1537,1675
765,26
1156,93
420,233
719,633
1952,20
630,54
1223,39
1107,1676
953,1
1435,63
1830,100
694,1666
1100,1665
369,75
1550,39
1146,67
756,1675
504,56
1601,29
4,1693
1150,1760
1944,91
1047,104
810,79
906,1658
472,138
199,41
2,1639
1178,24
972,239
547,107
1959,50
1026,84
431,42
1107,35
293,53
1909,1797
540,26
1497,41
1261,64
1373,1670
417,131
1073,32
1493,29
390,190
306,19
747,1659
1598,80
864,1641
862,36
1969,110
1576,1678
835,66
1015,1630
838,61
640,84
329,67
1713,97
280,1679
522,24
1442,89
1136,20
503,1677
1411,36
218,1807
1934,1660
1367,17
1522,26
1253,154
278,1672
1401,1
1715,99
1279,96
1269,58
442,119
1114,99
135,56
726,101
998,96
1825,107
1610,41
615,233
672,33
1283,1785
605,1639
1322,39
1640,54
1201,20
246,73
122,75
1023,1663
330,60
828,1663
819,80
1140,94
1874,132
660,190
573,65
902,23
481,41
467,106
1520,82
1489,1807
399,59
280,1693
1842,1657
1169,75
144,1698
1391,60
515,105
1399,1659
1054,36
1556,1092
318,56
1870,138
1900,83
284,111
1226,110
768,1680
234,84
1577,112
1940,60
18,63
1302,75
1322,1693
1487,69
1128,58
1181,80
888,41
1224,1667
1647,77
445,28
1542,43
14,51
1356,26
517,1676
865,1659
537,108
561,86
1097,100
1517,41
1467,86
1838,75
698,1807
1382,71
280,114
210,633
1147,84
1861,106
209,1760
947,100
158,119
1962,89
1690,66
1911,110
1288,104
614,1656
1326,1678
618,1693
1445,190
363,42
680,1666
477,62
598,1680
980,75
620,82
512,75
346,17
1341,110
1377,1693
832,66
1253,1672
137,26
821,96
895,41
1870,101
1763,109
1947,114
679,70
790,79
439,23
1182,107
281,109
443,80
948,101
787,33
1893,29
826,633
1125,99
1926,1678
905,110
1000,1666
1532,107
501,1659
448,633
449,58
1302,69
435,1679
1842,70
903,138
1427,94
1734,75
816,131
529,1656
1504,112
220,1665
1927,1642
520,17
775,93
1841,1659
562,1642
875,1675
1379,87
1986,85
973,1680
320,70
1548,233
1321,1670
1695,106
1069,138
117,89
1645,65
1149,1672
1099,37
124,61
1780,66
1250,75
1068,70
329,105
1196,19
1564,41
1753,96
1327,61
261,26
1314,66
1954,1679
486,1807
1171,1675
809,1676
490,60
555,42
259,633
1829,108
823,131
698,1630
1009,67
186,196
534,82
1806,1678
206,131
1508,99
210,62
1906,1654
1010,1667
953,1668
203,101
921,56
774,1642
578,107
463,1665
139,87
1906,29
471,154
608,68
1709,638
182,43
1255,98
1553,132
278,638
1791,60
601,43
1043,60
344,60
1086,98
828,1698
1945,99
677,87
1007,26
1254,41
1774,190
198,85
346,66
532,1671
1898,84
1181,1656
615,1654
1374,91
309,239
1753,114
1499,80
1463,1667
493,19
996,1666
901,60
541,69
871,84
1024,33
251,33
163,109
1819,24
1257,1673
1471,111
1960,82
927,1667
881,59
682,60
1145,60
707,1667
1704,87
857,50
1505,196
1916,84
403,1676
1510,87
44,62
1829,1659
250,77
658,84
1862,1639
1895,64
1776,638
1904,1667
1701,1671
691,36
172,154
467,196
1140,103
1109,70
222,1092
1097,1670
1405,69
1480,100
529,82
1958,51
863,1671
791,54
1588,20
406,16
463,33
670,75
1405,54
1189,79
359,80
821,37
1142,33
1840,83
868,64
389,73
1042,1677
1793,67
525,119
1332,633
501,1807
639,105
1836,39
1091,104
686,58
982,75
1535,35
1465,99
1782,96
770,17
364,1672
1454,63
723,51
615,65
1390,39
203,1
1491,54
978,31
556,1693
1956,20
1556,196
1906,1
200,99
1231,56
1932,109
1510,65
250,95
1210,1797
1272,54
259,17
815,108
1133,33
652,1666
893,50
1156,104
627,90
828,233
1291,93
1014,132
906,53
1025,41
1153,28
553,70
1158,1807
1469,80
1696,28
645,638
429,131
1025,90
953,103
265,101
1631,85
566,1663
898,61
1162,36
1538,1675
1441,1233
361,1693
1711,50
726,94
747,1233
827,111
333,1092
760,58
8,63
1225,16
1221,1679
1026,67
1543,1680
1194,119
1599,20
1526,1630
49,1672
250,97
1389,24
397,36
827,1657
1268,1
1066,77
1858,33
883,37
698,99
1365,95
279,64
943,41
13,20
983,70
512,1693
1317,1698
1052,31
1716,54
778,106
529,62
1746,103
453,110
280,1666
1877,101
352,1673
1661,1678
959,62
1242,1670
1759,1
1782,1654
700,16
1146,64
1386,1807
194,23
1354,53
15,103
1853,77
720,1807
860,1658
1015,100
709,95
1674,77
932,1092
1664,43
726,104
1496,1660
1171,58
1266,196
394,1676
1946,98
1969,131
1110,61
1493,1671
1022,1639
394,35
286,109
1796,1760
1733,75
1824,1785
134,33
1539,1642
491,20
1769,1233
1251,70
623,1673
1622,75
1953,1632
465,1807
1045,58
453,1676
1129,105
1401,1676
261,51
372,1660
1702,66
1635,61
331,1639
156,190
1742,68
898,1
1727,1658
479,24
923,638
544,1673
1531,1663
1273,62
813,35
334,62
1652,638
753,56
571,17
1202,1641
665,84
1973,82
1721,41
1095,1672
547,24
242,1678
597,104
871,1657
444,1666
508,1807
583,69
1761,51
1616,64
805,91
628,196
920,53
1732,638
1116,1797
687,91
1242,1656
1186,1670
563,41
895,196
1277,66
1591,32
1445,28
218,83
127,63
1985,63
1270,35
1742,39
845,1659
1729,50
1051,42
440,56
594,1641
1388,233
915,73
734,1807
1712,37
1645,633
1776,66
1370,105
1387,35
1758,54
609,103
1236,196
830,39
1804,1654
1933,106
921,35
598,67
1684,58
1281,1657
1617,105
1566,1678
1748,95
313,633
172,50
1353,1693
1579,53
1177,131
348,633
1608,1657
1162,1797
1935,24
1865,110
873,84
947,103
237,1659
373,75
1017,239
448,190
1545,71
1469,39
1589,1658
1201,1673
693,131
1535,1676
1071,68
968,1667
215,1630
1139,28
552,66
503,1680
1286,43
1162,109
703,79
637,1675
844,23
1802,93
1344,93
773,29
1898,1698
260,96
1349,196
1798,33
1460,104
1040,1785
527,83
1781,114
1046,95
1178,79
628,58
371,19
1090,1673
374,108
1167,99
729,19
1562,233
1636,80
1412,154
1403,1675
1184,233
1538,110
963,196
1393,1807
876,53
1636,39
419,1676
751,1657
1091,1642
423,70
618,1676
1955,107
728,68
1458,1671
531,1807
2,239
1357,1641
1473,190
1077,1678
1334,23
1941,53
930,233
571,1785
403,91
1381,24
942,26
446,31
1739,20
1543,54
1836,60
219,1667
1431,82
1162,31
152,1630
975,86
999,108
684,1630
1076,1668
541,1807
794,1665
539,1656
1531,1670
139,86
948,138
961,1
1721,87
1922,80
162,28
1727,105
1565,94
1325,111
994,75
722,196
775,82
134,94
376,1678
268,1680
896,105
606,196
590,119
559,86
1538,19
377,36
289,112
1301,119
628,1665
1766,85
1327,93
1520,109
272,103
256,1660
1765,1641
1052,196
868,83
207,89
1132,26
1573,1676
1759,79
1082,233
532,138
1858,1760
683,110
1508,131
1951,1657
1058,110
652,73
908,35
675,1666
844,59
737,87
402,98
352,51
193,111
267,58
964,1654
1232,84
1839,1641
1087,94
1758,1659
961,98
1737,1659
1171,19
985,100
1285,103
1586,100
811,1760
705,101
561,99
323,112
711,75
1747,75
1278,67
288,1656
1049,39
1007,43
1234,29
627,79
1773,94
48,1678
987,1667
285,69
1210,82
450,132
1247,75
420,70
1167,1632
625,633
808,39
1964,94
151,1659
1988,84
1495,36
1207,638
658,1667
291,64
510,84
993,110
1662,1672
1012,190
1437,107
744,94
1299,1760
790,1665
147,1665
1859,110
1495,1680
1647,23
1963,60
1432,1668
827,80
1876,93
1627,1233
1849,53
1225,101
1704,70
766,71
1743,239
786,1
1909,19
1174,62
531,190
597,65
485,77
893,64
343,99
1929,94
511,87
697,1665
354,1698
1542,1668
1375,103
494,100
1720,36
178,51
788,50
474,16
644,1666
1864,1797
1109,56
1952,119
467,51
1408,79
302,112
713,1807
1564,28
204,24
1753,77
443,42
1418,56
212,1673
624,1657
1850,39
1532,61
1115,79
656,104
1155,94
1034,1679
1488,59
662,50
1012,51
1309,35
701,1678
334,35
1750,1675
1919,190
227,39
1761,1698
788,1654
1550,638
149,86
243,103
1221,82
985,64
30,1663
1033,50
1492,1807
1794,93
1858,62
1972,42
687,70
983,65
1615,36
158,190
508,39
1476,70
1281,80
549,50
540,1679
1382,1666
1013,37
140,105
1428,16
1601,98
1030,196
1270,119
1425,1632
969,16
1396,1673
1343,20
773,54
719,100
740,63
1900,105
141,1676
238,1630
591,94
1864,1632
521,54
8,95
598,36
267,84
1154,108
1501,67
113,1658
628,1797
401,112
1485,638
1549,53
1776,1797
1225,1
1167,56
1827,1667
342,1659
1228,58
1399,35
1627,196
544,95
725,16
1885,110
1562,51
1118,1639
40,1092
1473,86
1626,20
6,93
1312,84
1683,71
178,68
983,87
1726,107
917,1641
1156,77
1945,90
168,50
1570,633
1756,108
1392,17
731,23
697,1663
663,60
1806,50
596,1
744,138
322,32
982,132
838,66
1983,638
1399,1639
466,109
745,1760
269,1656
1870,190
1002,1639
678,1642
1447,1671
421,1657
1330,61
1681,85
743,80
1445,1654
452,63
1563,41
220,51
1946,1785
257,63
219,1654
517,35
1952,1760
334,63
618,138
1711,1642
329,1693
293,84
723,1657
1949,87
129,101
1953,28
1128,93
968,36
145,101
715,71
293,37
465,94
1889,101
1942,233
1652,1671
556,106
920,54
1510,239
1794,1668
1241,60
567,1630
488,24
1541,31
1079,94
565,1658
1523,80
383,51
560,1672
258,190
1163,35
630,16
538,1666
232,29
936,37
1129,90
981,1807
1759,100
1172,66
1907,103
184,79
147,69
1492,73
905,17
1920,132
1957,1
1304,233
642,1670
1273,94
761,1630
1255,154
1847,1654
854,79
747,131
1501,54
1856,43
1010,1693
492,132
533,1642
1805,94
1879,59
1180,1671
1349,98
1154,112
1138,77
451,239
307,41
1414,1672
735,233
954,154
1107,80
884,95
793,24
760,101
904,53
1549,1797
1039,33
1906,70
1335,32
384,35
169,89
757,1656
1133,87
1406,79
1479,111
1579,69
1854,73
128,56
1160,85
1090,138
278,196
1055,54
1059,51
447,89
1301,1670
621,638
1173,39
1156,33
1888,1693
919,69
1790,32
1883,1656
1652,1
1688,1658
1685,1672
1475,80
1168,1656
1631,31
453,196
1431,95
369,103
1201,1642
1950,82
1553,110
1163,1676
905,108
1000,1668
652,53
1151,75
779,1671
1563,53
38,42
267,110
1944,1676
1949,59
1643,112
404,77
1953,56
776,110
561,70
303,35
180,1666
285,1642
402,1668
1891,638
715,99
314,190
1218,86
1861,90
169,1233
816,20
1094,1233
748,233
323,36
88,53
296,66
424,23
1902,1785
192,19
1740,70
360,63
1062,94
1975,119
1894,109
809,132
1825,1642
1321,1668
761,131
1756,70
1099,39
1004,1679
1007,1666
292,101
704,109
1459,239
1973,1641
1499,68
1118,80
858,68
710,87
722,1665
1623,1785
740,96
851,95
669,60
942,138
247,80
287,51
1048,91
700,1660
311,1693
1727,1679
455,103
1091,31
1120,1667
712,1680
1706,1654
1266,43
657,1659
146,106
1124,93
1953,89
1919,100
1798,1663
675,107
843,87
1230,1679
1434,196
350,101
973,1630
663,1676
906,1667
1948,1233
474,1665
367,84
604,1807
1444,1676
417,73
293,1632
937,1668
1379,71
1969,91
556,60
423,119
902,80
282,239
713,1665
1445,80
1173,59
1850,1658
144,132
152,1679
721,20
171,119
546,1677
853,1663
835,28
308,132
1820,83
1766,37
1179,93
1917,1233
1696,97
959,103
1495,17
747,63
1621,41
1951,1656
1623,1679
974,1632
1458,63
159,106
455,85
737,86
208,1668
1549,1657
246,1680
692,64
1505,105
1714,95
1417,37
794,1680
1734,26
1180,1785
1470,83
1015,1092
139,71
766,90
1890,1670
1347,1665
1077,196
1066,87
455,1654
240,109
1896,154
1512,633
1201,82
6,132
1869,1785
1969,85
1367,1676
152,1693
889,82
136,1760
1173,190
1746,16
1346,1666
46,104
1779,104
1798,1092
1833,58
639,107
1158,61
352,83
244,33
1577,61
1685,196
1705,112
1343,64
1699,1668
904,239
527,23
1426,1698
452,101
914,56
716,108
864,109
456,96
1238,1797
884,96
149,67
38,64
1114,43
569,1698
72,80
165,67
1347,1679
1916,100
338,633
125,53
1158,633
326,1666
1130,58
518,1654
313,36
1452,1671
1038,82
1210,101
1817,59
292,56
1031,17
477,100
1509,23
856,1663
1078,84
434,1667
1729,90
1840,67
1803,73
629,98
979,79
562,29
1186,77
393,190
1371,75
52,101
918,62
443,154
1954,70
673,1667
1920,90
549,1670
341,65
200,1641
661,638
331,119
1957,1632
264,60
817,58
1081,67
692,36
38,1678
1381,1680
371,93
759,28
760,60
967,51
1569,71
350,51
5,1654
557,73
1750,1642
1398,1665
1218,111
44,28
1403,41
394,63
81,33
1260,1797
637,108
447,54
1745,633
1875,138
1251,90
1241,80
159,1673
1634,1663
420,1679
1586,1678
534,1233
1531,1797
1702,86
1408,94
603,66
1324,1654
1199,56
1607,79
761,36
448,1657
52,107
383,1659
438,1092
1735,1663
745,1670
1440,1698
549,1672
341,83
640,1660
720,1680
1892,1670
1224,1642
416,1675
1373,23
489,75
1546,1
988,59
401,119
310,43
900,95
654,106
1802,1680
147,1658
759,131
1203,633
176,154
1260,638
394,33
910,131
1854,82
825,1641
1014,119
212,53
1338,67
1913,1639
1447,633
406,93
981,1675
336,111
1260,138
1585,83
1905,1632
1280,103
552,104
1431,58
1343,1632
691,1675
831,96
761,54
764,69
1223,1698
1691,110
1712,41
592,94
421,1656
600,1657
1407,56
1409,1673
947,1654
1142,1665
1822,77
813,33
191,1693
1114,110
156,94
1249,59
129,100
589,1680
1254,1666
1132,638
179,20
1528,93
1110,77
1244,105
967,1656
343,20
256,16
688,51
209,80
1476,20
1757,1807
580,97
1140,89
610,82
1589,1654
1318,1666
1927,28
1435,28
428,1666
818,54
987,1659
1085,84
918,101
1219,104
594,1639
1297,1656
1058,54
1278,1663
1557,80
398,119
770,36
256,1698
773,41
224,86
619,1675
1762,43
1816,69
1088,70
1364,1673
978,82
361,108
435,31
806,50
186,1
1808,1092
685,89
284,1660
1208,100
1143,108
1011,87
1976,105
380,1092
1962,68
970,138
1030,1660
1288,107
1548,103
1911,24
1251,100
1730,91
919,68
487,70
1923,1642
660,62
832,69
1239,154
135,1660
308,80
1162,107
1607,33
1515,73
1276,1641
183,111
260,98
355,36
1098,66
124,1233
509,93
78,1092
631,104
1719,1673
786,41
1249,71
695,97
699,98
1697,65
1953,63
944,75
1331,1641
1744,100
715,98
1692,1654
648,41
357,1679
266,58
1001,31
160,1667
1355,82
912,1656
570,108
1318,90
1804,239
1126,105
902,103
1928,73
1602,96
1620,1671
1052,65
1452,17
332,190
151,1760
869,97
546,68
1651,1663
954,1659
399,24
1146,23
1071,84
1327,62
1220,132
831,37
359,190
1564,91
1111,82
338,119
1957,36
888,1797
1879,105
391,16
1903,103
966,1654
1783,1639
1198,43
1417,58
598,109
799,36
88,1680
1835,28
1103,106
401,63
1913,58
1845,75
1774,99
344,63
523,63
1080,58
188,103
1012,1679
494,1698
943,1807
1732,1659
1331,24
355,1663
1601,138
623,100
532,37
1860,43
905,1665
821,65
898,84
1601,1233
1125,51
575,86
1755,132
27,638
1812,69
982,60
1155,100
345,41
362,99
402,96
294,82
1262,103
1761,1668
1558,1678
1270,1668
1174,1671
1492,1670
1405,1679
1188,75
435,73
165,80
1033,20
115,71
799,1679
1008,20
165,33
775,66
1004,96
677,70
508,29
1429,65
1567,239
1097,1675
1740,107
855,97
553,89
936,111
313,138
1934,63
781,1677
1702,43
1250,106
1381,58
298,97
137,37
429,31
616,1680
1707,1670
241,1797
1218,1663
372,31
1165,36
1920,77
1515,35
10,1676
1320,19
364,1675
592,20
1256,59
921,104
585,59
30,1760
732,190
199,65
401,138
1909,96
631,66
796,53
1048,1666
1171,35
214,1670
1208,1665
226,80
155,84
1280,633
308,638
533,29
308,1760
787,1797
1073,56
1878,41
1156,107
1247,42
886,86
1606,1654
1528,1665
1625,239
811,1807
1149,111
1726,1659
1485,109
271,23
1735,39
1942,1671
1465,1
237,94
1253,98
1453,1632
1512,36
686,75
9,109
1058,112
1904,112
837,37
1890,63
327,109
1570,23
702,75
1016,56
282,1668
531,97
1377,65
1674,41
1913,119
884,119
1283,1665
78,85
1527,26
668,77
118,60
1497,35
1686,85
749,1760
694,99
1503,29
271,1656
812,26
299,233
427,60
1538,84
1920,1671
890,60
1724,1807
1032,71
556,23
1011,138
498,75
1536,1667
774,90
1551,112
1774,1233
529,51
1045,53
1173,96
970,71
373,132
1260,36
818,19
621,1630
1176,43
914,638
350,1676
911,53
532,190
1930,79
311,99
563,1632
161,1630
362,73
345,23
1892,1671
294,104
1805,56
1309,51
499,112
1792,19
1591,1693
102,63
262,1632
1353,73
824,1679
1208,73
1121,86
1583,1666
495,85
5,1639
27,77
1493,1668
1759,1785
1871,41
516,31
809,19
425,1676
1695,1665
1127,233
1147,61
943,56
744,1666
1298,89
785,42
620,1671
1180,85
187,1642
1237,36
1013,132
228,86
356,99
1884,91
1748,1680
265,53
1369,1797
235,1641
714,1670
1392,98
325,19
470,110
1193,87
878,91
254,1663
629,69
466,107
1829,66
1150,1671
1044,112
566,1630
325,1672
1843,90
1972,638
1920,1233
585,112
948,60
1266,19
1050,138
1141,75
200,1670
992,94
1434,109
277,50
595,43
390,1673
15,1656
1191,33
1734,99
1773,1693
1393,109
1501,196
607,63
1861,100
1275,1
408,93
1018,26
526,51
765,73
1133,99
343,23
1237,69
667,107
1307,1630
1901,94
156,1658
942,1673
289,95
1530,32
1348,111
895,86
1199,110
574,1657
542,77
620,239
821,26
1836,91
1146,99
1971,110
443,70
1297,1663
942,108
466,93
1796,131
1048,65
737,62
555,83
1883,1
248,93
1498,33
177,103
654,1657
1741,1679
682,82
1881,1632
1420,62
1511,1233
361,83
625,100
381,112
1470,26
387,131
1734,93
968,84
1652,1632
384,37
169,95
1453,83
118,106
1828,97
122,89
195,101
712,89
1925,95
419,1667
1085,1672
368,233
1156,35
878,1641
1695,96
1822,1670
261,131
1260,239
653,23
1276,1668
363,1675
252,80
1928,43
1229,95
825,105
1712,71
1034,95
756,1785
585,131
1030,35
1108,41
1715,67
405,16
777,95
1405,1657
1441,32
449,62
234,66
1936,131
445,42
263,103
1798,1667
767,1659
692,29
614,112
1333,1656
945,1679
172,35
1043,50
1599,1797
1369,32
694,43
293,1660
878,1672
1197,64
1858,100
994,39
997,42
580,70
771,53
1288,233
336,58
1704,1671
1645,61
231,29
1931,68
1612,1671
1707,1693
1265,1666
1172,96
1176,99
552,51
986,63
898,67
761,1679
1492,111
963,1659
341,1807
1543,64
163,99
1323,37
455,97
173,70
709,20
528,91
1022,37
735,190
334,107
1756,1668
1134,16
1596,75
1026,105
1586,1797
934,96
1527,35
1334,1663
897,84
1250,1658
614,1673
1493,96
173,1785
1402,1092
441,65
1951,89
464,110
487,20
1850,1656
1545,96
413,1233
377,154
157,54
1428,105
518,17
1147,1641
1664,1659
504,19
194,61
1118,64
661,1665
754,37
439,119
459,131
1830,1657
780,17
163,17
1711,26
385,63
1108,77
649,32
1866,17
1366,1659
528,73
1084,54
270,24
1563,19
664,1807
988,67
1714,93
1057,28
411,66
1616,1671
1821,82
704,1679
374,79
1744,65
1392,1654
1099,1658
1325,94
1345,138
835,1092
1537,1698
712,99
1486,19
590,68
850,1659
1425,131
1334,71
181,17
1655,91
221,1092
1324,41
1516,91
1945,1663
1544,86
221,107
258,23
1917,87
673,106
160,131
586,99
1303,68
807,35
1769,64
741,1663
908,1760
686,62
1330,98
1776,62
305,97
1833,73
1320,20
345,58
1890,42
571,138
183,64
1624,66
1699,1670
1951,1785
1950,190
1751,65
1094,90
1098,105
399,1666
1681,1642
793,37
7,39
1101,1671
175,1671
128,196
1750,138
1606,80
1457,79
1093,35
246,20
189,91
893,93
1446,43
1069,58
1284,33
1584,1639
1398,131
228,1797
1520,61
768,50
940,638
522,97
618,1632
1404,1671
1726,1656
361,1639
714,95
117,1632
184,23
1735,1675
1401,104
1188,138
1560,1671
147,1680
1009,29
1284,1807
1309,32
321,51
655,82
1617,23
1191,60
1750,1785
671,50
1613,35
1500,138
1487,1632
1234,1092
970,633
1928,1673
1199,1670
1825,51
155,37
472,1675
964,95
1814,31
347,119
1623,1233
984,58
693,1630
1263,1660
1339,1092
171,50
1918,82
1780,23
1894,43
663,43
78,1657
1402,67
637,1632
1242,1666
446,75
193,1679
469,1092
714,65
643,71
885,24
579,239
484,1671
1904,16
448,1659
1480,1678
291,97
365,26
860,1654
865,68
264,93
159,62
490,131
476,1670
1269,51
274,106
38,19
1181,71
998,107
1542,64
1484,56
1306,1666
492,50
257,83
991,24
1306,94
778,1667
490,1673
253,17
561,190
1939,69
1493,1667
712,62
266,1673
1497,93
744,1667
1281,54
1109,104
774,85
171,32
157,77
855,26
837,1665
1598,36
624,110
366,61
1072,108
1746,1665
939,39
525,56
1411,43
898,106
221,65
1071,29
703,87
1239,97
1150,1668
416,23
362,41
804,64
1914,91
723,112
1430,103
793,98
348,1630
328,119
958,1641
496,35
576,1677
1265,89
1697,20
614,36
1422,1233
465,83
1750,19
1308,98
277,1668
855,1671
681,90
1217,56
542,35
1224,86
157,95
1652,62
640,39
1449,93
1913,1760
518,56
1127,1642
1398,104
579,58
691,1642
1094,1679
1921,65
1540,107
493,56
926,1672
376,36
1705,61
1814,1639
769,1693
1174,1660
1769,24
1067,63
1053,96
1181,43
136,51
1539,51
1845,1680
1724,109
329,1676
377,1092
1704,1
1265,75
786,68
382,1675
1972,104
1133,84
947,107
1454,1630
151,75
1974,1807
1777,65
1533,85
1358,96
795,1672
370,85
829,196
1806,98
818,87
470,24
1068,77
1968,67
1129,73
686,1658
1814,1670
143,19
1268,1668
790,64
1472,23
1470,1676
281,1668
1442,233
1445,1670
1926,1667
1952,1680
1037,82
619,1659
524,107
1741,84
1563,54
914,1677
1557,1654
526,1092
1225,67
568,36
253,86
1947,1642
608,75
365,1660
1748,105
1512,1639
991,98
378,111
826,97
1640,23
1362,111
1567,1680
1811,56
1669,58
1605,66
519,87
424,26
1555,63
10,37
1591,1797
963,89
1099,75
1480,77
657,60
368,1667
92,1641
147,132
1506,75
3,94
1898,111
559,61
339,86
518,36
1035,138
1843,233
1662,111
940,1698
157,1672
1978,54
1522,1670
1219,70
686,35
1111,108
1311,638
851,96
15,91
1047,62
756,1663
355,84
1262,91
1394,1671
803,82
456,71
1413,59
667,1673
850,107
354,132
445,59
1947,1656
1928,1760
495,31
1127,82
796,66
618,110
526,111
414,83
1066,96
128,104
219,41
923,65
1848,82
1132,1659
321,1657
340,53
1136,638
1365,37
1259,1656
487,23
231,1641
400,17
1306,1807
845,23
429,154
1156,1659
1051,107
1070,1673
683,1785
1438,71
1105,60
1142,91
683,98
1537,79
856,1668
636,66
1518,96
1563,101
915,119
284,94
927,82
692,67
1617,42
306,1666
823,29
257,100
922,1698
577,1797
1121,62
1912,1673
570,1656
665,16
1697,99
165,94
49,1639
156,1693
414,93
1365,70
1419,24
1014,28
262,17
815,101
1207,89
548,1632
508,31
805,31
454,71
1730,28
1072,196
1936,1641
1038,71
372,638
1367,1673
563,101
842,20
1947,1797
309,75
1050,1671
596,1807
1072,83
1682,42
1349,1673
1482,196
1023,36
979,66
137,43
503,58
892,91
986,16
1117,1668
1303,71
1900,1
1777,1660
1812,85
784,67
1924,1679
52,1
254,93
609,50
442,75
324,43
1852,83
1285,196
310,66
493,1676
1417,84
1366,17
1649,1675
1314,1630
1101,1670
1870,1659
72,83
236,196
364,17
628,104
1528,54
1346,69
1399,91
799,1663
604,17
1503,41
826,23
1085,1630
1640,97
590,36
660,1663
1409,28
1984,638
1006,1666
1723,53
1045,33
453,103
474,28
420,112
1398,51
791,67
174,67
1228,1660
1174,638
1637,638
329,58
1749,20
1253,31
1611,31
1574,97
965,109
569,58
420,1658
1084,100
1873,19
1212,17
145,1671
591,84
1434,23
1491,90
616,138
264,63
1573,56
1296,28
1687,32
1022,112
129,29
1252,63
496,56
665,67
1753,1654
206,29
1524,1
1178,131
349,1665
262,98
1439,56
1976,66
1221,239
1318,17
641,107
1599,96
1066,54
1986,103
1147,33
1018,119
1149,1641
437,105
420,23
977,108
1627,638
1113,98
1576,1670
687,51
1196,65
1454,633
1921,100
322,42
1466,1663
1887,91
583,633
271,103
275,96
830,1092
1436,1639
1897,101
1320,98
1795,1654
1122,50
1856,1656
1716,1630
1789,32
1681,95
264,94
44,239
834,83
817,41
604,70
715,77
736,54
329,1632
350,32
1127,154
356,1807
1493,1666
729,89
878,1760
478,132
1567,1630
1633,98
505,42
768,96
1324,109
610,95
1325,196
1969,96
634,73
963,31
1581,19
1449,82
1692,58
1200,50
1402,82
1987,1656
265,59
434,1698
986,87
144,94
470,108
714,112
457,233
221,64
619,53
1742,73
1451,16
1681,73
1111,42
45,35
887,138
1776,73
177,107
1266,17
514,42
1798,62
328,233
678,1785
1363,67
980,1679
156,89
799,95
1188,62
571,20
1767,154
800,108
1906,80
1484,190
989,1656
384,41
1110,64
903,66
940,54
246,67
280,106
1018,24
1244,100
1925,107
1466,154
1268,98
1800,1632
296,106
373,68
815,29
488,28
1966,1666
1770,63
1456,43
523,196
410,97
1176,154
1267,91
807,132
589,1233
1381,239
812,1668
426,97
211,119
1391,58
922,119
1182,99
1152,50
619,35
1340,1
348,91
827,190
1950,100
1512,112
686,119
1648,50
1313,97
1094,16
1869,108
1027,89
1815,16
823,42
327,65
1478,1630
924,53
1299,35
1281,1660
1541,1632
1107,84
1036,104
1221,36
279,1663
1171,93
1389,1668
220,1673
404,42
379,1660
1429,24
1412,32
454,110
55,1657
1285,1092
829,82
1419,94
1062,32
529,1698
1416,1630
1287,95
539,37
834,1659
144,43
1800,24
1307,56
335,63
1438,104
1867,32
1850,104
912,32
1964,16
1361,109
1604,63
1273,131
1846,20
1829,100
427,1233
1027,54
750,51
1401,39
958,28
645,1785
1795,61
692,104
1980,103
1765,93
575,1675
1953,67
888,61
817,71
15,1630
1154,94
992,1671
1514,32
1720,1675
1849,131
547,59
972,1698
644,41
974,94
1406,1673
1904,1693
838,1785
343,53
513,104
1177,1
365,1693
1605,65
519,86
1369,87
845,100
630,112
1163,67
741,83
1898,108
599,85
1830,87
397,1693
952,1642
535,39
157,1671
1440,1807
969,67
1361,95
790,83
935,196
423,1630
251,41
782,1693
490,73
861,70
1764,1671
1070,138
1899,1092
1056,1658
1772,96
1205,23
1758,23
659,111
1124,89
1826,1785
371,119
1536,35
869,1672
1506,1673
350,105
557,111
1697,80
403,1668
780,1656
1810,1639
1362,94
333,96
1757,103
912,1641
365,1679
973,80
997,90
1792,1642
987,1672
417,62
1506,90
664,105
6,1668
1823,29
539,1
1822,1760
800,1807
1438,53
1648,1641
1176,196
1909,638
864,1670
648,1671
460,75
1988,99
1015,1677
1185,1630
747,51
639,97
730,1807
697,80
1948,1663
419,108
1182,73
905,35
1407,108
286,1642
733,109
1455,1678
1012,36
223,53
449,24
341,26
1617,41
1505,109
1818,1654
1570,97
1260,1663
1900,1092
804,1667
968,17
344,97
182,63
368,39
297,109
204,1807
1057,131
175,20
413,233
694,154
1268,43
347,109
1213,1654
1436,97
411,1630
1633,75
892,633
162,154
627,82
168,109
1969,73
1287,32
705,154
1696,1657
762,93
587,1654
1780,61
1267,98
1602,67
936,82
185,84
480,1092
497,154
1023,1666
335,112
707,59
140,66
1730,1673
518,1
1198,1639
797,86
144,1760
565,42
1833,62
507,62
1299,1654
1218,1658
871,64
301,98
296,638
1556,83
927,67
1741,105
1390,41
827,1667
456,100
1474,28
172,96
1003,1654
695,84
1754,1233
1825,39
891,1673
1426,42
1100,85
607,103
1746,1657
1343,1797
363,91
1415,93
1881,233
1042,109
1578,75
488,66
1015,1760
1495,64
925,98
1357,95
1213,101
1286,101
1738,1642
1176,79
1175,41
990,1693
521,190
123,28
621,1675
1465,119
824,105
1430,89
899,633
1822,85
1273,36
334,36
391,103
562,1233
217,64
1397,1663
625,67
793,53
1536,29
524,131
1222,1092
1171,50
1559,101
1090,62
594,1233
769,93
347,73
1288,69
1308,24
685,1675
1365,89
1633,87
960,37
1113,97
117,106
1846,1675
403,41
1662,85
653,79
12,89
603,70
868,98
1061,35
1780,1677
1048,104
524,83
1701,19
585,1233
609,93
455,43
220,58
834,80
581,31
1464,71
1971,1678
1417,119
1879,131
1457,24
796,20
261,633
1902,96
411,62
1896,89
499,1663
1457,105
304,1663
155,53
1514,106
858,1660
326,62
533,62
516,26
1939,1760
1651,638
1106,35
1589,1632
1056,110
1038,50
1885,1663
1767,1663
1985,39
150,106
1020,68
1082,59
1357,67
1051,82
1769,131
1795,1639
180,50
1735,1641
666,111
187,64
1151,82
1940,53
1597,84
1191,77
203,64
921,91
277,63
1664,63
870,86
635,69
391,75
320,1630
1745,68
696,63
1302,35
1380,233
576,1679
46,1657
604,85
839,68
1107,54
367,41
1972,100
262,79
1616,70
933,16
1716,97
1496,196
942,1676
444,1807
1706,91
383,62
852,23
1723,110
124,16
772,1668
312,154
1770,79
1199,107
714,99
1122,100
1803,103
281,100
1867,1630
1367,60
1590,109
429,100
814,62
1047,20
1875,1679
1802,85
1749,1630
1472,138
996,1654
1733,1659
1042,1630
1333,109
1646,1672
160,60
1851,1760
931,79
716,33
807,1760
844,110
1215,73
1608,1665
1977,58
1040,1665
1300,1639
1687,85
1924,633
182,70
225,1675
78,23
685,85
283,87
502,89
1335,63
1389,1667
950,91
1033,67
148,65
495,106
1258,56
1794,1760
1133,82
1372,32
1615,100
1483,111
803,1693
175,1092
755,94
1411,1678
1403,1632
279,112
1059,54
1018,154
1458,1679
285,105
802,53
1355,41
1598,119
346,105
1056,138
1496,65
1884,58
1562,1676
1428,80
182,1666
1968,69
1753,31
1475,87
549,1656
1499,77
180,103
476,96
1071,51
480,99
1833,96
948,108
1212,107
370,1668
116,62
1370,69
1498,62
180,1641
783,82
1319,60
312,1675
438,95
1383,35
1477,42
1183,1639
337,1660
365,1658
21,94
1128,190
1734,66
1553,131
1080,65
1011,41
1129,1678
1737,79
1885,95
937,1693
3,51
1257,1092
1955,17
1629,90
1170,97
238,69
664,28
721,29
740,1807
208,104
1699,20
1442,23
1610,1807
691,239
1392,32
1425,53
1746,41
201,95
1432,97
292,98
623,82
1754,1670
976,109
1749,108
1352,1678
908,84
281,64
815,1671
1062,1676
749,233
254,39
1251,1659
1522,43
1175,103
1108,58
1950,65
1571,1698
1809,233
120,71
1612,1632
1903,99
803,84
1155,1678
273,104
879,1656
1825,26
7,77
1955,1675
1500,66
148,101
260,1663
1473,96
1589,82
1572,62
766,1807
752,31
880,36
454,75
1197,1667
755,58
1750,79
116,1630
1184,108
427,119
1533,119
1615,233
1908,101
771,36
806,1679
792,95
977,1807
1217,20
410,84
300,1678
358,1642
1564,54
1010,1233
271,63
1147,1642
810,1659
1391,1797
858,83
490,41
1853,16
1548,1672
667,1659
335,131
1689,1676
790,1673
933,1658
1306,196
617,1657
1700,1760
1019,61
790,1656
476,1630
277,119
671,91
1596,84
1484,112
1285,97
1033,24
739,59
722,33
1127,66
668,101
391,1678
266,75
1372,107
236,103
1799,1656
475,83
1710,71
577,37
175,132
880,82
613,1092
1987,633
1452,1678
981,1760
1116,23
272,60
1139,95
437,1679
182,1656
1568,79
1492,31
500,33
784,54
1852,1807
1961,112
510,94
1157,1659
1437,101
979,53
338,87
1779,28
1190,1639
1154,1673
431,1698
952,17
1012,43
1202,39
1990,20
1664,70
373,1663
102,23
1741,104
692,83
1022,68
475,131
1181,17
1221,106
135,111
283,110
449,154
648,104
175,37
323,100
676,1630
485,119
519,26
957,83
647,97
279,75
994,105
1497,70
1980,1667
1600,1639
1282,1642
1485,1693
3,29
