1376,1654
1409,131
1173,90
1321,33
1107,1670
940,633
1645,16
1167,1660
1990,1785
1978,107
470,70
1089,1642
1485,105
1838,1641
1546,1667
157,1660
1421,87
1532,196
1557,53
5,84
1363,1698
794,69
388,108
1809,54
1828,1656
837,33
177,77
733,112
1369,1656
1923,75
1815,105
625,66
588,82
823,99
492,63
1053,56
850,63
317,36
782,86
472,51
1731,1657
127,1673
1966,94
1375,1641
937,239
1011,1668
407,23
1043,111
394,56
1445,1807
990,100
1605,119
777,633
279,89
987,24
1180,67
1013,190
1241,91
319,119
563,67
1234,1630
1609,1658
1770,104
690,66
1189,108
1391,32
440,35
1645,1639
757,42
1757,1657
486,112
1560,1641
770,93
679,53
1930,75
476,62
673,1680
1593,1657
247,23
948,42
819,1698
1795,1673
860,1760
153,1698
978,107
813,42
45,64
355,110
1002,101
985,43
1410,28
452,70
142,16
700,1680
401,106
1566,73
1051,1656
115,132
632,26
1378,1672
290,24
1524,17
222,109
1281,154
215,86
1144,36
156,1632
759,1680
630,24
1918,67
728,16
1041,1675
1425,94
1206,79
714,239
1581,17
1341,66
1919,1663
834,1668
231,84
821,20
493,67
1179,24
1897,85
152,1659
831,111
1350,35
599,131
1330,1680
1685,132
379,36
1608,111
1094,36
10,1630
1745,42
1501,62
1926,1
1181,86
818,1670
1866,84
1775,114
1002,87
506,16
642,132
716,131
1093,101
245,1665
216,101
1636,1233
1835,86
974,64
1788,110
465,80
1616,71
913,82
1640,77
296,108
277,1665
1737,35
1682,1658
1868,101
30,1233
401,633
400,58
309,16
1773,32
946,109
1888,32
1941,26
1568,24
1402,98
797,108
342,75
199,1666
315,23
5,41
1492,87
1421,109
1024,79
1515,94
1691,1671
1822,17
338,31
449,32
1098,93
38,50
1623,95
188,1675
1644,64
1724,104
1559,41
404,69
956,1658
273,28
648,32
688,87
526,1
566,104
1562,17
1503,99
685,1760
209,69
1190,107
1028,82
1161,1667
40,95
573,107
1771,1632
613,20
1060,1785
1420,638
1938,105
1302,638
398,1660
757,111
1274,59
1806,16
22,66
1039,633
586,89
366,1659
1640,1630
1431,85
439,111
993,73
1829,98
429,85
466,75
1047,37
455,111
306,1693
1232,111
1178,39
331,50
1534,1678
253,83
496,66
721,1663
424,1673
866,1632
22,1678
27,138
1406,16
821,1670
343,70
201,1657
4,138
115,31
540,68
27,59
266,39
1962,51
125,138
1720,1
249,104
1905,59
987,64
1362,1632
1031,53
1766,82
721,28
152,1671
228,100
1095,24
1476,132
1779,1679
161,37
1946,638
401,1676
393,154
1759,70
1283,35
1485,35
632,1797
1387,119
177,54
982,39
1392,1807
13,1672
700,1658
1236,112
994,1639
331,1671
666,82
498,1642
612,32
1903,98
1002,42
1560,60
894,20
1141,61
953,1676
521,112
760,24
961,105
445,56
1791,1667
1249,84
1288,1092
1467,29
1235,41
4,233
1791,36
1831,39
286,29
1582,1
760,1676
816,56
1574,1807
1811,75
687,1807
1369,54
229,93
872,1658
1357,1667
691,79
1499,138
231,190
731,36
1689,110
231,1642
493,233
975,1807
1455,17
1388,20
1537,1654
1581,89
1485,68
643,97
1857,1233
757,67
1917,65
810,1656
689,1657
892,64
1299,1642
1819,99
1604,29
1276,190
781,1656
1019,79
1407,110
1394,17
1165,190
466,190
217,106
1377,56
1489,1672
951,69
554,107
381,1693
1523,1660
149,59
1188,112
1299,79
1602,1698
1342,19
1697,96
158,58
363,1092
577,36
1548,54
701,91
758,20
1970,1760
263,1632
1077,1658
856,28
452,1797
1891,20
457,119
1072,86
1110,1668
1606,1657
1715,1676
929,107
714,41
1102,86
535,69
1631,111
1263,65
506,1663
1543,19
755,1666
433,95
509,1656
741,1659
1453,1641
1917,196
1590,42
945,196
859,1760
642,60
649,86
980,1632
1205,105
527,29
257,75
550,1658
1339,1641
1498,1656
482,80
881,190
1292,132
564,1641
1353,1630
531,1632
583,107
647,96
1567,1639
1312,79
1700,104
944,233
1409,17
1619,24
148,1693
405,1680
901,1659
171,56
1480,154
1888,119
232,58
235,39
1602,83
1662,41
542,104
1863,1668
1264,54
821,63
143,39
1506,239
312,97
596,91
1421,86
1260,66
582,82
1763,1785
1853,51
271,131
365,36
754,69
439,87
1202,71
1722,1672
708,1676
1634,66
911,83
659,42
1447,61
1005,84
261,1630
904,131
1734,233
1384,99
907,190
944,1668
877,26
1087,1679
440,1679
625,65
1395,1807
1531,101
543,99
179,62
433,1668
858,1785
72,68
682,1663
950,99
1218,105
976,1668
1575,103
964,91
324,1680
983,233
215,67
88,68
1029,79
1412,89
1144,23
340,90
845,89
117,104
1220,59
218,71
1432,43
1307,67
1589,1677
1017,43
393,65
140,96
430,190
507,111
1061,1676
1618,37
1374,41
915,196
1910,1797
683,32
387,1663
871,17
1024,100
1283,1233
1725,26
612,105
905,79
1405,1630
942,196
768,1677
1477,66
156,70
155,1667
1282,80
1674,196
1837,1656
572,1630
1771,98
968,61
307,67
1583,1673
276,100
465,101
1248,84
128,83
237,1679
511,112
1505,1233
1126,85
792,1678
320,101
501,42
212,51
1740,1233
1905,108
1854,39
681,108
1796,100
1638,67
536,110
934,1667
1452,196
938,1658
1331,87
1519,1680
1631,32
1789,94
1529,82
1115,51
656,60
915,67
1306,138
1377,1642
1530,1680
612,31
1344,73
1094,37
708,1760
155,1760
689,132
160,32
531,19
1876,31
133,1639
116,75
1424,64
1820,1676
283,91
1026,63
1342,43
1971,1807
1643,26
122,1668
1386,1
1811,32
943,100
819,42
1558,65
1049,119
212,65
305,1663
752,86
1770,58
1645,84
157,1807
1189,190
127,39
812,1671
1129,67
648,1760
797,107
1169,66
428,1807
797,28
545,99
1210,1665
1571,1672
779,1678
1761,1632
712,1659
657,1680
220,24
578,28
11,31
1156,1233
1104,60
570,1630
496,85
647,138
44,93
1531,31
1562,239
1356,98
826,91
1197,56
1569,119
871,1639
173,1680
947,111
326,24
571,1797
366,131
1915,98
521,1670
377,16
413,82
748,1
1706,1233
1173,32
1230,51
613,19
960,17
620,75
380,154
1267,42
1307,61
1287,233
1327,54
389,106
1813,97
1499,79
586,70
627,1678
629,36
1054,31
1908,1668
1226,54
418,1693
555,68
1950,85
1185,77
7,1639
126,1693
696,110
819,1679
1022,60
270,1
471,1658
1650,138
1353,26
1154,93
364,59
240,233
1568,633
1161,53
1733,1677
1312,1675
1080,67
414,101
1813,1675
1006,1641
1770,1666
1509,638
226,39
908,1807
1063,1665
906,20
1441,1639
1533,99
1462,33
161,75
878,1660
956,100
386,70
1649,61
1334,239
1746,39
1964,114
1736,17
426,64
747,70
1282,1233
1338,1657
1547,1233
493,24
241,71
1165,58
837,89
1390,1807
700,1659
1583,100
1269,70
1822,114
479,106
1311,1693
585,1
415,132
4,91
1915,1671
393,638
766,83
1464,1
1282,24
914,94
934,1807
1450,60
421,62
282,1658
711,77
1006,1659
1767,62
1895,69
1588,233
577,41
523,53
871,1675
873,56
1868,41
1745,1678
1317,1667
1925,190
698,53
920,103
1551,20
409,1676
1062,67
768,43
278,106
1827,1807
363,1642
1193,1
1964,96
1414,65
700,119
828,60
174,154
764,20
993,84
1219,56
1128,1785
1611,196
1279,82
1044,53
642,43
509,138
1930,50
737,111
810,111
244,73
1739,1678
1866,26
545,138
1597,154
1748,26
482,95
174,633
1539,1
863,119
1470,37
350,94
1238,65
543,31
1773,1632
964,96
1586,239
811,1641
1365,66
580,16
1079,110
1835,1658
862,68
1456,103
141,131
1371,1656
1526,110
204,1663
171,90
1934,1
1759,20
1023,32
130,39
115,1673
669,104
1574,107
673,109
1044,84
170,33
905,82
1984,32
1430,66
1451,75
153,24
1974,1679
1330,1092
1207,1678
290,131
186,80
1470,68
796,51
139,1670
1521,28
200,108
1821,63
1643,67
594,68
78,77
705,79
853,63
1261,82
1703,63
158,37
428,132
362,1658
511,95
44,1672
577,53
1626,56
1609,64
1860,1642
560,75
1920,1679
255,90
1106,58
1220,54
960,42
1405,110
173,1641
962,1656
1837,65
936,67
536,19
385,633
463,62
1170,196
856,154
1470,1785
1260,67
1048,29
683,66
629,28
188,1660
501,1673
1873,23
438,106
331,108
1751,82
519,1641
1755,23
1283,1654
894,35
988,60
1231,96
1927,1671
1346,32
853,80
1764,94
1727,42
954,111
974,106
1492,633
49,1671
1151,1668
155,56
323,84
344,239
516,23
1858,54
1345,105
1493,17
1476,63
1227,77
1409,98
420,19
1715,1658
1390,1658
640,80
660,19
1586,1673
1984,1641
1948,90
1214,1630
1256,1658
282,79
393,64
997,1092
1735,19
912,89
787,1
402,33
294,19
723,105
265,1665
1758,67
74,633
274,103
385,104
978,105
1011,1654
1792,233
672,190
606,1807
995,64
1973,87
981,29
1443,94
1080,154
766,107
985,90
1586,50
1626,109
544,87
729,93
530,86
1211,91
1272,1671
1009,1639
1375,50
1594,638
1375,67
168,58
901,1630
1867,1233
1719,16
1331,41
1458,1657
620,96
1318,1675
1082,87
824,1233
859,82
1449,86
1432,58
1331,86
1574,54
121,239
1850,80
1189,28
1031,131
350,1632
1240,28
336,132
1152,56
1940,65
965,77
1560,1657
915,66
1074,95
1015,77
338,43
1041,1092
947,1663
1943,69
1088,79
980,1675
853,131
1370,31
1781,101
1339,190
865,1639
732,110
1214,132
1821,100
729,62
1600,89
826,86
475,108
626,1678
1895,50
628,94
3,1663
246,71
501,138
765,67
1767,1672
1821,1658
1379,37
1197,86
1164,1679
249,82
1389,132
1816,1680
1713,56
1102,1665
1200,85
595,1667
1716,19
1645,83
653,31
450,196
124,19
1763,24
721,71
319,1680
1739,99
1867,54
1978,31
1635,82
493,51
1286,54
1554,1672
764,1670
1742,95
416,58
1269,97
555,73
719,64
830,93
616,73
49,86
230,23
509,68
951,109
150,1630
4,96
1644,66
614,233
402,1659
536,1679
1450,89
78,26
1973,1233
1814,95
290,58
311,638
937,59
357,1670
173,1679
601,70
913,66
1805,1673
1609,24
963,110
876,79
1161,1665
1894,107
187,1676
1738,633
599,67
1276,1666
1702,20
384,1630
1692,26
1071,79
900,638
1550,104
1732,1693
1273,1642
872,35
653,98
1392,132
623,190
201,35
436,20
1621,29
1776,26
948,111
15,80
1283,68
1436,638
873,1666
1133,1678
1081,19
1706,1676
310,105
869,1666
1225,70
88,1673
1697,90
350,99
668,28
1882,86
303,43
1008,239
1875,109
705,1
1426,99
800,1670
1515,1665
1888,95
380,58
1578,1693
1247,94
1357,1632
1381,190
1113,94
245,26
1496,82
965,1671
1371,1676
325,82
447,1657
686,1673
1759,64
711,1698
569,23
989,28
458,638
1897,33
979,26
1721,633
194,84
1886,93
1689,1671
715,1678
1967,132
1826,110
375,1656
873,1676
581,67
321,95
284,69
1145,56
1969,638
631,119
1188,1680
1704,83
1870,1632
1335,239
403,1672
253,1672
471,29
260,1658
1904,1679
815,82
1207,70
215,24
491,70
805,104
1947,1693
809,109
441,75
1114,1760
210,1656
1937,1675
1983,1654
370,114
630,70
618,1654
1111,1639
929,95
57,132
1362,633
1621,64
1643,1698
1274,93
1735,56
197,26
1246,31
1088,233
575,95
314,1676
818,1642
1084,93
1967,138
1427,23
474,1657
1927,1698
992,28
1198,60
1181,28
850,86
499,60
1366,24
303,94
1336,91
1728,71
739,60
78,64
1460,196
1001,83
1406,50
471,19
994,82
1552,36
1072,1630
1737,104
102,1663
984,36
1780,138
1634,1760
1836,1680
1415,107
1588,111
886,95
800,1698
376,638
1247,1670
377,61
447,107
1800,87
788,53
1585,61
1985,77
1894,1
1952,114
204,1656
228,26
653,1233
1813,37
507,69
330,1632
1875,1642
808,16
275,75
611,1807
1495,63
372,1667
673,108
348,104
439,67
1294,1667
301,94
1269,89
1488,70
1157,1673
1917,1639
1822,111
116,99
723,61
1224,1654
1370,54
753,24
1637,84
440,1667
592,154
1252,54
561,59
1649,1678
1161,66
1824,1656
1035,1641
1808,29
1871,82
1194,26
1357,638
829,37
1625,1660
812,35
1863,1632
1351,96
1062,29
1247,19
1691,633
202,83
701,107
817,1654
1746,107
1358,93
1123,110
1144,233
593,37
1824,91
191,132
1793,58
157,20
1003,28
1907,132
932,16
1032,190
882,61
576,106
1988,67
1684,196
1152,93
582,80
784,39
513,1663
1034,17
1525,32
1237,1654
1471,36
1279,1797
615,24
1387,67
528,28
527,1672
1859,71
1057,65
891,23
1684,26
1980,43
1292,37
597,233
1973,68
561,53
1084,1659
1391,1641
1892,20
1727,85
1285,66
1989,68
611,1785
903,85
1744,35
840,75
550,96
825,1639
425,1675
957,98
1294,35
1558,42
1298,94
1784,233
498,66
1958,85
909,80
1445,110
1176,131
1197,1639
1891,50
993,1675
1459,190
1169,100
1246,90
1461,1658
697,17
238,1797
1845,638
999,94
693,69
1640,1670
1165,65
1573,68
1634,82
1689,1663
1723,1807
1005,68
1714,154
1645,1670
1148,20
1930,1660
1252,42
1346,51
760,82
1168,73
1919,36
1171,68
534,1668
475,17
1586,51
1093,1
118,1
1018,19
1375,61
533,58
1564,1630
679,1760
1234,89
829,73
1043,239
566,50
370,43
295,104
1090,1092
1206,66
1318,1672
1003,107
1338,58
721,84
265,62
1482,23
552,80
1582,1672
493,64
170,101
1458,108
486,97
639,37
898,23
348,66
1947,16
1273,91
891,66
1424,51
911,1807
159,42
1392,1233
275,1663
1943,68
274,86
314,65
522,1642
351,68
1276,87
598,79
986,1663
732,111
1484,36
1342,94
367,1680
354,91
1906,77
1100,20
1503,233
788,1666
346,1693
611,33
1808,119
226,1
1223,1092
933,28
994,26
1053,1233
1060,1639
151,51
6,68
1975,106
819,93
1338,93
503,1654
1432,154
1965,80
738,23
1770,56
1861,1785
721,53
1897,1630
634,100
542,37
1149,1785
1334,1
1888,35
1003,89
845,1760
1506,16
1691,1658
842,1797
1571,54
1881,68
872,54
1850,99
985,1639
1142,103
616,59
889,131
197,196
898,233
1893,16
652,56
726,19
819,1667
126,69
1469,633
695,1670
263,110
496,87
1070,77
421,24
1457,56
1599,32
1194,67
1467,99
937,58
1325,1
520,110
1788,1233
1935,98
1781,1660
819,58
566,111
546,1807
309,111
627,28
795,1678
1052,75
370,79
1016,1679
1193,43
613,98
389,104
378,1665
365,89
2,53
1971,69
202,1654
1802,67
241,36
1074,64
1883,20
142,82
1232,98
456,95
598,107
928,67
1727,28
1801,154
1346,105
44,77
1040,94
1882,87
1576,32
1482,633
1021,107
1636,90
354,1666
1113,131
337,110
984,73
1244,69
880,42
1323,1630
1126,97
1844,62
1629,86
1545,1675
1518,1679
1908,19
1985,96
1585,16
1898,105
1264,31
450,41
1780,85
680,96
1625,58
318,112
322,111
1300,36
1853,26
664,1642
1914,24
10,1680
398,91
1175,99
1692,1807
1216,112
1764,1676
649,1233
208,1679
1554,1660
479,84
1721,131
581,66
1903,111
102,111
1076,1678
568,73
175,1659
1377,35
864,90
331,37
1716,1666
742,1667
1963,91
898,1657
479,1630
1526,1663
668,19
846,1693
1238,53
1001,96
1265,105
1578,1642
366,1092
367,95
1569,17
1931,1760
134,84
323,29
1426,82
1287,41
1592,93
526,1663
1902,1680
1113,62
484,104
217,1797
1035,33
1402,36
1682,50
409,239
396,35
1139,85
1799,35
1927,110
1788,638
22,109
1075,103
818,196
908,70
1118,1233
1624,1760
701,1807
1478,1679
1833,64
362,107
626,98
166,1
1553,65
1868,638
554,86
1555,1660
176,106
1423,66
1228,26
1600,19
1583,1760
1855,1233
777,1642
1399,67
115,79
1346,77
1550,1665
1687,1670
1944,1632
698,82
1683,39
1132,1639
377,83
876,19
215,41
1926,633
578,1785
539,101
1497,233
1203,1630
822,1630
1780,58
755,1641
1928,109
663,28
832,24
1257,67
1075,196
763,1670
1505,1693
1546,1693
1417,1657
1624,1663
1260,79
1000,67
1833,33
1732,91
847,65
1402,1698
900,1658
767,190
840,1659
719,59
277,20
1741,100
57,1658
517,84
1842,19
1188,97
824,1642
766,77
1464,31
970,638
520,1675
189,84
1096,1642
1080,111
1062,131
1137,66
840,94
1562,37
269,28
710,1666
1710,85
1325,73
983,69
306,99
1796,1670
1301,32
436,1698
1456,23
1551,106
946,83
1689,79
1581,41
238,119
1948,70
1628,68
335,77
463,56
1264,41
342,17
325,39
507,82
369,85
1538,633
708,1656
1152,94
194,24
1061,60
1004,1641
214,95
426,1675
1859,70
1048,1641
1174,87
1874,1807
38,107
740,1679
1973,67
800,70
1295,107
715,85
648,26
867,110
1754,82
1534,96
620,1658
550,97
1819,1676
1875,36
684,69
1552,1
1166,111
1683,67
448,95
549,87
896,93
805,61
202,66
904,1656
1343,1671
1720,60
686,638
1392,29
1390,1656
1119,90
790,1092
57,64
1857,101
663,32
646,24
1274,17
885,112
1260,28
1466,1657
1122,93
993,23
1497,1657
1243,109
1921,239
1044,106
662,107
733,1785
1471,85
779,1639
141,1666
1691,24
717,1657
1212,61
1782,91
1360,94
1587,91
224,50
1306,54
1974,1641
1150,1663
1266,104
995,66
1400,1672
1610,43
874,1675
205,1676
877,154
1490,93
350,42
1626,107
705,41
229,1
1650,85
1885,100
122,77
601,104
1154,132
215,82
1393,196
1177,93
1069,23
1234,86
333,35
1648,638
1614,1659
837,1785
540,1632
1181,1668
1455,101
563,85
1780,108
1908,89
292,69
1808,1667
1016,633
1253,61
1108,1658
376,29
1021,1641
1890,104
76,1676
787,17
382,87
248,87
1151,89
234,86
642,17
881,111
1624,51
1185,23
1511,65
282,1760
1840,1659
867,61
1902,119
1539,91
1320,1657
1614,1233
1710,16
1804,109
705,59
429,1797
1976,100
1367,1641
1410,1760
1272,107
560,103
1720,105
1975,101
877,1666
1209,638
1355,62
549,75
827,1807
1912,59
1647,1693
1591,53
855,33
1796,85
1371,1698
610,1678
642,1658
1568,28
690,98
393,98
653,110
1850,96
1136,62
1300,1
710,97
1517,1797
1430,1668
1047,1678
480,106
298,33
781,1630
301,20
1175,94
1819,58
915,82
1893,31
1950,110
1590,17
1002,50
988,97
1802,33
682,90
149,17
1798,1673
267,106
766,58
1104,63
588,96
1856,84
199,1
1956,87
1171,99
857,65
179,109
1599,35
1768,101
1655,1639
1128,196
1527,196
444,95
501,154
340,24
397,111
682,633
1144,68
371,1666
1804,1092
499,633
1918,16
1662,138
815,41
1480,70
1945,60
1230,54
121,24
730,1666
1638,98
717,50
811,53
1133,1642
1631,1
366,1663
509,1630
616,42
1458,17
1478,84
194,64
1445,1679
1724,1678
642,66
1305,1666
960,1693
1437,59
1404,50
1792,86
585,20
1120,633
904,94
504,1656
1114,75
482,1666
803,58
460,1679
1148,190
1440,239
1339,77
662,1678
826,104
644,23
680,1630
735,86
1972,69
1646,20
1187,17
836,65
1885,90
1633,33
1562,111
513,98
516,233
1106,99
1844,63
1902,1671
1277,138
620,37
1578,111
1723,16
1281,101
74,65
829,239
901,1698
818,64
729,1233
1250,95
864,1678
459,1632
1863,19
929,60
1819,105
426,1698
1128,1678
518,1092
1535,51
440,1658
642,84
1893,51
777,1693
1508,23
1282,100
1373,37
827,65
1681,1670
1845,33
870,97
1261,1092
469,190
972,1663
703,1785
465,17
1265,104
209,20
377,64
1248,31
677,91
417,71
1801,101
1308,83
444,1092
1405,71
691,83
987,1678
674,41
198,1693
1958,61
896,19
987,82
1851,85
788,33
278,105
463,39
1388,16
1762,1797
825,28
1964,99
1505,1666
1199,24
942,51
1739,63
1611,104
639,111
1544,63
1391,106
552,41
170,58
575,89
1071,1092
1537,64
1886,77
1316,1671
1691,33
294,75
1437,31
153,19
1921,1678
1311,1676
438,60
1091,132
1221,99
1798,1639
622,1680
964,1672
1600,20
717,1668
1231,62
1347,1675
1215,239
152,196
27,106
1137,87
1228,106
769,75
1412,97
1359,154
1986,26
1254,68
577,56
1609,91
1156,110
1106,71
1510,1657
869,59
610,19
242,89
481,109
542,98
1082,31
179,1656
842,110
1564,1
1927,95
716,1675
509,1667
1607,93
1540,42
1176,71
402,56
741,1639
575,79
409,26
1905,1698
341,69
288,63
514,79
955,35
1751,89
259,1656
1437,17
1420,111
1313,35
1991,1760
1188,19
317,1672
14,68
1138,56
737,239
695,82
1727,33
557,77
1989,80
1439,51
1356,1785
290,96
400,1658
1271,26
1572,95
10,99
137,1657
837,638
1615,91
1105,1660
1352,73
1541,79
532,83
589,94
540,1676
242,75
140,110
267,638
1578,196
821,59
1964,71
237,196
646,190
460,101
1186,67
780,94
305,58
1263,83
237,85
1735,1667
1256,131
1843,73
1950,1
264,87
1574,1693
1338,1693
538,75
277,37
763,98
1774,1698
500,1092
158,1670
1339,1659
1306,84
1771,104
445,106
857,26
736,63
937,1092
309,1675
1011,119
1011,1675
1440,23
1575,99
485,100
1814,23
219,24
990,105
386,1665
1972,61
212,41
1282,1657
973,96
1415,73
314,633
539,64
171,42
869,95
797,1672
139,638
1337,1797
530,1797
644,1659
757,132
1526,73
1571,28
1075,35
1458,233
1662,95
46,35
908,138
1028,1663
140,28
1900,1642
1636,638
976,42
1150,1666
468,638
1742,70
821,190
416,17
1397,69
1856,1663
1823,633
1184,638
646,1233
1279,97
486,196
1005,66
609,87
592,233
136,31
1205,73
1283,1641
835,1666
265,1632
430,638
250,1760
789,61
606,1693
387,63
957,1
266,26
819,32
1083,41
1875,53
1379,56
1180,63
646,1671
1116,87
1706,83
1540,1659
1854,43
788,106
1267,1785
40,104
1588,83
1952,63
406,107
798,71
1612,105
252,69
1810,68
1664,1676
235,1632
311,1807
1054,39
1826,196
922,108
673,24
624,1680
486,103
538,60
1254,1630
1202,103
615,62
798,1642
503,154
992,87
920,1672
924,62
1370,26
863,1807
536,1668
589,1670
1772,1663
665,32
1073,1785
1952,1642
354,89
726,1675
800,99
1778,62
307,1665
1814,64
472,20
183,1668
382,1665
1057,1657
1774,50
708,17
962,1675
712,84
1813,638
694,68
1159,138
1055,53
1493,50
319,1
744,1785
229,131
660,67
329,239
1912,60
205,154
498,100
635,1671
546,54
1393,1657
127,35
1214,1657
721,68
1418,98
1438,97
1628,63
1221,1797
1850,97
365,101
1286,53
117,1630
1455,1660
780,112
1409,1632
948,100
1724,1785
1522,1
1819,61
1344,91
281,31
445,190
527,32
753,85
334,20
981,77
176,82
1121,24
1857,1676
1163,1641
1093,82
1403,108
946,1233
1720,1668
1600,1670
1744,96
826,103
1433,53
1395,1642
954,16
601,75
1761,89
160,1679
1872,196
511,16
519,89
847,1660
1419,87
1955,105
580,89
198,90
606,103
165,1693
1581,1675
1756,75
946,24
808,73
1550,111
1955,1233
1061,98
140,54
1300,16
365,87
794,23
1025,1659
636,54
323,1663
398,79
1930,26
591,100
1380,1665
1442,1668
1573,104
1594,239
1845,1657
1377,23
1523,1639
1459,1679
1503,190
536,1760
182,42
1107,107
273,112
1714,1
1346,103
478,59
928,1760
672,90
250,58
485,43
696,1660
731,1807
608,50
1524,64
1416,73
1403,1671
652,1693
47,51
1137,59
1908,1092
641,84
1197,1675
1375,1
1144,83
1184,84
617,53
192,110
1629,84
708,132
1948,110
1713,89
1591,24
1945,1642
714,62
788,131
1638,29
497,64
225,91
967,1797
214,39
1906,1673
419,103
612,94
1111,100
780,20
787,58
290,638
662,16
1711,31
972,70
498,1639
49,119
438,35
1842,109
296,1698
407,138
759,63
300,64
1866,103
1801,138
1290,1665
1922,36
216,84
1692,1630
148,99
1569,23
1254,75
1808,67
1014,26
873,60
341,638
417,70
1007,41
668,1639
1217,1665
263,1641
1573,1630
322,1641
593,62
761,154
1368,1666
335,1671
1796,56
215,1665
1729,75
421,638
1988,106
133,36
1682,67
1186,60
651,1797
770,97
698,1666
1621,62
865,37
163,24
1013,1632
442,65
1236,131
1883,114
1812,62
230,32
1098,108
1869,59
860,111
1012,82
121,1673
1296,71
660,1666
168,1642
1882,41
651,29
226,84
836,23
158,63
145,26
1565,36
1254,69
258,1639
1622,1667
251,1656
147,1233
1123,20
886,82
1719,58
1440,1092
1706,29
1445,119
322,1659
842,28
272,50
1159,99
741,112
1003,35
680,94
1486,1676
1585,131
1782,1639
336,1658
1162,84
704,68
1417,1663
1635,111
969,96
510,64
842,1092
1914,58
905,86
1920,71
528,33
455,60
116,110
692,89
531,93
588,90
1983,37
172,95
1283,1693
307,106
1986,1092
1896,100
1569,66
645,1092
947,58
1747,101
333,61
647,95
745,69
765,26
1156,93
734,97
420,233
1898,42
719,633
1952,20
1223,39
178,39
1107,1676
1435,63
1830,100
1100,1665
1621,97
369,75
1550,39
1146,67
504,56
1209,1807
1176,86
1601,29
4,1693
1150,1760
1944,91
906,1658
1542,79
472,138
199,41
1178,24
972,239
1971,1673
1319,1639
547,107
1959,50
1026,84
431,42
1107,35
540,26
1271,1670
1497,41
1261,64
1392,1675
417,131
1073,32
1493,29
1356,1663
306,19
747,1659
864,1641
1911,59
862,36
1969,110
869,94
1576,1678
835,66
838,61
640,84
970,77
329,67
280,1679
1200,60
522,24
1442,89
1136,20
218,1807
1934,1660
776,1667
350,1658
1367,17
1522,26
278,1672
1401,1
1715,99
1269,58
1380,19
538,90
442,119
1114,99
135,56
726,101
1610,41
689,111
672,33
615,233
1283,1785
1778,1785
1322,39
1640,54
1201,20
122,75
1960,1233
1023,1663
330,60
819,80
1558,59
1140,94
1874,132
1948,53
573,65
902,23
1236,1641
481,41
1520,82
453,67
1489,1807
399,59
1842,1657
208,36
1169,75
144,1698
1391,60
1399,1659
1054,36
1900,60
1556,1092
1870,138
1900,83
891,71
1098,85
1226,110
284,111
234,84
768,1680
18,63
1302,75
1487,69
645,98
1128,58
1181,80
829,1659
888,41
1224,1667
1647,77
1439,1672
1542,43
14,51
1356,26
1413,109
537,108
1772,1656
561,86
1097,100
1517,41
1838,75
698,1807
1528,104
1382,71
280,114
210,633
246,91
209,1760
1372,41
947,100
158,119
1962,89
1690,66
1288,104
1915,107
1326,1678
618,1693
1445,190
437,85
680,1666
477,62
1530,54
598,1680
980,75
620,82
346,17
1377,1693
440,86
663,70
832,66
1253,1672
137,26
821,96
895,41
1911,1675
1947,114
572,28
679,70
790,79
439,23
1182,107
281,109
787,33
626,75
237,42
1893,29
1125,99
826,633
851,60
905,110
1000,1666
1532,107
501,1659
1302,69
1583,60
435,1679
1842,70
995,19
903,138
1427,94
816,131
485,56
529,1656
1504,112
1927,1642
1768,103
520,17
775,93
562,1642
875,1675
1581,1657
1986,85
1345,91
973,1680
320,70
1548,233
1321,1670
1695,106
497,196
117,89
1867,75
1149,1672
1099,37
124,61
1250,75
1068,70
329,105
1031,82
1196,19
1071,75
1753,96
1327,61
261,26
1954,1679
503,91
486,1807
1171,1675
809,1676
201,39
259,633
1829,108
783,42
823,131
698,1630
1009,67
186,196
1806,1678
187,101
206,131
210,62
1845,1656
1906,1654
1010,1667
203,101
496,233
774,1642
578,107
463,1665
1477,19
139,87
471,154
1709,638
182,43
1413,65
594,107
1255,98
1553,132
278,638
601,43
1043,60
1086,98
165,50
828,1698
1136,633
1945,99
677,87
1007,26
198,85
346,66
1638,131
532,1671
738,54
1898,84
1181,1656
1374,91
309,239
1803,43
1499,80
1463,1667
493,19
733,1678
901,60
133,66
541,69
871,84
1024,33
163,109
1257,1673
1471,111
1624,1668
1960,82
1355,1678
927,1667
881,59
682,60
1704,87
857,50
1558,1658
1505,196
1912,1668
1916,84
403,1676
1510,87
1829,1659
266,64
658,84
1862,1639
1895,64
226,50
1776,638
1904,1667
1701,1671
691,36
1187,1
1905,94
1140,103
1109,70
222,1092
1097,1670
1480,100
529,82
324,1642
1027,633
863,1671
791,54
406,16
1455,31
463,33
670,75
1405,54
1189,79
1142,33
1840,83
1270,106
1826,154
868,64
389,73
1793,67
525,119
1332,633
639,105
1907,93
1836,39
187,16
1091,104
686,58
1535,35
1465,99
770,17
1088,28
364,1672
1454,63
615,65
692,84
1390,39
1359,70
203,1
1491,54
978,31
1956,20
1885,154
1906,1
200,99
1231,56
1510,65
1180,1660
944,98
250,95
1210,1797
1272,54
259,17
1133,33
1811,95
893,50
252,190
1156,104
627,90
828,233
1291,93
1025,41
1334,93
1153,28
553,70
1158,1807
610,17
1696,28
1469,80
429,131
1065,35
953,103
563,1760
265,101
1631,85
566,1663
1162,36
1441,1233
361,1693
1034,1678
609,73
1711,50
726,94
747,1233
827,111
8,63
578,65
1225,16
172,1668
1026,67
1543,1680
1221,1679
1194,119
49,1672
1477,138
250,97
894,1678
1389,24
397,36
827,1657
1268,1
1858,33
883,37
1586,154
1184,16
279,64
1365,95
13,20
1062,17
983,70
512,1693
1317,1698
1052,31
529,62
1227,35
1746,103
453,110
185,110
280,1666
1877,101
352,1673
1242,1670
1759,1
342,20
1965,1666
1782,1654
700,16
1386,1807
194,23
305,56
1354,53
15,103
1853,77
1015,100
709,95
473,69
1674,77
932,1092
1255,196
726,104
1366,1693
1496,1660
1171,58
1266,196
394,1676
1969,131
1386,23
1493,1671
1022,1639
394,35
1796,1760
1197,109
1733,75
1824,1785
134,33
1312,83
491,20
1837,29
1769,1233
623,1673
1622,75
1952,35
1953,1632
1045,58
453,1676
1072,104
1129,105
1401,1676
372,1660
1635,61
1564,103
331,1639
744,24
156,190
1742,68
898,1
1727,1658
544,1673
1531,1663
955,65
1273,62
813,35
1652,638
213,29
950,196
753,56
571,17
1202,1641
1973,82
1721,41
547,24
1464,62
553,1679
242,1678
597,104
444,1666
601,109
508,1807
583,69
1761,51
1616,64
920,53
1732,638
647,66
1147,54
1116,1797
687,91
1242,1656
1186,1670
895,196
1277,66
1352,103
1520,83
1445,28
218,83
127,63
1450,1698
1270,35
1742,39
1729,50
1051,42
440,56
115,1654
594,1641
915,73
734,1807
1645,633
1971,154
541,31
1776,66
1370,105
1387,35
609,103
992,105
1236,196
830,39
1804,1654
1933,106
1684,58
1464,93
1281,1657
72,23
1617,105
1748,95
313,633
172,50
1038,1679
1579,53
1177,131
348,633
643,1659
1608,1657
1162,1797
873,84
947,103
1925,82
237,1659
373,75
448,190
909,31
1545,71
437,84
1469,39
1201,1673
693,131
1535,1676
333,1630
1071,68
968,1667
1139,28
552,66
1712,68
1286,43
1162,109
637,1675
1478,89
1009,80
844,23
1344,93
1802,93
1898,1698
1826,71
260,96
1349,196
1798,33
527,83
1781,114
200,90
1046,95
1178,79
970,1672
371,19
1093,80
1090,1673
374,108
729,19
1831,56
1562,233
1636,80
1412,154
1184,233
1538,110
1393,1807
468,80
876,53
1636,39
533,90
751,1657
1091,1642
316,28
423,70
618,1676
728,68
531,1807
1706,53
2,239
1357,1641
1473,190
613,29
1077,1678
1334,23
930,233
949,59
571,1785
403,91
446,31
1739,20
1243,43
1543,54
1836,60
1303,39
1431,82
1162,31
152,1630
999,108
550,638
1009,66
684,1630
1076,1668
794,1665
539,1656
1938,1678
1531,1670
139,86
948,138
1721,87
1043,63
162,28
1727,105
1565,94
1359,131
1325,111
722,196
134,94
376,1678
1406,106
268,1680
340,1797
606,196
896,105
559,86
1538,19
926,85
289,112
1301,119
1766,85
1327,93
781,73
1520,109
272,103
1765,1641
1307,1
1052,196
1509,69
868,83
207,89
1573,1676
1759,79
710,64
532,138
1929,1680
1858,1760
683,110
1508,131
1951,1657
908,35
262,1797
675,1666
1565,1693
844,59
737,87
402,98
352,51
964,1654
1084,59
1232,84
1034,1658
1839,1641
1087,94
1758,1659
961,98
985,100
625,61
1285,103
1586,100
1070,109
811,1760
561,99
323,112
711,75
1278,67
157,233
288,1656
1049,39
1801,106
1007,43
1234,29
1452,100
1773,94
48,1678
987,1667
285,69
305,1679
1210,82
420,70
463,32
1167,1632
625,633
808,39
1988,84
137,39
1495,36
1207,638
658,1667
511,1673
291,64
510,84
1662,1672
902,1632
1012,190
744,94
1461,101
1299,1760
147,1665
92,108
1859,110
1495,1680
1647,23
1432,1668
827,80
1627,1233
521,107
1188,1667
1849,53
1225,101
1704,70
1743,239
1463,39
1909,19
786,1
1174,62
597,65
1204,95
893,64
1335,105
343,99
1929,94
511,87
697,1665
1375,103
494,100
886,1676
1292,1671
1720,36
178,51
788,50
474,16
1864,1797
1567,96
1109,56
941,1666
467,51
1408,79
302,112
1564,28
716,1670
204,24
1753,77
443,42
624,1657
1850,39
1397,110
673,1676
1532,61
1115,79
656,104
1155,94
1488,59
810,91
1012,51
1109,1675
701,1678
1309,35
334,35
1750,1675
1919,190
1869,43
1761,1698
788,1654
243,103
760,59
1221,82
985,64
1707,33
30,1663
1033,50
1794,93
1858,62
687,70
983,65
288,1668
1615,36
158,190
1897,1659
1476,70
748,71
1281,80
549,50
540,1679
1013,37
1136,24
140,105
1601,98
1030,196
1425,1632
871,24
969,16
1396,1673
365,29
1343,20
773,54
1900,105
141,1676
1064,99
1580,1
238,1630
591,94
1864,1632
521,54
598,36
927,56
1154,108
984,1676
1501,67
113,1658
628,1797
401,112
1549,53
1932,131
1776,1797
1225,1
342,1659
1228,58
1322,51
499,1656
1399,35
1627,196
544,95
1885,110
1562,51
175,1807
40,1092
1473,86
1626,20
1072,1663
6,93
1683,71
1706,108
178,68
983,87
1726,107
917,1641
168,50
973,29
1570,633
1756,108
483,1659
1392,17
697,1663
1267,1693
663,60
596,1
744,138
322,32
1118,138
838,66
1983,638
466,109
745,1760
1371,84
345,1092
269,1656
1002,1639
1870,190
678,1642
421,1657
1330,61
777,61
120,24
743,80
1445,1654
452,63
220,51
1946,1785
200,1668
257,63
219,1654
1952,1760
618,138
361,99
676,1668
1711,1642
329,1693
293,84
723,1657
1949,87
1953,28
354,66
1738,96
968,36
145,101
715,71
465,94
1942,233
1652,1671
256,31
556,106
920,54
3,1668
1794,1668
1242,1657
1241,60
567,1630
488,24
1541,31
1523,80
383,51
735,1668
610,85
560,1672
258,190
1163,35
630,16
936,37
1365,1656
1129,90
981,1807
1664,1679
1759,100
1172,66
1907,103
147,69
1527,1678
905,17
1920,132
1957,1
347,1760
642,1670
1273,94
1255,154
244,24
1847,1654
854,79
747,131
1445,1656
1856,43
1010,1693
492,132
695,1679
1805,94
1879,59
1569,1632
1180,1671
1349,98
1154,112
1138,77
1414,1672
1067,75
807,1658
735,233
954,154
884,95
1107,80
206,71
760,101
904,53
1549,1797
1906,70
216,109
384,35
883,97
169,89
757,1656
1133,87
1406,79
1579,69
1962,71
1854,73
1160,85
278,196
1055,54
448,1797
1059,51
447,89
1301,1670
1153,42
1852,1658
1173,39
1156,33
1888,1693
919,69
1652,1
1688,1658
380,131
1685,1672
885,80
1475,80
1631,31
453,196
369,103
1201,1642
562,36
1009,87
1950,82
1553,110
1163,1676
1000,1668
1151,75
779,1671
380,638
1563,53
274,69
38,42
267,110
1949,59
1643,112
557,1
1953,56
404,77
561,70
1773,1667
303,35
180,1666
402,1668
1891,638
1485,1659
367,70
314,190
1218,86
1861,90
816,20
1187,103
1094,1233
748,233
323,36
1379,89
296,66
424,23
1902,1785
1740,70
360,63
724,1630
1062,94
412,1666
1894,109
809,132
1825,1642
761,131
302,75
1099,39
1004,1679
1007,1666
704,109
157,1675
724,96
1459,239
1973,1641
1499,68
1118,80
858,68
1960,1660
722,1665
1623,1785
669,60
942,138
1024,85
247,80
1155,119
287,51
1048,91
700,1660
1727,1679
591,97
1091,31
1812,37
1120,1667
712,1680
1706,1654
1266,43
1124,93
1181,50
1953,89
1919,100
1496,1670
1798,1663
675,107
1230,1679
350,101
1916,64
973,1630
663,1676
1956,65
906,1667
1948,1233
367,84
604,1807
417,73
875,1659
896,106
293,1632
937,1668
1969,91
556,60
423,119
282,239
1170,86
713,1665
1210,65
1173,59
1445,80
1850,1658
152,1679
171,119
773,1785
853,1663
835,28
302,85
308,132
1251,1668
1820,83
1766,37
1179,93
1917,1233
558,138
959,103
747,63
1621,41
1623,1679
974,1632
1971,86
1182,69
1458,63
159,106
455,85
208,1668
1772,90
1549,1657
246,1680
692,64
1714,95
1417,37
421,86
1662,1657
794,1680
1734,26
1180,1785
1015,1092
766,90
438,1677
1347,1665
297,105
1077,196
1066,87
455,1654
1896,154
1512,633
1201,82
1183,70
392,1666
1869,1785
1969,85
1367,1676
889,82
136,1760
1746,16
456,1693
1346,1666
979,65
46,104
1779,104
1798,1092
1833,58
1715,58
352,83
244,33
1685,196
1705,112
986,132
1249,1632
1343,64
1699,1668
527,23
1426,1698
696,17
914,56
452,101
716,108
864,109
1359,64
1238,1797
884,96
702,43
149,67
1114,43
569,1698
1347,1679
1753,1680
1916,100
338,633
125,53
326,1666
1289,1092
1130,58
518,1654
1911,80
1452,1671
1038,82
1647,1632
1210,101
1817,59
292,56
1509,23
856,1663
1149,80
1078,84
838,103
434,1667
1729,90
1803,73
629,98
1129,28
562,29
1611,26
1186,77
393,190
52,101
918,62
1215,1670
1954,70
443,154
673,1667
341,65
303,1632
200,1641
756,138
661,638
331,119
1957,1632
817,58
1081,67
527,101
692,36
38,1678
371,93
759,28
374,58
967,51
1818,37
1569,71
350,51
648,17
5,1654
1750,1642
557,73
1398,1665
394,63
904,1760
81,33
1260,1797
637,108
1745,633
1004,75
240,1678
1875,138
1251,90
1241,80
1634,1663
420,1679
1586,1678
280,1668
719,1693
1531,1797
1702,86
1408,94
1324,1654
554,1666
1199,56
761,36
448,1657
1155,62
52,107
383,1659
1735,1663
1091,70
745,1670
1440,1698
549,1672
720,1680
1892,1670
1451,190
1070,190
1224,1642
416,1675
1373,23
1282,86
1546,1
988,59
401,119
310,43
654,106
472,60
147,1658
846,56
759,131
1203,633
176,154
1260,638
910,131
822,33
825,1641
1456,1233
1014,119
212,53
1338,67
1913,1639
1109,106
406,93
981,1675
336,111
1905,1632
1280,103
582,53
1300,106
552,104
1431,58
1343,1632
691,1675
831,96
1515,109
764,69
1152,33
1691,110
1712,41
592,94
600,1657
1407,56
947,1654
270,35
1142,1665
385,97
1822,77
813,33
191,1693
156,94
199,24
129,100
589,1680
1254,1666
179,20
1046,32
1929,26
1528,93
1110,77
1244,105
967,1656
256,16
1049,1665
688,51
209,80
1476,20
447,42
1140,89
610,82
1622,91
1589,1654
1318,1666
1435,28
818,54
987,1659
1601,77
1085,84
918,101
497,63
1219,104
594,1639
1278,1663
1557,80
76,1673
1179,1660
398,119
770,36
256,1698
773,41
619,1675
1259,94
1762,43
1088,70
1364,1673
1134,119
361,108
1724,83
435,31
806,50
186,1
685,89
284,1660
1043,37
1208,100
1143,108
380,1092
1137,19
1962,68
970,138
1288,107
1548,103
855,79
1602,110
1911,24
1251,100
919,68
1952,65
487,70
1923,1642
660,62
832,69
135,1660
1499,73
308,80
1162,107
1515,73
807,1797
183,111
260,98
1437,36
355,36
1098,66
509,93
78,1092
446,1654
1719,1673
786,41
1249,71
292,1698
699,98
1697,65
1953,63
1514,37
944,75
1331,1641
715,98
1768,106
648,41
357,1679
209,35
266,58
1001,31
160,1667
1355,82
570,108
1008,1233
1804,239
1126,105
800,1679
1928,73
1602,96
1620,1671
845,103
1052,65
1452,17
332,190
1649,59
546,68
855,50
1651,1663
954,1659
399,24
1146,23
1327,62
1220,132
12,101
359,190
1564,91
353,1675
1111,82
1957,36
1780,1785
888,1797
1879,105
391,16
966,1654
1215,97
1198,43
1417,58
1734,41
598,109
799,36
88,1680
401,63
1913,58
189,56
1845,75
1774,99
1500,70
523,63
1080,58
1911,79
188,103
1012,1679
943,1807
788,24
1732,1659
1331,24
1601,138
623,100
1860,43
797,71
905,1665
414,1667
821,65
898,84
1125,51
1661,65
575,86
1755,132
27,638
982,60
1155,100
1465,86
345,41
402,96
1262,103
1923,107
1063,82
1761,1668
1558,1678
1270,1668
1492,1670
1681,1657
1405,1679
1188,75
435,73
165,80
1825,16
799,1679
1008,20
1007,196
165,33
775,66
677,70
508,29
1567,239
1295,1670
997,79
1097,1675
1740,107
855,97
936,111
610,26
313,138
1934,63
781,1677
1250,106
1270,105
298,97
773,1659
137,37
429,31
616,1680
241,1797
1218,1663
1512,54
372,31
1222,31
1920,77
1515,35
10,1676
1320,19
1256,59
921,104
595,1
887,71
585,59
30,1760
732,190
199,65
401,138
796,53
1902,65
1048,1666
1171,35
1208,1665
917,77
298,1673
226,80
155,84
308,638
533,29
308,1760
1375,1676
1073,56
1878,41
1615,80
1156,107
886,86
1748,1660
1606,1654
1528,1665
1625,239
1149,111
1726,1659
1485,109
201,97
332,39
1735,39
1942,1671
1465,1
237,94
1453,1632
1826,26
1512,36
9,109
1904,112
1281,633
837,37
1890,63
327,109
1822,86
1570,23
702,75
282,1668
1188,24
1377,65
1674,41
1913,119
421,73
1283,1665
716,1092
78,85
1527,26
668,77
1497,35
1686,85
694,99
236,79
1503,29
271,1656
684,77
812,26
299,233
1538,84
1920,1671
837,633
1724,1807
510,1797
1032,71
556,23
1011,138
498,75
1864,154
1536,1667
1774,1233
529,51
1173,96
837,1680
970,71
1609,1654
373,132
818,19
694,1670
621,1630
1176,43
914,638
911,53
1930,79
311,99
479,23
1037,61
563,1632
161,1630
362,73
345,23
1805,56
1309,51
1457,138
499,112
1883,82
1591,1693
1792,19
262,1632
102,63
1856,112
1208,73
1121,86
1157,112
1583,1666
495,85
27,77
1759,1785
1871,41
397,83
516,31
809,19
44,1654
425,1676
1695,1665
1127,233
192,59
943,56
1298,89
620,1671
607,239
1180,85
187,1642
1475,233
1237,36
228,86
356,99
1748,1680
1696,59
265,53
1369,1797
235,1641
1392,98
359,103
911,138
325,19
470,110
1193,87
878,91
629,69
1203,138
466,107
1829,66
1044,112
566,1630
733,39
473,43
1843,90
1972,638
585,112
948,60
1633,1670
1266,19
1050,138
1141,75
200,1670
1971,1642
277,50
595,43
15,1656
1959,79
1191,33
1734,99
1773,1693
286,51
1501,196
607,63
1436,63
1275,1
1861,100
1018,26
526,51
765,73
416,1656
197,1671
343,23
1237,69
667,107
1901,94
156,1658
289,95
1759,1660
171,31
1530,32
1348,111
895,86
1199,110
542,77
235,1639
620,239
1836,91
1010,101
1146,99
1971,110
1235,1678
942,108
466,93
1796,131
1048,65
220,108
737,62
555,83
248,93
1498,33
765,638
654,1657
1741,1679
1881,1632
1420,62
1167,233
1511,1233
1117,196
361,83
625,100
381,112
387,131
250,35
968,84
1652,1632
256,112
384,37
169,95
1453,83
122,89
195,101
323,56
712,89
434,109
1925,95
419,1667
1085,1672
1156,35
1695,96
295,23
1822,1670
261,131
1810,32
1260,239
653,23
252,80
1928,43
1506,43
1149,23
1229,95
825,105
1034,95
1054,26
756,1785
585,131
1030,35
1715,67
352,42
405,16
777,95
1405,1657
449,62
1936,131
1297,1675
1590,154
445,42
263,103
1798,1667
767,1659
1697,64
614,112
1333,1656
945,1679
1599,1797
1507,1
1369,32
694,43
718,1673
293,1660
878,1672
1197,64
994,39
580,70
1578,103
1334,1679
771,53
1288,233
336,58
1704,1671
231,29
1612,1671
1499,70
1707,1693
586,79
1265,1666
1176,99
1172,96
552,51
761,1679
1326,131
1492,111
963,1659
730,56
1543,64
163,99
1323,37
1495,1673
173,70
709,20
1022,37
735,190
1218,132
1553,239
334,107
1756,1668
1134,16
1596,75
1586,1797
1527,35
22,1668
1334,1663
897,84
614,1673
1436,17
1493,96
1024,1785
173,1785
1402,1092
1951,89
869,1
464,110
487,20
1850,1656
1545,96
1948,107
377,154
1428,105
1371,1668
518,17
1147,1641
1664,1659
504,19
692,1656
661,1665
754,37
1914,35
439,119
459,131
1830,1657
163,17
861,90
1711,26
385,63
1866,17
1151,105
1366,1659
528,73
505,1670
1084,54
270,24
1563,19
129,50
664,1807
1714,93
411,66
323,1678
1616,1671
1821,82
704,1679
1744,65
858,1672
1099,1658
1325,94
1345,138
1352,196
1537,1698
712,99
590,68
850,1659
316,35
1425,131
285,66
1334,71
181,17
1655,91
1324,41
389,36
1945,1663
1544,86
509,1675
258,23
221,107
1917,87
160,131
1543,23
1303,68
534,131
807,35
1769,64
908,1760
686,62
1330,98
1758,98
1354,108
305,97
1320,20
345,58
1833,73
571,138
455,69
183,64
1699,1670
1951,1785
1933,94
1950,190
1094,90
1098,105
399,1666
1930,138
793,37
888,101
7,39
1101,1671
175,1671
1750,138
1606,80
280,63
1457,79
1093,35
246,20
283,26
1446,43
1069,58
1284,33
1398,131
276,154
795,20
228,1797
1520,61
768,50
522,97
618,1632
1810,104
1404,1671
1726,1656
117,1632
1816,1092
184,23
1735,1675
1401,104
136,154
1560,1671
147,1680
1009,29
1309,32
701,1675
321,51
655,82
1191,60
1252,62
1750,1785
1221,95
671,50
1613,35
1500,138
970,633
1928,1673
611,31
1199,1670
1825,51
1311,98
472,1675
964,95
1814,31
454,19
1623,1233
984,58
693,1630
1837,39
1339,1092
171,50
1918,82
1119,93
1894,43
663,43
78,1657
1662,87
637,1632
1242,1666
446,75
1921,101
469,1092
359,112
714,65
643,71
579,239
484,1671
1350,50
1904,16
448,1659
291,97
365,26
865,68
385,1672
46,1679
264,93
159,62
490,131
1269,51
274,106
1112,1630
1181,71
998,107
749,69
1542,64
1484,56
1306,1666
257,83
991,24
115,131
778,1667
490,1673
1697,26
561,190
1939,69
1493,1667
469,1641
712,62
266,1673
1281,54
768,111
1109,104
774,85
171,32
1830,56
855,26
837,1665
1598,36
57,73
366,61
1072,108
939,39
525,56
1246,66
470,111
1411,43
898,106
1071,29
703,87
1239,97
1354,35
416,23
362,41
804,64
723,112
268,1797
1430,103
793,98
340,1785
328,119
310,59
958,1641
496,35
576,1677
1697,20
614,36
465,83
1446,65
1323,1660
1750,19
1308,98
277,1668
855,1671
1217,56
1224,86
1719,107
302,50
157,95
1652,62
1449,93
1913,1760
518,56
1127,1642
225,39
261,33
579,58
691,1642
1094,1679
1540,107
493,56
1219,106
926,1672
1705,61
161,1672
1814,1639
769,1693
1174,1660
1067,63
1215,79
1053,96
1181,43
1845,1680
1724,109
1781,108
329,1676
868,1693
377,1092
1265,75
786,68
382,1675
1133,84
1972,1668
947,107
838,1678
1454,1630
1974,1807
1777,65
1533,85
202,97
795,1672
370,85
829,196
836,1630
818,87
470,24
1068,77
1129,73
1611,87
686,1658
1850,107
1814,1670
143,19
790,64
1470,1676
1078,1657
281,1668
504,103
1442,233
1445,1670
1952,1680
1037,82
1420,94
524,107
1741,84
659,94
1563,54
914,1677
1557,1654
526,1092
253,86
200,94
1947,1642
608,75
1413,90
365,1660
1512,1639
991,98
826,97
1640,23
0,1785
1362,111
258,1675
1567,1680
1811,56
1669,58
519,87
1733,29
1555,63
1683,114
10,37
1591,1797
963,89
1099,75
368,1667
1783,61
92,1641
571,1676
147,132
1506,75
3,94
1898,111
339,86
1445,60
518,36
1035,138
1129,59
1843,233
1662,111
1978,54
1535,1807
1522,1670
1219,70
686,35
1311,638
1651,75
15,91
1047,62
1880,17
756,1663
355,84
1262,91
1044,138
803,82
1413,59
667,1673
850,107
445,59
598,99
1947,1656
570,1654
1928,1760
495,31
1127,82
526,111
524,1233
414,83
1066,96
662,1665
128,104
219,41
923,65
1132,1659
229,80
340,53
1136,638
1933,1639
1365,37
1259,1656
487,23
400,17
845,23
1287,64
263,1670
429,154
1156,1659
1070,1673
683,1785
1438,71
1118,65
1142,91
683,98
1917,53
1537,79
856,1668
636,66
915,119
1474,154
284,94
927,82
213,96
1617,42
657,1642
692,67
823,29
257,100
577,1797
1121,62
1487,1679
1912,1673
570,1656
665,16
1697,99
1184,154
156,1693
485,71
414,93
1365,70
1419,24
1014,28
1207,89
548,1632
930,39
909,1676
508,31
805,31
454,71
1072,196
1038,71
372,638
444,233
670,61
1367,1673
563,101
1947,1797
553,95
309,75
596,1807
1050,1671
1682,42
1349,1673
1023,36
437,1665
1010,91
979,66
137,43
503,58
986,16
1117,1668
1964,233
1900,1
814,112
1777,1660
1812,85
784,67
52,1
254,93
442,75
723,54
324,43
1852,83
680,633
1285,196
310,66
1417,84
902,1670
1649,1675
1314,1630
506,95
1101,1670
72,83
1487,1693
236,196
364,17
628,104
1528,54
1346,69
894,1665
604,17
626,633
1503,41
826,23
1085,1630
1640,97
590,36
14,1632
1409,28
1006,1666
1751,1668
1723,53
453,103
474,28
420,112
791,67
315,138
174,67
285,196
1228,1660
1174,638
1637,638
1749,20
756,1667
1611,31
1574,97
569,58
420,1658
383,1654
197,132
1084,100
1873,19
1212,17
145,1671
591,84
1291,1666
1491,90
264,63
1573,56
1687,32
894,63
1022,112
1285,54
129,29
1252,63
496,56
206,29
184,1659
1524,1
1178,131
349,1665
1750,1641
1865,75
1439,56
262,98
1976,66
1318,17
641,107
1599,96
1029,66
1986,103
1147,33
437,105
420,23
1713,24
901,1632
977,108
1113,98
1627,638
1576,1670
1454,633
1495,87
1921,100
322,42
1466,1663
1887,91
1300,103
1486,1760
271,103
275,96
830,1092
1436,1639
740,84
1320,98
1122,50
1711,94
1856,1656
1716,1630
1789,32
1681,95
834,83
817,41
692,53
381,106
604,70
715,77
736,54
350,32
1127,154
337,29
356,1807
729,89
878,1760
1345,103
478,132
1633,98
802,16
505,42
768,96
1324,109
1325,196
634,73
1885,1632
563,79
963,31
1581,19
1449,82
1692,58
1987,1656
542,65
265,59
434,1698
144,94
470,108
1981,20
1836,103
714,112
457,233
619,53
1742,73
989,91
1451,16
1681,73
1111,42
45,35
177,107
1443,1630
1191,82
514,42
1798,62
1266,17
328,233
1363,67
1990,108
156,89
799,95
1188,62
142,28
1767,154
260,1797
800,108
1906,80
989,1656
384,41
1161,101
1110,64
903,66
940,54
1884,1797
246,67
1244,100
1925,107
1466,154
1929,104
1800,1632
296,106
815,29
488,28
178,114
1154,1807
1966,1666
1770,63
523,196
410,97
1533,51
1176,154
1267,91
589,1233
1381,239
847,1671
426,97
211,119
1391,58
1601,66
922,119
1152,50
619,35
348,91
555,85
1377,1639
827,190
1950,100
1512,112
686,119
1648,50
709,62
1869,108
1027,89
531,28
1815,16
327,65
1478,1630
924,53
1960,29
1281,1660
1541,1632
1107,84
1289,89
1221,36
279,1663
931,1654
1171,93
220,1673
1090,23
404,42
379,1660
1429,24
1412,32
1911,100
454,110
829,82
1419,94
1001,1679
1062,32
1416,1630
1449,61
1287,95
539,37
834,1659
1800,24
1568,20
1307,56
335,63
1438,104
912,32
1964,16
365,94
1429,1233
1361,109
1273,131
1604,63
1829,100
1027,54
750,51
1525,29
1475,1630
1401,39
958,28
645,1785
1795,61
1765,93
133,1630
575,1675
1953,67
978,67
888,61
817,71
15,1630
992,1671
1936,20
1514,32
1720,1675
972,1698
1157,68
644,41
974,94
1510,60
1406,1673
1904,1693
838,1785
343,53
1268,70
1177,1
365,1693
519,86
1055,32
845,100
630,112
1163,67
741,83
299,64
1459,66
599,85
1830,87
397,1693
952,1642
1440,1807
1101,132
969,67
1396,1630
1361,95
790,83
935,196
423,1630
782,1693
1831,1698
861,70
1727,1675
1764,1671
1070,138
1899,1092
1772,96
1205,23
1208,1657
659,111
1124,89
371,119
1536,35
1738,35
869,1672
506,56
1506,1673
350,105
557,111
780,1656
1810,1639
826,112
1603,154
1362,94
333,96
912,1641
1893,1639
365,1679
973,80
1792,1642
987,1672
1908,100
417,62
1506,90
664,105
1823,29
1291,132
1822,1760
800,1807
856,1639
1438,53
1176,196
1964,101
1909,638
864,1670
648,1671
460,75
1185,1630
747,51
140,35
639,97
507,32
730,1807
697,80
419,108
454,1671
1182,73
1407,108
286,1642
52,60
733,109
1012,36
223,53
449,24
1780,1657
1617,41
1505,109
1818,1654
1053,85
1570,97
1260,1663
968,17
344,97
765,1657
1855,64
182,63
368,39
297,109
204,1807
175,20
1265,96
694,154
1942,58
1268,43
347,109
1436,97
411,1630
1633,75
1466,82
162,154
627,82
168,109
1969,73
560,41
886,91
705,154
762,93
587,1654
657,31
1780,61
1267,98
1602,67
936,82
480,1092
242,95
497,154
335,112
707,59
1516,85
140,66
518,1
1381,39
1198,1639
797,86
144,1760
507,62
1299,1654
1544,39
1218,1658
871,64
1005,100
296,638
1074,29
1556,83
927,67
1741,105
827,1667
1474,28
172,96
1653,104
1003,1654
695,84
520,82
1825,39
891,1673
1060,190
1426,42
607,103
1746,1657
1343,1797
691,56
363,91
1881,233
1578,75
488,66
127,19
389,20
1015,1760
1495,64
925,98
1213,101
1286,101
1239,95
1738,1642
1176,79
1175,41
1577,19
123,28
1617,132
621,1675
1465,119
824,105
1430,89
1822,85
334,36
1016,59
726,80
391,103
562,1233
217,64
1397,1663
1536,29
8,37
524,131
651,1639
1222,1092
1559,101
1171,50
594,1233
1418,633
769,93
1288,69
1308,24
1365,89
1740,59
1633,87
960,37
1113,97
1846,1675
329,90
664,83
403,41
1662,85
653,79
12,89
868,98
545,65
1780,1677
1048,104
865,90
524,83
1701,19
585,1233
609,93
1933,64
834,80
581,31
1319,1679
1464,71
1971,1678
1417,119
1457,24
796,20
853,101
1902,96
411,62
1378,1658
499,1663
1457,105
155,53
1514,106
544,84
323,65
858,1660
326,62
533,62
1939,1760
1444,638
1651,638
1106,35
1589,1632
1038,50
856,196
1767,1663
953,20
1985,39
150,106
1020,68
1082,59
1769,131
1795,1639
1708,42
180,50
1273,87
666,111
1735,1641
1151,82
1940,53
1634,104
1597,84
203,64
921,91
1073,1654
1664,63
870,86
428,61
391,75
635,69
320,1630
1745,68
18,87
1380,233
576,1679
1625,1668
46,1657
604,85
1107,54
1972,100
262,79
531,1672
1616,70
933,16
6,64
1496,196
942,1676
856,35
444,1807
1706,91
852,23
746,638
1723,110
772,1668
312,154
935,82
1770,79
1199,107
1122,100
1803,103
406,1657
281,100
1867,1630
1367,60
429,100
123,89
837,103
1047,20
1875,1679
1802,85
1472,138
996,1654
615,54
1042,1630
1441,43
1333,109
1646,1672
1851,1760
931,79
1798,41
716,33
807,1760
844,110
1977,58
1040,1665
911,1670
1687,85
1924,633
182,70
1182,1785
404,68
225,1675
78,23
685,85
283,87
1389,1667
950,91
402,1679
1033,67
718,39
148,65
495,106
1258,56
1133,82
1315,51
1372,32
1615,100
1483,111
434,104
755,94
1411,1678
1415,20
1403,1632
1059,54
1018,154
1740,77
1458,1679
285,105
1355,41
346,105
1102,1676
1056,138
1460,1672
1496,65
1884,58
1562,1676
1428,80
1968,69
1310,20
1475,87
549,1656
1499,77
1743,1660
476,96
1071,51
1833,96
948,108
713,91
1101,98
1212,107
370,1668
116,62
1370,69
1019,17
180,1641
783,82
1319,60
438,95
1346,1092
1383,35
1477,42
671,103
337,1660
365,1658
21,94
1734,66
1080,65
1336,43
826,111
1011,41
1129,1678
1885,95
937,1693
3,51
1419,79
1955,17
1629,90
1170,97
1766,93
664,28
721,29
740,1807
1699,20
852,43
1719,73
1442,23
1610,1807
691,239
1392,32
532,19
1007,1673
1432,97
201,95
1746,41
1754,1670
1550,119
976,109
292,98
1352,1678
908,84
815,1671
894,132
1062,1676
749,233
254,39
1251,1659
1584,50
1108,58
1309,1233
1950,65
1571,1698
1809,233
1612,1632
803,84
1155,1678
1963,103
273,104
879,1656
1586,108
7,77
1955,1675
1065,1693
1500,66
260,1663
722,190
1473,96
1572,62
1589,82
766,1807
880,36
1451,1797
454,75
755,58
441,70
1750,79
1184,108
427,119
1533,119
159,1698
1908,101
346,77
771,36
806,1679
573,112
977,1807
792,95
410,84
300,1678
358,1642
1010,1233
1985,239
1147,1642
1182,63
810,1659
1391,1797
858,83
490,41
667,1659
335,131
1956,1807
1689,1676
231,1092
790,1673
1306,196
1131,89
617,1657
1700,1760
1019,61
790,1656
277,119
613,1639
671,91
1596,84
1285,97
492,106
1033,24
739,59
722,33
391,1678
247,1630
266,75
1372,107
1446,60
236,103
1799,1656
475,83
175,132
1896,1658
1858,1233
880,82
613,1092
1452,1678
981,1760
1116,23
895,154
272,60
437,1679
182,1656
1492,31
406,154
500,33
1793,68
784,54
1852,1807
661,1680
510,94
1157,1659
1437,101
338,87
486,39
1779,28
1154,1673
1005,99
431,1698
952,17
1012,43
1990,20
941,17
373,1663
1664,70
102,23
1741,104
1542,91
475,131
1235,85
1181,17
1221,106
135,111
283,110
648,104
283,31
175,37
323,100
676,1630
661,84
519,26
957,83
258,1663
279,75
647,97
1497,70
1980,1667
417,104
1485,1693
552,1671
3,29
