1025,1679
1793,37
201,101
329,56
1988,64
744,35
1574,103
1559,1675
841,85
878,50
1091,95
832,1670
922,190
1115,69
1935,1668
55,100
385,24
1772,1679
649,65
1536,111
1312,633
763,111
1369,1656
1613,79
1543,1656
428,90
984,1668
643,1673
1626,1092
187,1797
243,109
48,77
839,99
954,97
1329,43
712,51
1616,91
128,68
1583,1641
1734,1679
957,101
777,633
279,89
1254,111
1684,1658
964,233
583,239
1456,1
427,65
892,1639
308,196
1275,1760
1257,59
1108,1785
117,26
1987,1676
1122,65
1432,89
740,86
1529,65
629,1675
1961,108
915,50
679,53
203,196
1789,62
1115,83
1682,1092
217,32
1266,29
514,86
163,60
534,29
1074,62
1627,60
1289,35
1363,36
833,111
1015,131
1494,100
1721,32
1117,109
226,112
1717,84
1135,633
1372,93
397,79
1177,89
990,86
701,1
1953,1672
1734,1785
1011,239
1476,35
1052,100
1328,106
1056,111
1699,77
1539,1760
946,1807
463,99
1598,43
532,106
1398,29
612,1666
653,64
768,1660
1652,90
1544,99
607,1639
1432,1233
152,1659
294,1632
338,154
1173,1668
1319,138
642,98
737,32
1769,19
1880,42
1715,107
887,132
1294,1642
1409,1676
1798,60
1484,1670
385,100
793,103
1331,633
1974,1639
1017,1665
192,1642
1188,56
676,1666
314,53
222,1760
668,62
924,80
1849,101
1504,108
1216,1676
1342,42
1932,62
1035,1678
1754,42
648,50
1725,1659
1854,65
772,1639
1570,1672
1258,70
584,105
1655,111
735,1666
437,75
610,111
1160,60
918,1632
453,75
808,86
1127,1639
1846,105
747,91
503,79
1981,36
271,69
1568,119
1771,1680
1058,51
416,56
1228,633
754,154
1029,1678
773,20
1384,61
1186,239
449,32
1856,33
92,82
575,1671
1073,1639
941,89
227,119
1279,239
1040,1666
1464,100
1542,35
1922,1760
435,98
1513,1671
696,1641
1579,42
1389,1666
789,86
1453,79
1278,60
1372,33
1066,26
1581,1663
0,1693
1507,100
1683,105
1116,62
231,154
1784,16
1581,1680
3,85
1823,59
1879,1667
191,66
360,70
359,54
757,111
959,73
1352,1665
180,96
898,77
147,89
1078,1660
797,239
1024,93
1940,91
287,75
830,73
1664,109
120,58
1424,28
251,138
819,1676
384,233
1731,71
1719,1668
1556,26
1573,1092
1245,29
1542,29
860,61
971,98
1164,37
1403,103
1446,17
1838,93
1986,58
1610,196
1311,39
513,110
940,1663
792,35
1345,83
920,24
1056,42
987,64
1783,62
1089,86
331,638
1163,69
1327,84
224,1678
1787,1807
1991,77
1095,24
889,1676
1796,77
859,138
589,29
1505,1660
1508,132
847,96
1217,1233
541,75
1718,51
962,32
675,1693
758,1630
498,1642
1573,31
173,66
1883,97
463,1673
997,1659
928,94
800,41
200,79
1218,51
561,106
1832,1665
1294,196
659,1659
858,1666
475,68
816,56
229,93
526,29
195,69
1251,54
1454,1657
352,1656
1951,69
210,1658
600,100
1959,638
553,82
309,70
242,43
1025,1698
393,59
965,1675
1754,1673
1128,1641
1682,70
1203,89
410,196
1846,71
761,1693
1950,33
1112,29
1276,190
500,67
1027,20
662,41
1037,1671
538,107
385,51
568,84
413,1659
217,106
864,85
1661,190
653,1807
263,71
1814,132
165,91
326,1659
903,119
1610,105
1040,71
1592,1630
855,1642
1564,1642
1148,1641
579,1660
505,1
1248,41
1915,29
1649,73
1612,91
360,1
1395,91
899,104
1952,112
336,26
1241,239
212,239
1483,1676
1307,20
1289,1679
1961,119
451,1672
1708,82
1105,35
1950,19
1681,112
376,95
362,94
911,77
1215,51
719,62
244,1666
1308,1641
1328,1693
1496,1785
547,233
160,101
1209,110
1427,35
860,96
519,1673
888,105
1828,86
390,56
324,1698
1300,1679
434,94
451,58
1004,60
1412,107
185,138
1767,35
520,35
830,1658
1626,59
258,1660
1183,50
597,59
1446,190
326,99
1006,1665
738,99
977,119
1476,95
798,103
1830,16
1816,638
1713,1672
127,29
458,1630
940,1760
702,1641
406,58
1149,106
1025,1678
1213,99
953,111
700,26
369,1668
1186,71
1793,85
1260,66
892,100
1540,28
676,19
898,53
225,239
524,95
1002,1693
1930,41
113,36
45,77
1521,190
934,35
1496,1654
175,69
782,87
1299,107
179,62
1121,95
1323,1671
648,23
1271,1675
583,89
1300,1693
1318,20
1952,190
1201,112
1308,26
1721,1673
1537,1666
1541,36
1542,1641
694,23
1599,1092
313,56
1415,77
135,633
1332,1693
1466,1675
1445,96
380,96
0,190
1123,154
292,84
610,59
1931,51
1609,1657
1073,1807
1129,103
1806,43
335,86
1810,86
193,1667
1735,131
136,1666
1813,59
1264,36
1621,104
254,1654
938,239
691,1667
669,77
604,1676
1944,53
185,1660
626,42
842,233
476,63
4,1670
962,104
1940,33
948,43
288,71
609,83
1805,51
891,35
267,77
1410,29
1985,1785
1007,633
333,196
317,53
561,33
1460,61
654,108
1317,1658
1121,105
1913,1807
1892,24
388,638
465,101
943,86
707,233
1740,1233
142,1678
177,1680
710,1658
1912,42
1640,239
1948,56
1951,29
688,138
1591,42
174,98
1763,1668
322,59
470,99
383,1670
1975,1693
1083,1639
1320,83
1653,1673
622,97
1299,1698
1321,1092
1086,638
1491,138
25,99
45,32
156,37
1323,95
351,90
1131,32
1242,37
1464,87
1820,1676
1692,1785
1602,1659
425,109
1097,97
1043,29
1389,1679
1503,239
873,82
1001,37
125,1807
88,32
1189,1672
1767,1673
1272,104
1683,90
386,98
1220,31
1647,1680
389,1667
1004,1698
719,1663
1974,83
932,56
590,1678
184,86
1855,1630
386,132
545,99
1990,1639
656,42
818,131
1580,77
267,1663
1220,1680
1322,1666
682,95
1215,75
1936,138
1866,71
1909,35
625,31
182,68
536,1678
751,1693
354,111
1882,71
1295,80
1887,1660
179,104
340,1658
1416,87
148,67
1586,1660
1965,51
338,1632
141,109
620,1760
606,99
1735,196
513,1671
1837,138
663,89
1611,75
1921,87
1591,1233
1280,89
1054,31
232,1660
1920,105
876,1641
515,239
915,95
260,104
479,100
873,1667
1688,100
395,93
394,1656
827,62
645,91
331,53
800,28
928,65
361,64
1746,633
1855,41
1619,1639
594,110
742,62
550,91
1599,84
950,43
1932,35
1453,64
1063,1665
681,41
330,89
1321,1660
1915,112
1636,190
676,638
1709,32
238,75
386,70
830,1679
707,64
281,1656
140,89
265,70
1280,87
1155,239
143,109
679,111
1557,1698
962,33
908,37
1478,67
1762,86
1870,239
385,32
847,16
727,638
394,1642
1208,1660
654,1630
1603,97
1953,82
463,1672
1539,19
528,239
1299,64
1616,1678
21,110
243,50
1907,1668
1690,60
822,112
681,138
1362,93
1588,233
1552,53
540,91
1776,633
1980,1785
1945,106
805,105
343,196
219,90
698,53
1936,1663
559,94
409,1676
855,105
1888,108
1958,62
1940,1671
1896,1693
92,1659
258,111
1072,89
1255,1654
387,1671
406,31
48,1639
1224,100
1810,1
375,196
852,59
1392,80
268,20
1682,1760
308,131
856,190
130,85
1381,50
1822,1654
797,65
1065,95
432,1657
1271,633
443,119
449,108
770,20
183,73
592,28
1328,1760
1921,1673
817,23
1873,1680
1117,132
139,1672
1000,1654
1556,63
303,95
435,79
492,100
954,75
971,1
421,32
1549,104
577,138
1576,26
1118,1665
1228,111
1318,233
953,1663
554,138
734,1678
577,59
1622,1679
392,1673
1688,1677
34,108
987,62
461,1663
874,638
529,73
1119,100
1817,50
1874,69
934,1642
878,196
1934,1
120,1666
546,98
342,1
1800,37
1931,103
375,75
1631,110
503,54
1907,36
290,1677
1108,233
422,56
1182,190
1628,154
248,43
1063,233
362,95
1674,94
1249,1657
1454,68
1081,58
399,1673
1529,1672
1527,109
672,1
707,1656
1188,103
1336,104
882,1656
1880,1807
1684,1671
259,24
1130,37
1421,1656
1690,131
886,1668
978,1693
1605,20
1951,56
650,84
1934,96
176,633
1820,31
1267,1673
581,1233
1020,35
507,80
361,1642
1900,1672
322,71
999,41
1118,33
451,1657
841,91
1139,1672
1799,154
933,1675
1468,16
1769,53
315,108
372,107
597,638
473,66
951,59
419,154
145,1659
956,633
405,83
1328,1676
222,1659
1043,1639
1980,42
445,109
559,1673
361,24
179,1
1703,1672
1781,50
936,1668
1602,1671
917,89
181,1785
1788,68
1093,16
668,75
1757,41
1958,1630
113,1698
1205,1639
802,26
566,35
513,85
1925,132
1713,28
366,69
1827,20
464,61
1241,89
859,68
1874,41
1159,75
1307,66
1169,101
1466,1659
1411,32
1142,26
700,41
814,33
1482,119
766,1668
1914,1670
551,104
1414,1658
1914,82
1091,79
1714,1654
924,190
1498,87
1337,83
178,1678
642,1
1434,101
1805,50
726,97
1246,1656
1063,98
1191,41
257,86
557,35
685,110
995,64
367,1667
1208,79
1026,42
1268,233
273,54
408,1665
495,83
1436,39
1353,1657
873,103
1648,1233
533,59
1802,1642
458,77
795,70
597,1092
876,1233
987,104
1156,53
1965,95
1220,42
1592,19
1756,100
1348,103
1991,1807
1978,154
1003,104
751,96
1307,80
1919,1657
1685,17
694,1642
530,1675
986,83
1176,63
1250,26
199,1678
1699,1657
562,56
52,64
1179,1639
915,66
1377,1641
375,1670
1634,103
1323,94
1715,154
1012,31
818,1668
135,50
1724,84
200,39
625,108
170,1667
1463,17
1102,633
1729,1659
1528,100
688,91
1935,29
1939,86
1248,99
570,83
1288,100
1272,105
1733,36
1844,89
1834,19
1690,233
255,108
1324,95
315,1233
1357,1660
1193,58
164,60
1568,26
588,1678
935,79
1253,1676
1495,119
639,91
1034,87
594,1630
1736,69
1347,36
814,61
743,233
784,112
565,111
1265,1641
1212,80
960,1677
1551,1663
393,1642
962,77
438,64
645,104
1647,87
1277,1693
1613,99
1835,41
1949,33
1353,1668
725,75
374,107
567,1670
240,75
408,1693
1792,633
1828,111
1298,36
966,190
880,59
902,108
1166,87
580,94
1096,1807
380,36
1156,41
1143,1663
1879,1693
1156,1676
714,1
1323,1807
1505,1632
613,99
1732,1693
1739,17
1574,82
1960,1654
436,20
1789,97
315,39
1718,39
1829,96
636,59
1022,1092
1048,85
1727,1665
1786,79
1822,1
498,1654
1702,1693
1259,69
527,53
657,1665
1621,1673
1963,1665
1255,17
1420,42
1756,1676
598,106
998,58
1299,53
1541,1630
1963,106
806,39
772,83
350,99
799,1680
1778,39
1269,1680
1473,107
557,138
444,83
1019,1693
1848,73
1369,42
1650,109
1120,90
1747,39
590,114
740,1233
556,70
815,61
529,108
413,35
628,1668
346,70
1948,19
6,1678
1273,1675
601,1630
1113,94
1206,59
1006,77
456,1641
1732,1667
579,29
1863,17
515,79
898,93
683,107
1128,1676
1516,1639
1222,42
1276,1654
487,1785
431,1675
254,42
435,1654
479,85
1756,633
966,1641
30,1679
1505,87
146,98
578,97
438,1675
1697,84
648,79
1956,73
1939,19
125,41
1778,1797
1268,33
148,96
1757,99
1317,1666
674,1668
48,1673
121,69
1905,43
1975,93
417,50
198,67
987,80
148,1642
1309,1667
666,1671
741,65
102,1233
1203,42
1139,82
2,105
1549,1679
629,1698
389,77
1425,1665
690,58
730,101
1283,19
1085,131
1954,58
814,107
636,95
1039,1654
208,1660
405,62
958,60
496,1654
1664,75
1498,17
528,79
1064,17
1501,100
496,17
1750,633
813,98
1536,53
300,59
651,1663
766,66
1966,65
298,1678
740,1657
373,1676
1460,196
205,67
1160,103
792,1
1605,33
795,28
1720,31
1405,91
1629,1233
1371,1659
613,56
856,1657
641,1673
399,69
1803,83
504,39
1705,239
433,93
569,51
1176,69
241,98
636,109
25,36
1826,114
969,1641
475,132
310,71
578,69
1494,95
975,1630
1932,103
1832,1663
1781,1668
158,42
1208,35
330,29
1700,106
709,1673
796,1092
637,82
1188,1642
1462,109
642,638
701,107
1476,89
1612,75
1837,64
1159,84
1509,31
150,66
522,107
1199,77
353,54
1796,17
1941,98
1200,154
332,94
214,94
841,90
1175,37
897,1654
1786,20
935,154
1104,1642
1715,16
46,1671
376,111
1226,79
1705,106
547,1660
270,79
1215,35
459,50
1917,1657
581,41
1353,64
311,1660
588,77
1927,1670
1359,94
517,71
492,58
1221,89
786,104
1467,73
276,80
1218,103
151,1092
1527,19
461,108
1569,95
465,105
338,1785
1311,104
675,138
145,1
1733,79
647,80
684,68
1493,16
1683,64
341,1677
1765,638
1837,33
1163,62
1220,37
481,26
1460,1698
1480,138
218,69
1585,89
1984,1642
557,1630
353,64
1662,89
1628,89
938,1654
615,1666
1957,131
838,73
1964,59
1934,1657
1146,86
848,99
624,1632
163,80
382,36
551,107
989,68
223,138
1336,1659
1583,31
351,86
334,58
1899,154
260,23
816,1657
1246,1657
934,83
421,100
317,51
836,239
729,51
1228,51
654,1670
220,1698
915,1666
1395,1676
628,73
1457,109
1134,1641
1039,69
485,104
1814,35
359,1667
1083,23
1008,37
1379,54
646,1665
526,1671
427,35
1014,79
856,89
641,233
1965,94
1891,1671
540,1639
1645,96
1385,108
835,79
356,106
727,101
1690,1659
731,110
549,43
792,154
1240,110
997,239
1314,35
1101,233
197,65
845,1663
1894,1658
590,1666
470,97
1782,1630
918,99
1594,90
1651,103
1318,1642
1468,53
898,23
1240,1656
538,62
1714,1641
1920,62
321,96
656,77
1285,132
1802,62
1805,35
666,154
985,58
1984,138
460,1642
722,85
7,119
1001,154
1043,31
122,239
1980,190
788,1666
632,154
1244,97
1284,98
1469,1092
128,35
1548,105
0,1666
184,1675
990,71
1053,1233
780,1665
1975,106
727,138
1449,54
1230,39
1716,28
634,100
542,37
1938,114
1561,67
511,1642
477,82
613,112
426,106
1203,112
1075,61
797,105
1136,61
1813,93
929,17
1554,1673
369,108
831,1698
1071,41
281,104
319,1760
1961,77
433,101
1482,104
898,233
1328,638
1222,94
871,132
1294,1659
1546,90
1547,239
1216,131
1198,23
1477,36
1423,24
1022,131
823,86
753,32
1586,68
1714,17
1272,154
1238,41
283,43
604,39
310,190
1989,42
1365,154
1019,1678
465,71
634,1632
1043,154
1244,119
1120,77
1392,1698
148,1760
1223,93
1458,1675
508,1670
1156,42
40,66
1287,90
1277,106
1919,1679
1005,1233
1855,1785
130,79
663,91
808,1233
1662,103
1570,1659
1149,16
1805,1642
690,23
1388,66
1796,233
757,29
1011,1797
227,1660
398,1693
1553,101
1152,1632
946,633
528,100
476,1654
715,1632
921,59
277,95
1168,20
923,1663
1798,1658
362,1667
1178,85
1070,95
1439,110
47,64
394,108
1171,110
711,89
216,68
197,633
1929,62
475,75
1375,1698
519,60
226,37
601,87
231,1760
533,96
1915,114
151,87
1773,112
959,1654
140,196
198,1698
1699,24
1296,1675
542,1
467,19
1561,95
1754,1666
1735,69
563,1667
924,1659
524,1675
929,61
52,132
1917,61
1949,1693
1532,29
1614,71
163,104
440,1657
1694,63
1384,28
1254,1654
139,1807
449,1
14,107
1266,32
667,1679
1832,41
1026,96
985,96
894,106
1063,37
1322,97
663,1671
390,83
1315,66
1870,1680
451,67
950,59
290,95
734,1666
1011,59
1754,31
449,1672
1059,73
947,77
430,1673
1466,77
1106,84
202,60
705,1663
445,1672
1806,64
670,68
525,233
546,110
1317,29
470,62
1485,65
460,64
918,1676
942,50
1712,26
865,39
481,1642
667,1663
1330,107
1651,95
177,37
893,1639
861,83
382,110
1549,132
1454,56
1132,1092
1728,41
200,17
1984,67
1384,1807
689,83
304,63
1154,63
1289,106
1035,1658
1606,89
1238,71
122,39
964,98
1245,239
1335,109
1339,86
1090,70
1365,64
816,41
1115,1679
1337,1657
1156,109
310,1641
383,109
316,58
1901,31
1116,19
535,1797
353,59
1755,1680
1483,1665
1300,73
40,1671
1864,1680
810,1641
439,1785
831,65
943,1659
821,91
719,138
1967,42
352,108
1492,138
1777,1654
1538,1676
655,36
488,1670
1541,1665
1483,633
1009,100
244,89
543,233
324,17
827,1670
700,1672
1736,1672
1842,19
1460,36
1336,106
1375,1639
458,196
115,93
1589,1
944,29
559,1642
122,41
1798,633
826,17
809,63
1469,131
453,1659
1572,94
47,1679
1115,1693
1239,633
1975,51
1905,69
1541,63
337,68
1977,1660
677,112
1483,43
758,101
902,53
356,119
173,1639
1405,108
1427,1654
585,1663
1023,67
329,83
1159,87
610,36
1220,71
439,1630
1167,1656
12,1676
1378,33
777,190
1664,1630
305,59
697,119
860,1663
439,80
1900,109
1758,87
1279,112
787,98
1011,1642
701,1668
1866,60
1282,93
1460,42
1443,82
1050,80
1342,50
614,51
1534,96
485,101
1876,1663
418,190
1875,36
647,83
47,1693
10,20
1359,1658
861,1659
866,61
1455,87
835,64
1533,41
859,70
457,16
845,39
494,239
1881,111
1256,1660
1203,23
579,71
1300,109
1068,1
147,51
1522,1657
117,1659
1554,1698
1293,58
372,1760
952,66
612,20
575,96
948,54
1027,99
1922,1641
1568,1657
1384,84
194,1632
980,1671
598,50
139,59
287,1785
1541,1654
893,1678
1377,107
1339,1654
1070,54
1623,36
722,96
631,62
499,233
263,154
266,138
1964,1656
1821,1
1325,28
1147,68
1989,53
1440,36
1885,100
215,82
1750,24
1626,26
1493,33
1555,26
1183,19
249,70
1777,94
1116,86
1908,42
1486,64
1469,24
1071,196
299,108
563,85
546,39
1726,1676
549,42
1927,33
1857,119
887,1678
714,1678
639,87
825,85
898,101
152,1663
186,1679
1940,67
1779,93
1083,1656
858,23
305,39
130,138
1933,28
483,70
1151,89
412,90
1940,50
288,104
1984,28
1103,1676
203,71
830,32
927,16
1909,94
1302,36
1363,54
1053,24
1036,112
284,1639
48,109
236,20
933,138
537,31
668,1693
1329,75
1815,1667
583,62
763,1632
1591,132
1421,1676
1244,17
877,1666
785,28
1834,17
685,1659
774,62
423,36
1348,87
1455,107
664,1760
400,77
1506,17
1850,96
412,138
76,31
1699,1641
1525,100
1714,1673
814,67
982,31
964,638
569,106
901,107
174,1657
597,1672
1298,1693
1084,20
1745,24
1081,112
1521,73
665,51
78,24
167,1639
1860,1678
1097,16
1460,28
1814,93
402,1672
861,1679
1133,77
1575,58
1779,1639
1415,19
296,94
977,35
371,1666
1827,83
1042,31
691,119
1301,1676
1706,54
1891,1698
646,103
1200,69
1592,1797
363,1667
1780,64
252,104
1651,1656
201,80
589,103
1568,42
1071,73
704,105
1314,68
653,96
322,26
451,1698
1084,196
1897,53
443,108
1080,1807
541,1665
1557,105
1910,75
609,29
1752,85
578,1092
331,1677
1853,233
1742,1092
1963,1667
539,1639
1403,138
1349,90
1353,31
361,69
489,24
217,131
472,64
608,66
772,93
1230,1675
665,61
371,28
1366,109
1575,91
1565,65
1737,114
1616,39
158,109
1562,111
1841,28
320,82
1975,73
752,1665
1924,119
1705,1675
1985,103
1858,239
1898,86
122,1657
869,104
599,83
1317,106
1212,1660
403,100
1146,28
1696,109
1421,60
429,50
1543,43
915,1
308,1233
955,1658
166,1641
665,1680
764,112
1243,85
897,1679
1347,1663
1343,86
731,1660
1840,1670
827,65
574,96
206,62
1126,1675
961,109
1460,65
1134,24
1737,1654
1356,50
1582,154
240,26
900,24
1528,33
540,39
1396,24
735,68
1400,91
205,79
1861,50
1538,119
452,1676
1376,196
751,196
1340,1639
590,66
168,101
1827,79
1080,1630
1720,19
1719,37
802,82
1851,85
1173,65
751,53
1110,1678
1625,154
542,112
450,56
1003,50
1379,1659
1971,51
1187,1632
1044,65
1907,91
1236,19
1623,1665
1950,37
1886,77
1064,132
1762,103
622,28
1708,239
770,19
1927,1807
1893,37
1802,100
442,64
1404,86
1774,1670
528,65
1311,1676
371,75
444,1663
1460,87
1832,24
967,65
1085,638
200,97
1322,80
1378,1630
44,50
1457,85
1576,29
158,62
88,108
1653,17
698,83
1910,1760
953,1660
833,1666
981,1658
1538,73
1348,24
198,1679
712,1092
386,41
1588,24
1163,101
1082,31
801,1672
443,41
1240,53
1846,85
690,42
797,80
892,82
251,90
821,90
237,99
897,1658
1468,29
1009,138
1394,63
454,1658
1930,35
1731,132
682,131
1573,63
598,23
1617,29
1980,23
550,138
1856,109
555,1660
517,83
574,28
1093,154
283,101
139,111
1463,56
1872,109
495,56
1167,94
122,54
1356,1785
1759,1676
822,83
661,95
1150,39
1811,107
501,82
337,1233
309,53
556,26
920,70
1455,64
1713,112
185,104
1193,98
825,56
1964,71
147,36
164,100
1860,112
776,638
1635,154
15,101
1158,37
1921,1657
249,1663
1935,1667
983,1672
1155,75
591,93
1934,1679
1181,77
538,75
1823,1698
1316,94
341,56
1427,53
696,41
1637,68
1339,1659
230,1642
924,73
1703,89
819,1657
1103,39
1011,119
189,101
1777,1092
1686,98
1819,1679
1288,75
937,99
1415,56
647,82
580,119
448,80
1186,1654
1144,138
1052,19
543,1672
1649,105
530,1797
1709,101
536,100
226,1760
314,1630
1571,28
1956,1656
1085,70
275,105
117,1658
1732,41
1971,29
946,1656
726,154
1850,60
1214,1233
237,71
538,42
1498,82
854,62
1064,110
1232,138
595,36
870,94
267,65
632,31
833,98
1866,190
179,16
972,1671
989,1663
1406,94
1298,63
324,1666
379,1641
1636,1
1929,103
181,1657
805,1673
1469,23
792,109
722,1660
1532,1657
677,1672
839,1641
1429,239
971,1675
1585,73
1925,1785
1730,1785
1253,60
1755,1658
1245,1672
1179,1656
754,101
183,29
1344,77
1583,190
1987,107
1442,1632
1498,36
1279,23
1191,75
1943,70
951,24
1801,1657
921,93
799,68
1246,1641
536,1668
191,638
1906,75
1504,97
628,89
152,60
775,108
1382,70
563,132
765,64
582,638
947,101
1172,1642
639,1659
1507,1673
1140,60
334,1667
1055,53
289,86
346,97
1730,95
1695,1807
1587,1678
714,26
1267,32
1140,1092
146,1630
386,17
169,1671
1842,1642
1169,70
235,1630
231,65
1907,112
1540,83
1540,1679
1008,1666
1839,65
1146,104
764,1665
908,61
624,1678
1705,37
1486,1654
1125,100
595,83
1273,1233
1828,1679
1205,60
102,65
1210,1660
988,98
1087,56
1215,119
1353,108
988,17
900,37
1697,77
648,86
317,85
826,103
1692,1658
1917,1807
357,1667
1183,97
1187,98
880,62
1321,1654
424,20
9,638
728,66
1116,59
508,108
606,103
1874,107
791,19
522,94
1934,95
1918,96
285,20
1779,1668
1304,36
1068,69
1367,91
1702,154
927,1660
932,42
1892,1660
298,16
1330,69
1718,58
1846,239
1701,82
1492,98
1900,39
166,1660
1971,71
382,112
1181,132
1015,82
173,75
527,54
1761,1654
412,1233
1377,23
1843,1668
888,68
446,1660
981,95
524,1092
1959,106
786,31
1892,95
169,39
1531,33
1221,31
1743,190
1925,39
1818,99
607,26
474,1666
923,75
836,66
671,131
1430,638
990,33
1287,53
920,29
634,23
413,32
1762,1665
1908,29
494,53
351,638
1822,1785
1096,37
232,100
1516,104
272,101
1159,1760
864,1679
1452,154
1129,35
859,1642
422,16
1111,100
905,58
288,20
1691,82
435,1659
1950,75
388,23
1795,16
568,75
1046,138
605,90
260,233
337,1632
1563,1657
1450,56
1021,1233
1910,633
1036,154
1386,83
926,54
1905,95
694,50
417,70
1893,1632
1008,111
1375,132
1159,109
647,1671
776,1642
889,77
546,108
1065,50
1102,73
1550,75
133,36
565,33
1118,73
697,89
2,23
1360,1665
476,66
352,80
905,36
636,90
1445,1698
1926,51
661,1785
770,16
1752,50
1722,1632
1174,73
1876,83
1714,82
1951,1667
1734,17
1942,66
1712,1663
1709,1785
558,1657
1916,105
1238,69
1039,28
853,41
1043,89
1427,1676
414,69
290,111
809,51
1272,53
387,101
1844,109
1426,66
255,80
461,1659
1878,132
940,132
1592,109
319,89
157,110
178,53
1427,1642
380,89
1874,65
1837,75
724,24
1331,112
618,1639
1495,75
1729,69
1270,103
1478,16
892,83
136,1658
1299,1663
1048,19
1303,95
1661,105
847,67
301,91
1832,233
1333,62
783,29
620,1233
1109,1677
1309,37
496,1639
1404,101
1096,1678
428,98
1834,1668
1282,73
324,19
947,1670
592,1641
716,103
1359,85
1627,71
378,42
394,1693
1892,97
401,17
917,83
1896,100
940,84
903,96
1244,138
1446,32
1565,54
453,1657
424,93
1920,1667
691,1
1633,94
1976,154
1612,70
623,29
1927,63
1931,56
460,23
377,1641
1167,1658
1015,1785
1887,93
1378,63
493,89
447,1676
744,41
1557,63
251,107
547,1680
1910,1
1712,56
183,56
1364,109
1954,93
1005,79
608,1671
938,24
442,101
1755,107
1573,32
1423,51
1560,107
803,100
1104,103
2,1639
992,59
1128,109
631,42
1882,154
961,90
1554,633
1576,107
1172,638
1742,1670
1046,19
658,26
152,33
1329,190
1315,1675
137,1642
768,106
1545,36
475,1672
623,1678
919,39
778,31
586,1092
1723,91
1119,68
845,1785
1127,1657
707,28
1763,1693
1981,26
1987,239
115,1641
336,138
1421,67
174,196
965,71
1336,1679
551,100
419,63
128,1670
662,105
1054,69
837,29
159,33
452,61
1745,50
442,119
1271,1654
998,96
1204,1675
139,61
1333,131
15,1660
817,33
1022,106
748,1663
865,1641
553,1663
1586,95
776,112
614,80
1845,24
354,68
618,31
1576,89
592,638
680,1654
553,1672
367,32
1406,95
1960,1233
1978,1680
441,23
1183,29
444,36
1852,1642
1541,17
1237,42
127,60
399,59
1696,53
495,1698
727,1675
542,73
1028,154
1729,51
1085,87
493,61
935,42
1590,106
770,41
1987,106
1571,1665
1042,1639
1903,70
656,64
565,138
1506,1656
1919,70
1832,66
1563,1678
1245,51
1798,1693
1479,1659
1764,239
806,63
421,19
1127,51
867,63
1221,58
1775,1671
618,1
303,19
364,99
1838,75
1490,77
1550,1663
775,111
581,1670
1978,1698
1412,58
614,1656
495,1092
209,77
484,65
917,1679
1964,1678
623,1698
1326,1785
191,90
746,633
1886,1663
772,1667
1449,68
346,17
1414,108
522,60
503,69
549,1663
1392,138
1207,1233
1607,36
126,1797
160,196
569,104
509,239
607,1760
769,638
1273,106
1752,73
1145,1675
1884,1630
1611,190
391,33
449,58
1209,56
1761,1659
819,1668
951,105
955,106
371,99
1353,19
1741,42
695,100
435,104
1284,1641
1860,1672
424,1665
467,1233
451,104
1744,97
418,99
897,70
444,89
1311,63
1019,1667
1774,61
229,35
1479,99
1426,109
1049,68
1507,106
148,63
631,1672
1951,111
151,66
856,56
285,98
1958,23
1207,239
751,19
1123,90
1031,61
292,20
1592,51
944,1797
906,1092
980,89
1153,87
124,61
1780,66
1068,70
1196,19
768,1630
1280,94
898,71
1769,96
254,1665
1364,54
483,23
310,1092
227,26
962,91
160,65
509,82
1430,24
435,1693
1881,1656
764,1654
1755,83
1647,97
1704,105
1494,37
253,109
1413,65
934,108
1470,50
1127,87
944,70
1653,59
1143,119
1895,82
1808,86
1612,1092
501,106
10,91
1187,19
1686,43
1136,633
163,1797
994,61
902,82
1773,109
299,43
726,1654
566,239
707,71
1204,1807
706,1678
929,65
1796,75
451,1797
1003,70
1506,51
1968,106
811,37
1509,70
976,100
135,1639
1283,41
1661,68
1111,103
673,53
1957,41
202,1639
1488,94
715,1666
1661,53
1112,132
1494,196
1296,59
1973,233
199,86
1145,60
793,87
1403,154
799,41
766,84
1519,638
452,132
384,108
1619,1656
368,33
1825,19
833,41
1845,80
893,79
1376,87
164,1639
1804,1
407,107
1039,190
781,154
548,1659
288,1639
365,1671
1419,1678
1787,94
1348,20
949,239
624,80
863,1671
309,64
1141,1659
647,1670
393,61
124,65
1800,60
1964,93
1124,1666
1341,132
1803,89
225,84
1682,64
137,32
1910,58
572,54
1843,111
526,1807
1535,35
405,58
446,1678
561,1632
489,105
1410,33
695,41
992,16
113,131
704,1642
1862,91
1973,108
671,64
799,31
1596,83
183,1630
1549,99
226,85
1439,79
711,62
1463,85
769,73
1268,51
1737,108
928,1660
1700,96
1633,67
255,83
755,17
1513,93
1334,93
842,29
644,1665
165,1698
1324,35
1341,37
1402,53
818,98
232,65
767,69
1519,64
1618,59
1006,109
2,119
1606,1666
557,1671
249,1666
1448,68
686,68
1809,61
951,32
327,112
972,107
146,51
8,80
894,58
1427,41
327,1
1623,29
776,85
961,79
1168,97
1596,97
1194,119
1091,1797
973,1654
544,64
1266,1657
454,31
826,28
511,90
937,119
697,1676
1183,56
1740,61
788,80
1911,36
526,1630
1042,101
1502,107
1017,35
300,1641
342,20
1300,90
1357,87
1965,1666
439,60
1607,77
616,1673
1234,1673
1469,1656
1914,77
1587,33
834,39
1101,35
547,1632
479,1679
422,190
1454,91
1238,132
462,97
227,82
1204,1670
1960,60
1961,1797
203,1785
1894,1807
517,67
662,190
704,1654
1562,131
492,69
1457,1667
1717,75
1865,114
1593,85
229,28
301,1641
1315,17
1764,42
1086,58
1180,43
1130,16
923,50
193,1659
545,1678
1901,1797
1706,111
1390,1676
1817,96
917,1642
1523,67
627,54
899,61
1837,29
189,1657
1866,1641
483,1656
674,93
624,106
218,65
643,32
939,35
993,1679
653,71
1028,1657
231,95
503,96
184,64
1343,138
1438,154
466,108
619,62
1061,43
935,132
1475,1663
758,1641
1509,239
945,26
1409,1675
1207,1656
1633,1665
1270,1630
277,53
830,53
578,50
334,62
945,107
1543,1639
971,65
1524,233
723,1654
1289,36
1906,87
236,33
1487,1656
256,111
1305,100
1009,1673
1493,1673
451,28
360,1639
162,89
424,58
182,1807
1217,36
295,100
904,1641
232,28
1923,1658
936,36
225,35
1314,63
1739,104
710,106
144,87
1125,239
1054,37
1824,1092
229,1660
545,107
177,17
490,104
113,105
1568,239
958,105
281,19
1404,41
1611,131
1226,111
877,1233
881,108
574,89
1309,26
1867,1670
1427,83
72,23
1417,105
576,1671
1346,1
1895,1668
1476,1676
1500,96
1875,84
382,1671
1382,68
1972,108
923,97
1422,69
583,59
587,60
1008,87
1091,1660
1720,108
617,95
249,85
822,1642
680,1667
185,43
918,1659
369,1642
852,31
653,26
1392,60
1102,97
847,1678
831,53
1705,154
1850,111
582,19
150,239
242,1092
1139,1657
183,109
514,53
951,104
388,1680
385,79
1557,1642
1302,53
1450,66
331,138
1952,1658
465,42
246,59
618,112
906,1680
907,95
587,93
1020,1672
1305,64
1838,90
1507,28
816,19
1593,131
472,1663
1214,1807
883,29
937,79
458,106
1592,69
1099,87
1360,1657
1357,1641
1898,99
773,1672
671,1665
595,638
1941,53
730,1665
1006,68
129,1680
1803,60
1398,112
1662,107
1388,190
1420,1630
197,33
1601,43
1158,80
1344,60
1010,138
1697,1656
133,95
1971,73
396,1671
291,53
246,1665
1064,58
310,98
442,26
223,105
1077,66
564,43
1373,65
1835,26
1728,112
805,1659
1093,66
1791,63
1915,1660
1650,23
1177,1797
148,95
1989,24
280,79
306,73
1268,79
1234,43
1841,17
441,60
442,633
1184,86
192,96
1723,1785
628,1665
238,77
1052,85
1436,1666
1530,75
1385,62
1645,50
1938,82
859,131
842,73
1199,23
1112,103
1129,33
1041,93
214,37
551,94
1747,1785
793,1698
133,65
1830,1658
982,62
1669,1630
469,89
1155,98
163,108
1175,1233
1420,70
1664,114
1081,32
568,77
881,58
1413,33
880,633
1585,1658
1842,107
702,56
742,1671
1336,82
273,96
457,1667
1399,73
1832,1672
796,84
1500,90
359,1654
1707,82
1376,104
1925,23
198,154
1589,90
1972,86
449,1676
1278,67
340,63
1686,58
430,1677
805,19
1109,69
498,41
1295,1668
198,1680
1395,82
1072,95
647,1665
976,196
1257,85
1715,1671
986,101
1581,82
1344,233
150,42
1753,67
137,39
1833,59
1559,1663
1105,42
1587,196
1437,107
249,1632
545,19
1924,1667
806,154
364,1673
1929,633
116,26
1289,1632
1037,108
156,107
1960,65
931,1
1748,32
1627,1233
1743,239
1356,35
1821,39
298,1675
421,42
974,16
775,33
280,60
544,51
1956,100
1087,1654
715,58
330,20
1073,58
1422,61
1958,1671
963,63
1116,239
1062,119
1521,633
144,239
358,1677
127,20
1506,101
1268,1092
1267,1665
167,23
1933,1760
1863,99
157,29
821,54
1089,1680
865,196
207,61
676,20
1801,633
1910,53
551,66
897,1663
1735,1678
1988,233
1390,71
713,105
341,66
159,79
147,1679
881,85
405,75
1276,58
1224,1659
1169,1680
1684,17
1687,36
1815,83
1359,87
203,62
830,233
559,1665
213,233
118,62
1167,91
1737,1760
1043,105
559,1654
1794,93
1495,638
471,60
769,90
1552,23
957,107
332,1656
746,1656
584,71
255,64
437,109
1911,39
774,100
1699,89
728,60
1499,239
1687,1654
181,104
406,61
889,111
1061,1667
1568,85
350,1678
1307,1807
426,16
1336,1667
1411,73
237,82
365,29
364,1630
163,1693
297,1797
739,1658
1852,132
294,106
666,131
904,138
405,93
441,1676
1204,1671
568,119
230,1641
600,1672
1902,95
1002,138
1818,54
423,1092
739,95
967,1675
159,1630
1265,59
547,1092
620,1654
1335,77
587,19
434,75
347,64
1011,233
226,233
391,1659
30,87
1869,1680
508,53
1432,131
1808,1658
650,64
409,1660
1049,190
934,1672
646,28
335,95
1371,39
878,85
271,105
9,58
764,68
462,1642
1354,36
965,69
1691,111
1839,31
794,95
777,61
1330,61
834,54
1532,65
1634,111
163,36
456,58
459,39
1970,109
1016,82
1349,112
1810,1666
687,1657
1479,1671
1178,104
772,119
812,1092
421,111
618,29
672,35
1521,50
1818,56
364,111
611,54
404,24
499,154
465,94
1761,50
324,1677
639,1654
712,41
711,19
1468,1678
1800,1660
1415,43
886,31
687,90
158,154
1689,190
1763,131
1213,190
542,60
1647,1675
463,107
1991,1797
1888,42
1719,110
608,638
808,80
1927,29
721,79
1199,108
1717,633
1863,53
1017,62
12,64
982,1658
989,32
184,79
497,56
443,68
1705,56
379,60
130,1658
199,233
538,59
1111,60
1646,1671
358,32
1869,112
1445,1656
468,1632
1832,68
1464,94
307,41
1764,233
1043,1673
129,119
1732,1233
1171,89
1528,106
1453,85
1072,1676
122,91
1027,1654
1265,39
1712,1672
1177,51
718,77
1312,112
617,94
447,89
734,77
369,1641
707,109
980,85
781,36
76,132
885,80
1367,70
1021,1670
1858,1693
1564,68
970,1092
551,1807
1219,87
1024,71
429,91
1957,51
541,1675
1518,65
382,69
1982,1630
1323,53
1950,82
1037,85
762,633
779,1671
659,1673
203,105
1528,154
1423,103
1481,36
527,82
1687,108
267,110
1600,62
911,1673
971,108
628,59
811,1671
1835,1672
1117,73
307,1680
658,110
1020,1673
1690,35
52,1663
1432,1657
1848,65
1294,99
1094,1233
1209,1673
674,1658
570,111
698,24
438,633
1106,109
990,58
1122,1670
1801,77
521,1679
1844,53
1595,1807
1757,138
820,1693
57,1
1952,94
1716,239
1921,63
252,100
1985,26
275,39
535,43
577,1659
1375,1092
1162,1785
490,58
1839,80
439,103
922,79
645,1630
1447,109
1727,1679
761,1658
1257,1693
1441,60
1141,51
1764,1642
223,104
1915,1678
227,109
887,17
671,110
1154,84
675,107
1123,1641
22,1670
1346,98
775,60
1043,62
658,96
1376,91
1767,1
1183,80
1133,59
1244,66
306,70
693,1642
6,37
249,112
494,56
332,1797
1762,1807
1023,53
164,94
1071,91
1732,1673
1735,64
1974,54
210,1698
1141,1673
352,69
500,69
9,114
1226,35
982,63
234,41
1890,26
1517,1654
1316,1693
1854,1807
595,112
558,100
1094,106
1229,1659
692,64
1558,1673
1328,1656
482,68
1704,89
1244,1630
625,60
1008,132
22,1680
1510,85
796,85
1077,196
1335,26
179,77
839,17
450,1679
220,1639
402,638
644,1
1381,1630
540,82
581,1642
1811,83
712,97
875,1641
491,60
1295,1671
1592,98
178,62
732,633
529,1668
1264,1639
936,110
185,80
1806,69
117,59
1516,89
1499,51
1002,633
1795,638
1371,1680
215,1666
1730,1677
1746,16
268,19
821,35
1274,103
1549,1673
958,196
1699,154
905,1676
1354,31
1742,28
1798,1092
1981,82
1142,86
1293,112
1115,112
1316,1667
1016,41
1938,1632
1477,100
887,68
1427,29
1731,43
480,1676
1559,91
1501,239
1484,105
1231,58
156,1680
526,68
454,35
1861,32
1312,73
815,110
873,19
1421,1663
984,42
513,66
1783,101
553,59
1237,1
710,131
987,1680
127,23
1196,80
1694,633
1199,69
1643,1785
650,60
941,1665
821,53
1850,1665
1729,90
1414,42
761,26
1458,80
1846,41
1739,33
1744,1657
1890,79
1122,37
365,42
76,35
1471,60
520,633
744,77
288,51
303,1632
716,19
1268,1632
1074,19
1957,1632
490,1654
1444,97
270,1698
765,1680
381,91
290,154
951,83
1087,1665
1623,31
230,1660
997,1671
72,94
368,79
127,1666
594,63
494,1641
1650,42
1208,41
1636,105
989,1672
458,80
44,1671
1011,26
279,66
1116,79
1868,68
1979,75
1189,1659
1089,107
168,69
1573,1663
1222,1639
1940,1698
889,110
948,1807
12,1673
1162,69
1607,79
908,103
673,112
1779,68
804,80
1144,1785
1343,23
1091,70
1364,104
1440,1698
230,112
1979,1693
1249,1676
223,19
581,19
1174,104
1285,59
1339,1663
460,1660
631,39
1221,67
547,108
1581,633
751,638
1524,20
577,111
494,1659
262,89
394,33
768,1092
660,196
825,1641
1456,1233
1849,1630
1720,82
548,1679
1415,69
1109,106
1879,1760
798,89
359,23
1638,73
560,1642
1567,71
582,53
140,24
1082,63
144,91
1428,39
918,107
1607,61
409,73
1355,1642
1945,638
1547,104
49,35
234,97
733,89
1879,36
1114,110
816,1663
1084,1680
971,67
1717,42
172,62
394,64
175,83
1600,66
786,84
280,103
967,1656
1889,100
805,89
1981,1698
1093,1632
1716,101
889,1660
1156,60
1912,50
1075,132
1114,1698
727,99
954,1639
164,53
951,1659
403,65
244,1233
1526,95
1341,89
870,1641
582,39
231,79
1636,1670
1981,41
1489,65
115,1656
1590,105
858,16
569,99
15,69
741,1673
665,1630
1111,63
120,39
1094,29
558,63
1141,94
1397,196
331,1
193,32
1081,105
732,101
665,36
1916,61
685,89
1899,31
1613,1679
1332,94
48,98
175,97
1335,35
307,89
418,108
240,84
1661,633
648,59
1453,84
195,98
1375,41
511,110
1507,97
937,67
370,196
1569,1092
444,53
745,16
1223,101
1120,36
1730,91
273,1233
1175,1656
1251,100
382,1639
1733,1092
1406,1658
834,1660
1741,633
1655,23
164,59
690,31
1280,67
1723,233
801,96
1870,104
1008,1670
1621,20
1954,31
1458,24
1543,83
938,90
901,86
509,93
1546,68
92,43
1893,107
1037,1785
1694,84
575,1678
832,1656
767,1656
1154,67
1479,1642
695,97
1772,1641
425,71
1576,56
729,17
1703,111
1157,71
1929,54
255,1679
1932,37
647,19
577,69
313,1632
376,1666
409,1807
1244,77
1120,67
1871,16
1122,1671
424,24
1281,110
306,36
1669,77
1334,1678
734,60
954,1672
1585,24
1110,1639
1898,97
1588,51
1648,1656
889,1673
506,633
954,1659
1638,103
1065,107
1229,82
271,82
626,233
1522,1672
224,131
868,62
443,99
743,20
396,1665
305,70
1005,131
1447,108
1081,1663
683,131
1291,1654
1387,1
585,31
199,93
1359,111
1087,42
1842,119
901,233
904,67
766,41
712,1760
1453,39
1218,54
663,1679
782,23
678,100
1400,82
525,1807
1196,1092
1140,28
1823,131
464,109
249,119
1247,71
386,94
174,33
1374,94
456,1680
18,1675
312,64
976,103
404,1680
939,109
1203,82
135,1632
1495,16
1314,83
1973,1658
858,87
697,83
291,84
1547,35
1256,190
900,1676
948,68
469,103
163,110
1728,1654
421,196
1165,131
355,64
213,98
820,62
1706,1657
1852,67
164,1676
1876,73
1218,1807
948,154
1521,104
722,37
1110,26
1845,93
1021,119
1871,71
1177,111
1799,1660
1197,20
1821,196
577,33
1170,54
1975,37
1207,95
1317,1675
1340,1660
1180,99
464,91
1827,114
285,67
1912,106
1469,91
1398,35
539,26
339,112
1990,1675
1020,23
1725,138
1112,119
1475,61
137,37
1357,1
1303,69
1732,83
369,60
1253,112
1024,50
1279,90
622,33
642,35
810,87
1109,1671
296,1797
763,93
1481,96
827,1678
988,80
1966,1797
1198,71
1970,36
1474,1
1862,94
482,87
1228,16
414,62
1521,26
1821,37
1550,1675
1829,1642
852,1654
670,1807
1778,66
1245,233
1397,1666
1288,84
1069,59
1419,20
1386,65
696,1675
1318,112
1396,154
990,1
556,33
1823,103
600,1233
1296,1630
835,106
1407,1676
123,1680
787,633
899,83
1368,64
462,1693
1702,37
1850,1678
1432,71
1179,56
212,1675
1557,41
1790,1639
1256,154
1364,91
905,90
1514,1630
1758,111
501,1679
1688,39
156,196
1084,106
1141,119
1893,82
1775,82
1909,114
456,111
554,66
1146,1678
924,112
1188,111
1299,100
766,119
1356,83
627,1807
1271,96
1218,108
495,71
1824,1663
1865,69
1920,638
562,1630
1575,104
732,1670
451,37
1709,1656
1325,67
685,1678
152,70
137,1660
377,103
716,638
1032,71
1713,26
1790,24
1113,28
1612,66
1462,23
1833,1665
1581,35
1712,1092
1342,1667
293,1670
1770,108
352,1676
1790,107
1511,638
1941,107
1414,37
1350,61
619,69
565,1
433,64
1048,101
419,53
1183,633
1407,53
1064,101
1620,154
1057,90
1741,16
1266,112
1637,79
186,106
1842,63
1310,633
742,111
1283,1679
1580,1679
1781,58
1389,1698
583,80
1466,138
733,1807
387,69
1476,39
745,59
1976,61
505,36
930,95
144,190
982,1676
1251,75
189,1654
1555,131
979,1632
268,87
731,105
1820,101
366,60
316,1663
664,94
1585,82
420,106
228,37
1495,107
1264,93
1652,94
1379,1672
201,29
1840,96
669,68
1243,99
1120,1660
1448,35
1447,85
224,89
1236,66
1976,1679
1705,93
1634,109
92,64
203,79
1842,94
405,109
1474,196
102,41
1977,43
1337,196
1359,53
329,1667
665,89
1384,233
903,51
1403,71
1773,1693
250,17
145,91
1271,68
1218,112
1418,1672
1569,98
1936,69
1329,83
1041,1639
1189,1677
1023,1659
351,1656
1570,1676
1258,90
156,1658
1683,87
508,69
1124,1639
681,91
1164,1632
245,60
144,59
218,94
1253,1666
582,36
714,1672
1961,59
821,26
1564,112
1839,190
1146,99
193,1797
797,1
1685,138
656,53
1853,110
1467,1673
1131,138
1151,71
1597,105
55,66
682,82
521,80
1511,1233
1460,101
804,1663
1117,196
312,1641
1860,1670
1733,1680
354,82
614,70
1721,56
1393,31
1216,1670
843,58
418,109
3,1639
1014,33
1406,77
1558,94
838,1673
1925,95
698,20
165,1797
866,104
1951,101
1901,80
1170,112
305,1654
1173,37
610,101
1181,1680
1056,119
634,111
1082,97
1393,1660
1023,19
716,1657
349,96
1071,65
1931,86
242,154
1168,1658
282,1233
525,93
694,1660
1564,70
572,24
1752,77
991,1657
449,62
1410,1233
1980,101
1842,66
1456,1673
1570,95
267,96
231,1797
1521,67
1450,65
1620,51
537,66
739,26
722,62
1080,190
250,53
1871,98
364,77
643,1642
276,1
1090,107
1019,1671
1294,97
1633,41
1426,105
1669,59
1197,64
1180,24
1107,190
1951,107
81,104
945,1641
1538,28
466,1676
360,33
657,61
926,110
1874,100
613,26
1790,80
1804,1233
204,1630
339,87
1438,1785
1485,86
771,66
1506,61
1510,1671
951,1630
885,32
157,1673
892,54
1280,82
1707,1693
180,106
1268,1673
865,28
1364,50
409,54
728,1642
1542,233
706,33
545,1807
1352,1641
1968,1785
92,58
588,61
1843,1675
1496,1672
1972,1657
337,1641
1098,196
1724,112
621,67
203,1666
1359,31
403,1666
1832,1693
526,110
1046,1675
1117,89
1941,1639
1711,1679
1946,89
201,1639
1929,39
1874,1632
1754,20
279,42
417,79
1102,1658
563,20
413,59
1176,1639
1898,80
481,91
1077,1693
379,138
202,1665
828,39
986,1
720,93
1732,110
170,50
565,75
1465,85
1607,1641
1311,1668
1081,37
1029,1657
295,1663
796,32
1738,87
193,29
1460,79
1687,114
418,16
717,1676
1214,90
772,73
1607,1679
1510,75
122,28
1501,1632
1463,67
858,1672
1143,65
449,1665
1079,19
288,1659
566,66
1743,56
933,43
168,107
1773,91
484,23
987,1668
1924,99
1602,69
882,190
1469,90
140,64
434,1679
621,1657
1122,190
1032,138
426,1807
297,1693
1274,101
1182,42
258,23
1425,1657
1864,93
332,50
939,90
704,75
1747,1672
807,35
312,62
352,85
1492,131
545,16
824,1797
1407,16
486,32
220,84
1982,1642
941,20
1185,96
1077,50
1058,1092
598,31
585,58
964,1639
881,41
1359,66
1681,1642
1181,20
1970,37
1899,73
445,64
1700,1658
1596,111
1285,86
1524,50
1529,1654
1789,1658
451,54
755,100
1507,43
1986,20
1375,1679
923,42
394,154
1542,1659
785,77
1281,42
1945,67
1799,1666
168,89
168,1677
1773,77
1881,20
889,98
1756,58
1391,17
949,110
1175,190
535,95
1290,106
1240,59
1699,138
1740,1676
157,1663
1944,35
1176,77
1397,107
163,1680
1533,1659
1515,16
1816,29
1944,82
1505,26
1587,68
1309,32
1722,1663
1577,190
485,1654
695,59
625,77
700,633
203,51
827,99
356,1673
927,196
1410,190
1786,1667
189,109
530,107
511,70
1090,83
1609,79
746,1639
1965,114
623,1671
1644,1693
1970,1672
1241,86
1884,70
524,1654
835,91
467,85
721,96
242,69
959,58
1000,41
1850,69
140,100
1941,106
431,1639
951,1670
275,97
1418,41
885,24
1343,1660
1458,64
1024,96
908,97
1155,32
569,69
1530,1666
1920,42
548,95
696,64
514,91
1047,103
1134,1797
1131,62
1775,99
1282,84
328,73
2,1632
1051,1639
900,89
1363,35
332,1675
1605,1654
1703,1667
1121,85
972,1679
346,1665
739,64
349,638
1134,1639
1192,1630
1690,107
516,24
1915,66
1953,1675
1415,54
1295,1658
503,1642
792,101
1126,32
464,54
1847,64
1042,83
1886,1668
272,19
1140,196
1213,26
721,82
1626,1679
320,1807
1921,119
177,138
1392,99
1519,96
1799,114
683,26
152,1656
443,1233
604,1670
911,58
1447,84
1801,1760
592,80
1604,105
1412,1671
1046,196
213,1668
1394,93
1745,53
345,96
385,103
1805,41
116,79
1168,50
120,138
1464,83
250,1659
753,60
225,1659
243,68
689,98
1703,69
647,41
1440,59
10,190
1133,98
1707,1797
1247,1092
1468,1673
1126,67
997,53
1902,1760
409,1698
1600,1630
1541,28
802,37
1706,93
748,23
478,1658
487,82
144,60
1800,105
812,1675
1509,59
1475,103
1442,100
12,67
146,1785
811,95
480,83
466,90
194,119
1722,31
764,85
52,73
490,84
1228,638
1583,68
844,29
1019,1
160,58
1202,1668
1536,70
817,86
910,67
1427,87
1617,109
1600,35
1748,91
314,56
739,239
1553,1797
482,28
155,110
754,1658
1110,93
688,84
528,1785
47,37
1080,32
1816,1642
533,84
1288,109
532,1657
710,190
234,1679
358,1785
768,75
508,84
1991,98
1082,110
655,1656
1689,62
1069,1656
181,91
895,71
1218,638
169,1673
1880,1679
261,19
1240,68
1499,75
1047,1671
1472,23
1753,138
686,17
220,99
1822,28
1343,59
1163,1665
558,79
187,106
248,108
318,190
528,110
1757,633
731,1641
1560,43
951,100
1765,94
715,1642
685,56
1557,1654
527,95
1544,1663
991,98
425,69
1882,77
1531,41
172,28
1389,75
1117,70
485,35
402,1667
1984,1807
1432,1660
1403,1679
1218,85
1382,106
22,1658
279,23
816,23
1223,196
1939,111
1422,91
397,104
1049,79
940,1660
688,1797
1888,90
141,99
1211,239
1567,154
1074,1671
1934,33
670,80
1537,1639
322,1678
823,1668
518,36
1510,1668
811,42
1091,1676
1697,1667
1168,1641
191,196
1176,100
862,1675
454,638
1855,1654
298,26
287,60
804,106
754,131
592,42
1786,84
1347,1654
1145,68
1553,93
462,50
209,638
1222,64
924,233
1448,1641
1209,77
1913,79
1029,1654
1012,68
1933,138
1755,86
1973,19
1096,1785
869,1673
834,154
1852,62
777,1654
1453,37
614,99
266,91
524,1233
950,33
698,70
1783,1671
276,16
822,239
0,82
1106,90
1357,1670
573,1
1931,1659
1612,42
1689,105
235,70
400,17
1449,26
805,1092
936,99
1309,1672
282,29
1649,43
215,1673
1689,26
1210,63
1524,1641
1704,1797
46,93
1722,82
1759,75
308,54
770,105
1621,54
1232,1630
147,112
975,32
1243,1670
1776,1
1535,56
1320,39
861,89
1257,1676
351,1
1427,16
443,1677
1054,1675
300,62
1556,51
763,62
1406,190
1558,1663
456,196
165,94
1347,1666
1363,233
594,86
1275,91
44,59
618,80
672,110
1029,110
1086,17
478,190
518,1659
1014,28
1183,67
447,31
340,59
1190,51
1452,96
539,111
1792,1639
376,633
447,108
640,112
185,1665
1947,1797
1715,1675
1013,77
1224,110
1368,1672
1463,1663
1631,1673
1891,96
1800,33
1286,106
1846,82
656,239
1045,1675
857,1672
365,53
683,80
352,86
1509,196
1478,1671
743,58
642,33
645,20
1859,82
921,110
321,32
1728,33
1926,196
493,1676
1936,1092
521,111
1845,60
1973,119
1048,1668
431,28
307,98
695,85
736,42
628,104
189,1678
939,1679
1593,60
968,109
348,1675
626,633
1640,97
1011,17
1977,1658
1816,1698
14,1632
1213,132
1910,1642
1007,69
1491,1672
356,73
1210,96
420,1668
346,35
1365,1630
150,73
422,1698
1867,24
194,239
174,67
285,196
1581,64
757,90
22,119
1129,1
1112,71
582,95
898,54
629,16
703,131
355,17
160,1
911,86
1890,61
402,66
260,36
759,104
193,79
585,43
1121,233
931,51
1745,89
1191,63
164,1698
699,63
1859,1797
7,20
1531,96
8,36
1700,1641
839,97
1835,104
1399,41
115,37
1717,68
1415,1630
530,104
1325,65
919,190
1436,68
745,79
584,75
195,42
1168,633
983,50
859,64
1598,59
1857,99
589,87
609,633
1365,1632
1988,37
208,62
1647,1760
46,24
1813,62
1964,62
1488,1807
1051,69
1431,33
1843,33
1112,85
467,1630
784,16
1317,138
858,59
224,77
422,32
1789,32
1681,95
1776,91
1532,79
284,1
12,190
1980,77
717,1663
224,60
595,31
1015,16
1477,69
1684,35
1795,96
934,94
904,29
903,63
172,75
600,1676
442,1092
1460,50
1569,86
1399,1233
356,1807
357,82
468,43
1831,1092
1636,26
1446,84
1345,103
1073,90
684,61
687,80
448,87
500,1680
1251,77
295,109
1551,64
481,17
25,633
135,1668
288,1797
1230,67
542,65
1763,1667
1870,19
144,94
275,110
1864,104
562,60
376,23
1535,99
418,1658
1587,50
666,110
120,28
324,1092
1138,196
472,239
1879,33
499,64
1745,69
1913,17
1071,633
1147,239
1255,70
1132,633
1738,108
671,17
800,108
287,1654
203,1659
8,1659
793,131
1824,1693
1439,28
483,1679
742,1092
122,85
430,1630
1878,69
523,119
1166,65
734,71
218,1785
167,84
498,109
1118,233
1689,51
1891,43
1985,50
525,41
690,104
1020,89
1247,1632
1962,1660
895,33
989,60
935,32
1554,1676
1824,239
1437,190
1907,24
676,58
128,1642
1711,114
865,103
777,83
1775,17
1302,77
92,80
1487,67
1237,1666
1563,1668
1741,50
1285,28
1417,108
1221,36
1576,77
1922,73
1389,1668
550,42
644,59
1697,37
812,95
407,79
488,1797
458,1673
0,119
1345,67
441,43
542,131
1293,633
568,1658
949,131
1813,1630
1395,111
243,1654
1460,1679
1883,1660
504,138
453,63
400,69
886,1659
575,1092
613,103
1662,98
503,67
1229,93
1604,63
298,41
1954,26
1718,35
376,51
1540,233
1685,154
656,37
1401,39
1590,233
1000,1672
1573,111
1002,58
966,1659
1600,131
531,42
1323,70
421,190
885,1657
4,106
371,105
527,94
267,98
1835,35
1050,31
1346,108
1953,60
1093,91
672,67
530,33
1764,106
860,1092
1436,29
577,90
1042,132
1575,50
1466,190
1177,1
590,110
1841,26
705,190
851,638
1976,233
1062,82
400,36
165,1670
849,97
522,89
1459,66
710,56
1618,95
842,64
1321,101
1877,24
1527,1785
22,94
1017,1092
1441,71
1541,1698
1583,91
1015,43
820,43
934,23
1128,28
888,75
445,58
763,35
1026,103
506,56
675,111
1563,1632
1033,239
772,69
1290,1670
1392,1658
475,66
1073,17
1552,50
229,95
1046,1656
1318,75
1140,31
533,119
1938,60
1173,1233
1055,1675
167,110
463,89
487,103
1407,1658
1638,20
1361,56
959,99
544,638
214,62
1617,1807
1712,101
1503,1672
274,131
1732,104
571,1659
613,1670
1954,62
1829,24
1904,87
301,112
379,1092
1033,1233
609,39
1752,43
174,1693
1111,1092
432,112
1081,43
142,37
126,110
927,1673
517,103
1949,106
1198,56
1570,97
658,63
1712,1656
1322,86
1717,111
1610,107
1298,239
662,1680
1306,1660
1213,1654
1436,97
337,87
10,119
392,1670
142,1698
1317,1672
1292,1678
866,28
1834,239
350,638
1385,19
1224,111
1442,58
1058,1639
1189,73
1270,108
943,1660
1846,83
433,89
490,26
1836,29
1357,62
551,75
113,91
1716,1659
613,1672
982,77
1390,190
488,1665
783,20
1725,105
1743,638
1229,196
254,66
1786,105
810,82
257,196
1552,1659
120,98
262,1659
1805,98
176,99
1906,59
512,1639
696,132
929,1807
644,108
1804,94
280,1
1060,190
607,103
256,58
458,42
595,1639
1865,41
708,80
1079,99
1726,112
1379,103
494,105
499,1665
778,98
1476,93
1119,105
1523,26
1469,106
1071,138
460,24
297,1660
1385,29
724,39
377,1632
1574,23
840,1670
864,1698
773,190
369,82
1139,1671
1176,79
1604,119
315,107
1573,86
1015,108
524,93
838,1797
1617,132
1005,86
1674,69
402,67
1930,43
1216,85
1292,90
615,109
267,93
785,1666
489,93
217,64
823,96
1216,196
740,1666
445,80
800,65
936,1665
1966,89
1457,1675
757,1693
1828,90
1593,77
1599,99
1767,87
151,19
1538,83
708,70
879,31
1787,112
741,26
1645,114
1718,1660
664,83
1609,1659
1808,1680
352,1679
741,107
542,84
1391,33
1378,54
935,63
1968,58
703,35
780,86
1850,50
1712,63
1735,1659
1823,1797
159,56
931,83
473,79
1587,84
1132,1807
891,33
1775,109
506,1
234,138
1063,97
914,24
1426,1666
1902,96
968,59
1521,59
654,1666
1196,1667
475,29
978,1632
304,1663
544,84
266,16
299,1663
324,1668
694,112
1177,90
1143,53
890,77
1061,1630
330,132
1915,53
1513,35
463,96
835,75
546,42
1445,20
1983,1666
1526,65
993,1665
282,82
768,1659
1840,99
152,1658
1239,99
541,1698
912,84
1818,1676
538,50
156,43
709,75
1940,53
1370,97
1769,1673
1691,19
1128,51
1188,63
1865,1656
1246,1639
1427,75
1299,20
823,68
736,86
384,42
222,94
280,107
1478,1807
1538,132
943,90
544,98
416,1659
342,1785
3,1675
1287,1671
396,190
1966,1667
1358,20
1449,50
707,98
221,32
1526,83
1975,1632
932,62
552,90
807,20
1179,23
848,75
1625,75
433,97
1653,1693
15,65
642,119
1964,1092
996,1654
522,1665
1823,1785
866,1807
616,70
1423,239
1064,68
1943,94
1232,112
1009,41
955,85
702,20
1043,1676
72,29
1637,96
492,16
401,87
771,1693
142,239
1837,1630
78,23
1382,239
374,20
1572,1639
1393,28
1228,91
402,1679
226,23
376,1656
318,1663
1904,1632
566,107
513,29
1197,75
1969,50
1878,84
763,1659
745,20
1227,98
1190,106
1560,1797
255,17
934,1630
915,1656
1952,69
1025,107
1830,90
1481,633
655,1658
1924,43
1888,61
322,1
359,132
1320,190
143,29
680,29
1035,239
244,196
837,105
1543,79
1283,67
1875,1693
1013,1666
652,50
712,1639
716,87
1359,101
771,1658
1736,1658
817,70
1539,35
482,1673
910,83
203,1673
401,65
115,111
685,71
1578,1660
1929,58
1032,1678
1626,84
1510,61
540,75
1791,132
1137,1
803,1675
1318,94
430,1659
3,51
977,26
617,51
963,91
1042,20
1723,29
1409,85
930,112
751,24
553,97
457,84
1277,96
515,61
440,107
1072,56
230,1092
912,31
1448,97
1708,109
1715,37
170,79
1347,31
1018,1675
1848,1666
1755,1630
871,95
431,1678
1786,82
1573,16
1151,100
270,1785
1252,23
404,233
921,1
1148,64
1791,84
1405,1785
1460,68
589,1698
833,80
1448,1673
1500,66
179,66
1566,1663
651,70
134,1668
1979,20
205,37
1308,86
617,61
410,37
1533,119
959,1656
285,77
40,58
1881,61
710,43
1796,50
1780,95
1550,65
1310,112
1203,86
1169,26
887,1659
1061,28
1280,35
965,119
1246,24
1957,65
825,138
1607,1
1758,119
804,154
442,71
702,83
887,77
213,110
1634,16
983,1630
1336,233
857,1630
1563,20
1505,108
969,1658
142,42
685,26
804,1676
621,50
387,1092
1972,1785
752,190
754,1678
1524,94
1928,1663
1400,100
629,638
1827,233
814,1678
929,1630
1640,132
590,75
511,60
245,64
1476,104
356,69
1958,42
488,85
396,70
1631,1658
1138,1659
966,32
1955,154
1820,190
1568,79
1474,638
212,1665
1045,1673
750,111
1176,66
1929,1668
1034,96
955,1667
528,43
1700,1671
1192,66
716,26
183,93
405,67
1205,106
1002,1
14,67
531,87
1531,84
373,1760
1348,1672
1596,106
1319,1659
1285,83
1985,1679
722,19
1208,32
964,84
587,109
1365,86
1572,82
134,60
377,89
310,1639
630,60
1551,110
1720,42
135,1698
