1830,19
1025,1679
1793,37
1154,1657
201,101
1988,64
1574,103
1559,1675
841,85
878,50
1158,32
823,1641
1091,95
922,190
1115,69
1935,1668
385,24
1772,1679
1751,80
1291,1668
649,65
1312,633
763,111
1369,1656
1613,79
1423,53
1543,1656
643,1673
1434,132
1626,1092
187,1797
48,77
839,99
182,24
954,97
712,51
1616,91
1155,1641
128,68
1583,1641
1733,66
957,101
777,633
279,89
1493,19
1684,1658
964,233
583,239
929,1658
1456,1
892,1639
308,196
380,103
1257,59
1108,1785
117,26
1246,87
1122,65
1432,89
740,86
629,1675
503,24
1961,108
915,50
203,196
1789,62
962,107
1593,1657
1115,83
217,32
1266,29
514,86
534,29
1181,68
1074,62
1627,60
1832,110
1363,36
833,111
1015,131
635,39
1494,100
226,112
1717,84
1750,1657
1135,633
1372,93
1118,1641
397,79
1177,89
701,1
1953,1672
1734,1785
1476,35
930,91
1783,68
1052,100
1328,106
1539,1760
946,1807
463,99
1576,1654
1598,43
532,106
1926,1656
612,1666
653,64
742,1797
768,1660
1544,99
607,1639
152,1659
294,1632
338,154
1186,106
1173,1668
1212,64
642,98
1769,19
1880,42
1715,107
887,132
45,33
1294,1642
1498,91
1798,60
385,100
793,103
977,1666
1331,633
1974,1639
1017,1665
1188,56
676,1666
675,71
250,1670
314,53
222,1760
924,80
1849,101
1835,1698
1504,108
1342,42
1932,62
1035,1678
1754,42
1113,1654
1725,1659
1854,65
1429,1760
1570,1672
886,17
1258,70
1655,111
735,1666
437,75
610,111
918,1632
1455,111
453,75
1358,132
1127,1639
1846,105
747,91
552,91
271,69
1981,36
1771,1680
1058,51
839,1670
416,56
1228,633
1029,1678
773,20
1091,41
1384,61
449,32
799,190
1856,33
575,1671
1073,1639
1569,1658
941,89
227,119
817,75
1279,239
1542,35
1922,1760
435,98
1953,32
1513,1671
696,1641
1389,1666
1433,50
789,86
1278,60
1372,33
1066,26
825,1672
1144,64
0,1693
1507,100
1116,62
231,154
1784,16
1324,83
3,85
1581,1680
1823,59
191,66
1884,59
1905,154
360,70
359,54
1352,1665
180,96
898,77
147,89
922,1233
1078,1660
1024,93
1940,91
841,109
15,86
287,75
830,73
1424,28
251,138
819,1676
1674,26
384,233
1306,16
1731,71
1719,1668
1573,1092
1542,29
860,61
1727,19
971,98
1164,37
464,1658
1446,17
1838,93
1986,58
4,138
1610,196
513,110
844,1656
940,1663
792,35
1345,83
987,64
1783,62
1089,86
1894,103
1787,59
331,638
1163,69
224,1678
1787,1807
1939,1658
1095,24
889,1676
1796,77
589,29
1505,1660
608,1657
311,54
1508,132
847,96
541,75
1718,51
1018,1672
962,32
758,1630
1573,31
173,66
1883,97
1498,1
1840,1666
463,1673
997,1659
928,94
1218,51
1754,97
561,106
1832,1665
1294,196
858,1666
1467,138
475,68
229,93
526,29
195,69
1834,104
1158,1672
1251,54
352,1656
210,1658
600,100
1959,638
123,1675
553,82
309,70
1025,1698
393,59
727,16
1189,69
965,1675
1754,1673
1682,70
1203,89
690,60
410,196
1950,33
1112,29
1276,190
500,67
743,1
1027,20
1037,1671
538,107
1070,154
385,51
317,1658
568,84
413,1659
1661,190
653,1807
263,71
1832,20
1814,132
1263,1670
165,91
1610,105
1040,71
1592,1630
1372,100
855,1642
1148,1641
1294,65
579,1660
505,1
1248,41
792,63
1649,73
1612,91
1777,28
360,1
899,104
336,26
1241,239
212,239
1483,1676
515,24
953,93
1307,20
1289,1679
1708,82
1105,35
683,85
1950,19
1681,112
376,95
1597,60
362,94
1215,51
719,62
1308,1641
1328,1693
1131,86
1496,1785
750,1658
160,101
1209,110
860,96
519,1673
888,105
1298,1656
891,1675
1828,86
324,1698
1300,1679
434,94
451,58
855,1656
1412,107
185,138
1375,1675
520,35
830,1658
258,1660
1183,50
597,59
1977,1663
1538,95
1446,190
1006,1665
738,99
977,119
798,103
1042,107
1830,16
1713,1672
127,29
458,1630
309,90
940,1760
885,97
702,1641
1149,106
1213,99
953,111
700,26
474,138
757,39
369,1668
1793,85
1260,66
892,100
676,19
755,1680
898,53
590,633
225,239
1002,1693
1930,41
45,77
1720,1639
1521,190
934,35
1599,1659
1496,1654
175,69
1299,107
179,62
715,80
1323,1671
648,23
583,89
1300,1693
1318,20
1008,53
920,33
1952,190
1201,112
1537,1666
1541,36
1542,1641
1409,99
694,23
313,56
1415,77
741,24
135,633
1332,1693
1095,83
1445,96
380,96
0,190
292,84
610,59
1746,1675
1931,51
1073,1807
1129,103
225,31
335,86
1810,86
1608,132
1297,41
1806,43
1813,59
193,1667
1264,36
254,1654
938,239
1310,95
691,1667
669,77
1083,1641
604,1676
185,1660
626,42
476,63
1343,29
4,1670
1387,63
962,104
948,43
288,71
609,83
294,109
891,35
267,77
1410,29
1007,633
1036,71
333,196
317,53
427,1693
1460,61
1317,1658
1121,105
1913,1807
1892,24
917,108
388,638
1717,83
943,86
707,233
1740,1233
177,1680
710,1658
765,1807
1783,71
1912,42
1640,239
688,138
1591,42
664,1679
174,98
1763,1668
322,59
383,1670
1947,97
1975,1693
1083,1639
1320,83
1172,42
1653,1673
861,109
622,97
1086,638
25,99
45,32
156,37
1908,633
1323,95
1859,33
351,90
1131,32
1464,87
1820,1676
1692,1785
1860,1693
425,109
1097,97
1335,43
1389,1679
1503,239
1033,87
873,82
125,1807
1189,1672
1767,1673
1272,104
1683,90
545,1680
477,35
386,98
1220,31
389,1667
1004,1698
1475,107
1974,83
932,56
184,86
1855,1630
1967,112
386,132
545,99
1990,1639
656,42
1482,106
911,20
1580,77
267,1663
682,95
1215,75
1936,138
1866,71
981,65
7,1670
1909,35
625,31
182,68
751,1693
1453,61
354,111
1295,80
1043,43
1887,1660
179,104
1416,87
1586,1660
1965,51
684,28
338,1632
141,109
1559,1233
606,99
1735,196
513,1671
160,1641
663,89
1921,87
1591,1233
1280,89
848,59
1054,31
1920,105
876,1641
948,110
515,239
915,95
1472,154
479,100
873,1667
1688,100
1816,89
394,1656
827,62
1876,51
645,91
800,28
928,65
981,83
361,64
1746,633
594,110
742,62
1439,108
550,91
1599,84
950,43
644,20
1932,35
1063,1665
698,35
681,41
330,89
1915,112
392,1660
1636,190
676,638
238,75
830,1679
1257,97
707,64
281,1656
140,89
1071,82
1280,87
1155,239
143,109
1176,104
679,111
962,33
908,37
1762,86
1870,239
737,93
385,32
962,80
727,638
394,1642
1208,1660
1603,97
1491,37
1953,82
1938,1670
463,1672
528,239
1299,64
1616,1678
950,138
21,110
1690,60
822,112
681,138
347,16
1362,93
1588,233
811,1659
540,91
1980,1785
1945,106
805,105
343,196
896,97
219,90
1936,1663
519,65
559,94
1223,71
409,1676
855,105
1940,1671
1896,1693
92,1659
143,1641
258,111
1072,89
1553,1680
1255,1654
48,1639
1224,100
1810,1
375,196
1296,1671
1392,80
268,20
1020,31
1520,101
852,59
1682,1760
308,131
1822,1654
797,65
1065,95
432,1657
308,50
661,1676
1271,633
449,108
770,20
183,73
1328,1760
1921,1673
355,70
210,41
817,23
1873,1680
139,1672
1000,1654
303,95
435,79
1727,54
1231,61
492,100
954,75
421,32
577,138
1576,26
1208,20
1118,1665
125,60
1228,111
953,1663
554,138
734,1678
1473,112
577,59
392,1673
1688,1677
655,1672
987,62
461,1663
423,98
874,638
1119,100
1817,50
1874,69
934,1642
1934,1
1385,16
120,1666
342,1
842,99
1800,37
1931,103
1310,96
375,75
1907,36
290,1677
1108,233
422,56
1751,239
1182,190
653,1630
248,43
1063,233
1674,94
1249,1657
1194,1668
1454,68
1081,58
1529,1672
1527,109
297,51
206,23
672,1
1188,103
1336,104
1880,1807
1684,1671
259,24
6,105
1130,37
1690,131
752,61
886,1668
978,1693
1605,20
1328,64
1951,56
176,633
1820,31
1267,1673
1891,1785
385,633
581,1233
507,80
361,1642
1557,51
1900,1672
322,71
1118,33
451,1657
841,91
1799,154
1340,107
1946,1658
933,1675
1769,53
315,108
372,107
1094,62
597,638
419,154
145,1659
956,633
1570,17
405,83
1328,1676
1511,1807
1043,1639
1980,42
445,109
1849,79
559,1673
1703,1672
1781,50
936,1668
1602,1671
1107,31
917,89
739,89
1788,68
1093,16
1757,41
1958,1630
113,1698
333,51
1205,1639
566,35
513,85
1263,1659
1925,132
1358,63
1713,28
1827,20
464,61
1689,91
859,68
1159,75
1307,66
1169,101
1466,1659
359,111
1411,32
700,41
814,33
872,104
967,1233
1482,119
766,1668
551,104
1914,82
1091,79
1714,1654
851,28
834,60
924,190
1337,83
178,1678
1434,101
1805,50
689,26
726,97
527,112
1246,1656
1191,41
257,86
685,110
995,64
367,1667
1574,1642
11,67
1208,79
1026,42
408,1665
495,83
1436,39
280,96
1353,1657
1648,1233
1541,132
533,59
1802,1642
458,77
81,20
597,1092
987,104
1156,53
1965,95
1951,28
1220,42
1592,19
1756,100
1991,1807
232,23
677,1675
1978,154
1003,104
1919,1657
1685,17
343,1670
694,1642
530,1675
968,1680
986,83
1250,26
199,1678
1699,1657
669,94
52,64
1179,1639
1377,1641
1473,1642
375,1670
1634,103
1323,94
1715,154
818,1668
689,20
135,50
1081,96
200,39
625,108
170,1667
1791,28
1463,17
1528,100
688,91
1935,29
944,53
1939,86
1248,99
805,66
1288,100
1272,105
1733,36
1278,131
1834,19
1690,233
255,108
1324,95
315,1233
1901,233
1438,1671
1193,58
1568,26
588,1678
1253,1676
1495,119
639,91
1858,1667
1712,79
1034,87
1736,69
1347,36
1718,85
814,61
784,112
565,111
1265,1641
841,97
1212,80
393,1642
962,77
696,97
438,64
645,104
1647,87
1613,99
472,112
1835,41
1353,1668
725,75
374,107
726,1670
1191,1654
567,1670
240,75
1792,633
1828,111
195,107
966,190
880,59
902,108
1261,1663
1166,87
380,36
1156,41
1143,1663
1879,1693
946,29
1156,1676
1251,1680
1323,1807
613,99
1732,1693
1739,17
1574,82
1598,1632
379,85
1960,1654
436,20
1718,39
1829,96
636,59
1243,69
1022,1092
1727,1665
570,1807
1786,79
1822,1
1702,1693
1259,69
1648,36
527,53
657,1665
1651,1797
1621,1673
1420,42
1756,1676
598,106
998,58
1316,107
506,50
1299,53
1541,1630
806,39
772,83
1788,29
350,99
1269,1680
1473,107
557,138
1626,83
444,83
1848,73
1369,42
1939,114
1650,109
1120,90
844,1658
1747,39
556,70
815,61
529,108
413,35
1334,1665
628,1668
1123,68
1948,19
6,1678
601,1630
1113,94
1206,59
1408,110
714,51
1006,77
1732,1667
579,29
1220,131
1863,17
898,93
683,107
1128,1676
975,89
1516,1639
487,1785
431,1675
254,42
201,190
435,1654
388,20
479,85
1756,633
1505,87
146,98
578,97
997,1657
438,1675
1070,104
1697,84
1956,73
1939,19
1778,1797
1268,33
148,96
1274,638
1757,99
674,1668
1810,239
121,69
1905,43
1975,93
1301,1698
417,50
198,67
255,54
987,80
1309,1667
442,1639
666,1671
102,1233
1203,42
1139,82
1968,100
1549,1679
629,1698
1240,37
389,77
1425,1665
1283,19
1085,131
1954,58
1809,79
814,107
636,95
585,1807
208,1660
405,62
958,60
1734,131
496,1654
1498,17
528,79
1501,100
474,1657
496,17
1750,633
1255,53
813,98
651,1663
766,66
1174,37
1966,65
298,1678
373,1676
1460,196
454,41
205,67
1072,1630
1160,103
792,1
1720,31
1405,91
1629,1233
1371,1659
697,132
420,79
613,56
856,1657
399,69
1803,83
1705,239
433,93
603,239
569,51
241,98
636,109
1758,100
1732,233
25,36
1826,114
475,132
310,71
1146,1671
1494,95
975,1630
1932,103
1204,32
1781,1668
158,42
1208,35
746,1663
1700,106
709,1673
796,1092
637,82
942,1642
642,638
701,107
1476,89
1612,75
1466,1671
1837,64
492,1672
1509,31
150,66
522,107
1987,1667
1199,77
1796,17
1941,98
201,106
1200,154
214,94
451,1656
841,90
897,1654
1786,20
935,154
1715,16
1681,96
46,1671
483,43
376,111
1226,79
547,1660
270,79
1487,100
1215,35
459,50
991,131
581,41
311,1660
588,77
1927,1670
1359,94
517,71
1549,58
1221,89
997,1679
786,104
276,80
1218,103
151,1092
1527,19
1606,68
540,31
465,105
338,1785
1514,100
461,108
675,138
145,1
1733,79
647,80
834,633
1683,64
341,1677
1765,638
1163,62
1109,96
1220,37
481,26
686,633
1480,138
1585,89
1984,1642
557,1630
1770,87
353,64
993,1675
1628,89
1662,89
615,1666
1957,131
1082,53
1964,59
1934,1657
1146,86
1957,20
624,1632
382,36
551,107
989,68
223,138
1236,59
1437,70
1336,1659
1583,31
351,86
334,58
816,1657
1246,1657
509,16
1124,29
934,83
317,51
836,239
729,51
1043,17
1228,51
220,1698
915,1666
1395,1676
1754,39
1457,109
1134,1641
390,26
485,104
359,1667
1083,23
162,93
1008,37
1379,54
937,111
646,1665
526,1671
427,35
856,89
212,61
1965,94
1891,1671
1645,96
1385,108
176,1676
835,79
727,101
1690,1659
232,24
731,110
549,43
404,638
1240,110
997,239
1314,35
1813,75
1101,233
845,1663
1894,1658
1547,19
590,1666
1782,1630
918,99
376,28
1651,103
1318,1642
622,103
1468,53
1240,1656
538,62
1933,29
1714,1641
1920,62
1285,132
1802,62
810,36
1805,35
666,154
1026,138
985,58
1984,138
722,85
7,119
689,100
1001,154
1043,31
788,1666
632,154
1113,1659
1244,97
416,1663
1284,98
1469,1092
128,35
1548,105
0,1666
1605,104
780,1665
1975,106
727,138
1449,54
401,638
1230,39
738,23
1716,28
1938,114
1561,67
511,1642
1195,1639
477,82
613,112
1385,239
1203,112
426,106
1136,61
1813,93
929,17
858,105
476,110
1554,1673
369,108
281,104
319,1760
999,66
1961,77
433,101
898,233
1583,66
1328,638
871,132
1294,1659
30,1680
1546,90
1547,239
1087,62
1216,131
1477,36
1423,24
1022,131
765,1630
823,86
1586,68
1714,17
1238,41
44,95
283,43
604,39
1578,1654
1989,42
1365,154
465,71
798,131
634,1632
1043,154
122,96
1244,119
1392,1698
148,1760
1456,79
1223,93
508,1670
1156,42
40,66
538,1693
1277,106
1919,1679
1005,1233
1231,1673
130,79
663,91
1824,131
808,1233
1662,103
1570,1659
1149,16
1388,66
1796,233
809,1679
811,67
757,29
227,1660
1553,101
1152,1632
946,633
528,100
1227,1698
1232,98
476,1654
715,1632
921,59
1168,20
1798,1658
362,1667
402,1642
1748,119
1178,85
1439,110
47,64
394,108
927,154
711,89
216,68
197,633
1764,23
1929,62
519,60
226,37
601,87
729,138
231,1760
533,96
1357,1678
151,87
1773,112
687,1
959,1654
140,196
1296,1675
542,1
467,19
1561,95
623,94
401,1665
1754,1666
563,1667
924,1659
929,61
52,132
939,132
1917,61
1532,29
1614,71
52,43
163,104
440,1657
1269,68
1384,28
1254,1654
139,1807
1514,1667
449,1
1266,32
667,1679
223,83
1026,96
985,96
894,106
1322,97
1709,1673
663,1671
833,84
390,83
1870,1680
451,67
1020,1680
950,59
734,1666
1011,59
1754,31
264,638
1059,73
947,77
430,1673
1106,84
1640,154
202,60
445,1672
1806,64
1554,233
670,68
1078,65
525,233
546,110
1485,65
460,64
298,103
918,1676
942,50
1411,105
1712,26
865,39
1330,107
1651,95
177,37
893,1639
1725,82
861,83
1549,132
1454,56
1185,111
1132,1092
803,70
1728,41
1984,67
1384,1807
921,23
689,83
1154,63
1035,1658
1606,89
1238,71
1717,106
688,1785
122,39
964,98
1245,239
1339,86
164,1642
1365,64
816,41
1337,1657
1156,109
1958,1667
310,1641
316,58
1901,31
1116,19
377,60
535,1797
1031,26
1755,1680
1300,73
40,1671
1864,1680
298,105
439,1785
831,65
943,1659
582,103
821,91
720,66
719,138
1967,42
315,80
1492,138
1777,1654
655,36
488,1670
1889,1632
1541,1665
1009,100
244,89
543,233
1481,104
324,17
700,1672
1842,19
1460,36
1336,106
418,61
1214,79
1375,1639
115,93
1589,1
559,1642
729,71
122,41
1798,633
826,17
809,63
1469,131
1548,80
994,101
1572,94
47,1679
1115,1693
1239,633
1975,51
1905,69
1597,1671
1541,63
677,112
1841,43
758,101
902,53
762,104
356,119
173,1639
488,71
585,1663
1023,67
1159,87
610,36
1220,71
439,1630
1096,77
1167,1656
1863,1665
12,1676
1664,1630
305,59
697,119
237,86
860,1663
1216,59
439,80
1758,87
1279,112
787,98
882,1670
1011,1642
1282,93
1460,42
1443,82
342,1639
1050,80
1342,50
1534,96
485,101
911,1657
1876,1663
1875,36
595,1656
647,83
523,65
47,1693
10,20
866,61
1455,87
873,1807
835,64
1533,41
1082,67
859,70
457,16
494,239
1881,111
1203,23
579,71
525,63
603,93
1300,109
147,51
1522,1657
117,1659
811,104
1293,58
372,1760
731,1671
952,66
575,96
948,54
1027,99
1568,1657
492,154
1384,84
980,1671
598,50
156,65
139,59
1316,67
287,1785
1541,1654
1339,1654
1070,54
1623,36
1198,107
631,62
722,96
263,154
266,138
418,65
1086,86
1964,1656
1325,28
1147,68
1440,36
1885,100
801,638
215,82
1049,106
1750,24
1493,33
1555,26
1294,50
1183,19
249,70
1908,42
1486,64
1469,24
973,19
1071,196
299,108
1169,196
563,85
549,42
1927,33
1857,119
885,66
887,1678
714,1678
969,1233
825,85
898,101
152,1663
757,56
186,1679
1779,93
1083,1656
858,23
130,138
187,71
1384,51
1933,28
483,70
412,90
288,104
1984,28
1674,98
1103,1676
830,32
927,16
1282,33
1909,94
1363,54
1053,24
1036,112
956,1632
317,68
284,1639
48,109
933,138
668,1693
1329,75
318,1654
1815,1667
583,62
1710,131
763,1632
1421,1676
1244,17
802,60
785,28
1834,17
400,62
685,1659
774,62
1348,87
664,1760
400,77
1506,17
1881,75
1094,1670
1850,96
76,31
1699,1641
1525,100
814,67
1846,28
982,31
569,106
901,107
174,1657
156,54
1098,89
597,1672
1298,1693
1084,20
1081,112
14,63
1521,73
78,24
167,1639
1097,16
1460,28
1060,108
1517,29
1814,93
402,1672
1575,58
1779,1639
1008,66
1415,19
296,94
977,35
593,1654
1827,83
1042,31
691,119
1170,104
1706,54
646,103
1200,69
741,43
1592,1797
363,1667
1780,64
730,1666
252,104
201,80
589,103
1071,73
704,105
1508,1663
1863,29
1314,68
653,96
451,1698
1897,53
443,108
1080,1807
247,84
541,1665
1705,16
1910,75
1752,85
578,1092
331,1677
1481,65
1853,233
1963,1667
1697,239
539,1639
1403,138
1349,90
746,33
1353,31
489,24
217,131
608,66
1620,59
772,93
1821,70
1230,1675
371,28
1366,109
1565,65
1737,114
134,1679
1616,39
158,109
933,63
1841,28
320,82
1975,73
1924,119
1705,1675
676,633
127,119
1985,103
1898,86
122,1657
599,83
1317,106
582,1693
1212,1660
403,100
1146,28
1219,190
1421,60
1169,35
429,50
1543,43
955,1658
166,1641
665,1680
1041,233
764,112
982,59
1243,85
1347,1663
1343,86
731,1660
1542,112
827,65
574,96
206,62
1933,131
1126,1675
1460,65
1134,24
621,59
1356,50
1582,154
900,24
1528,33
540,39
189,79
162,19
1396,24
735,68
205,79
1861,50
280,90
1538,119
1376,196
751,196
0,41
1340,1639
1827,79
1080,1630
1720,19
1719,37
121,75
637,61
802,82
1173,65
751,53
1110,1678
222,1233
542,112
1003,50
1379,1659
1051,96
1971,51
1044,65
1907,91
342,101
1236,19
1623,1665
1202,95
1950,37
1886,77
1762,103
1708,239
770,19
1927,1807
1963,1630
1893,37
960,1785
442,64
1404,86
528,65
1311,1676
996,638
371,75
444,1663
1423,77
1460,87
1085,638
200,97
1322,80
1378,1630
644,100
204,1797
44,50
1576,29
158,62
507,1672
88,108
1653,17
1910,1760
833,1666
981,1658
1538,73
1234,16
1348,24
1095,107
198,1679
386,41
1588,24
1082,31
1560,633
801,1672
1010,82
443,41
1846,85
690,42
892,82
251,90
1280,54
821,90
897,1658
1468,29
1009,138
754,79
244,43
1394,63
454,1658
1930,35
1731,132
1404,100
598,23
1980,23
550,138
1856,109
555,1660
787,196
456,106
517,83
1093,154
283,101
1463,56
1872,109
495,56
349,1672
1167,94
1356,1785
1761,17
1759,1676
822,83
1986,108
1150,39
1811,107
501,82
309,53
593,138
556,26
1455,64
1713,112
185,104
124,107
287,233
1193,98
825,56
147,36
1860,112
776,638
318,31
1635,154
15,101
1921,1657
615,26
249,1663
321,154
1935,1667
1155,75
1934,1679
1181,77
538,75
1823,1698
428,87
1081,73
1316,94
341,56
696,41
1637,68
169,239
230,1642
924,73
819,1657
1103,39
1490,104
1011,119
189,101
1497,42
1686,98
1819,1679
1029,1233
1288,75
1415,56
580,119
448,80
1186,1654
1338,1233
1144,138
1052,19
1343,1670
1649,105
530,1797
842,51
1709,101
226,1760
314,1630
1571,28
1085,70
271,108
275,105
117,1658
757,53
1971,29
726,154
1850,60
1580,101
1214,1233
237,71
538,42
1350,69
1498,82
1064,110
1232,138
716,59
870,94
267,65
195,1670
632,31
833,98
972,1671
989,1663
550,1
1406,94
1298,63
379,1641
1636,1
1962,86
1929,103
181,1657
688,63
1469,23
792,109
722,1660
1042,75
1532,1657
1429,239
971,1675
1585,73
1931,37
1925,1785
1730,1785
1458,106
1755,1658
1245,1672
1392,1092
1179,1656
754,101
183,29
1344,77
1236,75
1442,1632
1498,36
1111,1807
1279,23
1191,75
951,24
1801,1657
1434,114
921,93
536,1668
191,638
1906,75
1504,97
290,39
628,89
133,1797
152,60
775,108
563,132
1244,99
582,638
1172,1642
639,1659
1507,1673
1140,60
1468,1665
1234,73
334,1667
289,86
346,97
1730,95
1587,1678
714,26
1817,239
772,1666
1267,32
1140,1092
386,17
169,1671
724,87
1169,70
235,1630
231,65
1907,112
144,67
1540,1679
1839,65
1146,104
764,1665
908,61
429,94
624,1678
1486,1654
915,85
1125,100
921,190
595,83
1828,1679
1205,60
1210,1660
1688,26
988,98
1087,56
836,190
1353,108
900,37
1697,77
632,1233
648,86
826,103
1692,1658
1917,1807
1329,68
357,1667
1187,98
880,62
1122,1675
1321,1654
9,638
728,66
1116,59
855,65
1137,154
508,108
606,103
522,94
1934,95
1918,96
1149,1673
285,20
1779,1668
1068,69
1327,50
1367,91
1702,154
450,68
932,42
1892,1660
1128,1665
298,16
1330,69
1718,58
1846,239
1701,82
1204,1630
1492,98
1900,39
1826,1679
1181,132
173,75
527,54
1761,1654
412,1233
275,1693
509,83
1377,23
1843,1668
446,1660
981,95
1959,106
910,85
786,31
169,39
1531,33
1221,31
1866,196
711,91
1743,190
1925,39
474,1666
923,75
1294,110
836,66
671,131
1586,1642
1430,638
1287,53
634,23
413,32
1762,1665
1908,29
420,86
1894,24
494,53
351,638
1096,37
232,100
512,86
272,101
1159,1760
864,1679
1129,35
859,1642
875,1
1502,1092
422,16
1111,100
288,20
1691,82
715,1667
435,1659
388,23
568,75
1046,138
605,90
505,1667
260,233
561,28
337,1632
1021,1233
1910,633
1036,154
1386,83
1076,1
946,1092
926,54
1905,95
417,70
1893,1632
1375,132
147,154
1159,109
647,1671
1751,1641
889,77
546,108
1102,73
1550,75
740,138
133,36
1118,73
697,89
382,29
2,23
1360,1665
352,80
905,36
1497,1666
1829,1
636,90
1926,51
661,1785
1752,50
1722,1632
1174,73
1909,100
1876,83
1951,1667
1734,17
888,96
800,60
1942,66
1709,1785
558,1657
1916,105
1039,28
853,41
374,68
1001,80
1043,89
1427,1676
290,111
1272,53
387,101
1844,109
1422,63
1372,16
1426,66
461,1659
1878,132
1592,109
817,1657
319,89
157,110
488,91
178,53
1427,1642
1874,65
1837,75
295,32
1331,112
618,1639
1495,75
1887,111
1729,69
1478,16
892,83
1299,1663
1048,19
861,50
1303,95
832,1678
1661,105
301,91
1832,233
783,29
620,1233
254,69
1451,79
1109,1677
1309,37
1404,101
1096,1678
963,633
1834,1668
1282,73
324,19
381,94
947,1670
716,103
1627,71
1649,1667
378,42
394,1693
401,17
917,83
1896,100
1528,62
940,84
1244,138
434,91
1446,32
453,1657
424,93
151,26
1920,1667
1633,94
719,633
1976,154
1612,70
623,29
643,51
1931,56
460,23
1149,101
377,1641
1167,1658
1887,93
1378,63
1146,67
447,1676
744,41
1024,107
1557,63
547,1680
1712,56
183,56
1364,109
1954,93
1920,85
743,32
1005,79
938,24
442,101
1755,107
599,1679
1423,51
803,100
1104,103
2,1639
934,36
992,59
186,110
1128,109
631,42
1882,154
961,90
445,105
1576,107
1742,1670
1046,19
152,33
1234,98
1329,190
137,1642
1706,110
768,106
1545,36
623,1678
919,39
849,17
778,31
586,1092
1119,68
845,1785
808,96
1159,71
1127,1657
707,28
1981,26
115,1641
336,138
1421,67
466,111
174,196
1101,69
1336,1679
419,63
128,1670
662,105
1303,99
1054,69
123,35
837,29
452,61
1745,50
442,119
595,39
998,96
1204,1675
139,61
1333,131
15,1660
1373,108
1022,106
865,1641
553,1663
1107,64
293,86
1586,95
776,112
1845,24
618,31
1576,89
1391,1656
592,638
680,1654
367,32
262,84
1406,95
1960,1233
441,23
829,70
1183,29
444,36
1852,1642
1237,42
798,68
483,1639
127,60
399,59
727,1675
542,73
1028,154
1836,95
1729,51
435,633
1085,87
493,61
1590,106
1987,106
1571,1665
1309,106
1042,1639
656,64
565,138
1027,83
1506,1656
315,1667
1919,70
1563,1678
1245,51
1798,1693
1764,239
1302,58
806,63
1413,109
421,19
1127,51
1775,1671
618,1
303,19
364,99
455,1698
1838,75
1218,70
1550,1663
775,111
262,70
581,1670
1978,1698
495,1092
209,77
484,65
1354,1663
917,1679
1964,1678
498,1807
1326,1785
191,90
746,633
772,1667
1449,68
660,51
346,17
1771,1785
522,60
503,69
549,1663
1207,1233
365,100
1607,36
1165,17
126,1797
160,196
607,1760
769,638
1273,106
1752,73
439,132
388,60
1145,1675
1611,190
391,33
1577,98
449,58
1761,1659
819,1668
881,31
951,105
371,99
1353,19
1741,42
361,89
695,100
1284,1641
1860,1672
467,1233
1139,1797
451,104
215,131
1744,97
418,99
1311,63
1019,1667
1774,61
229,35
1531,131
836,93
1479,99
1049,68
1507,106
631,1672
1951,111
151,66
1460,1760
1955,104
856,56
285,98
751,19
1123,90
1031,61
292,20
332,131
1645,65
1592,51
944,1797
906,1092
124,61
1780,66
1304,37
1068,70
768,1630
1280,94
590,1693
898,71
988,1663
1769,96
254,1665
310,1092
227,26
264,16
962,91
509,82
1430,24
1856,53
435,1693
1881,1656
578,107
764,1654
1755,83
1647,97
1704,105
303,70
1413,65
1470,50
1127,87
944,70
1943,1663
1653,59
1143,119
1808,86
1612,1092
1440,80
636,1665
501,106
10,91
1686,43
1136,633
1429,50
994,61
902,82
1773,109
1555,70
726,1654
566,239
165,1678
707,71
1204,1807
929,65
1796,75
451,1797
1506,51
1067,1675
1968,106
811,37
1509,70
1645,196
996,111
135,1639
1283,41
1111,103
673,53
783,56
202,1639
715,1666
1661,53
1112,132
1185,82
1494,196
1296,59
1563,31
199,86
1145,60
1403,154
1493,1632
799,41
766,84
803,42
1519,638
384,108
1619,1656
368,33
833,41
1845,80
1534,89
893,79
164,1639
1804,1
1972,85
1865,53
407,107
781,154
548,1659
288,1639
1288,50
1419,1678
1787,94
1348,20
232,196
949,239
863,1671
1141,1659
647,1670
630,90
393,61
929,83
124,65
1800,60
1124,1666
1803,89
225,84
1475,56
1682,64
798,1665
137,32
1910,58
1843,111
526,1807
484,1654
1535,35
446,1678
561,1632
1795,1
489,105
695,41
992,16
704,1642
813,94
1862,91
1973,108
799,31
1596,83
1909,20
419,1657
183,1630
226,85
1439,79
1463,85
855,1632
769,73
1737,108
928,1660
1700,96
484,138
1633,67
255,83
1513,93
263,1630
1334,93
161,106
842,29
644,1665
1324,35
1402,53
818,98
232,65
653,35
1020,42
767,69
1519,64
1006,109
1606,1666
557,1671
249,1666
287,138
1448,68
1176,73
686,68
951,32
327,112
972,107
8,80
524,54
27,1632
894,58
1427,41
1623,29
776,85
761,633
961,79
1596,97
1091,1797
973,1654
544,64
1593,75
1266,1657
1761,23
826,28
511,90
937,119
1183,56
1497,79
1740,61
788,80
526,1630
1042,101
1466,1667
1958,95
1502,107
300,1641
342,20
1357,87
1965,1666
275,93
439,60
918,91
1607,77
616,1673
1914,77
1587,33
834,39
45,54
1101,35
547,1632
517,50
479,1679
1238,132
462,97
227,82
1204,1670
1832,103
1960,60
1930,1654
1894,1807
517,67
662,190
704,1654
1562,131
1780,638
897,111
492,69
1457,1667
1593,85
229,28
301,1641
1315,17
444,1676
359,1673
1764,42
1180,43
1130,16
923,50
545,1678
1901,1797
489,1642
784,1654
1706,111
1817,96
1429,106
1523,67
627,54
899,61
1837,29
189,1657
601,1641
1866,1641
624,106
218,65
643,32
939,35
1075,37
403,1797
993,1679
1028,1657
231,95
503,96
1343,138
1607,67
1438,154
466,108
1061,43
766,1673
935,132
758,1641
1509,239
1225,1092
945,26
837,28
1409,1675
1207,1656
1270,1630
277,53
977,1673
578,50
334,62
1543,1639
749,59
971,65
1524,233
723,1654
835,1668
1906,87
236,33
1487,1656
256,111
1305,100
1039,65
1493,1673
1761,51
451,28
360,1639
182,1807
664,58
1217,36
295,100
232,28
1923,1658
936,36
663,51
332,239
225,35
1314,63
710,106
144,87
1981,43
1054,37
1824,1092
1537,29
229,1660
545,107
490,104
1568,239
1257,1698
958,105
281,19
1404,41
1226,111
877,1233
1943,64
1142,1693
881,108
1309,26
1867,1670
1427,83
1289,86
1417,105
576,1671
1895,1668
1476,1676
1481,132
1500,96
1875,84
1382,68
1972,108
1845,154
923,97
583,59
587,60
1925,82
1008,87
334,1665
1720,108
617,95
249,85
680,1667
185,43
573,82
1790,35
918,1659
369,1642
653,26
1392,60
847,1678
831,53
46,61
1954,1658
1705,154
1850,111
150,239
242,1092
490,90
183,109
951,104
388,1680
385,79
1557,1642
928,73
1597,239
1302,53
1450,66
465,42
246,59
618,112
906,1680
746,77
1261,132
907,95
587,93
1305,64
1838,90
1932,43
816,19
1593,131
472,1663
160,1665
883,29
937,79
1592,69
1099,87
1062,89
1360,1657
1357,1641
313,104
1898,99
773,1672
671,1665
670,108
1941,53
129,1680
1803,60
1398,112
1662,107
724,103
375,111
1388,190
197,33
1601,43
515,68
1158,80
1344,60
133,95
1971,73
396,1671
291,53
1323,32
1421,233
246,1665
310,98
442,26
223,105
1990,65
564,43
1373,65
1835,26
934,109
805,1659
1093,66
1791,63
1514,41
1650,23
1177,1797
148,95
1989,24
540,67
306,73
1268,79
219,66
1234,43
441,60
1184,86
192,96
1066,1642
1723,1785
1874,91
628,1665
1052,85
1436,1666
1530,75
1385,62
228,99
1938,82
174,35
859,131
842,73
1112,103
1041,93
214,37
1118,93
551,94
1158,66
1747,1785
133,65
1830,1658
982,62
1135,108
469,89
163,108
1175,1233
1420,70
1664,114
834,97
1081,32
823,1
881,58
1413,33
880,633
1289,19
1842,107
702,56
742,1671
273,96
457,1667
1231,53
1855,69
1399,73
1832,1672
359,1654
1707,82
1376,104
1925,23
1099,1657
198,154
276,26
226,51
1972,86
449,1676
1278,67
340,63
805,19
1109,69
498,41
1237,112
1295,1668
1395,82
366,16
1072,95
647,1665
1257,85
1715,1671
124,66
986,101
1344,233
477,132
150,42
137,39
1833,59
1559,1663
237,110
1105,42
1587,196
1715,59
249,1632
545,19
1812,73
1924,1667
364,1673
116,26
1289,1632
1037,108
45,98
156,107
1960,65
1748,32
1627,1233
1662,1642
8,50
1743,239
1356,35
298,1675
421,42
775,33
280,60
1589,59
403,1693
544,51
1956,100
1087,1654
330,20
1977,1654
1422,61
963,63
1116,239
1062,119
161,105
144,239
1119,98
1521,633
127,20
1506,101
1268,1092
1877,82
167,23
1933,1760
157,29
641,1676
821,54
1089,1680
865,196
130,33
207,61
1910,53
551,66
897,1663
720,70
1735,1678
439,94
1988,233
1390,71
713,105
147,1679
881,85
1751,90
405,75
1276,58
1919,190
1224,1659
1684,17
1815,83
1359,87
203,62
1417,66
830,233
213,233
30,1663
118,62
1167,91
283,23
1043,105
1737,1760
559,1654
1707,190
471,60
769,90
1230,1639
1552,23
957,107
584,71
255,64
437,109
1911,39
973,107
1271,132
774,100
728,60
1499,239
181,104
406,61
889,111
1061,87
1061,1667
350,1678
1307,1807
996,50
426,16
804,87
1411,73
237,82
365,29
163,1693
76,80
297,1797
739,1658
835,1659
1852,132
904,138
405,93
441,1676
1331,1679
1204,1671
568,119
1124,20
600,1672
1002,138
1818,54
423,1092
739,95
577,104
791,1678
967,1675
713,1656
1265,59
547,1092
620,1654
1335,77
587,19
1011,233
226,233
1369,101
391,1659
30,87
712,138
508,53
1808,1658
650,64
1096,16
409,1660
1049,190
646,28
335,95
1371,39
1499,106
878,85
9,58
1041,37
764,68
462,1642
1354,36
622,94
1691,111
1340,119
1839,31
777,61
1330,61
1532,65
1634,111
894,196
163,36
459,39
1970,109
1016,82
1349,112
1511,79
1810,1666
1319,1670
1479,1671
1178,104
812,1092
421,111
1842,51
1882,106
618,29
672,35
364,111
611,54
404,24
499,154
429,1807
407,61
465,94
1761,50
324,1677
639,1654
215,110
1468,1678
1800,1660
1415,43
1570,1678
886,31
1689,190
1763,131
1213,190
630,16
542,60
1647,1675
1224,83
463,107
1888,42
1991,1797
532,114
808,80
1927,29
1199,108
1717,633
408,638
1863,53
12,64
982,1658
1006,24
989,32
184,79
480,80
443,68
379,60
130,1658
199,233
1692,1092
538,59
1074,89
1111,60
358,32
1869,112
1445,1656
645,96
1832,68
1464,94
307,41
1764,233
129,119
1527,93
760,101
1732,1233
1171,89
1528,106
1072,1676
1406,79
1027,1654
1265,39
1712,1672
718,77
278,196
1312,112
617,94
247,1679
447,89
707,109
980,85
781,36
970,111
76,132
885,80
137,24
1367,70
1564,68
970,1092
551,1807
479,1092
1219,87
1111,93
1024,71
429,91
1518,65
382,69
1982,1630
1323,53
588,1642
1752,75
1950,82
1037,85
779,1671
659,1673
1208,1639
203,105
1481,36
527,82
1687,108
267,110
88,1665
1600,62
971,108
628,59
772,107
811,1671
1835,1672
1443,96
1117,73
658,110
1020,1673
1690,35
843,54
1432,1657
169,1233
1848,65
376,1665
1094,1233
1209,1673
674,1658
698,24
438,633
1106,109
990,58
458,107
1767,96
1122,1670
1844,53
1595,1807
820,1693
1705,1693
57,1
1952,94
1921,63
1561,80
252,100
1985,26
275,39
535,43
577,1659
497,75
1162,1785
1740,1656
490,58
439,103
922,79
1829,106
1447,109
1727,1679
1257,1693
1441,60
1863,1233
1141,51
438,84
1764,1642
1915,1678
227,109
1938,1679
887,17
671,110
1154,84
1123,1641
129,83
22,1670
1043,62
658,96
1376,91
1086,96
1767,1
205,89
1183,80
1133,59
693,1642
6,37
249,112
624,36
494,56
332,1797
336,54
1023,53
164,94
1820,83
1071,91
1732,1673
1974,54
1141,1673
882,112
352,69
500,69
338,104
9,114
1226,35
1890,26
1517,1654
1316,1693
1854,1807
208,1668
595,112
1094,106
1015,61
1229,1659
1558,1673
1302,103
1328,1656
482,68
800,33
1704,89
625,60
22,1680
1510,85
796,85
1077,196
464,1632
601,59
1335,26
179,77
220,1639
402,638
644,1
1603,132
1381,1630
581,1642
1811,83
712,97
1082,1693
875,1641
1295,1671
1592,98
691,87
178,62
529,1668
1264,1639
255,60
1031,35
936,110
185,80
117,59
1516,89
710,32
1002,633
1795,638
1371,1680
1173,190
1730,1677
215,1666
1746,16
275,67
1274,103
1549,1673
958,196
1494,1632
905,1676
1354,31
1742,28
1981,82
1142,86
1805,132
1293,112
10,1679
1115,112
1016,41
1938,1632
1477,100
1427,29
1521,138
1731,43
371,79
1559,91
1484,105
1231,58
156,1680
526,68
1207,61
1393,33
454,35
1861,32
815,110
873,19
984,42
1137,36
513,66
1783,101
1237,1
1647,1632
710,131
587,1632
987,1680
127,23
1199,69
1643,1785
650,60
941,1665
1978,110
197,101
821,53
1729,90
1414,42
1458,80
1846,41
1739,33
372,1673
1744,1657
1741,1641
1122,37
365,42
1471,60
520,633
281,43
744,77
1135,131
288,51
716,19
1268,1632
1074,19
1366,1665
490,1654
1444,97
947,1675
270,1698
381,91
765,1680
951,83
992,32
1623,31
230,1660
997,1671
273,67
368,79
594,63
494,1641
1684,1678
1650,42
1208,41
122,50
1636,105
458,80
44,1671
279,66
428,1656
1116,79
1868,68
1979,75
1486,105
1089,107
168,69
1573,1663
10,1092
1940,1698
889,110
948,1807
1416,633
1162,69
1607,79
908,103
1779,68
433,65
804,80
1144,1785
365,28
1343,23
1440,1698
230,112
1979,1693
1943,62
1249,1676
223,19
1684,32
1174,104
1285,59
1339,1663
257,93
460,1660
547,108
1581,633
751,638
1524,20
1431,1654
846,56
577,111
494,1659
394,33
660,196
825,1641
1456,1233
1184,32
1849,1630
1480,33
548,1679
1415,69
1109,106
1017,66
798,89
359,23
1638,73
717,23
560,1642
140,24
1082,63
144,91
1428,39
1763,114
1253,54
918,107
409,73
1355,1642
1945,638
490,100
49,35
733,89
1879,36
1114,110
1242,91
816,1663
1188,51
1084,1680
971,67
394,64
175,83
1600,66
786,84
307,75
1528,93
280,103
967,1656
1981,1698
1093,1632
1716,101
373,71
889,1660
1912,50
1075,132
1114,1698
1793,239
727,99
453,64
954,1639
164,53
403,65
244,1233
1526,95
332,233
761,87
870,1641
582,39
231,79
1981,41
115,1656
1590,105
1370,196
858,16
569,99
969,51
741,1673
1733,1663
665,1630
1111,63
120,39
1094,29
1833,131
1141,94
193,32
1081,105
732,101
665,36
1053,19
1917,638
1916,61
685,89
1332,94
48,98
175,97
1335,35
344,35
1046,50
307,89
418,108
648,59
1453,84
195,98
1375,41
1801,66
533,86
511,110
1507,97
370,196
444,53
745,16
391,1630
1223,101
1120,36
309,103
1730,91
273,1233
1175,1656
1733,1092
1406,1658
817,1670
834,1660
124,42
1655,23
164,59
22,73
690,31
1280,67
1723,233
1870,104
1621,20
1310,1679
1954,31
1458,24
938,90
901,86
405,17
962,68
509,93
1546,68
1037,1785
1694,84
575,1678
832,1656
1495,1641
1295,43
767,1656
1154,67
1772,1641
425,71
1576,56
729,17
1389,77
1703,111
968,65
1929,54
255,1679
647,19
577,69
313,1632
1014,50
1700,89
376,1666
1244,77
1871,16
1122,1671
424,24
1241,31
1281,110
783,1760
306,36
1334,1678
734,60
954,1672
1985,104
1110,1639
1898,97
1648,1656
670,82
889,1673
506,633
954,1659
1820,94
1065,107
1229,82
271,82
754,50
626,233
868,62
443,99
743,20
396,1665
1409,1654
52,35
305,70
1447,108
1005,131
683,131
1013,1672
1387,1
585,31
199,93
807,1672
1359,111
901,233
904,67
1332,131
766,41
712,1760
1453,39
663,1679
485,87
782,23
587,77
678,100
1400,82
1196,1092
1823,131
464,109
249,119
549,106
1247,71
295,56
174,33
1374,94
456,1680
18,1675
976,103
1290,73
1274,82
404,1680
1203,82
135,1632
1495,16
1426,633
1314,83
697,83
291,84
1547,35
555,29
1256,190
948,68
469,103
163,110
1692,1797
184,233
1728,1654
421,196
213,98
820,62
1706,1657
1852,67
1960,1673
164,1676
1218,1807
961,96
948,154
722,37
1110,26
1845,93
209,1698
1021,119
236,107
1177,111
1799,1660
1197,20
577,33
337,82
1170,54
1975,37
1317,1675
1008,99
1340,1660
556,51
1180,99
464,91
285,67
1912,106
536,63
1398,35
539,26
121,63
339,112
1020,23
1725,138
1112,119
137,37
582,111
1357,1
1303,69
1769,65
1732,83
369,60
1024,50
1600,1233
622,33
642,35
1109,1671
296,1797
689,196
763,93
1481,96
827,1678
988,80
589,1785
864,110
1198,71
1474,1
1862,94
1228,16
414,62
1521,26
476,633
1821,37
756,91
1550,1675
852,1654
1778,66
1245,233
414,73
1397,1666
1288,84
1419,20
1386,65
118,93
1980,1671
696,1675
1396,154
990,1
1823,103
600,1233
1296,1630
687,35
356,79
835,106
1407,1676
899,83
1368,64
690,84
462,1693
1850,1678
1432,71
1179,56
212,1675
1152,70
1557,41
1397,108
1256,154
1364,91
905,90
1497,1680
1514,1630
1758,111
1688,39
1084,106
1047,86
1141,119
1893,82
1552,1654
1775,82
456,111
1146,1678
1109,1658
924,112
1188,111
1299,100
1464,37
1356,83
627,1807
1218,108
495,71
1127,106
1824,1663
1865,69
562,1630
1575,104
266,99
732,1670
1004,53
1709,1656
1325,67
888,1660
685,1678
152,70
377,103
1032,71
1713,26
1454,1698
1790,24
1113,28
997,99
1462,23
1581,35
1712,1092
1342,1667
1986,1663
293,1670
1770,108
1988,59
352,1676
1511,638
1941,107
399,80
1414,37
619,69
433,64
1048,101
990,1672
419,53
1183,633
1064,101
1620,154
257,35
649,79
1057,90
1266,112
1637,79
186,106
297,37
1310,633
742,111
1349,29
1283,1679
1781,58
1389,1698
1466,138
733,1807
1272,85
387,69
316,101
1476,39
1976,61
930,95
144,190
982,1676
788,97
1251,75
1877,131
189,1654
979,1632
268,87
1083,1666
731,105
1820,101
366,60
316,1663
664,94
1864,23
228,37
1264,93
1652,94
1540,1680
1379,1672
1840,96
1860,99
669,68
1120,1660
1448,35
1447,85
1397,64
224,89
1976,1679
1705,93
1634,109
234,110
696,77
92,64
203,79
405,109
102,41
1977,43
1337,196
1191,33
1249,58
1359,53
665,89
1384,233
903,51
1773,1693
250,17
530,63
145,91
1271,68
1218,112
276,109
1418,1672
1936,69
544,111
1041,1639
732,1642
1189,1677
351,1656
1570,1676
156,1658
1683,87
819,84
508,69
1888,1665
1124,1639
681,91
245,60
144,59
1253,1666
174,107
582,36
1961,59
821,26
1335,1680
1564,112
254,1641
1839,190
193,1797
1685,138
656,53
1853,110
1914,1680
1467,1673
1131,138
820,85
1597,105
55,66
471,1641
682,82
1511,1233
1460,101
804,1663
517,1672
312,1641
1860,1670
354,82
614,70
1721,56
464,1672
216,111
1393,31
1216,1670
3,1639
1014,33
962,1668
1406,77
1558,94
983,132
838,1673
1925,95
698,20
1951,101
1901,80
1170,112
783,1693
305,1654
1119,23
610,101
1181,1680
634,111
1156,1670
1082,97
1393,1660
1023,19
346,29
349,96
1071,65
1931,86
1881,77
1168,1658
282,1233
525,93
286,1785
1564,70
572,24
999,1679
1752,77
991,1657
1410,1233
1842,66
1456,1673
1570,95
423,1676
267,96
822,1092
231,1797
1450,65
537,66
739,26
722,62
904,37
1439,97
1080,190
1871,98
364,77
276,1
1090,107
577,68
1019,1671
1633,41
1426,105
1669,59
0,67
458,105
1197,64
1180,24
1951,107
81,104
1918,26
945,1641
1538,28
360,33
657,61
1874,100
1837,112
1087,1807
613,26
1790,80
1804,1233
1438,1785
1519,26
1485,86
771,66
1506,61
1510,1671
613,1797
885,32
157,1673
1722,67
892,54
1707,1693
180,106
878,1
1268,1673
1364,50
409,54
1542,233
1782,24
706,33
1664,103
545,1807
1968,1785
92,58
1843,1675
1496,1672
1972,1657
746,43
15,1698
1724,112
337,1641
621,67
1359,31
495,28
403,1666
526,110
1046,1675
1117,89
451,90
1941,1639
231,1672
1711,1679
201,1639
1929,39
1874,1632
279,42
1945,103
417,79
563,20
413,59
529,1672
1176,1639
1841,103
1898,80
481,91
379,138
202,1665
1590,1785
986,1
1732,110
170,50
1514,1659
565,75
1607,1641
1311,1668
1081,37
1029,1657
1174,1668
1731,63
295,1663
1738,87
193,29
1460,79
418,16
717,1676
1765,196
1709,1666
1214,90
1607,1679
122,28
1501,1632
1463,67
858,1672
1838,1807
1143,65
1201,80
1079,19
566,66
1743,56
933,43
168,107
573,1760
1773,91
1847,110
484,23
1602,69
882,190
1469,90
1398,32
140,64
434,1679
986,96
1122,190
1032,138
1912,1092
426,1807
297,1693
1274,101
1182,42
1822,1663
1425,1657
258,23
1864,93
1635,100
1747,1672
807,35
754,87
312,62
352,85
824,1797
1407,16
486,32
1320,20
220,84
941,20
1185,96
1883,73
1058,1092
1811,638
1077,50
585,58
881,41
1359,66
1681,1642
884,98
1181,20
1970,37
8,53
445,64
1700,1658
1596,111
1467,37
1524,50
1529,1654
451,54
755,100
1507,43
222,29
1986,20
560,86
923,42
394,154
1542,1659
785,77
1945,67
326,111
1799,1666
168,1677
1773,77
1395,37
353,60
1881,20
1756,58
949,110
1175,190
535,95
1290,106
704,89
1418,39
1240,59
1699,138
1944,35
1176,77
1397,107
163,1680
1034,23
1681,110
1533,1659
1816,29
1505,26
1587,68
1309,32
813,59
1722,1663
1577,190
696,33
695,59
625,77
203,51
827,99
1221,95
356,1673
1410,190
1786,1667
189,109
1646,85
530,107
1747,104
1090,83
1609,79
1965,114
623,1671
1452,75
1644,1693
1970,1672
981,1671
1241,86
1884,70
524,1654
1462,20
721,96
959,58
1000,41
583,638
140,100
1850,69
431,1639
679,1233
951,1670
275,97
1643,1670
1418,41
885,24
1024,96
908,97
1155,32
569,69
1267,154
770,94
1530,1666
1920,42
514,91
1047,103
1134,1797
339,1670
1131,62
1775,99
1081,83
328,73
2,1632
900,89
1363,35
332,1675
1036,75
1605,1654
1171,62
1703,1667
346,1665
739,64
349,638
1134,1639
967,1668
1192,1630
1814,41
1690,107
1915,66
1953,1675
1295,1658
503,1642
916,31
1469,31
792,101
464,54
1847,64
1042,83
272,19
1746,85
1213,26
1140,196
316,1656
721,82
320,1807
1921,119
1850,87
1392,99
1519,96
683,26
152,1656
443,1233
999,86
604,1670
1944,63
911,58
1801,1760
592,80
1604,105
616,86
1046,196
213,1668
1394,93
733,87
1745,53
385,103
116,79
1168,50
1919,95
598,53
120,138
1464,83
753,60
225,1659
1882,105
689,98
1703,69
647,41
1422,1233
10,190
1133,98
1247,1092
1468,1673
273,190
1126,67
773,1807
997,53
409,1698
1600,1630
1541,28
802,37
1706,93
1486,75
478,1658
838,32
487,82
1800,105
812,1675
1475,103
224,1630
1442,100
12,67
1286,61
811,95
480,83
466,90
194,119
1722,31
730,37
433,99
52,73
490,84
1583,68
1019,1
160,58
413,1672
1202,1668
1129,1660
1536,70
817,86
1427,87
1617,109
1855,63
1748,91
314,56
739,239
482,28
155,110
1221,37
1269,1667
754,1658
1110,93
528,1785
47,37
1816,1642
34,58
533,84
1288,109
259,109
710,190
358,1785
768,75
508,84
1912,66
1991,98
834,1658
1082,110
655,1656
1069,1656
181,91
1068,77
1218,638
169,1673
261,19
1240,68
1499,75
894,1797
1742,53
1047,1671
1753,138
686,17
963,1676
220,99
1822,28
1163,1665
558,79
248,108
318,190
1701,59
944,1785
528,110
1757,633
951,100
1765,94
715,1642
1181,61
685,56
1557,1654
1544,1663
1909,41
991,98
1346,111
425,69
1531,41
172,28
1389,75
1117,70
1635,1679
402,1667
1984,1807
1403,1679
1218,85
846,100
297,131
1382,106
816,23
279,23
1223,196
1939,111
983,1807
397,104
1049,79
1234,53
940,1660
1888,90
1211,239
1287,82
1567,154
1074,1671
1934,33
1537,1639
363,1656
322,1678
1585,111
823,1668
518,36
1510,1668
1091,1676
1168,1641
1974,59
191,196
1176,100
862,1675
1855,1654
1715,35
1129,196
298,26
287,60
592,42
1786,84
1347,1654
1145,68
1220,1672
405,33
1553,93
209,638
1222,64
1448,1641
1209,77
1359,105
1029,1654
1913,79
223,85
1933,138
1755,86
1973,19
1096,1785
869,1673
1918,1676
928,91
1852,62
777,1654
614,99
266,91
1794,99
950,33
1783,1671
276,16
1382,100
822,239
1106,90
1357,1670
573,1
1841,1785
1931,1659
1612,42
1706,35
235,70
400,17
805,1092
936,99
1855,1670
1309,1672
853,1660
282,29
215,1673
1689,26
1524,1641
225,93
1704,1797
46,93
1722,82
858,85
308,54
770,105
1621,54
1232,1630
629,60
975,32
1243,1670
1954,33
1535,56
1320,39
1837,638
861,89
351,1
443,1677
1054,1675
1040,53
300,62
1556,51
763,62
1558,1663
456,196
1855,65
165,94
1549,108
1363,233
1275,91
44,59
618,80
672,110
88,1807
1451,1760
1029,110
478,190
518,1659
1014,28
447,31
1043,190
340,59
1452,96
539,111
299,28
1792,1639
376,633
640,112
185,1665
553,95
1947,1797
1548,138
1715,1675
1368,1672
1463,1663
197,112
1631,1673
1891,96
1286,106
1846,82
656,239
1615,1641
1045,1675
1708,87
857,1672
683,80
1509,196
1478,1671
743,58
545,23
1354,109
642,33
645,20
321,32
1728,33
1926,196
493,1676
1529,1668
1491,61
1936,1092
1845,60
1973,119
961,112
1048,1668
307,98
695,85
628,104
189,1678
939,1679
1882,51
1593,60
359,1632
968,109
348,1675
1011,17
1697,1092
1977,1658
1816,1698
1213,132
1910,1642
1007,69
1011,190
1491,1672
543,1693
1210,96
420,1668
346,35
150,73
422,1698
495,1670
1165,1630
1867,24
194,239
1581,64
757,90
22,119
1129,1
557,1666
1112,71
982,239
898,54
629,16
703,131
160,1
911,86
841,32
1890,61
1009,28
402,66
759,104
193,79
1081,64
1121,233
931,51
1745,89
643,1671
164,1698
1859,1797
7,20
1531,96
118,131
8,36
1700,1641
1835,104
897,16
1399,41
648,20
115,37
1717,68
1325,65
919,190
1436,68
745,79
708,69
584,75
434,36
1168,633
983,50
859,64
1173,110
1857,99
589,87
1365,1632
1988,37
208,62
1881,101
579,65
1647,1760
46,24
1964,62
1488,1807
1051,69
1843,33
1971,20
1112,85
784,16
1317,138
306,1654
858,59
1216,51
224,77
1789,32
1776,91
1532,79
545,51
12,190
1634,89
284,1
1980,77
224,60
595,31
1511,85
1477,69
1684,35
934,94
900,90
904,29
903,63
172,75
600,1676
1460,50
1413,132
1524,23
1569,86
1399,1233
357,82
1831,1092
1636,26
1446,84
1978,1672
1180,32
1345,103
1073,90
448,87
500,1680
1485,1667
1251,77
295,109
481,17
25,633
1699,75
135,1668
1230,67
542,65
265,59
1763,1667
1635,32
1870,19
144,94
1864,104
376,23
1535,99
418,1658
163,1679
76,66
1587,50
120,28
324,1092
472,239
1879,33
499,64
1832,90
749,54
1745,69
1913,17
1147,239
1132,633
1738,108
635,51
671,17
800,108
203,1659
256,100
8,1659
1931,633
793,131
1439,28
483,1679
742,1092
430,1630
1821,138
1878,69
523,119
734,71
1638,239
218,1785
498,109
1118,233
1689,51
487,77
1891,43
318,83
525,41
690,104
710,111
1020,89
1247,1632
989,60
935,32
1554,1676
1967,119
1824,239
1437,190
1276,138
1907,24
1711,114
865,103
777,83
1775,17
395,42
288,96
1302,77
1487,67
1237,1666
1563,1668
1285,28
1010,638
1417,108
1403,87
1221,36
1922,73
1389,1668
644,59
1697,37
812,95
444,65
407,79
458,1673
1140,59
0,119
1345,67
1878,87
542,131
1293,633
1955,96
568,1658
1338,98
1813,1630
1395,111
243,1654
1883,1660
504,138
330,1630
400,69
886,1659
575,1092
613,103
690,26
503,67
1229,93
1929,1663
1604,63
1954,26
1718,35
376,51
227,1657
1540,233
1685,154
1401,39
1202,16
1000,1672
1002,58
966,1659
1600,131
531,42
1926,239
1323,70
885,1657
4,106
277,84
371,105
887,31
527,94
1050,31
1346,108
1953,60
1093,91
906,1693
672,67
1764,106
860,1092
399,1656
1436,29
1042,132
1575,50
836,91
1466,190
202,1
590,110
1841,26
1055,32
705,190
851,638
1062,82
400,36
849,97
522,89
481,79
671,1676
1459,66
1618,95
842,64
1321,101
1749,109
1877,24
1017,1092
1441,71
1541,1698
1542,239
1583,91
1015,43
509,108
934,23
1128,28
1536,35
888,75
445,58
1026,103
506,56
675,111
1033,239
1896,1
772,69
1221,24
1392,1658
1073,17
1552,50
230,1668
229,95
1318,75
1140,31
533,119
1938,60
13,73
1173,1233
1837,96
1055,1675
487,103
1407,1658
1638,20
1361,56
2,109
831,84
959,99
214,62
1617,1807
1431,1797
1712,101
1503,1672
274,131
1732,104
1661,94
1954,62
1829,24
1904,87
1886,75
301,112
1033,1233
609,39
55,1
1752,43
1111,1092
432,112
142,37
1888,1807
126,110
517,103
1451,233
1198,56
1949,106
658,63
1712,1656
1322,86
917,56
1290,1672
1717,111
1610,107
662,1680
1213,1654
1436,97
836,1667
337,87
392,1670
819,97
142,1698
1317,1672
1292,1678
1291,37
1834,239
350,638
1224,111
1442,58
194,154
1189,73
1058,1639
362,190
1270,108
943,1660
490,26
1836,29
915,23
1357,62
113,91
1716,1659
613,1672
669,28
1577,33
982,77
488,1665
783,20
1580,26
1725,105
1743,638
1786,105
810,82
257,196
1236,138
1552,1659
120,98
1903,132
1805,98
176,99
874,70
1906,59
696,132
929,1807
644,108
280,1
1060,190
1389,32
450,1693
607,103
256,58
595,1639
708,80
1079,99
1409,19
1726,112
511,35
1379,103
494,105
778,98
1476,93
640,79
1523,26
1469,106
1071,138
460,24
1753,39
1385,29
579,82
724,39
1574,23
840,1670
864,1698
1142,53
773,190
1139,1671
858,54
1176,79
315,107
1573,86
1015,108
838,1797
1617,132
547,1656
270,75
1005,86
402,67
1930,43
1508,51
1216,85
615,109
267,93
1084,1672
785,1666
489,93
1216,196
740,1666
445,80
800,65
671,60
1959,53
936,1665
1966,89
757,1693
1828,90
1743,105
1599,99
1767,87
151,19
890,59
708,70
879,31
1787,112
499,1679
741,26
664,83
1609,1659
1567,93
1808,1680
741,107
542,84
360,138
1391,33
1378,54
935,63
703,35
780,86
1115,35
1061,35
1850,50
1735,1659
1823,1797
931,83
473,79
203,82
1587,84
921,73
1132,1807
891,33
506,1
234,138
1063,97
1963,31
914,24
968,59
1521,59
654,1666
1504,93
1196,1667
978,1632
1536,1654
304,1663
465,103
544,84
266,16
694,112
1177,90
1143,53
890,77
249,67
1061,1630
1049,16
1915,53
1513,35
463,96
546,42
620,101
1445,20
1983,1666
993,1665
1864,26
282,82
768,1659
1587,132
152,1658
1239,99
541,1698
1818,1676
538,50
1253,131
1809,19
156,43
709,75
1940,53
1769,1673
1522,100
1128,51
1188,63
1865,1656
1246,1639
1427,75
1687,71
823,68
175,95
384,42
222,94
280,107
1572,20
1478,1807
943,90
416,1659
342,1785
1140,54
3,1675
1287,1671
1740,95
396,190
1358,20
707,98
1535,1668
221,32
1526,83
1975,1632
690,105
932,62
1179,23
848,75
1625,75
1297,1660
433,97
15,65
642,119
1964,1092
972,36
790,39
996,1654
522,1665
866,1807
616,70
1042,1630
1423,239
1943,94
1009,41
955,85
702,20
1237,1665
4,1807
1043,1676
72,29
1637,96
492,16
401,87
806,54
771,1693
78,23
374,20
1572,1639
487,1807
1393,28
402,1679
226,23
1110,83
1329,66
376,1656
318,1663
566,107
1197,75
1969,50
1878,84
1055,61
763,1659
890,97
1227,98
1560,1797
255,17
934,1630
915,1656
1622,105
494,33
1952,69
1025,107
1481,633
655,1658
1924,43
691,1658
322,1
359,132
1925,633
143,29
680,29
244,196
1478,83
837,105
1543,79
1875,1693
1013,1666
652,50
585,17
1209,65
712,1639
716,87
1359,101
1736,1658
1539,35
502,56
482,1673
203,1673
401,65
115,111
739,31
1553,131
685,71
1578,1660
1626,84
1510,61
540,75
1791,132
1770,1668
1137,1
1318,94
430,1659
570,104
990,63
3,51
977,26
963,91
1723,29
855,89
1409,85
751,24
553,97
457,84
1052,93
1277,96
515,61
1031,75
440,107
230,1092
1448,97
1708,109
1926,1760
1715,37
1843,24
170,79
1018,1675
1848,1666
1755,1630
431,1678
345,35
1786,82
558,1675
1573,16
270,1785
404,233
921,1
1164,75
1148,64
1791,84
1460,68
1493,1639
589,1698
1448,1673
1500,66
179,66
1566,1663
1396,19
651,70
234,1630
1979,20
205,37
1308,86
81,95
617,61
959,1656
285,77
40,58
1881,61
1327,91
300,1678
710,43
1780,95
1550,65
1203,86
1421,51
1169,26
887,1659
1061,28
1280,35
965,119
1044,68
1118,71
1246,24
825,138
1758,119
804,154
950,1672
442,71
887,77
213,110
1634,16
983,1630
1317,638
857,1630
1563,20
824,61
456,119
1336,233
1505,108
804,1676
621,50
387,1092
545,1656
752,190
754,1678
1928,1663
1400,100
629,638
937,28
1737,107
1827,233
814,1678
590,75
511,60
245,64
1476,104
1592,1233
1095,108
356,69
1958,42
488,85
396,70
1631,1658
1955,154
525,31
1025,65
1820,190
1474,638
212,1665
1041,65
1045,1673
750,111
1929,1668
1034,96
528,43
1700,1671
656,112
1192,66
398,51
716,26
405,67
1002,1
14,67
531,87
146,75
1012,90
1531,84
373,1760
1596,106
1285,83
1985,1679
722,19
1093,32
815,132
1208,32
964,84
1365,86
1572,82
377,89
340,75
310,1639
1551,110
1720,42
135,1698
