1830,19
1025,1679
1793,37
1154,1657
329,56
744,35
1574,103
1559,1675
841,85
878,50
1158,32
823,1641
832,1670
1115,69
1935,1668
55,100
385,24
1772,1679
1751,80
1291,1668
1536,111
763,111
1369,1656
1613,79
1423,53
428,90
984,1668
643,1673
1434,132
187,1797
243,109
48,77
839,99
182,24
1329,43
712,51
1616,91
1155,1641
128,68
1733,66
957,101
1734,1679
279,89
1493,19
1684,1658
1254,111
964,233
929,1658
427,65
892,1639
308,196
380,103
1275,1760
1108,1785
117,26
1987,1676
1246,87
1432,89
740,86
1529,65
629,1675
503,24
1961,108
679,53
203,196
1789,62
962,107
1593,1657
1682,1092
217,32
1266,29
163,60
534,29
1181,68
1074,62
1832,110
1289,35
833,111
1015,131
635,39
1721,32
1117,109
226,112
1717,84
1750,1657
1135,633
1372,93
1118,1641
990,86
701,1
1953,1672
1734,1785
1011,239
1476,35
930,91
1783,68
1056,111
1699,77
1539,1760
946,1807
463,99
1576,1654
532,106
1926,1656
1398,29
612,1666
653,64
742,1797
1652,90
607,1639
1432,1233
152,1659
294,1632
338,154
1186,106
1319,138
1212,64
737,32
1769,19
1880,42
1715,107
887,132
45,33
1498,91
1409,1676
1484,1670
385,100
793,103
977,1666
1331,633
1017,1665
192,1642
1188,56
676,1666
675,71
250,1670
668,62
924,80
1849,101
1835,1698
1504,108
1216,1676
1932,62
1035,1678
1754,42
648,50
1113,1654
1854,65
772,1639
1429,1760
1570,1672
886,17
584,105
735,1666
437,75
610,111
1160,60
918,1632
1455,111
1358,132
808,86
1127,1639
747,91
503,79
552,91
271,69
1568,119
1771,1680
1058,51
839,1670
1228,633
754,154
1029,1678
773,20
1091,41
1186,239
449,32
799,190
92,82
575,1671
1073,1639
1569,1658
941,89
817,75
1040,1666
1464,100
1542,35
1922,1760
435,98
1953,32
1513,1671
1579,42
1389,1666
1433,50
1453,79
1278,60
1372,33
1066,26
825,1672
1144,64
1581,1663
1683,105
1116,62
231,154
1784,16
1324,83
3,85
1823,59
1879,1667
191,66
1884,59
1905,154
757,111
959,73
1352,1665
180,96
898,77
147,89
922,1233
797,239
1024,93
1940,91
841,109
15,86
1664,109
120,58
1424,28
251,138
819,1676
1674,26
384,233
1306,16
1556,26
1573,1092
1245,29
1542,29
860,61
1727,19
1164,37
1403,103
464,1658
1446,17
1986,58
4,138
1610,196
1311,39
513,110
844,1656
940,1663
920,24
1056,42
987,64
1783,62
1089,86
1894,103
1787,59
1327,84
224,1678
1787,1807
1939,1658
1991,77
889,1676
1796,77
859,138
589,29
1505,1660
608,1657
311,54
1217,1233
541,75
1718,51
1018,1672
675,1693
758,1630
498,1642
1573,31
173,66
1883,97
1498,1
1840,1666
800,41
928,94
200,79
1218,51
1754,97
561,106
1832,1665
659,1659
858,1666
1467,138
816,56
229,93
526,29
195,69
1834,104
1158,1672
1454,1657
1951,69
210,1658
600,100
1959,638
123,1675
553,82
242,43
1025,1698
393,59
727,16
1189,69
1128,1641
1682,70
1203,89
690,60
1846,71
761,1693
1950,33
1112,29
1276,190
500,67
743,1
662,41
1037,1671
538,107
1070,154
317,1658
568,84
217,106
864,85
1661,190
653,1807
263,71
1832,20
1263,1670
326,1659
903,119
1610,105
1040,71
1592,1630
1372,100
1564,1642
1148,1641
1294,65
579,1660
1248,41
792,63
1915,29
1649,73
1612,91
1777,28
1395,91
1952,112
336,26
1241,239
212,239
1483,1676
515,24
953,93
1961,119
451,1672
1708,82
1105,35
683,85
1681,112
376,95
1597,60
911,77
1215,51
719,62
244,1666
1308,1641
1328,1693
1131,86
750,1658
160,101
547,233
1427,35
860,96
519,1673
888,105
1298,1656
891,1675
390,56
1300,1679
434,94
451,58
855,1656
1412,107
1004,60
1375,1675
1767,35
830,1658
1626,59
258,1660
1183,50
597,59
1977,1663
1538,95
326,99
1006,1665
738,99
1476,95
798,103
1042,107
1816,638
1713,1672
127,29
458,1630
309,90
885,97
406,58
1149,106
1025,1678
1213,99
953,111
700,26
474,138
757,39
1186,71
1793,85
892,100
1540,28
676,19
755,1680
898,53
590,633
524,95
1002,1693
113,36
45,77
1720,1639
1521,190
934,35
1599,1659
782,87
1299,107
179,62
1121,95
715,80
1323,1671
1271,1675
583,89
1300,1693
1318,20
1008,53
920,33
1308,26
1721,1673
1537,1666
1541,36
1542,1641
1409,99
1599,1092
313,56
1415,77
741,24
135,633
1095,83
1466,1675
380,96
0,190
1123,154
292,84
610,59
1746,1675
1609,1657
1073,1807
1129,103
225,31
335,86
1810,86
1608,132
1297,41
1735,131
1813,59
136,1666
1621,104
254,1654
938,239
1310,95
691,1667
1083,1641
1944,53
185,1660
626,42
842,233
476,63
1343,29
4,1670
1387,63
1940,33
948,43
288,71
294,109
1805,51
267,77
1410,29
1985,1785
1007,633
1036,71
317,53
561,33
427,1693
654,108
1317,1658
1121,105
1913,1807
1892,24
917,108
1717,83
465,101
707,233
1740,1233
142,1678
177,1680
710,1658
765,1807
1783,71
1948,56
1951,29
688,138
1591,42
664,1679
174,98
1763,1668
470,99
383,1670
1947,97
1975,1693
1083,1639
1320,83
1172,42
1299,1698
861,109
1321,1092
1491,138
25,99
45,32
156,37
1908,633
1323,95
1859,33
1242,37
1464,87
1820,1676
1692,1785
1602,1659
1860,1693
1097,97
1043,29
1335,43
1389,1679
1503,239
1033,87
1001,37
88,32
1189,1672
1767,1673
1272,104
1683,90
545,1680
477,35
1647,1680
389,1667
1004,1698
1475,107
719,1663
932,56
590,1678
184,86
1855,1630
1967,112
545,99
1990,1639
656,42
818,131
1482,106
911,20
1220,1680
1322,1666
682,95
1215,75
1936,138
1866,71
981,65
7,1670
182,68
536,1678
751,1693
1453,61
354,111
1882,71
1295,80
1043,43
340,1658
1416,87
148,67
1586,1660
1965,51
684,28
141,109
1559,1233
620,1760
1735,196
513,1671
160,1641
1837,138
1611,75
1921,87
1591,1233
1280,89
848,59
232,1660
1920,105
876,1641
948,110
515,239
1472,154
260,104
479,100
1688,100
1816,89
394,1656
395,93
827,62
1876,51
331,53
800,28
928,65
981,83
1855,41
1619,1639
594,110
742,62
1439,108
550,91
1599,84
644,20
1932,35
1453,64
1063,1665
698,35
330,89
1321,1660
1915,112
392,1660
1709,32
238,75
386,70
830,1679
1257,97
281,1656
140,89
1071,82
265,70
1280,87
143,109
1176,104
1557,1698
962,33
908,37
1478,67
1762,86
1870,239
737,93
847,16
962,80
727,638
394,1642
654,1630
1603,97
1491,37
1953,82
1938,1670
1539,19
528,239
1616,1678
950,138
243,50
1907,1668
1690,60
822,112
681,138
347,16
1588,233
811,1659
1552,53
1776,633
1980,1785
1945,106
805,105
343,196
896,97
698,53
1936,1663
519,65
559,94
1223,71
1888,108
1958,62
1940,1671
1896,1693
92,1659
143,1641
258,111
387,1671
1553,1680
406,31
48,1639
1224,100
1810,1
375,196
1296,1671
1392,80
268,20
1020,31
1520,101
856,190
130,85
1381,50
1822,1654
797,65
1065,95
432,1657
308,50
661,1676
443,119
770,20
183,73
592,28
1328,1760
1921,1673
355,70
210,41
1117,132
139,1672
1000,1654
1556,63
303,95
435,79
1727,54
1231,61
971,1
421,32
1549,104
577,138
1576,26
1208,20
1118,1665
125,60
1318,233
953,1663
554,138
1473,112
1622,1679
392,1673
1688,1677
655,1672
987,62
34,108
461,1663
423,98
529,73
1119,100
878,196
1874,69
934,1642
1934,1
1385,16
546,98
342,1
842,99
1931,103
1310,96
1631,110
503,54
1907,36
290,1677
1108,233
422,56
1751,239
653,1630
1628,154
1063,233
362,95
1674,94
1249,1657
1194,1668
1454,68
399,1673
1529,1672
1527,109
297,51
206,23
707,1656
1336,104
882,1656
1880,1807
1684,1671
259,24
6,105
1421,1656
1690,131
752,61
978,1693
1605,20
1328,64
650,84
1934,96
176,633
1820,31
1267,1673
1891,1785
385,633
1020,35
507,80
361,1642
1557,51
999,41
1139,1672
1118,33
451,1657
841,91
1799,154
1340,107
1946,1658
1468,16
315,108
372,107
1094,62
473,66
951,59
419,154
145,1659
956,633
1570,17
405,83
222,1659
1511,1807
1043,1639
445,109
1849,79
361,24
179,1
1703,1672
1781,50
936,1668
1602,1671
1107,31
181,1785
739,89
1093,16
668,75
1757,41
1958,1630
113,1698
333,51
802,26
566,35
513,85
1263,1659
1358,63
366,69
1827,20
464,61
1241,89
1689,91
1874,41
1159,75
1307,66
1169,101
1466,1659
359,111
1142,26
700,41
814,33
872,104
967,1233
1914,1670
551,104
1414,1658
1914,82
1091,79
1714,1654
851,28
834,60
1498,87
1337,83
642,1
1434,101
1805,50
689,26
726,97
527,112
1063,98
1191,41
557,35
685,110
995,64
367,1667
1574,1642
11,67
1268,233
273,54
408,1665
495,83
1436,39
280,96
873,103
1648,1233
1541,132
533,59
1802,1642
81,20
795,70
876,1233
987,104
1156,53
1965,95
1951,28
1592,19
1756,100
1348,103
1991,1807
232,23
677,1675
751,96
1307,80
1919,1657
1685,17
343,1670
694,1642
530,1675
968,1680
1176,63
199,1678
1699,1657
669,94
562,56
1179,1639
915,66
1377,1641
1473,1642
375,1670
1323,94
1715,154
1012,31
818,1668
689,20
1081,96
1724,84
200,39
170,1667
1791,28
1102,633
1729,1659
1528,100
688,91
1935,29
944,53
1939,86
805,66
570,83
1272,105
1733,36
1844,89
1278,131
1834,19
255,108
1324,95
315,1233
1357,1660
1901,233
1438,1671
164,60
1568,26
935,79
1253,1676
1495,119
639,91
1858,1667
1712,79
594,1630
1736,69
1347,36
1718,85
743,233
784,112
1265,1641
841,97
960,1677
1551,1663
393,1642
962,77
696,97
438,64
1647,87
1277,1693
1613,99
472,112
1949,33
1353,1668
725,75
374,107
726,1670
1191,1654
408,1693
1792,633
1828,111
195,107
1298,36
966,190
880,59
1261,1663
580,94
1096,1807
380,36
1156,41
1143,1663
1879,1693
946,29
714,1
1251,1680
1505,1632
613,99
1732,1693
1739,17
1574,82
1598,1632
379,85
1789,97
315,39
1718,39
1829,96
636,59
1243,69
1048,85
1727,1665
570,1807
1822,1
498,1654
1702,1693
1259,69
1648,36
527,53
1651,1797
1963,1665
1255,17
1420,42
1756,1676
598,106
998,58
1316,107
506,50
1963,106
806,39
772,83
1788,29
799,1680
1778,39
1269,1680
1473,107
557,138
1626,83
1019,1693
1848,73
1369,42
1939,114
1120,90
844,1658
590,114
740,1233
556,70
815,61
529,108
413,35
1334,1665
346,70
1123,68
6,1678
1273,1675
601,1630
1113,94
1206,59
1408,110
714,51
456,1641
1732,1667
579,29
1220,131
515,79
898,93
1128,1676
975,89
1222,42
1276,1654
487,1785
431,1675
254,42
201,190
435,1654
388,20
966,1641
30,1679
1505,87
146,98
578,97
997,1657
438,1675
1070,104
648,79
1939,19
125,41
1778,1797
1268,33
148,96
1274,638
1317,1666
674,1668
1810,239
48,1673
1905,43
1975,93
1301,1698
417,50
198,67
255,54
148,1642
1309,1667
442,1639
741,65
102,1233
1139,82
2,105
1968,100
1549,1679
629,1698
1240,37
690,58
730,101
1283,19
1085,131
1954,58
1809,79
636,95
1039,1654
585,1807
208,1660
405,62
958,60
1734,131
1664,75
1498,17
1064,17
1501,100
474,1657
1750,633
1255,53
1536,53
300,59
651,1663
766,66
1174,37
298,1678
740,1657
373,1676
1460,196
454,41
205,67
1072,1630
1605,33
795,28
1720,31
1405,91
1629,1233
1371,1659
697,132
420,79
641,1673
399,69
1803,83
504,39
1705,239
433,93
603,239
1176,69
241,98
636,109
1758,100
1732,233
969,1641
475,132
310,71
1146,1671
578,69
1494,95
975,1630
1832,1663
1204,32
1781,1668
158,42
330,29
746,1663
1188,1642
796,1092
637,82
942,1642
1462,109
642,638
701,107
1476,89
1612,75
1466,1671
492,1672
1159,84
1509,31
150,66
522,107
1987,1667
353,54
1796,17
201,106
1200,154
332,94
214,94
451,1656
1175,37
1786,20
935,154
1104,1642
1715,16
1681,96
46,1671
483,43
1226,79
1705,106
547,1660
1487,100
1215,35
459,50
991,131
1917,1657
1353,64
311,1660
492,58
1927,1670
1359,94
517,71
1549,58
997,1679
1467,73
276,80
1218,103
151,1092
1527,19
1606,68
540,31
465,105
338,1785
1514,100
1569,95
1311,104
1733,79
647,80
684,68
834,633
1493,16
1683,64
341,1677
1837,33
1163,62
1109,96
1220,37
1460,1698
686,633
218,69
1585,89
1984,1642
557,1630
1770,87
353,64
993,1675
1628,89
938,1654
615,1666
1082,53
838,73
1934,1657
1146,86
848,99
1957,20
163,80
382,36
551,107
989,68
223,138
1236,59
1437,70
351,86
334,58
1899,154
260,23
816,1657
1246,1657
509,16
1124,29
421,100
317,51
729,51
1043,17
654,1670
220,1698
915,1666
1395,1676
628,73
1754,39
1457,109
390,26
1039,69
1814,35
359,1667
1083,23
162,93
1008,37
1379,54
937,111
526,1671
1014,79
856,89
212,61
641,233
1965,94
540,1639
1645,96
1385,108
176,1676
356,106
727,101
1690,1659
232,24
549,43
404,638
792,154
997,239
1314,35
1813,75
197,65
470,97
845,1663
1894,1658
1547,19
1782,1630
918,99
376,28
1594,90
1651,103
1318,1642
622,103
898,23
1240,1656
538,62
1933,29
321,96
656,77
1285,132
1802,62
810,36
1805,35
666,154
1026,138
460,1642
722,85
7,119
689,100
122,239
1043,31
1980,190
788,1666
632,154
1113,1659
1244,97
416,1663
1469,1092
184,1675
1548,105
990,71
1605,104
1053,1233
780,1665
1975,106
727,138
1449,54
401,638
738,23
634,100
542,37
1938,114
1561,67
511,1642
1195,1639
613,112
1385,239
1203,112
1075,61
797,105
1136,61
1813,93
929,17
858,105
476,110
831,1698
1071,41
281,104
319,1760
999,66
1961,77
1482,104
898,233
1583,66
1222,94
871,132
1294,1659
30,1680
1546,90
1547,239
1087,62
1198,23
1477,36
1022,131
765,1630
753,32
1586,68
1714,17
1272,154
1238,41
44,95
283,43
1578,1654
310,190
1989,42
1019,1678
465,71
798,131
634,1632
1043,154
122,96
1120,77
1392,1698
148,1760
1456,79
1458,1675
1156,42
40,66
1287,90
538,1693
1277,106
1919,1679
1231,1673
130,79
663,91
1824,131
1855,1785
1662,103
1805,1642
1149,16
690,23
1388,66
1796,233
809,1679
811,67
1011,1797
398,1693
1553,101
1152,1632
946,633
528,100
1227,1698
1232,98
921,59
277,95
1168,20
923,1663
1798,1658
362,1667
402,1642
1748,119
1070,95
1439,110
394,108
927,154
711,89
216,68
1171,110
1764,23
475,75
1375,1698
519,60
226,37
601,87
729,138
533,96
1357,1678
1915,114
151,87
1773,112
687,1
198,1698
1699,24
1296,1675
542,1
467,19
1561,95
623,94
401,1665
1735,69
924,1659
524,1675
929,61
52,132
939,132
1949,1693
1532,29
1614,71
52,43
163,104
1269,68
1694,63
1384,28
1254,1654
1514,1667
14,107
1266,32
667,1679
223,83
1832,41
1026,96
894,106
1063,37
1322,97
1709,1673
663,1671
833,84
1315,66
1870,1680
451,67
1020,1680
290,95
734,1666
1011,59
264,638
449,1672
947,77
430,1673
1466,77
1106,84
1640,154
705,1663
445,1672
1806,64
1554,233
670,68
1078,65
1317,29
470,62
1485,65
460,64
298,103
918,1676
942,50
1411,105
481,1642
667,1663
1330,107
1651,95
177,37
893,1639
1725,82
382,110
1549,132
1454,56
1185,111
803,70
200,17
1984,67
1384,1807
921,23
304,63
1154,63
1289,106
1035,1658
1606,89
1238,71
1717,106
688,1785
1245,239
1335,109
1339,86
164,1642
1090,70
1365,64
1115,1679
1337,1657
1156,109
1958,1667
383,109
316,58
1901,31
1116,19
377,60
1031,26
353,59
1483,1665
1300,73
40,1671
1864,1680
298,105
439,1785
810,1641
943,1659
582,103
821,91
720,66
719,138
352,108
315,80
1492,138
1538,1676
655,36
488,1670
1889,1632
1483,633
244,89
543,233
1481,104
827,1670
700,1672
1736,1672
1842,19
1460,36
1336,106
418,61
1214,79
458,196
1589,1
944,29
559,1642
729,71
1798,633
826,17
809,63
1469,131
1548,80
994,101
453,1659
337,68
1115,1693
1239,633
1975,51
1905,69
1597,1671
1977,1660
1483,43
677,112
1841,43
758,101
762,104
356,119
173,1639
1405,108
488,71
1427,1654
329,83
1159,87
610,36
1220,71
439,1630
1096,77
1863,1665
1378,33
777,190
1664,1630
305,59
697,119
237,86
860,1663
1216,59
1900,109
1758,87
1279,112
882,1670
701,1668
1866,60
1282,93
1460,42
1443,82
342,1639
1342,50
614,51
1534,96
485,101
911,1657
418,190
1875,36
595,1656
647,83
523,65
1359,1658
861,1659
866,61
1455,87
873,1807
835,64
1533,41
1082,67
845,39
494,239
1881,111
1256,1660
1203,23
579,71
525,63
603,93
1068,1
147,51
1522,1657
1554,1698
811,104
1293,58
372,1760
731,1671
612,20
575,96
948,54
1922,1641
1568,1657
492,154
194,1632
980,1671
598,50
156,65
139,59
1316,67
893,1678
1377,107
1339,1654
1070,54
1623,36
1198,107
631,62
499,233
263,154
266,138
418,65
1086,86
1821,1
1147,68
1989,53
1440,36
1885,100
801,638
215,82
1049,106
1626,26
1493,33
1555,26
1294,50
1777,94
1116,86
1908,42
1486,64
1469,24
973,19
1071,196
1169,196
546,39
1726,1676
549,42
1927,33
1857,119
885,66
887,1678
969,1233
639,87
898,101
152,1663
757,56
1940,67
1779,93
1083,1656
858,23
305,39
130,138
187,71
1384,51
1151,89
412,90
1940,50
288,104
1984,28
1674,98
203,71
830,32
927,16
1282,33
1302,36
1363,54
1053,24
1036,112
956,1632
317,68
236,20
933,138
537,31
668,1693
1329,75
318,1654
1815,1667
1710,131
1591,132
1421,1676
1244,17
802,60
785,28
1834,17
877,1666
400,62
423,36
1455,107
1348,87
664,1760
400,77
1506,17
1881,75
1094,1670
412,138
76,31
1699,1641
1714,1673
814,67
1846,28
964,638
569,106
901,107
174,1657
156,54
1098,89
1298,1693
1745,24
1081,112
14,63
665,51
78,24
167,1639
1860,1678
1097,16
1460,28
1060,108
1517,29
861,1679
1133,77
1575,58
1779,1639
1008,66
1415,19
371,1666
977,35
593,1654
1042,31
691,119
1170,104
1301,1676
1891,1698
646,103
1200,69
741,43
1592,1797
363,1667
1780,64
730,1666
1651,1656
589,103
1568,42
1071,73
704,105
1508,1663
1863,29
322,26
451,1698
1084,196
1897,53
443,108
1080,1807
247,84
1557,105
1705,16
609,29
1752,85
578,1092
331,1677
1481,65
1742,1092
1963,1667
1697,239
539,1639
1349,90
746,33
361,69
489,24
217,131
472,64
608,66
1620,59
772,93
1821,70
665,61
371,28
1575,91
1565,65
1737,114
134,1679
1616,39
1562,111
933,63
1841,28
1975,73
752,1665
1924,119
1705,1675
676,633
127,119
1858,239
122,1657
869,104
599,83
1317,106
582,1693
403,100
1146,28
1219,190
1696,109
1421,60
1169,35
915,1
308,1233
955,1658
166,1641
665,1680
1041,233
764,112
982,59
897,1679
1347,1663
1343,86
1542,112
1840,1670
827,65
206,62
1933,131
961,109
1460,65
1134,24
1737,1654
621,59
1582,154
240,26
900,24
1528,33
540,39
189,79
162,19
1400,91
205,79
1861,50
280,90
452,1676
1376,196
751,196
0,41
590,66
168,101
1827,79
1080,1630
1720,19
1719,37
121,75
637,61
1851,85
1173,65
751,53
1625,154
222,1233
450,56
1003,50
1379,1659
1051,96
1187,1632
1044,65
1907,91
342,101
1236,19
1623,1665
1202,95
1064,132
1762,103
622,28
1708,239
770,19
1927,1807
1963,1630
1802,100
960,1785
1404,86
1774,1670
528,65
1311,1676
996,638
444,1663
1423,77
1832,24
967,65
1085,638
200,97
1322,80
1378,1630
644,100
204,1797
1457,85
1576,29
158,62
507,1672
698,83
1910,1760
953,1660
833,1666
981,1658
1538,73
1234,16
1095,107
712,1092
386,41
1588,24
1163,101
1082,31
1560,633
801,1672
1010,82
1240,53
797,80
690,42
892,82
251,90
1280,54
237,99
897,1658
1468,29
1009,138
754,79
244,43
1930,35
1731,132
682,131
1404,100
1573,63
1617,29
1980,23
550,138
1856,109
555,1660
787,196
456,106
574,28
283,101
139,111
1463,56
1872,109
495,56
349,1672
122,54
1356,1785
1761,17
1759,1676
661,95
1986,108
1150,39
1811,107
337,1233
309,53
593,138
920,70
1455,64
1713,112
185,104
124,107
287,233
1964,71
164,100
147,36
1860,112
776,638
318,31
1635,154
1158,37
1921,1657
615,26
249,1663
321,154
983,1672
591,93
1934,1679
1181,77
538,75
1823,1698
428,87
1081,73
1427,53
696,41
1637,68
1339,1659
169,239
230,1642
1703,89
819,1657
1103,39
1490,104
189,101
1777,1092
1497,42
1686,98
1819,1679
1029,1233
937,99
647,82
580,119
448,80
1186,1654
1338,1233
1144,138
1343,1670
543,1672
1649,105
530,1797
842,51
536,100
314,1630
1571,28
1956,1656
1085,70
271,108
117,1658
757,53
1732,41
946,1656
726,154
1850,60
1580,101
1214,1233
538,42
1350,69
1498,82
854,62
1232,138
716,59
595,36
870,94
267,65
195,1670
1866,190
179,16
972,1671
989,1663
550,1
1406,94
324,1666
379,1641
1636,1
1962,86
181,1657
805,1673
688,63
1469,23
722,1660
1042,75
677,1672
839,1641
1429,239
971,1675
1585,73
1931,37
1925,1785
1253,60
1458,106
1755,1658
1245,1672
1392,1092
1583,190
183,29
1344,77
1987,107
1236,75
1442,1632
1498,36
1111,1807
1943,70
951,24
1801,1657
1434,114
799,68
1246,1641
536,1668
191,638
1906,75
1504,97
290,39
133,1797
152,60
775,108
1382,70
1244,99
765,64
947,101
1172,1642
639,1659
1507,1673
1140,60
1468,1665
1234,73
1055,53
289,86
346,97
1695,1807
1587,1678
714,26
1817,239
772,1666
146,1630
386,17
169,1671
1842,1642
724,87
235,1630
231,65
1907,112
1540,83
144,67
1008,1666
1839,65
1146,104
764,1665
908,61
429,94
1705,37
1486,1654
915,85
921,190
1273,1233
1828,1679
1205,60
102,65
1210,1660
1688,26
988,98
1215,119
836,190
988,17
900,37
1697,77
632,1233
317,85
826,103
1692,1658
1917,1807
1329,68
1183,97
1187,98
880,62
1122,1675
424,20
9,638
728,66
1116,59
855,65
1137,154
1874,107
791,19
522,94
1934,95
1918,96
1149,1673
1779,1668
1304,36
1068,69
1327,50
1367,91
450,68
927,1660
932,42
1892,1660
1128,1665
166,1660
1330,69
1718,58
1846,239
1701,82
1204,1630
1971,71
382,112
1826,1679
1015,82
173,75
527,54
1761,1654
412,1233
275,1693
509,83
888,68
446,1660
981,95
524,1092
1959,106
910,85
1892,95
169,39
1531,33
1221,31
1866,196
711,91
1818,99
607,26
474,1666
923,75
1294,110
836,66
671,131
1586,1642
990,33
920,29
634,23
413,32
1762,1665
1908,29
420,86
1894,24
1822,1785
1096,37
232,100
1516,104
512,86
272,101
864,1679
1452,154
1129,35
859,1642
875,1
1502,1092
1111,100
905,58
288,20
715,1667
1950,75
388,23
1795,16
568,75
1046,138
605,90
505,1667
561,28
1563,1657
1450,56
1021,1233
1910,633
1036,154
1386,83
1076,1
946,1092
694,50
417,70
1893,1632
1008,111
1375,132
147,154
647,1671
776,1642
1751,1641
546,108
1065,50
1102,73
1550,75
740,138
565,33
1118,73
697,89
382,29
2,23
476,66
352,80
905,36
1497,1666
1829,1
1445,1698
1926,51
770,16
1752,50
1722,1632
1174,73
1909,100
1714,82
1951,1667
1734,17
888,96
800,60
1712,1663
1709,1785
558,1657
1238,69
1039,28
853,41
374,68
1001,80
414,69
290,111
809,51
1272,53
387,101
1844,109
1422,63
1372,16
255,80
1878,132
940,132
1592,109
817,1657
319,89
157,110
488,91
380,89
1874,65
1837,75
295,32
724,24
1331,112
618,1639
1887,111
1270,103
1478,16
892,83
136,1658
1299,1663
1048,19
861,50
832,1678
847,67
301,91
1832,233
1333,62
783,29
620,1233
254,69
1451,79
496,1639
1404,101
1096,1678
428,98
963,633
1282,73
324,19
381,94
592,1641
716,103
1359,85
1627,71
1649,1667
394,1693
1892,97
401,17
917,83
1896,100
1528,62
903,96
1244,138
434,91
1565,54
453,1657
424,93
151,26
691,1
1633,94
719,633
1976,154
1612,70
643,51
1927,63
1931,56
460,23
1149,101
1015,1785
1887,93
1378,63
493,89
1146,67
447,1676
744,41
1024,107
251,107
1910,1
1712,56
183,56
1364,109
1954,93
1920,85
743,32
608,1671
938,24
1755,107
599,1679
1573,32
1560,107
803,100
1104,103
2,1639
934,36
992,59
186,110
1554,633
1882,154
961,90
445,105
1172,638
1742,1670
1046,19
658,26
152,33
1234,98
1315,1675
137,1642
1706,110
768,106
475,1672
623,1678
919,39
849,17
586,1092
1723,91
1119,68
845,1785
808,96
1159,71
1763,1693
1981,26
1987,239
115,1641
336,138
1421,67
466,111
965,71
1101,69
551,100
419,63
128,1670
662,105
1303,99
1054,69
123,35
159,33
452,61
442,119
595,39
1271,1654
817,33
1204,1675
139,61
1333,131
15,1660
1373,108
748,1663
865,1641
553,1663
1107,64
293,86
614,80
1845,24
354,68
618,31
1576,89
1391,1656
592,638
553,1672
367,32
262,84
1960,1233
1978,1680
441,23
829,70
1183,29
1852,1642
1541,17
1237,42
798,68
483,1639
1696,53
495,1698
727,1675
542,73
1028,154
1836,95
1729,51
435,633
935,42
1590,106
770,41
1987,106
1571,1665
1309,106
1903,70
656,64
565,138
1027,83
1506,1656
315,1667
1832,66
1563,1678
1245,51
1479,1659
1764,239
1302,58
806,63
1413,109
867,63
1221,58
1775,1671
618,1
303,19
364,99
455,1698
1490,77
1218,70
1550,1663
775,111
262,70
1412,58
614,1656
495,1092
209,77
484,65
1354,1663
1964,1678
623,1698
498,1807
1326,1785
191,90
1886,1663
772,1667
1449,68
660,51
1414,108
1771,1785
522,60
503,69
1392,138
1207,1233
365,100
1607,36
1165,17
569,104
509,239
607,1760
769,638
1273,106
1752,73
439,132
388,60
1884,1630
1611,190
391,33
1577,98
1209,56
1761,1659
819,1668
881,31
955,106
371,99
1353,19
361,89
435,104
1284,1641
1860,1672
424,1665
467,1233
1139,1797
451,104
215,131
897,70
444,89
1311,63
1019,1667
1774,61
229,35
1531,131
836,93
1426,109
1507,106
148,63
631,1672
1951,111
151,66
1460,1760
1955,104
1958,23
1207,239
751,19
1123,90
1031,61
292,20
332,131
1645,65
980,89
906,1092
1153,87
124,61
1780,66
1304,37
1196,19
768,1630
1280,94
590,1693
898,71
988,1663
1364,54
483,23
310,1092
227,26
264,16
160,65
509,82
1430,24
1856,53
435,1693
1881,1656
578,107
764,1654
1494,37
1647,97
303,70
253,109
934,108
1470,50
1127,87
944,70
1943,1663
1143,119
1895,82
1808,86
1612,1092
1440,80
636,1665
1187,19
1686,43
1136,633
1429,50
163,1797
994,61
1773,109
1555,70
726,1654
299,43
566,239
165,1678
706,1678
929,65
1796,75
451,1797
1003,70
1506,51
1067,1675
811,37
1509,70
976,100
1645,196
996,111
1661,68
1111,103
673,53
1957,41
783,56
1488,94
715,1666
1661,53
1112,132
1185,82
1973,233
1296,59
1563,31
199,86
793,87
1403,154
1493,1632
799,41
766,84
803,42
452,132
384,108
1619,1656
1825,19
833,41
1845,80
1534,89
1376,87
164,1639
1804,1
1972,85
1865,53
1039,190
781,154
548,1659
365,1671
1288,50
1419,1678
1348,20
232,196
624,80
863,1671
309,64
1141,1659
647,1670
630,90
393,61
929,83
1964,93
1124,1666
1341,132
1803,89
225,84
1475,56
1682,64
798,1665
572,54
1843,111
526,1807
484,1654
405,58
446,1678
561,1632
1795,1
1410,33
695,41
992,16
113,131
704,1642
813,94
1973,108
671,64
799,31
1596,83
1909,20
419,1657
1549,99
1439,79
711,62
1463,85
855,1632
1268,51
1737,108
928,1660
1700,96
484,138
255,83
755,17
1513,93
263,1630
1334,93
161,106
165,1698
1341,37
1324,35
1402,53
818,98
232,65
653,35
1020,42
1618,59
1006,109
2,119
1606,1666
557,1671
249,1666
287,138
1176,73
686,68
1809,61
951,32
146,51
972,107
8,80
524,54
27,1632
327,1
1623,29
776,85
761,633
1168,97
1596,97
1194,119
1091,1797
973,1654
544,64
1593,75
1761,23
454,31
511,90
937,119
697,1676
1183,56
1497,79
788,80
1911,36
526,1630
1042,101
1466,1667
1958,95
1017,35
342,20
1300,90
1357,87
1965,1666
275,93
439,60
918,91
1234,1673
1469,1656
1914,77
1587,33
834,39
45,54
1101,35
517,50
422,190
1454,91
1238,132
462,97
227,82
1204,1670
1832,103
1961,1797
1930,1654
203,1785
517,67
662,190
704,1654
1562,131
1780,638
897,111
1717,75
1865,114
1593,85
229,28
301,1641
1315,17
444,1676
359,1673
1086,58
1180,43
923,50
193,1659
545,1678
1901,1797
489,1642
784,1654
1390,1676
1429,106
1523,67
627,54
899,61
917,1642
189,1657
601,1641
483,1656
674,93
624,106
218,65
643,32
939,35
1075,37
403,1797
653,71
1028,1657
231,95
184,64
1343,138
1607,67
1438,154
619,62
1061,43
766,1673
1475,1663
758,1641
1509,239
1225,1092
945,26
837,28
1633,1665
1270,1630
277,53
977,1673
578,50
830,53
945,107
1543,1639
749,59
1524,233
723,1654
1289,36
835,1668
1906,87
236,33
1009,1673
256,111
1305,100
1039,65
1761,51
360,1639
162,89
424,58
182,1807
664,58
1217,36
904,1641
232,28
1923,1658
936,36
663,51
332,239
1739,104
710,106
144,87
1981,43
1125,239
1054,37
1824,1092
1537,29
177,17
490,104
113,105
1568,239
1257,1698
958,105
1404,41
1611,131
1226,111
877,1233
1943,64
1142,1693
574,89
1309,26
1427,83
72,23
1289,86
576,1671
1346,1
1895,1668
1476,1676
1481,132
1875,84
382,1671
1382,68
1972,108
1845,154
1422,69
583,59
587,60
1925,82
334,1665
1091,1660
1720,108
249,85
822,1642
680,1667
185,43
573,82
1790,35
852,31
653,26
1392,60
1102,97
847,1678
831,53
46,61
1954,1658
582,19
150,239
242,1092
1139,1657
490,90
514,53
951,104
388,1680
385,79
1557,1642
928,73
1597,239
331,138
1952,1658
465,42
246,59
618,112
906,1680
746,77
1261,132
1020,1672
1305,64
1838,90
1507,28
1932,43
1593,131
472,1663
160,1665
1214,1807
883,29
458,106
1592,69
1099,87
1062,89
1357,1641
313,104
773,1672
671,1665
595,638
670,108
730,1665
1006,68
129,1680
1803,60
1398,112
1662,107
724,103
375,111
1420,1630
197,33
1601,43
515,68
1010,138
1697,1656
133,95
1971,73
396,1671
291,53
1323,32
1421,233
1064,58
310,98
442,26
1990,65
1077,66
564,43
1835,26
1728,112
934,109
1093,66
1791,63
1514,41
1915,1660
1650,23
1177,1797
1989,24
540,67
280,79
1268,79
219,66
1841,17
441,60
442,633
1184,86
192,96
1066,1642
1723,1785
1874,91
238,77
1436,1666
1530,75
1385,62
228,99
1938,82
174,35
1645,50
1199,23
1112,103
1129,33
1041,93
214,37
1118,93
551,94
1158,66
793,1698
133,65
982,62
1135,108
1669,1630
1155,98
163,108
1175,1233
1420,70
1664,114
834,97
568,77
823,1
881,58
1413,33
1585,1658
1289,19
1842,107
742,1671
1336,82
273,96
457,1667
1231,53
1855,69
796,84
1500,90
359,1654
1707,82
1376,104
1925,23
1099,1657
276,26
226,51
1972,86
449,1676
1589,90
1686,58
430,1677
805,19
1109,69
498,41
1237,112
198,1680
1395,82
366,16
647,1665
976,196
1257,85
1715,1671
124,66
1581,82
1344,233
477,132
1753,67
137,39
1833,59
1559,1663
237,110
1587,196
1715,59
1437,107
249,1632
545,19
1812,73
806,154
1929,633
116,26
1289,1632
1037,108
45,98
156,107
931,1
1748,32
1627,1233
1662,1642
8,50
1821,39
298,1675
421,42
974,16
775,33
280,60
1589,59
403,1693
1087,1654
715,58
330,20
1073,58
1977,1654
1958,1671
963,63
1116,239
1062,119
161,105
144,239
1119,98
358,1677
1506,101
1268,1092
1877,82
167,23
1267,1665
1863,99
157,29
641,1676
1089,1680
865,196
130,33
676,20
1801,633
1910,53
551,66
897,1663
720,70
1735,1678
439,94
1390,71
341,66
159,79
147,1679
881,85
1751,90
405,75
1919,190
1169,1680
1684,17
1687,36
1815,83
1359,87
203,62
1417,66
559,1665
213,233
30,1663
118,62
1167,91
283,23
1043,105
1794,93
1495,638
1707,190
471,60
769,90
1230,1639
332,1656
746,1656
584,71
255,64
437,109
1911,39
973,107
1271,132
1699,89
1499,239
1687,1654
181,104
406,61
889,111
1061,87
1568,85
350,1678
1307,1807
996,50
804,87
1336,1667
237,82
365,29
364,1630
163,1693
76,80
739,1658
835,1659
294,106
666,131
904,138
405,93
441,1676
1331,1679
568,119
1124,20
230,1641
1902,95
1002,138
1818,54
423,1092
739,95
577,104
791,1678
713,1656
1265,59
547,1092
620,1654
159,1630
434,75
347,64
1011,233
226,233
1369,101
30,87
712,138
1869,1680
1432,131
1808,1658
650,64
1096,16
409,1660
934,1672
646,28
335,95
1371,39
1499,106
271,105
9,58
1041,37
764,68
1354,36
965,69
622,94
1691,111
1340,119
794,95
1330,61
834,54
1532,65
1634,111
894,196
456,58
459,39
1970,109
1016,82
1349,112
1511,79
687,1657
1319,1670
1178,104
772,119
812,1092
421,111
1842,51
1882,106
1521,50
1818,56
364,111
611,54
404,24
499,154
429,1807
407,61
1761,50
712,41
639,1654
215,110
711,19
1468,1678
1800,1660
1570,1678
687,90
158,154
1689,190
1763,131
1213,190
630,16
542,60
1647,1675
1224,83
1719,110
1888,42
532,114
608,638
808,80
721,79
1199,108
1717,633
408,638
1017,62
12,64
982,1658
1006,24
989,32
497,56
480,80
1705,56
379,60
130,1658
199,233
1692,1092
538,59
1074,89
1646,1671
1869,112
1445,1656
468,1632
645,96
1832,68
307,41
1764,233
1043,1673
129,119
1527,93
760,101
1528,106
1453,85
1072,1676
1406,79
122,91
1027,1654
1265,39
1177,51
718,77
278,196
617,94
247,1679
734,77
369,1641
707,109
980,85
781,36
970,111
76,132
137,24
1021,1670
1858,1693
1564,68
970,1092
551,1807
479,1092
1219,87
1111,93
1957,51
541,1675
1518,65
382,69
1982,1630
1323,53
588,1642
1752,75
762,633
779,1671
659,1673
1208,1639
1528,154
1423,103
1481,36
527,82
1687,108
267,110
88,1665
911,1673
971,108
628,59
772,107
1835,1672
1443,96
307,1680
658,110
1020,1673
1690,35
843,54
52,1663
169,1233
1848,65
376,1665
1094,1233
1294,99
570,111
698,24
438,633
1106,109
990,58
458,107
1767,96
1801,77
1844,53
521,1679
1757,138
820,1693
1705,1693
57,1
1716,239
1921,63
1561,80
1985,26
275,39
535,43
577,1659
497,75
1375,1092
1740,1656
1839,80
439,103
922,79
645,1630
1829,106
1447,109
761,1658
1257,1693
1441,60
1863,1233
1141,51
438,84
223,104
1915,1678
227,109
1938,1679
1154,84
675,107
1123,1641
129,83
1346,98
775,60
1043,62
658,96
1376,91
1086,96
1767,1
205,89
1244,66
306,70
693,1642
6,37
249,112
624,36
494,56
336,54
1762,1807
1023,53
164,94
1820,83
1735,64
1974,54
210,1698
1141,1673
882,112
352,69
500,69
338,104
982,63
234,41
1890,26
1517,1654
1316,1693
1854,1807
208,1668
558,100
1094,106
1015,61
692,64
1558,1673
1302,103
1328,1656
482,68
800,33
1244,1630
1008,132
22,1680
1510,85
796,85
1077,196
464,1632
601,59
839,17
450,1679
220,1639
402,638
644,1
1603,132
540,82
581,1642
1811,83
712,97
1082,1693
491,60
1295,1671
1592,98
691,87
732,633
529,1668
1264,1639
255,60
1031,35
1806,69
117,59
1516,89
710,32
1002,633
1795,638
1371,1680
1173,190
1730,1677
1499,51
268,19
275,67
821,35
1274,103
1549,1673
1699,154
1494,1632
905,1676
1742,28
1798,1092
1981,82
1142,86
1805,132
10,1679
1316,1667
1016,41
1938,1632
1477,100
887,68
1427,29
1521,138
480,1676
371,79
1501,239
1484,105
1231,58
156,1680
526,68
1207,61
1393,33
1312,73
815,110
873,19
1421,1663
984,42
1137,36
513,66
553,59
1237,1
1647,1632
710,131
587,1632
1196,80
1694,633
1199,69
1643,1785
650,60
941,1665
1978,110
197,101
1850,1665
1414,42
761,26
1458,80
1846,41
1739,33
372,1673
1890,79
1741,1641
1122,37
76,35
1471,60
520,633
281,43
744,77
1135,131
303,1632
716,19
1268,1632
1957,1632
1366,1665
490,1654
1444,97
947,1675
381,91
290,154
951,83
1087,1665
992,32
1623,31
997,1671
72,94
273,67
127,1666
594,63
494,1641
1684,1678
1650,42
1208,41
122,50
989,1672
458,80
1011,26
279,66
428,1656
1116,79
1979,75
1189,1659
1486,105
1089,107
168,69
1222,1639
10,1092
1940,1698
948,1807
12,1673
1416,633
1607,79
908,103
673,112
1779,68
433,65
1144,1785
365,28
1091,70
1364,104
1440,1698
230,112
1979,1693
1943,62
223,19
1684,32
581,19
1174,104
1339,1663
257,93
631,39
1221,67
547,108
1581,633
751,638
1524,20
1431,1654
846,56
262,89
394,33
768,1092
660,196
825,1641
1456,1233
1184,32
1720,82
1480,33
548,1679
1109,106
1879,1760
1017,66
798,89
1638,73
717,23
1567,71
582,53
140,24
1082,63
144,91
1428,39
1763,114
1253,54
1607,61
409,73
1945,638
490,100
1547,104
234,97
733,89
1879,36
1114,110
1242,91
816,1663
1188,51
1717,42
172,62
394,64
175,83
1600,66
786,84
307,75
1528,93
1889,100
805,89
1981,1698
1093,1632
1716,101
373,71
1156,60
1912,50
1075,132
1114,1698
1793,239
453,64
954,1639
951,1659
1341,89
403,65
244,1233
1526,95
332,233
761,87
231,79
1636,1670
1981,41
1489,65
115,1656
1590,105
1370,196
569,99
969,51
15,69
741,1673
1733,1663
558,63
120,39
1094,29
1833,131
1397,196
331,1
193,32
1081,105
732,101
665,36
1053,19
1917,638
1899,31
1613,1679
1332,94
48,98
175,97
1335,35
344,35
1046,50
240,84
1661,633
648,59
1453,84
195,98
1375,41
1801,66
533,86
1507,97
937,67
1569,1092
444,53
745,16
391,1630
1120,36
309,103
1730,91
273,1233
1251,100
382,1639
1733,1092
1406,1658
817,1670
124,42
1741,633
1655,23
164,59
22,73
801,96
1723,233
1870,104
1008,1670
1621,20
1310,1679
1458,24
1543,83
938,90
901,86
405,17
962,68
92,43
1893,107
1037,1785
1694,84
575,1678
832,1656
1495,1641
1295,43
1479,1642
695,97
1772,1641
425,71
1576,56
729,17
1389,77
968,65
1157,71
1929,54
1932,37
647,19
577,69
313,1632
1014,50
1700,89
409,1807
1120,67
1871,16
1122,1671
424,24
1241,31
1281,110
783,1760
1669,77
734,60
954,1672
1985,104
1585,24
1898,97
1588,51
1648,1656
670,82
889,1673
954,1659
1820,94
1638,103
1229,82
271,82
754,50
1522,1672
224,131
868,62
443,99
743,20
396,1665
1409,1654
52,35
1081,1663
1447,108
683,131
1013,1672
1291,1654
1387,1
585,31
807,1672
1087,42
1842,119
901,233
904,67
1332,131
766,41
1453,39
1218,54
663,1679
485,87
782,23
587,77
525,1807
1196,1092
1140,28
1823,131
464,109
249,119
549,106
386,94
295,56
174,33
1374,94
312,64
18,1675
976,103
1290,73
1274,82
939,109
135,1632
1495,16
1426,633
1973,1658
858,87
697,83
291,84
1547,35
555,29
900,1676
948,68
469,103
163,110
1692,1797
184,233
1165,131
355,64
213,98
820,62
1706,1657
1852,67
1960,1673
1876,73
1218,1807
961,96
1521,104
722,37
1110,26
1845,93
209,1698
1871,71
236,107
1177,111
1197,20
1821,196
577,33
337,82
1170,54
1207,95
1317,1675
1008,99
1340,1660
556,51
1827,114
285,67
1912,106
536,63
1469,91
1398,35
539,26
121,63
1990,1675
1725,138
1112,119
1475,61
137,37
582,111
1357,1
1769,65
1732,83
1253,112
1024,50
1279,90
1600,1233
642,35
810,87
1109,1671
296,1797
689,196
763,93
827,1678
988,80
1966,1797
589,1785
864,110
1970,36
1862,94
482,87
1228,16
414,62
1521,26
476,633
756,91
1829,1642
852,1654
670,1807
1778,66
1245,233
414,73
1288,84
1069,59
1419,20
1386,65
118,93
1980,1671
1318,112
990,1
556,33
1823,103
600,1233
1296,1630
687,35
356,79
123,1680
787,633
899,83
1368,64
690,84
1702,37
1850,1678
1432,71
1179,56
212,1675
1152,70
1397,108
1790,1639
1256,154
905,90
1497,1680
501,1679
1758,111
156,196
1688,39
1084,106
1047,86
1893,82
1552,1654
1909,114
456,111
554,66
1146,1678
1109,1658
924,112
1299,100
1464,37
766,119
627,1807
1271,96
1218,108
495,71
1127,106
1865,69
1920,638
562,1630
1575,104
266,99
451,37
1004,53
1709,1656
1325,67
888,1660
137,1660
377,103
716,638
1032,71
1713,26
1454,1698
1790,24
997,99
1612,66
1833,1665
1581,35
1712,1092
1342,1667
1986,1663
1770,108
1988,59
1790,107
1511,638
1941,107
399,80
1350,61
619,69
565,1
433,64
1048,101
990,1672
1183,633
1407,53
1064,101
1620,154
257,35
649,79
1741,16
1266,112
1637,79
1842,63
297,37
1310,633
742,111
1349,29
1580,1679
1781,58
583,80
1466,138
733,1807
1272,85
387,69
316,101
745,59
505,36
930,95
144,190
982,1676
788,97
1251,75
1877,131
1555,131
979,1632
268,87
1083,1666
1585,82
366,60
316,1663
664,94
420,106
1864,23
1495,107
1264,93
1652,94
1540,1680
201,29
1840,96
1860,99
1243,99
1120,1660
1448,35
1447,85
1397,64
1236,66
1976,1679
1705,93
1634,109
234,110
696,77
1842,94
405,109
1474,196
102,41
1977,43
1337,196
1191,33
1249,58
329,1667
665,89
903,51
1403,71
1773,1693
250,17
530,63
1271,68
1218,112
276,109
1569,98
1936,69
1329,83
544,111
1041,1639
732,1642
1023,1659
1570,1676
1258,90
156,1658
1683,87
819,84
508,69
1888,1665
1164,1632
245,60
144,59
218,94
1253,1666
174,107
714,1672
1961,59
821,26
1335,1680
1564,112
254,1641
1146,99
797,1
1685,138
656,53
1853,110
1914,1680
1467,1673
1151,71
820,85
1597,105
55,66
471,1641
521,80
1511,1233
1460,101
1117,196
517,1672
312,1641
1733,1680
354,82
614,70
1721,56
464,1672
216,111
843,58
418,109
3,1639
1014,33
962,1668
1406,77
1558,94
983,132
698,20
165,1797
866,104
1951,101
1901,80
1170,112
783,1693
1119,23
1173,37
1181,1680
1056,119
634,111
1156,1670
1082,97
1393,1660
346,29
716,1657
349,96
1071,65
242,154
1881,77
1168,1658
282,1233
694,1660
286,1785
1564,70
572,24
999,1679
449,62
1410,1233
1980,101
1842,66
1456,1673
1570,95
423,1676
822,1092
1521,67
1450,65
1620,51
537,66
739,26
722,62
904,37
1439,97
250,53
364,77
643,1642
276,1
1090,107
577,68
1294,97
1633,41
1426,105
1669,59
0,67
458,105
1107,190
1951,107
81,104
1918,26
945,1641
466,1676
926,110
360,33
657,61
1874,100
1837,112
1087,1807
1790,80
204,1630
339,87
1438,1785
1519,26
771,66
1506,61
1510,1671
613,1797
951,1630
157,1673
1722,67
1280,82
1707,1693
180,106
878,1
865,28
1364,50
409,54
728,1642
1542,233
1782,24
706,33
1664,103
1352,1641
588,61
92,58
1843,1675
1496,1672
1972,1657
746,43
15,1698
1724,112
1098,196
203,1666
1359,31
495,28
1832,1693
526,110
1046,1675
1117,89
451,90
1941,1639
231,1672
1946,89
201,1639
1874,1632
1754,20
279,42
1945,103
1102,1658
563,20
413,59
529,1672
1176,1639
1841,103
1077,1693
379,138
202,1665
828,39
1590,1785
720,93
1732,110
170,50
1514,1659
1465,85
1607,1641
1311,1668
1081,37
1029,1657
1174,1668
1731,63
796,32
193,29
1460,79
1687,114
418,16
717,1676
1765,196
1709,1666
772,73
1510,75
122,28
1501,1632
1463,67
858,1672
1838,1807
1201,80
449,1665
288,1659
566,66
1743,56
933,43
168,107
573,1760
1847,110
987,1668
1924,99
1602,69
882,190
1469,90
1398,32
434,1679
986,96
621,1657
1122,190
1032,138
1912,1092
297,1693
1274,101
1182,42
1822,1663
1425,1657
332,50
939,90
704,75
1635,100
1747,1672
807,35
754,87
1492,131
545,16
824,1797
1407,16
486,32
1320,20
1982,1642
941,20
1185,96
1883,73
1058,1092
1811,638
598,31
964,1639
881,41
1359,66
1681,1642
884,98
1181,20
1899,73
8,53
1700,1658
1596,111
1467,37
1285,86
1529,1654
1789,1658
451,54
755,100
1507,43
222,29
1375,1679
560,86
923,42
1542,1659
785,77
1281,42
1945,67
326,111
168,89
168,1677
1773,77
1395,37
353,60
889,98
1391,17
949,110
1175,190
535,95
1290,106
704,89
1418,39
1740,1676
157,1663
1944,35
1176,77
1397,107
163,1680
1034,23
1681,110
1515,16
1944,82
1505,26
1587,68
1309,32
813,59
1722,1663
696,33
695,59
485,1654
700,633
203,51
827,99
1221,95
927,196
1410,190
1786,1667
189,109
1646,85
1747,104
511,70
1090,83
746,1639
1965,114
623,1671
1452,75
1644,1693
981,1671
1884,70
524,1654
835,91
467,85
1462,20
242,69
959,58
1000,41
583,638
140,100
1941,106
431,1639
679,1233
951,1670
275,97
1643,1670
1343,1660
1458,64
1024,96
908,97
1155,32
569,69
1267,154
770,94
548,95
696,64
514,91
1047,103
1134,1797
339,1670
1775,99
1081,83
1282,84
328,73
1051,1639
900,89
1363,35
332,1675
1036,75
1171,62
1121,85
972,1679
346,1665
739,64
349,638
1134,1639
967,1668
1814,41
516,24
1915,66
1953,1675
1415,54
1295,1658
503,1642
916,31
1469,31
1126,32
464,54
1847,64
1886,1668
272,19
1746,85
1213,26
316,1656
721,82
1626,1679
1921,119
1850,87
177,138
1392,99
1799,114
683,26
152,1656
443,1233
999,86
1944,63
1447,84
1801,1760
592,80
1604,105
1412,1671
616,86
1046,196
213,1668
1394,93
733,87
345,96
1805,41
116,79
1168,50
1919,95
598,53
250,1659
753,60
225,1659
243,68
1882,105
689,98
647,41
1422,1233
1440,59
1133,98
1707,1797
1247,1092
1468,1673
273,190
1126,67
773,1807
1902,1760
1600,1630
1541,28
802,37
1706,93
748,23
1486,75
838,32
144,60
1800,105
812,1675
1509,59
1475,103
224,1630
1442,100
1286,61
146,1785
480,83
466,90
194,119
1722,31
730,37
433,99
764,85
1228,638
1583,68
844,29
1019,1
160,58
413,1672
1202,1668
1129,1660
910,67
1427,87
1617,109
1600,35
1855,63
1748,91
314,56
1553,1797
482,28
155,110
1221,37
1269,1667
688,84
528,1785
47,37
1080,32
1816,1642
34,58
1288,109
532,1657
259,109
234,1679
358,1785
768,75
508,84
1912,66
1991,98
834,1658
1689,62
895,71
1069,1656
181,91
1068,77
169,1673
1880,1679
261,19
1240,68
1499,75
894,1797
1742,53
1472,23
1753,138
686,17
963,1676
1343,59
187,106
1163,1665
558,79
248,108
318,190
1701,59
944,1785
731,1641
1560,43
951,100
1765,94
715,1642
1181,61
685,56
527,95
1544,1663
1909,41
991,98
1346,111
1882,77
1531,41
1389,75
1117,70
1635,1679
485,35
1984,1807
1432,1660
1403,1679
1218,85
846,100
297,131
22,1658
816,23
1223,196
1939,111
1422,91
983,1807
1049,79
1234,53
688,1797
1888,90
141,99
1211,239
1287,82
1074,1671
1934,33
670,80
1537,1639
363,1656
322,1678
1585,111
518,36
811,42
1697,1667
1091,1676
1168,1641
1974,59
1176,100
862,1675
454,638
1855,1654
1715,35
1129,196
804,106
754,131
592,42
1786,84
1347,1654
1145,68
1220,1672
405,33
462,50
924,233
1222,64
1448,1641
1209,77
1359,105
1029,1654
223,85
1933,138
1012,68
1973,19
1096,1785
869,1673
1918,1676
928,91
834,154
1453,37
614,99
266,91
1794,99
524,1233
698,70
1783,1671
276,16
1382,100
0,82
1106,90
1357,1670
573,1
1841,1785
1612,42
1706,35
1689,105
400,17
1449,26
805,1092
936,99
1855,1670
1309,1672
853,1660
1649,43
215,1673
1210,63
1524,1641
225,93
1704,1797
1722,82
1759,75
858,85
770,105
1621,54
1232,1630
629,60
147,112
1243,1670
1954,33
1776,1
1535,56
1320,39
1837,638
1257,1676
1427,16
443,1677
1054,1675
1040,53
1556,51
763,62
1406,190
1558,1663
456,196
1855,65
1549,108
1347,1666
594,86
1275,91
44,59
618,80
672,110
88,1807
1451,1760
1086,17
478,190
1014,28
1183,67
447,31
1043,190
1190,51
1452,96
539,111
299,28
1792,1639
447,108
640,112
185,1665
553,95
1548,138
1013,77
1224,110
1368,1672
1463,1663
197,112
1891,96
1800,33
1286,106
1846,82
656,239
1615,1641
1708,87
365,53
683,80
352,86
1509,196
1478,1671
743,58
545,23
1354,109
1859,82
921,110
321,32
1728,33
1926,196
493,1676
1529,1668
1491,61
521,111
1845,60
1973,119
961,112
431,28
307,98
736,42
628,104
189,1678
939,1679
1882,51
359,1632
348,1675
626,633
1640,97
1011,17
1697,1092
1977,1658
14,1632
1213,132
1910,1642
1007,69
1011,190
543,1693
356,73
1210,96
346,35
1365,1630
150,73
422,1698
495,1670
1165,1630
174,67
285,196
1581,64
757,90
22,119
1129,1
557,1666
982,239
582,95
898,54
629,16
355,17
160,1
911,86
841,32
1009,28
260,36
759,104
193,79
1081,64
585,43
1121,233
931,51
1191,63
643,1671
699,63
1859,1797
7,20
1531,96
118,131
1700,1641
839,97
1835,104
897,16
1399,41
648,20
1415,1630
530,104
1325,65
919,190
1436,68
745,79
708,69
195,42
434,36
983,50
859,64
1173,110
1598,59
1857,99
609,633
1365,1632
1988,37
208,62
1881,101
579,65
1813,62
1964,62
1488,1807
1051,69
1431,33
1843,33
1971,20
467,1630
784,16
1317,138
306,1654
1216,51
422,32
1789,32
1681,95
1776,91
1532,79
545,51
12,190
1634,89
717,1663
224,60
595,31
1511,85
1015,16
1684,35
1795,96
934,94
900,90
903,63
172,75
600,1676
442,1092
1460,50
1413,132
1524,23
356,1807
357,82
468,43
1831,1092
1636,26
1446,84
1978,1672
1180,32
684,61
687,80
448,87
500,1680
1485,1667
295,109
1551,64
481,17
25,633
1699,75
288,1797
1230,67
542,65
265,59
1763,1667
1635,32
275,110
1864,104
562,60
376,23
1535,99
418,1658
163,1679
76,66
666,110
120,28
1138,196
472,239
1879,33
499,64
1832,90
749,54
1071,633
1147,239
1255,70
1132,633
1738,108
635,51
671,17
287,1654
203,1659
256,100
8,1659
1931,633
1824,1693
1439,28
483,1679
122,85
430,1630
1821,138
523,119
1166,65
734,71
1638,239
167,84
498,109
1118,233
1689,51
487,77
1985,50
318,83
525,41
690,104
710,111
1962,1660
895,33
989,60
935,32
1554,1676
1967,119
1437,190
1276,138
676,58
128,1642
1711,114
865,103
777,83
1775,17
395,42
288,96
92,80
1487,67
1563,1668
1741,50
1285,28
1010,638
1417,108
1403,87
1576,77
1922,73
550,42
644,59
1697,37
812,95
444,65
488,1797
458,1673
1140,59
1345,67
1878,87
441,43
542,131
1293,633
1955,96
1338,98
1813,1630
1395,111
949,131
1460,1679
1883,1660
504,138
330,1630
453,63
886,1659
575,1092
1662,98
690,26
503,67
1229,93
1929,1663
298,41
1954,26
1718,35
227,1657
1540,233
656,37
1401,39
1202,16
1590,233
1573,111
1002,58
966,1659
1600,131
531,42
1926,239
421,190
885,1657
4,106
277,84
887,31
267,98
1835,35
1050,31
1346,108
1953,60
1093,91
906,1693
530,33
1764,106
860,1092
399,1656
577,90
1042,132
1575,50
836,91
1177,1
202,1
590,110
1841,26
1055,32
1976,233
1062,82
400,36
165,1670
849,97
522,89
481,79
671,1676
710,56
842,64
1321,101
1749,109
1527,1785
22,94
1017,1092
1441,71
1541,1698
1542,239
1583,91
820,43
509,108
934,23
1128,28
1536,35
763,35
1026,103
506,56
675,111
1563,1632
1033,239
1896,1
1290,1670
1221,24
475,66
1073,17
1552,50
230,1668
1046,1656
1318,75
1140,31
533,119
1938,60
13,73
1837,96
167,110
463,89
487,103
1407,1658
1638,20
1361,56
2,109
831,84
544,638
214,62
1617,1807
1431,1797
1712,101
571,1659
1732,104
1661,94
613,1670
1829,24
1904,87
1886,75
379,1092
1033,1233
609,39
55,1
174,1693
1111,1092
432,112
1081,43
142,37
1888,1807
927,1673
517,103
1451,233
1198,56
1570,97
658,63
1712,1656
1322,86
917,56
1290,1672
1298,239
662,1680
1306,1660
1213,1654
1436,97
836,1667
10,119
392,1670
819,97
1317,1672
1292,1678
866,28
1291,37
1834,239
1385,19
1224,111
1442,58
194,154
1189,73
362,190
943,1660
1846,83
433,89
490,26
1836,29
915,23
551,75
113,91
1716,1659
613,1672
669,28
1577,33
1390,190
488,1665
783,20
1580,26
1229,196
254,66
1786,105
810,82
257,196
1236,138
1552,1659
1903,132
262,1659
1805,98
176,99
874,70
512,1639
696,132
644,108
1804,94
280,1
1060,190
1389,32
450,1693
458,42
595,1639
1865,41
708,80
1079,99
1409,19
1726,112
511,35
499,1665
778,98
1476,93
640,79
1119,105
1469,106
1071,138
460,24
1753,39
1385,29
579,82
297,1660
1574,23
377,1632
864,1698
1142,53
773,190
369,82
1139,1671
858,54
1604,119
1573,86
1015,108
524,93
838,1797
1617,132
547,1656
270,75
1674,69
402,67
1930,43
1508,51
1292,90
615,109
267,93
1084,1672
217,64
823,96
1216,196
740,1666
445,80
800,65
671,60
1959,53
1457,1675
757,1693
1828,90
1593,77
1743,105
1599,99
151,19
890,59
708,70
1538,83
879,31
499,1679
1645,114
1718,1660
664,83
1609,1659
1567,93
352,1679
741,107
542,84
360,138
1378,54
935,63
1968,58
703,35
780,86
1115,35
1061,35
1712,63
1823,1797
159,56
931,83
473,79
203,82
1587,84
921,73
1775,109
506,1
234,138
1063,97
1963,31
1426,1666
1902,96
968,59
1521,59
654,1666
1504,93
475,29
978,1632
1536,1654
304,1663
465,103
299,1663
324,1668
694,112
1177,90
1143,53
890,77
249,67
1049,16
330,132
1915,53
463,96
835,75
546,42
620,101
1983,1666
1526,65
993,1665
1864,26
282,82
1840,99
1587,132
1239,99
541,1698
912,84
1818,1676
538,50
1253,131
1809,19
1370,97
1940,53
1769,1673
1522,100
1691,19
1188,63
1865,1656
1246,1639
1427,75
1687,71
1299,20
736,86
175,95
384,42
280,107
1572,20
1538,132
943,90
544,98
416,1659
342,1785
1140,54
3,1675
1740,95
1966,1667
1358,20
1449,50
707,98
1535,1668
221,32
1526,83
690,105
552,90
807,20
1179,23
848,75
1625,75
1297,1660
1653,1693
15,65
642,119
1964,1092
972,36
790,39
1823,1785
866,1807
616,70
1042,1630
1064,68
1943,94
1232,112
1009,41
955,85
702,20
1237,1665
4,1807
142,239
1637,96
492,16
401,87
806,54
1837,1630
78,23
1382,239
374,20
1572,1639
487,1807
1228,91
402,1679
226,23
1110,83
1329,66
1904,1632
318,1663
513,29
1197,75
1969,50
1878,84
1055,61
890,97
745,20
1190,106
1560,1797
255,17
934,1630
915,1656
1622,105
494,33
1830,90
1888,61
1481,633
655,1658
1924,43
691,1658
322,1
1925,633
1320,190
680,29
1035,239
244,196
1478,83
1543,79
1283,67
1875,1693
1013,1666
652,50
585,17
1209,65
716,87
771,1658
1736,1658
817,70
1539,35
502,56
910,83
203,1673
401,65
115,111
739,31
1553,131
1929,58
1032,1678
1626,84
1510,61
540,75
1791,132
1770,1668
803,1675
1318,94
430,1659
570,104
990,63
617,51
963,91
1042,20
1723,29
855,89
930,112
751,24
553,97
457,84
1052,93
1277,96
1031,75
1072,56
230,1092
912,31
1448,97
1708,109
1926,1760
1715,37
1843,24
1347,31
1018,1675
871,95
1755,1630
431,1678
345,35
1786,82
558,1675
1151,100
1252,23
404,233
921,1
1164,75
1148,64
1405,1785
1460,68
1493,1639
833,80
1448,1673
1500,66
179,66
1566,1663
1396,19
134,1668
234,1630
1979,20
205,37
81,95
410,37
1533,119
959,1656
285,77
40,58
1881,61
1327,91
300,1678
1796,50
1550,65
1310,112
1203,86
1421,51
887,1659
1061,28
1280,35
965,119
1044,68
1118,71
1957,65
1607,1
1758,119
804,154
950,1672
702,83
887,77
213,110
1634,16
983,1630
1317,638
857,1630
1563,20
824,61
456,119
969,1658
142,42
685,26
804,1676
387,1092
545,1656
1972,1785
752,190
1524,94
1928,1663
1400,100
629,638
937,28
1737,107
929,1630
1640,132
590,75
511,60
245,64
1476,104
1592,1233
1095,108
488,85
396,70
1631,1658
1138,1659
966,32
1955,154
525,31
1025,65
1568,79
1474,638
212,1665
1041,65
1176,66
1929,1668
1034,96
955,1667
528,43
1700,1671
656,112
398,51
183,93
405,67
1205,106
1002,1
14,67
531,87
146,75
1012,90
1348,1672
1596,106
1319,1659
1285,83
1985,1679
722,19
1093,32
815,132
587,109
1365,86
1572,82
134,60
377,89
340,75
630,60
1551,110
1720,42
135,1698
