1830,19
1025,1679
1154,1657
201,101
329,56
1988,64
744,35
1574,103
1559,1675
1158,32
823,1641
1091,95
832,1670
922,190
1115,69
55,100
385,24
1751,80
1291,1668
649,65
1536,111
1312,633
763,111
1369,1656
1423,53
1543,1656
428,90
984,1668
1434,132
1626,1092
187,1797
243,109
839,99
182,24
954,97
1329,43
712,51
1155,1641
1583,1641
1733,66
957,101
777,633
1493,19
1734,1679
1684,1658
1254,111
583,239
929,1658
1456,1
427,65
892,1639
380,103
1275,1760
1257,59
1108,1785
1987,1676
1246,87
1122,65
1432,89
1529,65
629,1675
503,24
915,50
679,53
203,196
962,107
1593,1657
1115,83
1682,1092
217,32
514,86
163,60
534,29
1181,68
1627,60
1832,110
1289,35
1363,36
833,111
635,39
1494,100
1721,32
1117,109
226,112
1750,1657
1135,633
1118,1641
397,79
1177,89
990,86
701,1
1953,1672
1011,239
930,91
1783,68
1052,100
1328,106
1056,111
1699,77
1539,1760
946,1807
1576,1654
1598,43
1926,1656
1398,29
612,1666
742,1797
768,1660
1652,90
1544,99
607,1639
1432,1233
152,1659
1186,106
1173,1668
1319,138
1212,64
642,98
737,32
1769,19
1880,42
45,33
1294,1642
1498,91
1409,1676
1798,60
1484,1670
385,100
977,1666
1331,633
1974,1639
1017,1665
192,1642
675,71
250,1670
314,53
222,1760
668,62
924,80
1835,1698
1504,108
1216,1676
1342,42
648,50
1035,1678
1113,1654
1725,1659
1854,65
772,1639
1429,1760
886,17
1258,70
584,105
1655,111
735,1666
1160,60
610,111
1455,111
453,75
1358,132
808,86
1127,1639
1846,105
503,79
552,91
271,69
1981,36
1568,119
1771,1680
839,1670
416,56
754,154
1029,1678
1091,41
1384,61
1186,239
449,32
799,190
1856,33
92,82
575,1671
1569,1658
227,119
817,75
1279,239
1040,1666
1464,100
1542,35
1922,1760
1953,32
696,1641
1579,42
1389,1666
1433,50
789,86
1453,79
1278,60
825,1672
1144,64
0,1693
1507,100
1581,1663
1683,105
1116,62
231,154
1324,83
1581,1680
1823,59
1879,1667
1884,59
1905,154
360,70
359,54
757,111
959,73
1352,1665
180,96
922,1233
1078,1660
797,239
1024,93
841,109
15,86
287,75
830,73
1664,109
120,58
1424,28
251,138
1674,26
1306,16
1731,71
1719,1668
1556,26
1573,1092
1245,29
860,61
1727,19
971,98
1403,103
464,1658
1446,17
1838,93
4,138
1610,196
1311,39
844,1656
940,1663
792,35
1345,83
920,24
1056,42
1783,62
1894,103
1787,59
331,638
1163,69
1327,84
224,1678
1939,1658
1991,77
1095,24
889,1676
859,138
589,29
608,1657
311,54
1508,132
847,96
1217,1233
541,75
1018,1672
962,32
675,1693
758,1630
498,1642
1573,31
1498,1
1840,1666
463,1673
997,1659
928,94
800,41
200,79
1754,97
561,106
1294,196
659,1659
858,1666
1467,138
475,68
816,56
229,93
1834,104
1158,1672
1251,54
1454,1657
352,1656
1951,69
210,1658
600,100
123,1675
309,70
242,43
1025,1698
727,16
1189,69
965,1675
1754,1673
1128,1641
1682,70
1846,71
690,60
410,196
761,1693
1950,33
1112,29
743,1
1027,20
662,41
1037,1671
1070,154
385,51
317,1658
568,84
413,1659
217,106
864,85
653,1807
1832,20
1814,132
1263,1670
165,91
326,1659
903,119
1610,105
1592,1630
1372,100
855,1642
1564,1642
1294,65
579,1660
505,1
792,63
1915,29
1649,73
1777,28
360,1
1395,91
899,104
1952,112
336,26
1241,239
515,24
953,93
1307,20
1289,1679
1961,119
451,1672
1708,82
683,85
1950,19
1681,112
1597,60
362,94
911,77
1215,51
719,62
244,1666
1131,86
1496,1785
750,1658
160,101
1209,110
547,233
860,96
1427,35
1298,1656
891,1675
1828,86
390,56
324,1698
1300,1679
434,94
855,1656
1004,60
185,138
1375,1675
520,35
830,1658
1767,35
258,1660
1626,59
1977,1663
1538,95
1446,190
326,99
1006,1665
977,119
1476,95
798,103
1042,107
1830,16
1816,638
127,29
309,90
940,1760
885,97
702,1641
406,58
1149,106
1025,1678
1213,99
474,138
757,39
369,1668
1186,71
1793,85
1260,66
1540,28
676,19
755,1680
590,633
225,239
524,95
1002,1693
1930,41
113,36
1720,1639
1521,190
1599,1659
1496,1654
175,69
782,87
1299,107
1121,95
715,80
1323,1671
648,23
1271,1675
583,89
1008,53
920,33
1952,190
1201,112
1308,26
1721,1673
1537,1666
1541,36
1409,99
694,23
1599,1092
313,56
741,24
1332,1693
1095,83
1466,1675
1445,96
380,96
1123,154
292,84
1746,1675
1931,51
1609,1657
1073,1807
225,31
1608,132
335,86
1806,43
193,1667
1297,41
1735,131
1813,59
1264,36
136,1666
1621,104
254,1654
1310,95
669,77
1083,1641
604,1676
1944,53
185,1660
842,233
476,63
1343,29
1387,63
962,104
1940,33
948,43
609,83
294,109
1805,51
891,35
267,77
1985,1785
1007,633
1036,71
333,196
561,33
427,1693
1460,61
654,108
1317,1658
1913,1807
917,108
388,638
1717,83
465,101
943,86
707,233
142,1678
177,1680
765,1807
1783,71
1912,42
1640,239
1948,56
1951,29
688,138
664,1679
174,98
322,59
470,99
383,1670
1947,97
1172,42
1320,83
1653,1673
622,97
861,109
1299,1698
1086,638
1321,1092
1491,138
25,99
156,37
1908,633
1859,33
351,90
1131,32
1242,37
1464,87
1692,1785
1602,1659
1860,1693
425,109
1043,29
1335,43
1389,1679
1033,87
873,82
1001,37
125,1807
88,32
1189,1672
1767,1673
545,1680
477,35
386,98
1220,31
1647,1680
389,1667
1475,107
719,1663
1974,83
932,56
590,1678
184,86
1967,112
386,132
818,131
656,42
1482,106
911,20
1580,77
267,1663
1220,1680
1322,1666
682,95
1936,138
981,65
7,1670
1909,35
625,31
182,68
536,1678
1453,61
354,111
1882,71
1043,43
1887,1660
179,104
340,1658
1416,87
148,67
1586,1660
684,28
338,1632
1559,1233
606,99
620,1760
1735,196
160,1641
1837,138
663,89
1611,75
1921,87
1591,1233
848,59
1054,31
232,1660
1920,105
948,110
915,95
1472,154
260,104
479,100
873,1667
395,93
1816,89
394,1656
1876,51
645,91
331,53
800,28
981,83
361,64
1746,633
1855,41
1619,1639
594,110
1439,108
550,91
950,43
644,20
1932,35
1453,64
698,35
681,41
330,89
1321,1660
392,1660
1636,190
676,638
1709,32
238,75
386,70
1257,97
707,64
281,1656
1071,82
265,70
1280,87
1155,239
1176,104
679,111
1557,1698
962,33
908,37
1478,67
737,93
385,32
847,16
962,80
727,638
1208,1660
654,1630
1603,97
1491,37
1938,1670
463,1672
1539,19
528,239
1299,64
950,138
21,110
243,50
1907,1668
1690,60
681,138
347,16
1362,93
1552,53
811,1659
540,91
1776,633
1980,1785
1945,106
805,105
896,97
219,90
698,53
519,65
1223,71
409,1676
855,105
1888,108
1958,62
1940,1671
1896,1693
143,1641
1072,89
387,1671
1553,1680
1255,1654
406,31
48,1639
1224,100
1296,1671
852,59
1020,31
1392,80
1520,101
1682,1760
308,131
856,190
130,85
1381,50
1822,1654
1065,95
308,50
661,1676
1271,633
443,119
449,108
770,20
592,28
1328,1760
355,70
210,41
817,23
1873,1680
1117,132
139,1672
1556,63
303,95
1727,54
1231,61
492,100
954,75
421,32
971,1
1549,104
1576,26
1208,20
125,60
1228,111
1318,233
953,1663
734,1678
1473,112
577,59
1622,1679
392,1673
655,1672
34,108
987,62
423,98
874,638
529,73
1119,100
1817,50
1874,69
878,196
1385,16
120,1666
546,98
342,1
842,99
1800,37
1310,96
375,75
1631,110
503,54
1907,36
290,1677
1751,239
1182,190
653,1630
1628,154
248,43
1063,233
362,95
1249,1657
1194,1668
1081,58
399,1673
1529,1672
297,51
206,23
672,1
707,1656
1188,103
1336,104
882,1656
1880,1807
6,105
1130,37
1421,1656
1690,131
752,61
886,1668
978,1693
1328,64
1951,56
650,84
1934,96
176,633
1891,1785
385,633
581,1233
1020,35
507,80
1557,51
1900,1672
322,71
1118,33
451,1657
999,41
1139,1672
1340,107
1946,1658
933,1675
1769,53
1468,16
315,108
1094,62
597,638
473,66
951,59
419,154
145,1659
1570,17
1328,1676
222,1659
1511,1807
1043,1639
1980,42
1849,79
559,1673
361,24
179,1
1703,1672
1781,50
1107,31
917,89
739,89
1788,68
181,1785
1093,16
668,75
1958,1630
333,51
1205,1639
802,26
566,35
1263,1659
1925,132
1358,63
1713,28
366,69
1827,20
1241,89
1689,91
859,68
1874,41
1159,75
1307,66
359,111
1411,32
1142,26
700,41
872,104
967,1233
1482,119
766,1668
1914,1670
551,104
1414,1658
1914,82
851,28
834,60
924,190
1498,87
1337,83
178,1678
642,1
1434,101
689,26
527,112
1246,1656
1063,98
1191,41
257,86
557,35
685,110
1574,1642
11,67
1208,79
1026,42
1268,233
273,54
408,1665
1436,39
280,96
1353,1657
873,103
1541,132
533,59
458,77
81,20
795,70
597,1092
876,1233
987,104
1156,53
1951,28
1220,42
1348,103
1756,100
232,23
677,1675
1978,154
1003,104
751,96
1307,80
1919,1657
343,1670
694,1642
968,1680
986,83
1176,63
1250,26
199,1678
669,94
562,56
52,64
1179,1639
915,66
1473,1642
375,1670
1634,103
1715,154
1012,31
689,20
135,50
1081,96
1724,84
200,39
625,108
1791,28
1463,17
1102,633
1729,1659
1528,100
1935,29
944,53
1248,99
805,66
570,83
1288,100
1272,105
1844,89
1278,131
1834,19
1690,233
1357,1660
315,1233
1901,233
1438,1671
1193,58
164,60
1568,26
588,1678
935,79
1253,1676
1858,1667
1712,79
1034,87
594,1630
1736,69
1718,85
814,61
743,233
784,112
565,111
841,97
1212,80
960,1677
1551,1663
393,1642
696,97
438,64
645,104
1647,87
1277,1693
472,112
1835,41
1949,33
725,75
726,1670
1191,1654
567,1670
240,75
408,1693
1792,633
195,107
1298,36
966,190
902,108
1261,1663
1166,87
580,94
1096,1807
380,36
1156,41
946,29
1156,1676
714,1
1251,1680
1323,1807
1505,1632
613,99
1739,17
1598,1632
379,85
1960,1654
436,20
1789,97
315,39
1718,39
1829,96
1243,69
1022,1092
1048,85
570,1807
1786,79
1822,1
498,1654
1702,1693
1648,36
657,1665
1651,1797
1621,1673
1963,1665
1255,17
1420,42
1756,1676
1316,107
506,50
1299,53
1541,1630
1963,106
806,39
1788,29
350,99
799,1680
1778,39
1269,1680
557,138
1626,83
444,83
1019,1693
1848,73
1939,114
1650,109
844,1658
1747,39
590,114
740,1233
556,70
815,61
1334,1665
628,1668
1123,68
346,70
1948,19
6,1678
1273,1675
601,1630
1408,110
714,51
1006,77
456,1641
1732,1667
1220,131
1863,17
515,79
898,93
683,107
975,89
1516,1639
1222,42
1276,1654
487,1785
431,1675
201,190
388,20
479,85
1756,633
966,1641
30,1679
1505,87
146,98
997,1657
1070,104
1697,84
648,79
1956,73
1939,19
125,41
1268,33
1274,638
1757,99
1317,1666
674,1668
1810,239
121,69
48,1673
1905,43
1301,1698
417,50
987,80
255,54
148,1642
442,1639
666,1671
102,1233
1203,42
741,65
2,105
1968,100
1549,1679
1240,37
389,77
1425,1665
690,58
730,101
1283,19
1954,58
1809,79
814,107
1039,1654
585,1807
208,1660
1734,131
958,60
496,1654
1664,75
528,79
1064,17
1501,100
474,1657
496,17
1255,53
813,98
1536,53
300,59
651,1663
1174,37
1966,65
298,1678
740,1657
373,1676
454,41
1072,1630
1160,103
792,1
1605,33
795,28
1720,31
1405,91
697,132
420,79
613,56
856,1657
641,1673
399,69
504,39
1705,239
603,239
569,51
1176,69
241,98
1758,100
1732,233
25,36
1826,114
969,1641
475,132
1146,1671
578,69
1494,95
1932,103
1832,1663
1204,32
1781,1668
1208,35
330,29
746,1663
1700,106
709,1673
796,1092
942,1642
1188,1642
1462,109
642,638
701,107
1466,1671
1837,64
492,1672
1159,84
1509,31
150,66
1987,1667
1199,77
353,54
1941,98
201,106
1200,154
332,94
451,1656
841,90
1175,37
897,1654
1786,20
935,154
1104,1642
1681,96
483,43
376,111
1226,79
1705,106
270,79
1487,100
1215,35
991,131
1917,1657
581,41
1353,64
311,1660
588,77
1927,1670
492,58
1549,58
1221,89
997,1679
786,104
1467,73
276,80
1218,103
1606,68
540,31
461,108
1569,95
465,105
1514,100
1311,104
675,138
145,1
684,68
647,80
834,633
1493,16
1683,64
1765,638
1837,33
1163,62
1109,96
481,26
1460,1698
686,633
1480,138
218,69
1585,89
557,1630
1770,87
1662,89
993,1675
1628,89
938,1654
1957,131
1082,53
838,73
1964,59
1934,1657
848,99
1957,20
624,1632
163,80
382,36
551,107
1236,59
1437,70
1336,1659
1583,31
351,86
334,58
1899,154
260,23
509,16
1124,29
934,83
421,100
317,51
836,239
1043,17
1228,51
654,1670
220,1698
1395,1676
628,73
1754,39
1134,1641
390,26
1039,69
485,104
1814,35
359,1667
162,93
1008,37
937,111
646,1665
526,1671
427,35
1014,79
212,61
641,233
1965,94
1891,1671
540,1639
1645,96
176,1676
835,79
356,106
727,101
232,24
731,110
404,638
792,154
1240,110
997,239
1813,75
1101,233
197,65
845,1663
590,1666
1547,19
470,97
1782,1630
376,28
1594,90
1651,103
622,103
1468,53
898,23
1240,1656
1933,29
1714,1641
1920,62
321,96
656,77
1285,132
810,36
1805,35
1026,138
985,58
1984,138
460,1642
722,85
689,100
1001,154
1043,31
122,239
1980,190
632,154
1113,1659
416,1663
1284,98
128,35
184,1675
1548,105
0,1666
1605,104
990,71
1053,1233
780,1665
1975,106
401,638
1230,39
738,23
1716,28
634,100
542,37
1938,114
1561,67
1195,1639
477,82
1385,239
1203,112
426,106
1075,61
797,105
1813,93
858,105
476,110
1554,1673
369,108
831,1698
1071,41
281,104
999,66
1961,77
433,101
1482,104
1583,66
1328,638
1222,94
871,132
30,1680
1546,90
1087,62
1216,131
1198,23
1477,36
1423,24
765,1630
823,86
753,32
1272,154
1714,17
1238,41
44,95
604,39
1578,1654
310,190
1989,42
1365,154
1019,1678
798,131
634,1632
122,96
1244,119
1120,77
1392,1698
1456,79
1223,93
1458,1675
508,1670
1156,42
1287,90
538,1693
1277,106
1005,1233
1231,1673
130,79
808,1233
1824,131
1855,1785
1662,103
1570,1659
1805,1642
690,23
1388,66
809,1679
811,67
757,29
1011,1797
227,1660
398,1693
1553,101
1152,1632
1227,1698
1232,98
476,1654
715,1632
921,59
277,95
923,1663
1798,1658
402,1642
1748,119
1178,85
1070,95
1439,110
47,64
927,154
711,89
1171,110
197,633
1764,23
1929,62
475,75
1375,1698
519,60
226,37
729,138
231,1760
1357,1678
1915,114
151,87
687,1
959,1654
140,196
198,1698
1699,24
1296,1675
542,1
623,94
401,1665
1754,1666
1735,69
563,1667
924,1659
524,1675
929,61
939,132
1917,61
1949,1693
1532,29
52,43
440,1657
1269,68
1694,63
1384,28
139,1807
1514,1667
449,1
14,107
1266,32
223,83
1832,41
1026,96
985,96
1063,37
1322,97
1709,1673
833,84
390,83
1315,66
1870,1680
1020,1680
950,59
290,95
734,1666
1754,31
264,638
449,1672
1059,73
947,77
1466,77
1106,84
1640,154
202,60
705,1663
445,1672
1554,233
525,233
1078,65
546,110
1317,29
470,62
1485,65
298,103
918,1676
1411,105
1712,26
865,39
481,1642
667,1663
1330,107
1651,95
1725,82
861,83
382,110
1549,132
1185,111
1132,1092
803,70
1728,41
200,17
1984,67
921,23
689,83
304,63
1154,63
1289,106
1035,1658
1717,106
688,1785
122,39
964,98
1245,239
1335,109
164,1642
1090,70
1365,64
816,41
1115,1679
1337,1657
1958,1667
310,1641
383,109
316,58
377,60
535,1797
1031,26
353,59
1755,1680
1483,1665
1300,73
40,1671
298,105
831,65
810,1641
943,1659
582,103
720,66
719,138
1967,42
315,80
352,108
1777,1654
1538,1676
655,36
1541,1665
1889,1632
1483,633
1009,100
244,89
1481,104
324,17
827,1670
700,1672
1736,1672
1460,36
418,61
1214,79
1375,1639
458,196
115,93
1589,1
944,29
122,41
729,71
1798,633
809,63
1548,80
453,1659
994,101
1572,94
47,1679
1115,1693
1239,633
337,68
1977,1660
1597,1671
1541,63
1483,43
677,112
1841,43
902,53
762,104
356,119
1405,108
488,71
585,1663
1427,1654
1023,67
329,83
1159,87
610,36
1096,77
1167,1656
1863,1665
12,1676
1378,33
777,190
1664,1630
305,59
237,86
1216,59
439,80
1900,109
1758,87
787,98
882,1670
1011,1642
701,1668
1866,60
1282,93
1460,42
342,1639
1050,80
614,51
1534,96
911,1657
1876,1663
418,190
1875,36
595,1656
523,65
47,1693
10,20
1359,1658
861,1659
866,61
873,1807
835,64
1082,67
859,70
457,16
845,39
494,239
1881,111
1256,1660
525,63
603,93
1300,109
1068,1
147,51
117,1659
811,104
1554,1698
1293,58
731,1671
952,66
612,20
575,96
1027,99
1922,1641
1568,1657
492,154
1384,84
194,1632
980,1671
156,65
1316,67
287,1785
1541,1654
893,1678
1377,107
1339,1654
1623,36
1198,107
722,96
499,233
263,154
418,65
1086,86
1964,1656
1821,1
1325,28
1147,68
1989,53
1885,100
801,638
1049,106
1750,24
1626,26
1493,33
1183,19
1294,50
249,70
1777,94
1116,86
1908,42
1469,24
973,19
299,108
1169,196
563,85
546,39
1726,1676
549,42
1927,33
885,66
714,1678
969,1233
639,87
825,85
898,101
757,56
186,1679
1940,67
1779,93
1083,1656
305,39
187,71
1384,51
1933,28
483,70
1151,89
412,90
1940,50
1984,28
1674,98
1103,1676
203,71
830,32
1282,33
1909,94
1302,36
1363,54
956,1632
317,68
284,1639
48,109
236,20
933,138
537,31
1329,75
318,1654
583,62
1710,131
763,1632
1591,132
1421,1676
877,1666
802,60
785,28
400,62
685,1659
774,62
423,36
1348,87
1455,107
400,77
1881,75
1094,1670
1850,96
412,138
76,31
1525,100
1714,1673
814,67
1846,28
982,31
964,638
569,106
156,54
1098,89
597,1672
1298,1693
1084,20
1745,24
14,63
1521,73
665,51
78,24
167,1639
1860,1678
1060,108
1517,29
1814,93
402,1672
861,1679
1133,77
1575,58
1008,66
1415,19
296,94
371,1666
593,1654
1827,83
1042,31
1170,104
1301,1676
1706,54
1891,1698
646,103
741,43
1592,1797
1780,64
730,1666
252,104
201,80
1651,1656
1568,42
1071,73
1508,1663
1863,29
1314,68
653,96
322,26
451,1698
1084,196
443,108
247,84
541,1665
1705,16
1557,105
1910,75
609,29
1752,85
331,1677
1481,65
1853,233
1742,1092
1697,239
539,1639
1403,138
746,33
1353,31
361,69
489,24
217,131
472,64
1620,59
1821,70
1230,1675
665,61
371,28
1366,109
1575,91
1565,65
134,1679
158,109
1562,111
933,63
1841,28
320,82
752,1665
1924,119
676,633
127,119
1985,103
1858,239
1898,86
122,1657
869,104
599,83
582,1693
1212,1660
1696,109
1146,28
1219,190
1169,35
429,50
1543,43
915,1
308,1233
955,1658
166,1641
1041,233
1243,85
982,59
897,1679
1347,1663
731,1660
1542,112
1840,1670
827,65
574,96
1933,131
1126,1675
961,109
1460,65
1737,1654
621,59
1356,50
1582,154
240,26
900,24
189,79
162,19
1396,24
735,68
1400,91
205,79
280,90
1538,119
452,1676
1376,196
0,41
1340,1639
590,66
168,101
1827,79
1080,1630
121,75
637,61
802,82
1851,85
1173,65
1110,1678
1625,154
222,1233
542,112
450,56
1003,50
1051,96
1971,51
1187,1632
1044,65
342,101
1236,19
1950,37
1202,95
1886,77
1064,132
1762,103
622,28
1708,239
1893,37
1963,1630
1802,100
960,1785
442,64
1404,86
1774,1670
528,65
996,638
371,75
1460,87
1423,77
1832,24
967,65
1085,638
200,97
644,100
204,1797
44,50
1457,85
1576,29
88,108
507,1672
1653,17
698,83
1910,1760
953,1660
833,1666
1234,16
1348,24
1095,107
198,1679
712,1092
386,41
1163,101
1082,31
1560,633
1010,82
443,41
1240,53
1846,85
690,42
797,80
892,82
1280,54
821,90
237,99
897,1658
754,79
244,43
1394,63
454,1658
1930,35
682,131
1404,100
598,23
1573,63
1617,29
1980,23
550,138
787,196
456,106
517,83
574,28
1093,154
283,101
139,111
1463,56
349,1672
1167,94
122,54
1356,1785
1761,17
822,83
661,95
1986,108
1150,39
1811,107
501,82
337,1233
593,138
556,26
920,70
1713,112
124,107
287,233
1193,98
825,56
1964,71
147,36
164,100
776,638
318,31
15,101
1158,37
1921,1657
615,26
321,154
1935,1667
983,1672
1155,75
591,93
1934,1679
1181,77
428,87
1081,73
1316,94
341,56
696,41
1427,53
1339,1659
169,239
230,1642
924,73
1703,89
819,1657
1490,104
1011,119
1777,1092
1497,42
1686,98
1029,1233
1288,75
937,99
1415,56
647,82
580,119
448,80
1338,1233
1052,19
1343,1670
543,1672
1649,105
842,51
1709,101
536,100
226,1760
314,1630
1956,1656
1085,70
271,108
275,105
1732,41
757,53
1971,29
946,1656
726,154
1580,101
1214,1233
237,71
1350,69
1498,82
854,62
1064,110
716,59
595,36
870,94
195,1670
632,31
833,98
1866,190
179,16
972,1671
550,1
1406,94
1298,63
324,1666
379,1641
1962,86
1929,103
805,1673
688,63
1469,23
792,109
1042,75
1532,1657
677,1672
839,1641
1429,239
971,1675
1931,37
1730,1785
1253,60
1458,106
1755,1658
1392,1092
1179,1656
754,101
183,29
1583,190
1987,107
1236,75
1442,1632
1111,1807
1279,23
1191,75
1943,70
951,24
1434,114
921,93
799,68
1246,1641
536,1668
191,638
290,39
628,89
133,1797
1382,70
775,108
563,132
1244,99
582,638
765,64
1172,1642
639,1659
947,101
1468,1665
1234,73
334,1667
1055,53
289,86
1730,95
1695,1807
1587,1678
1817,239
1267,32
772,1666
1140,1092
146,1630
386,17
1842,1642
724,87
1169,70
1540,83
231,65
1907,112
144,67
1540,1679
1008,1666
1839,65
908,61
429,94
624,1678
1705,37
915,85
1125,100
921,190
595,83
1273,1233
1828,1679
102,65
1210,1660
1688,26
1087,56
1215,119
836,190
1353,108
988,17
900,37
632,1233
648,86
317,85
826,103
1917,1807
1329,68
357,1667
1183,97
1187,98
1122,1675
1321,1654
424,20
9,638
855,65
1137,154
508,108
606,103
1874,107
791,19
522,94
1934,95
1149,1673
285,20
1304,36
1068,69
1327,50
1702,154
450,68
927,1660
932,42
1128,1665
298,16
1330,69
1718,58
1492,98
1204,1630
1900,39
166,1660
1971,71
382,112
1826,1679
1181,132
1015,82
173,75
527,54
275,1693
509,83
1377,23
1843,1668
888,68
446,1660
981,95
524,1092
910,85
786,31
1892,95
169,39
1866,196
711,91
1743,190
1925,39
1818,99
607,26
474,1666
1294,110
836,66
1586,1642
1430,638
990,33
1287,53
920,29
634,23
413,32
420,86
1894,24
494,53
351,638
1822,1785
1096,37
1516,104
512,86
272,101
1159,1760
1452,154
1129,35
875,1
1502,1092
422,16
1111,100
905,58
1691,82
715,1667
435,1659
1950,75
388,23
1795,16
1046,138
505,1667
260,233
561,28
337,1632
1563,1657
1450,56
1021,1233
1036,154
1076,1
946,1092
926,54
1905,95
694,50
417,70
1008,111
1375,132
147,154
1159,109
776,1642
1751,1641
889,77
546,108
1065,50
1550,75
740,138
133,36
565,33
697,89
382,29
2,23
1360,1665
476,66
1497,1666
1829,1
636,90
1445,1698
1926,51
661,1785
770,16
1752,50
1909,100
1876,83
1714,82
1951,1667
888,96
800,60
1942,66
1712,1663
1709,1785
1916,105
1238,69
1039,28
374,68
1001,80
1043,89
1427,1676
414,69
290,111
809,51
387,101
1422,63
1372,16
1426,66
255,80
461,1659
1878,132
940,132
817,1657
319,89
488,91
178,53
1427,1642
380,89
1874,65
295,32
724,24
1331,112
1495,75
1887,111
1729,69
1270,103
1478,16
892,83
136,1658
861,50
1303,95
832,1678
1661,105
847,67
301,91
1333,62
783,29
254,69
1451,79
1109,1677
1309,37
496,1639
1404,101
428,98
963,633
1834,1668
1282,73
947,1670
381,94
592,1641
716,103
1359,85
1649,1667
378,42
394,1693
1892,97
401,17
1528,62
940,84
903,96
1244,138
434,91
1446,32
1565,54
453,1657
151,26
1920,1667
691,1
719,633
1976,154
623,29
643,51
1927,63
1931,56
1149,101
377,1641
1167,1658
1015,1785
1887,93
493,89
1146,67
447,1676
1024,107
1557,63
251,107
547,1680
1910,1
1712,56
183,56
1920,85
743,32
1005,79
608,1671
938,24
442,101
599,1679
1573,32
1423,51
1560,107
803,100
1104,103
934,36
186,110
1128,109
631,42
1882,154
1554,633
445,105
1576,107
1172,638
1742,1670
1046,19
658,26
1234,98
1329,190
1315,1675
1706,110
768,106
1545,36
475,1672
919,39
849,17
778,31
586,1092
1723,91
808,96
1159,71
1127,1657
707,28
1763,1693
1981,26
1987,239
115,1641
466,111
174,196
965,71
1101,69
1336,1679
551,100
419,63
128,1670
1303,99
123,35
837,29
159,33
452,61
1745,50
595,39
1271,1654
998,96
817,33
139,61
1333,131
1373,108
1022,106
748,1663
865,1641
1107,64
293,86
1586,95
776,112
614,80
1845,24
354,68
618,31
1391,1656
592,638
680,1654
553,1672
262,84
1406,95
1978,1680
441,23
829,70
444,36
1852,1642
1541,17
798,68
483,1639
127,60
399,59
1696,53
495,1698
727,1675
1028,154
1836,95
435,633
1085,87
493,61
935,42
1590,106
770,41
1571,1665
1309,106
1042,1639
1903,70
565,138
1027,83
315,1667
1919,70
1832,66
1563,1678
1798,1693
1479,1659
1764,239
1302,58
1413,109
421,19
1127,51
867,63
1221,58
1775,1671
303,19
455,1698
1838,75
1490,77
1218,70
1550,1663
262,70
581,1670
1978,1698
1412,58
614,1656
495,1092
209,77
1354,1663
917,1679
623,1698
498,1807
1326,1785
746,633
1886,1663
772,1667
660,51
346,17
1414,108
1771,1785
522,60
549,1663
1392,138
1207,1233
365,100
1165,17
126,1797
160,196
569,104
509,239
607,1760
1273,106
439,132
388,60
1145,1675
1884,1630
1611,190
1577,98
449,58
1209,56
1761,1659
881,31
951,105
955,106
371,99
1741,42
361,89
695,100
435,104
1284,1641
424,1665
467,1233
1139,1797
1744,97
215,131
418,99
897,70
444,89
1311,63
1019,1667
1531,131
836,93
1479,99
1426,109
1049,68
1507,106
148,63
631,1672
1460,1760
1955,104
856,56
285,98
1958,23
1207,239
751,19
1123,90
332,131
1645,65
1592,51
944,1797
906,1092
980,89
1153,87
124,61
1304,37
1068,70
1196,19
768,1630
590,1693
988,1663
1769,96
254,1665
1364,54
483,23
310,1092
264,16
962,91
160,65
509,82
1856,53
435,1693
578,107
1755,83
1494,37
1647,97
1704,105
303,70
253,109
1413,65
934,108
1470,50
1127,87
1943,1663
1653,59
1895,82
1808,86
1440,80
636,1665
501,106
10,91
1187,19
1686,43
1429,50
163,1797
994,61
902,82
299,43
1555,70
726,1654
165,1678
707,71
1204,1807
706,1678
929,65
1796,75
1003,70
1067,1675
1968,106
976,100
1509,70
1645,196
996,111
135,1639
1283,41
1661,68
1111,103
1957,41
783,56
202,1639
1488,94
715,1666
1112,132
1185,82
1494,196
1973,233
1563,31
199,86
1145,60
793,87
1493,1632
799,41
803,42
1519,638
452,132
384,108
368,33
1825,19
833,41
1534,89
893,79
1376,87
164,1639
1972,85
1865,53
407,107
1039,190
781,154
288,1639
365,1671
1288,50
1419,1678
1787,94
232,196
949,239
624,80
863,1671
309,64
1141,1659
630,90
929,83
124,65
1800,60
1964,93
1124,1666
1341,132
225,84
1475,56
798,1665
137,32
1910,58
572,54
1843,111
484,1654
1535,35
405,58
446,1678
1795,1
489,105
1410,33
695,41
113,131
704,1642
813,94
1862,91
671,64
799,31
1909,20
419,1657
183,1630
1549,99
226,85
1439,79
711,62
855,1632
769,73
1268,51
1737,108
928,1660
484,138
1633,67
755,17
1513,93
263,1630
161,106
842,29
644,1665
165,1698
1324,35
1341,37
1402,53
653,35
1020,42
767,69
1519,64
1618,59
1006,109
2,119
1606,1666
287,138
1448,68
1176,73
686,68
1809,61
327,112
146,51
972,107
524,54
27,1632
894,58
1427,41
327,1
1623,29
761,633
961,79
1168,97
1596,97
1194,119
1091,1797
1593,75
1266,1657
1761,23
454,31
826,28
511,90
697,1676
1183,56
1497,79
1740,61
1911,36
526,1630
1466,1667
1958,95
1502,107
1017,35
300,1641
342,20
1300,90
1965,1666
275,93
918,91
1607,77
616,1673
1234,1673
1469,1656
1914,77
834,39
45,54
547,1632
517,50
479,1679
422,190
1454,91
1238,132
462,97
1832,103
1960,60
1961,1797
1930,1654
1894,1807
203,1785
517,67
662,190
1780,638
897,111
492,69
1457,1667
1717,75
1865,114
1593,85
229,28
444,1676
359,1673
1764,42
1086,58
1180,43
1130,16
193,1659
545,1678
489,1642
784,1654
1706,111
1817,96
1429,106
1523,67
1837,29
899,61
1390,1676
917,1642
601,1641
1866,1641
483,1656
674,93
624,106
218,65
1075,37
403,1797
993,1679
653,71
1028,1657
503,96
184,64
1343,138
1607,67
466,108
619,62
1061,43
766,1673
935,132
1475,1663
758,1641
1225,1092
837,28
1409,1675
1207,1656
1633,1665
1270,1630
977,1673
830,53
578,50
334,62
945,107
749,59
971,65
1524,233
1289,36
835,1668
1906,87
1487,1656
1009,1673
256,111
1039,65
1493,1673
1761,51
451,28
360,1639
162,89
424,58
664,58
1217,36
295,100
904,1641
232,28
663,51
332,239
225,35
1314,63
1739,104
710,106
1981,43
1125,239
1054,37
1537,29
229,1660
545,107
177,17
490,104
113,105
1257,1698
958,105
281,19
1611,131
1226,111
1943,64
1142,1693
881,108
574,89
1309,26
1867,1670
72,23
1289,86
1417,105
576,1671
1346,1
1476,1676
1481,132
1500,96
1875,84
382,1671
923,97
1845,154
1422,69
583,59
1925,82
1008,87
334,1665
1091,1660
1720,108
617,95
822,1642
680,1667
573,82
1790,35
918,1659
369,1642
852,31
653,26
1102,97
847,1678
46,61
1954,1658
1705,154
1850,111
582,19
150,239
1139,1657
490,90
183,109
514,53
951,104
388,1680
928,73
1597,239
1302,53
1450,66
331,138
1952,1658
465,42
246,59
746,77
1261,132
907,95
587,93
1020,1672
1305,64
1507,28
1932,43
816,19
1593,131
160,1665
1214,1807
883,29
937,79
458,106
1592,69
1062,89
1360,1657
313,104
1898,99
595,638
671,1665
670,108
1941,53
730,1665
1006,68
129,1680
1803,60
724,103
375,111
1388,190
1420,1630
197,33
515,68
1158,80
1344,60
1010,138
1697,1656
133,95
1971,73
1323,32
1421,233
246,1665
1064,58
310,98
223,105
1990,65
1077,66
564,43
1373,65
1728,112
934,109
805,1659
1093,66
1915,1660
1514,41
1650,23
148,95
1989,24
540,67
280,79
306,73
219,66
1234,43
1841,17
441,60
442,633
1184,86
1066,1642
1874,91
628,1665
238,77
1052,85
1436,1666
1530,75
1645,50
228,99
174,35
859,131
842,73
1199,23
1112,103
1129,33
214,37
1118,93
1158,66
1747,1785
793,1698
133,65
1830,1658
1135,108
469,89
1669,1630
1155,98
163,108
1175,1233
834,97
1081,32
568,77
823,1
881,58
880,633
1585,1658
1289,19
1842,107
702,56
1336,82
273,96
1231,53
1855,69
1399,73
1832,1672
796,84
1500,90
359,1654
1707,82
1099,1657
198,154
276,26
226,51
1972,86
1589,90
1278,67
340,63
1686,58
430,1677
805,19
498,41
1237,112
1295,1668
198,1680
366,16
1072,95
647,1665
976,196
1257,85
124,66
986,101
1581,82
477,132
150,42
1753,67
137,39
1833,59
237,110
1105,42
1715,59
1437,107
249,1632
1812,73
1924,1667
806,154
364,1673
1929,633
116,26
1289,1632
45,98
1960,65
931,1
1748,32
1662,1642
8,50
1743,239
1356,35
1821,39
298,1675
974,16
775,33
1589,59
403,1693
544,51
1956,100
1087,1654
715,58
1073,58
1977,1654
1422,61
1958,1671
963,63
1062,119
161,105
1119,98
1521,633
127,20
358,1677
1506,101
1267,1665
1877,82
167,23
1933,1760
1863,99
641,1676
821,54
1089,1680
130,33
207,61
676,20
1801,633
1910,53
551,66
720,70
439,94
1988,233
1390,71
713,105
341,66
159,79
147,1679
1751,90
1276,58
1919,190
1224,1659
1684,17
1169,1680
1687,36
1815,83
1417,66
830,233
559,1665
213,233
30,1663
283,23
1737,1760
1043,105
559,1654
1794,93
1707,190
1495,638
471,60
1230,1639
1552,23
957,107
332,1656
746,1656
584,71
255,64
973,107
1271,132
774,100
1699,89
728,60
1499,239
1687,1654
406,61
1061,87
1061,1667
1568,85
350,1678
996,50
426,16
804,87
1411,73
237,82
1336,1667
364,1630
163,1693
76,80
297,1797
835,1659
1852,132
294,106
666,131
904,138
405,93
1331,1679
1204,1671
1124,20
230,1641
600,1672
1902,95
1002,138
423,1092
577,104
791,1678
967,1675
713,1656
1265,59
1335,77
620,1654
587,19
159,1630
434,75
347,64
1011,233
1369,101
391,1659
712,138
1869,1680
508,53
1432,131
1808,1658
1096,16
409,1660
1049,190
934,1672
646,28
1499,106
878,85
271,105
9,58
1041,37
462,1642
1354,36
965,69
622,94
1340,119
1839,31
794,95
777,61
1330,61
834,54
1532,65
894,196
163,36
456,58
1970,109
1511,79
1349,112
1810,1666
687,1657
1319,1670
1479,1671
772,119
812,1092
1842,51
1882,106
618,29
672,35
1521,50
1818,56
364,111
404,24
429,1807
407,61
465,94
1761,50
324,1677
215,110
712,41
711,19
1468,1678
1415,43
1570,1678
886,31
687,90
158,154
1689,190
1763,131
630,16
463,107
1224,83
1991,1797
1719,110
1888,42
532,114
608,638
808,80
1927,29
721,79
1717,633
408,638
1863,53
1017,62
12,64
1006,24
184,79
497,56
480,80
443,68
1705,56
379,60
130,1658
1692,1092
1074,89
1111,60
1646,1671
358,32
1869,112
468,1632
645,96
1832,68
1464,94
307,41
1043,1673
1527,93
760,101
1732,1233
1171,89
1528,106
1453,85
1406,79
122,91
1027,1654
1712,1672
1177,51
718,77
278,196
1312,112
247,1679
447,89
734,77
369,1641
707,109
980,85
970,111
885,80
137,24
1367,70
1021,1670
1858,1693
1564,68
970,1092
479,1092
1111,93
1024,71
429,91
1957,51
541,1675
1518,65
382,69
588,1642
1752,75
1950,82
1037,85
762,633
779,1671
1208,1639
203,105
1528,154
1423,103
1481,36
527,82
1687,108
88,1665
1600,62
911,1673
772,107
811,1671
1835,1672
1443,96
1117,73
307,1680
1020,1673
52,1663
843,54
1432,1657
169,1233
1848,65
376,1665
1294,99
1209,1673
674,1658
570,111
698,24
438,633
1122,1670
458,107
1767,96
1801,77
521,1679
1844,53
1595,1807
1757,138
1705,1693
57,1
1952,94
1716,239
1561,80
252,100
1985,26
275,39
1375,1092
497,75
1162,1785
1740,1656
490,58
1839,80
439,103
645,1630
1829,106
1447,109
1727,1679
761,1658
1257,1693
1863,1233
438,84
1764,1642
223,104
1915,1678
887,17
1938,1679
671,110
1154,84
675,107
129,83
22,1670
1346,98
775,60
1043,62
1376,91
1086,96
205,89
1183,80
1133,59
1244,66
306,70
693,1642
6,37
624,36
332,1797
336,54
1762,1807
1023,53
1820,83
1071,91
1732,1673
1735,64
1974,54
210,1698
882,112
352,69
9,114
338,104
1226,35
982,63
234,41
1890,26
1517,1654
208,1668
595,112
558,100
1094,106
1015,61
1229,1659
692,64
1302,103
1328,1656
800,33
1704,89
1244,1630
625,60
1008,132
22,1680
796,85
464,1632
601,59
1335,26
179,77
839,17
450,1679
220,1639
402,638
1603,132
1381,1630
540,82
581,1642
1082,1693
875,1641
491,60
1295,1671
691,87
178,62
732,633
529,1668
255,60
1031,35
936,110
185,80
1806,69
117,59
710,32
1002,633
215,1666
1371,1680
1173,190
1746,16
1499,51
268,19
275,67
821,35
1274,103
958,196
1699,154
1494,1632
905,1676
1354,31
1798,1092
1981,82
1805,132
1293,112
10,1679
1115,112
1316,1667
1016,41
1938,1632
887,68
1521,138
1731,43
480,1676
371,79
1559,91
1501,239
1484,105
1231,58
1207,61
1393,33
454,35
1861,32
1312,73
815,110
873,19
1421,1663
1137,36
1783,101
553,59
1237,1
1647,1632
587,1632
987,1680
127,23
1196,80
1694,633
1199,69
1643,1785
1978,110
197,101
821,53
1850,1665
1729,90
1414,42
761,26
1458,80
372,1673
1744,1657
1741,1641
1122,37
1890,79
365,42
76,35
1471,60
281,43
1135,131
288,51
303,1632
716,19
1074,19
1957,1632
1366,1665
490,1654
270,1698
947,1675
765,1680
381,91
290,154
1087,1665
992,32
1623,31
230,1660
72,94
273,67
368,79
127,1666
594,63
1684,1678
1650,42
122,50
1636,105
989,1672
458,80
44,1671
1011,26
428,1656
1116,79
1868,68
1189,1659
1486,105
1089,107
1573,1663
1222,1639
10,1092
1940,1698
889,110
12,1673
1416,633
1162,69
1607,79
673,112
1779,68
433,65
804,80
365,28
1343,23
1091,70
1364,104
1440,1698
230,112
1943,62
1249,1676
1684,32
581,19
1174,104
1285,59
257,93
460,1660
631,39
1221,67
547,108
1581,633
1431,1654
846,56
577,111
494,1659
262,89
394,33
768,1092
825,1641
1184,32
1849,1630
1720,82
1480,33
548,1679
1415,69
1879,1760
1017,66
798,89
359,23
717,23
560,1642
1567,71
582,53
140,24
1082,63
1763,114
1253,54
918,107
1607,61
409,73
1355,1642
490,100
1547,104
49,35
234,97
733,89
1879,36
1242,91
1188,51
1084,1680
971,67
1717,42
172,62
394,64
175,83
307,75
1528,93
280,103
967,1656
1889,100
805,89
1981,1698
1093,1632
373,71
889,1660
1156,60
1075,132
1793,239
727,99
453,64
954,1639
164,53
951,1659
403,65
332,233
1341,89
761,87
870,1641
582,39
231,79
1636,1670
1489,65
115,1656
1370,196
858,16
569,99
969,51
15,69
1733,1663
665,1630
1111,63
120,39
558,63
1833,131
1141,94
1397,196
331,1
193,32
732,101
1053,19
1917,638
1916,61
685,89
1899,31
1613,1679
1332,94
48,98
344,35
1046,50
307,89
418,108
240,84
1661,633
648,59
1453,84
1801,66
533,86
511,110
1507,97
937,67
370,196
1569,1092
745,16
391,1630
1223,101
309,103
1730,91
273,1233
1175,1656
1251,100
382,1639
817,1670
834,1660
124,42
1741,633
1655,23
22,73
690,31
1280,67
1723,233
801,96
1008,1670
1621,20
1310,1679
1954,31
1543,83
938,90
405,17
962,68
509,93
1546,68
92,43
1893,107
1037,1785
1694,84
1495,1641
1295,43
767,1656
1154,67
1479,1642
695,97
1772,1641
425,71
1389,77
1703,111
968,65
1157,71
1929,54
255,1679
1932,37
647,19
1014,50
1700,89
376,1666
409,1807
1244,77
1120,67
1871,16
1122,1671
1241,31
783,1760
306,36
1669,77
1334,1678
734,60
1985,104
1585,24
1110,1639
1898,97
1588,51
670,82
889,1673
506,633
1638,103
1820,94
1065,107
1229,82
626,233
754,50
1522,1672
224,131
868,62
443,99
1409,1654
305,70
52,35
1005,131
1447,108
1081,1663
1013,1672
1291,1654
1387,1
199,93
807,1672
1359,111
1087,42
1842,119
901,233
1332,131
766,41
712,1760
1218,54
663,1679
485,87
587,77
678,100
1400,82
525,1807
1196,1092
1140,28
1823,131
549,106
1247,71
386,94
295,56
174,33
456,1680
18,1675
312,64
1290,73
1274,82
404,1680
939,109
1203,82
135,1632
1314,83
1426,633
1973,1658
858,87
697,83
291,84
555,29
1256,190
900,1676
948,68
1692,1797
184,233
1728,1654
421,196
1165,131
355,64
213,98
1706,1657
1960,1673
164,1676
1876,73
1218,1807
961,96
948,154
1521,104
1110,26
209,1698
1021,119
1871,71
236,107
1177,111
1799,1660
1821,196
577,33
337,82
1975,37
1207,95
1317,1675
1008,99
556,51
1180,99
464,91
1827,114
285,67
536,63
1469,91
1398,35
121,63
339,112
1990,1675
1020,23
1725,138
1475,61
137,37
582,111
1303,69
1769,65
1732,83
369,60
1253,112
1279,90
1600,1233
622,33
642,35
810,87
296,1797
689,196
1481,96
827,1678
1966,1797
589,1785
864,110
1198,71
1970,36
1474,1
1862,94
482,87
1228,16
476,633
1821,37
756,91
1550,1675
1829,1642
852,1654
670,1807
1778,66
414,73
1397,1666
1069,59
1419,20
118,93
1980,1671
696,1675
1318,112
1396,154
990,1
556,33
1823,103
687,35
356,79
835,106
1407,1676
123,1680
787,633
899,83
690,84
462,1693
1702,37
1850,1678
1179,56
1152,70
1557,41
1397,108
1790,1639
1256,154
1364,91
1497,1680
1514,1630
1758,111
501,1679
1688,39
156,196
1047,86
1141,119
1552,1654
1775,82
1909,114
456,111
554,66
1109,1658
924,112
1188,111
1464,37
766,119
1356,83
627,1807
1271,96
1218,108
1127,106
1824,1663
1865,69
1920,638
266,99
732,1670
451,37
1004,53
1709,1656
888,1660
685,1678
152,70
137,1660
377,103
716,638
1713,26
1454,1698
1113,28
997,99
1612,66
1462,23
1833,1665
1581,35
1712,1092
1986,1663
293,1670
1988,59
352,1676
1790,107
1511,638
399,80
1414,37
1350,61
619,69
565,1
1048,101
990,1672
419,53
1407,53
1064,101
257,35
649,79
1057,90
1741,16
1266,112
186,106
1842,63
297,37
1310,633
1349,29
1283,1679
1580,1679
1781,58
1389,1698
583,80
733,1807
1272,85
316,101
1476,39
745,59
1976,61
505,36
930,95
144,190
788,97
1877,131
189,1654
1555,131
979,1632
1083,1666
731,105
1820,101
366,60
316,1663
1585,82
420,106
1864,23
228,37
1495,107
1652,94
1540,1680
1379,1672
201,29
1860,99
669,68
1243,99
1120,1660
1447,85
1397,64
224,89
1236,66
1705,93
234,110
696,77
92,64
203,79
1842,94
405,109
1474,196
1977,43
1191,33
1249,58
1359,53
329,1667
665,89
1384,233
1403,71
1773,1693
530,63
145,91
1271,68
276,109
1418,1672
1569,98
1936,69
1329,83
544,111
732,1642
1189,1677
1023,1659
351,1656
1570,1676
1258,90
156,1658
819,84
1888,1665
1124,1639
681,91
1164,1632
245,60
218,94
1253,1666
174,107
582,36
714,1672
1961,59
1335,1680
254,1641
1839,190
1146,99
193,1797
797,1
1685,138
656,53
1914,1680
1131,138
1151,71
820,85
1597,105
471,1641
682,82
521,80
1511,1233
804,1663
1117,196
517,1672
312,1641
1860,1670
1733,1680
354,82
464,1672
216,111
1393,31
1216,1670
843,58
418,109
3,1639
962,1668
1406,77
983,132
838,1673
1925,95
698,20
165,1797
866,104
1901,80
783,1693
305,1654
1119,23
1173,37
610,101
1181,1680
1056,119
1156,1670
1082,97
1023,19
346,29
716,1657
349,96
1931,86
242,154
1881,77
1168,1658
525,93
694,1660
286,1785
1564,70
999,1679
1752,77
991,1657
449,62
1410,1233
1980,101
1842,66
423,1676
267,96
822,1092
231,1797
1521,67
1450,65
1620,51
537,66
904,37
1439,97
1080,190
250,53
1871,98
364,77
643,1642
276,1
577,68
1019,1671
1294,97
1426,105
0,67
458,105
1197,64
1180,24
1951,107
1107,190
1918,26
945,1641
1538,28
466,1676
360,33
926,110
1087,1807
1837,112
613,26
1790,80
1804,1233
204,1630
339,87
1519,26
1485,86
771,66
951,1630
1510,1671
613,1797
885,32
1722,67
892,54
1280,82
1707,1693
878,1
1268,1673
865,28
1364,50
728,1642
1542,233
1782,24
1664,103
545,1807
1352,1641
1968,1785
92,58
588,61
1843,1675
746,43
337,1641
15,1698
1724,112
621,67
1098,196
203,1666
495,28
403,1666
1832,1693
526,110
1046,1675
451,90
231,1672
1711,1679
1946,89
201,1639
1929,39
1754,20
279,42
1945,103
417,79
1102,1658
413,59
529,1672
1841,103
1898,80
481,91
1077,1693
379,138
828,39
1590,1785
986,1
720,93
1732,110
1514,1659
565,75
1465,85
1607,1641
1081,37
1174,1668
1731,63
295,1663
796,32
1738,87
193,29
1687,114
418,16
1765,196
1214,90
1709,1666
1607,1679
772,73
1510,75
122,28
1501,1632
1838,1807
1143,65
1201,80
449,1665
1079,19
288,1659
566,66
933,43
573,1760
1773,91
1847,110
484,23
987,1668
1924,99
1602,69
882,190
1398,32
140,64
986,96
621,1657
1122,190
1912,1092
426,1807
297,1693
1274,101
258,23
1822,1663
1864,93
332,50
939,90
704,75
1635,100
1747,1672
754,87
312,62
352,85
1492,131
545,16
824,1797
1407,16
1320,20
220,84
1982,1642
941,20
1883,73
1077,50
598,31
1811,638
585,58
964,1639
881,41
1359,66
884,98
1970,37
1899,73
8,53
445,64
1700,1658
1467,37
1285,86
1524,50
1529,1654
1789,1658
451,54
1986,20
222,29
1375,1679
560,86
923,42
394,154
1542,1659
1281,42
326,111
1799,1666
168,89
168,1677
1395,37
353,60
1881,20
889,98
1756,58
1391,17
949,110
1175,190
704,89
1418,39
1240,59
1699,138
1740,1676
157,1663
1944,35
1397,107
1034,23
1681,110
1533,1659
1515,16
1816,29
1944,82
1505,26
1309,32
813,59
1577,190
696,33
695,59
625,77
485,1654
700,633
203,51
1221,95
356,1673
927,196
1410,190
1646,85
530,107
1747,104
511,70
1090,83
1609,79
746,1639
1965,114
1452,75
1970,1672
981,1671
1241,86
1884,70
835,91
467,85
1462,20
721,96
242,69
959,58
583,638
140,100
1850,69
1941,106
679,1233
951,1670
1643,1670
1418,41
885,24
1343,1660
1458,64
1024,96
908,97
1267,154
770,94
1530,1666
1920,42
548,95
696,64
514,91
1134,1797
339,1670
1131,62
1081,83
1282,84
328,73
2,1632
1051,1639
900,89
1036,75
1605,1654
1171,62
1703,1667
1121,85
972,1679
346,1665
739,64
967,1668
1192,1630
1814,41
1690,107
516,24
1915,66
1953,1675
1415,54
916,31
1469,31
792,101
1126,32
464,54
1042,83
1886,1668
272,19
1746,85
1140,196
316,1656
721,82
1626,1679
320,1807
1850,87
177,138
1392,99
1519,96
1799,114
683,26
999,86
604,1670
1944,63
911,58
1447,84
1801,1760
592,80
1412,1671
616,86
1745,53
213,1668
733,87
345,96
385,103
1805,41
116,79
1919,95
598,53
120,138
1464,83
250,1659
753,60
243,68
1882,105
689,98
1703,69
1422,1233
10,190
1133,98
1440,59
1707,1797
1247,1092
273,190
773,1807
997,53
1902,1760
409,1698
1600,1630
1541,28
748,23
1486,75
478,1658
838,32
487,82
144,60
1800,105
1509,59
1475,103
224,1630
12,67
1286,61
146,1785
811,95
480,83
194,119
764,85
730,37
433,99
52,73
490,84
1228,638
1583,68
844,29
1019,1
413,1672
1129,1660
1536,70
817,86
910,67
1427,87
1600,35
1855,63
1748,91
739,239
1553,1797
482,28
1221,37
1269,1667
754,1658
1110,93
688,84
528,1785
47,37
1080,32
34,58
533,84
532,1657
259,109
710,190
234,1679
358,1785
768,75
1912,66
834,1658
1082,110
655,1656
1689,62
1069,1656
895,71
1068,77
1218,638
169,1673
1880,1679
261,19
894,1797
1742,53
1047,1671
1472,23
1753,138
963,1676
220,99
1822,28
1343,59
1163,1665
558,79
187,106
1701,59
944,1785
528,110
1757,633
731,1641
1560,43
951,100
1765,94
1181,61
1557,1654
527,95
1544,1663
1909,41
1346,111
425,69
1882,77
1531,41
172,28
485,35
1117,70
1635,1679
402,1667
1432,1660
1403,1679
846,100
297,131
1382,106
279,23
816,23
22,1658
1422,91
1939,111
983,1807
397,104
1234,53
940,1660
688,1797
1888,90
141,99
1287,82
1567,154
1074,1671
670,80
1537,1639
363,1656
1585,111
823,1668
518,36
1510,1668
811,42
1091,1676
1697,1667
1974,59
191,196
454,638
862,1675
1715,35
1129,196
298,26
287,60
804,106
754,131
592,42
1786,84
1220,1672
405,33
1553,93
462,50
209,638
1222,64
924,233
1209,77
1359,105
1913,79
223,85
1933,138
1012,68
1755,86
834,154
1096,1785
1918,1676
928,91
1852,62
777,1654
1453,37
614,99
1794,99
524,1233
950,33
698,70
1783,1671
1382,100
822,239
0,82
1106,90
573,1
1841,1785
1931,1659
1706,35
1689,105
235,70
400,17
1449,26
805,1092
1855,1670
853,1660
282,29
1649,43
215,1673
1689,26
1210,63
225,93
1704,1797
46,93
1759,75
858,85
308,54
770,105
147,112
1232,1630
629,60
975,32
1954,33
1776,1
1535,56
1837,638
861,89
1257,1676
351,1
1427,16
443,1677
1040,53
300,62
1556,51
1406,190
1558,1663
1855,65
165,94
1549,108
1363,233
1347,1666
1275,91
44,59
594,86
88,1807
1451,1760
1029,110
1086,17
478,190
518,1659
1183,67
447,31
1043,190
340,59
1190,51
539,111
299,28
376,633
447,108
640,112
553,95
1947,1797
1548,138
1715,1675
1013,77
1224,110
1368,1672
197,112
1631,1673
1891,96
1800,33
1286,106
1615,1641
1045,1675
1708,87
857,1672
365,53
683,80
352,86
1478,1671
545,23
1354,109
642,33
645,20
1859,82
921,110
321,32
1728,33
1529,1668
1491,61
1936,1092
521,111
1845,60
961,112
1048,1668
431,28
307,98
695,85
736,42
628,104
1882,51
1593,60
359,1632
968,109
348,1675
626,633
1640,97
1697,1092
1977,1658
1816,1698
14,1632
1910,1642
1011,190
1491,1672
543,1693
356,73
1210,96
420,1668
1365,1630
150,73
495,1670
1165,1630
1867,24
194,239
174,67
285,196
1581,64
757,90
557,1666
1112,71
982,239
582,95
898,54
703,131
355,17
160,1
841,32
1890,61
1009,28
402,66
260,36
759,104
1081,64
585,43
1121,233
1745,89
1191,63
643,1671
164,1698
699,63
1859,1797
7,20
118,131
8,36
839,97
1835,104
897,16
648,20
115,37
1717,68
1415,1630
530,104
1325,65
919,190
708,69
584,75
195,42
434,36
1168,633
983,50
1173,110
1598,59
1857,99
589,87
609,633
1988,37
1881,101
579,65
1647,1760
46,24
1813,62
1964,62
1051,69
1431,33
1971,20
1112,85
467,1630
784,16
306,1654
858,59
1216,51
224,77
422,32
1789,32
1681,95
1776,91
545,51
284,1
1634,89
1980,77
717,1663
224,60
1511,85
1015,16
1477,69
1684,35
1795,96
900,90
904,29
903,63
442,1092
600,1676
1413,132
1524,23
1569,86
1399,1233
356,1807
357,82
468,43
1636,26
1978,1672
1180,32
1345,103
1073,90
684,61
687,80
448,87
1485,1667
1251,77
295,109
1551,64
481,17
1699,75
135,1668
288,1797
1230,67
265,59
1635,32
1870,19
144,94
275,110
1864,104
562,60
376,23
163,1679
76,66
1587,50
666,110
120,28
324,1092
1138,196
472,239
1832,90
749,54
1745,69
1913,17
1071,633
1147,239
1255,70
1738,108
635,51
800,108
287,1654
203,1659
256,100
1931,633
793,131
1824,1693
1439,28
483,1679
742,1092
122,85
1821,138
1878,69
1166,65
734,71
1638,239
218,1785
167,84
498,109
487,77
1891,43
1985,50
318,83
525,41
710,111
1020,89
1247,1632
1962,1660
895,33
989,60
935,32
1967,119
1824,239
1276,138
1907,24
676,58
128,1642
1711,114
777,83
395,42
288,96
1302,77
92,80
1487,67
1237,1666
1741,50
1285,28
1010,638
1403,87
1221,36
1576,77
1922,73
1389,1668
550,42
644,59
444,65
407,79
488,1797
458,1673
1140,59
0,119
441,43
1878,87
542,131
1955,96
568,1658
1338,98
1813,1630
949,131
243,1654
1460,1679
1883,1660
330,1630
400,69
453,63
886,1659
613,103
1662,98
690,26
503,67
1929,1663
1604,63
298,41
1954,26
376,51
227,1657
1540,233
1685,154
656,37
1202,16
1590,233
1000,1672
1573,111
1002,58
966,1659
1926,239
1323,70
421,190
885,1657
277,84
371,105
887,31
527,94
267,98
1835,35
1050,31
1346,108
906,1693
672,67
530,33
1764,106
399,1656
1436,29
577,90
1042,132
836,91
1466,190
1177,1
202,1
590,110
1055,32
705,190
851,638
1976,233
1062,82
165,1670
849,97
481,79
671,1676
1459,66
710,56
1618,95
842,64
1749,109
1877,24
1527,1785
22,94
1017,1092
1541,1698
1542,239
1015,43
820,43
509,108
934,23
1536,35
888,75
445,58
763,35
1026,103
506,56
1563,1632
1896,1
772,69
1290,1670
1221,24
1392,1658
475,66
1073,17
230,1668
229,95
1046,1656
1318,75
1140,31
13,73
1173,1233
1837,96
1055,1675
167,110
463,89
487,103
1638,20
2,109
831,84
959,99
544,638
214,62
1431,1797
1712,101
1503,1672
274,131
571,1659
1661,94
613,1670
1954,62
1829,24
301,112
1886,75
379,1092
1033,1233
55,1
1752,43
174,1693
1111,1092
1081,43
142,37
1888,1807
126,110
927,1673
1451,233
1949,106
1198,56
1570,97
658,63
917,56
1290,1672
1717,111
1610,107
1298,239
662,1680
1306,1660
1436,97
836,1667
337,87
10,119
819,97
142,1698
1317,1672
866,28
1291,37
1834,239
350,638
1385,19
1224,111
194,154
1058,1639
362,190
1270,108
943,1660
1846,83
433,89
490,26
1357,62
915,23
551,75
113,91
669,28
1577,33
982,77
1390,190
488,1665
1580,26
1725,105
1743,638
1229,196
254,66
1786,105
810,82
1236,138
120,98
1903,132
262,1659
1805,98
874,70
1906,59
512,1639
696,132
929,1807
1804,94
280,1
1389,32
450,1693
607,103
256,58
458,42
595,1639
1865,41
708,80
1409,19
511,35
1379,103
494,105
499,1665
778,98
640,79
1119,105
1523,26
1469,106
297,1660
460,24
1753,39
579,82
724,39
1574,23
377,1632
840,1670
1142,53
773,190
369,82
858,54
1176,79
1604,119
315,107
1573,86
1015,108
524,93
547,1656
270,75
1005,86
1674,69
402,67
1216,85
1508,51
1292,90
615,109
1084,1672
785,1666
489,93
217,64
823,96
1216,196
445,80
671,60
1959,53
936,1665
1966,89
1457,1675
757,1693
1593,77
1743,105
1599,99
1767,87
890,59
708,70
1538,83
1787,112
499,1679
741,26
1645,114
1718,1660
664,83
1567,93
1808,1680
352,1679
741,107
360,138
1391,33
1378,54
935,63
1968,58
1115,35
1061,35
1850,50
1712,63
1735,1659
1823,1797
159,56
931,83
203,82
921,73
1132,1807
891,33
1775,109
506,1
234,138
1426,1666
1963,31
914,24
1902,96
1521,59
1504,93
1196,1667
475,29
978,1632
1536,1654
465,103
544,84
266,16
299,1663
324,1668
694,112
1143,53
249,67
1061,1630
1049,16
330,132
1915,53
1513,35
835,75
546,42
620,101
1445,20
1526,65
993,1665
1864,26
768,1659
1840,99
1587,132
152,1658
1239,99
912,84
1818,1676
1253,131
1809,19
156,43
709,75
1940,53
1370,97
1522,100
1691,19
1128,51
1188,63
1299,20
1427,75
1687,71
823,68
736,86
175,95
384,42
222,94
1572,20
1478,1807
1538,132
943,90
544,98
416,1659
1140,54
1287,1671
1740,95
396,190
1966,1667
1358,20
1449,50
1535,1668
221,32
1975,1632
690,105
932,62
552,90
807,20
1179,23
848,75
1297,1660
433,97
1653,1693
642,119
972,36
790,39
996,1654
522,1665
1823,1785
866,1807
1042,1630
1423,239
1064,68
1943,94
1232,112
1009,41
1237,1665
4,1807
1043,1676
72,29
1637,96
492,16
806,54
771,1693
142,239
1837,1630
78,23
1382,239
487,1807
1393,28
1228,91
402,1679
1110,83
1329,66
376,1656
318,1663
1904,1632
566,107
513,29
1197,75
1055,61
763,1659
890,97
745,20
1227,98
1190,106
1560,1797
255,17
1622,105
494,33
1952,69
1025,107
1830,90
1481,633
655,1658
1888,61
691,1658
359,132
1925,633
1320,190
143,29
680,29
1035,239
1478,83
837,105
1543,79
1283,67
1875,1693
585,17
1209,65
712,1639
716,87
1359,101
771,1658
817,70
1539,35
502,56
482,1673
910,83
203,1673
739,31
1553,131
685,71
1578,1660
1929,58
1032,1678
1626,84
1510,61
1770,1668
1137,1
803,1675
1318,94
570,104
990,63
3,51
977,26
617,51
963,91
1042,20
855,89
1409,85
930,112
751,24
553,97
1052,93
515,61
1031,75
440,107
1072,56
230,1092
912,31
1448,97
1926,1760
1843,24
170,79
1347,31
1018,1675
1848,1666
871,95
431,1678
345,35
558,1675
1573,16
1151,100
270,1785
1252,23
404,233
1164,75
1148,64
1791,84
1405,1785
1493,1639
589,1698
833,80
1448,1673
179,66
1396,19
651,70
134,1668
234,1630
1979,20
1308,86
81,95
617,61
410,37
1533,119
959,1656
40,58
1327,91
300,1678
710,43
1796,50
1780,95
1550,65
1310,112
1421,51
1169,26
887,1659
1061,28
1044,68
1118,71
1246,24
1957,65
825,138
1607,1
1758,119
950,1672
442,71
702,83
887,77
1317,638
1634,16
1336,233
969,1658
857,1630
824,61
456,119
1505,108
142,42
685,26
804,1676
621,50
545,1656
1972,1785
752,190
754,1678
1524,94
937,28
1400,100
1737,107
1827,233
814,1678
929,1630
1640,132
590,75
511,60
1592,1233
1095,108
356,69
1958,42
488,85
1138,1659
1631,1658
966,32
525,31
1025,65
1820,190
1568,79
1474,638
1041,65
1045,1673
750,111
1176,66
1929,1668
955,1667
528,43
656,112
1192,66
398,51
716,26
183,93
405,67
1205,106
14,67
146,75
1012,90
1531,84
373,1760
1348,1672
1596,106
1319,1659
1285,83
1093,32
815,132
1208,32
964,84
587,109
1365,86
1572,82
134,60
340,75
310,1639
630,60
1551,110
