1830,19
1793,37
1154,1657
201,101
329,56
1988,64
744,35
841,85
878,50
1158,32
823,1641
1091,95
832,1670
922,190
1935,1668
55,100
1772,1679
1751,80
1291,1668
649,65
1536,111
1312,633
428,90
1613,79
1423,53
1543,1656
984,1668
643,1673
1434,132
1626,1092
243,109
48,77
182,24
954,97
1329,43
1616,91
1155,1641
128,68
1583,1641
1733,66
777,633
1734,1679
279,89
1493,19
1254,111
964,233
583,239
929,1658
1456,1
427,65
380,103
308,196
1275,1760
1257,59
117,26
1987,1676
1246,87
1122,65
740,86
1529,65
503,24
1961,108
915,50
679,53
1789,62
962,107
1593,1657
1115,83
1682,1092
1266,29
514,86
163,60
1181,68
1074,62
1627,60
1832,110
1289,35
1363,36
1015,131
635,39
1494,100
1721,32
1117,109
1717,84
1750,1657
1372,93
1118,1641
397,79
1177,89
990,86
1011,239
1734,1785
1476,35
930,91
1783,68
1052,100
1328,106
1056,111
1699,77
463,99
1576,1654
1598,43
532,106
1926,1656
1398,29
653,64
742,1797
768,1660
1652,90
1544,99
1432,1233
294,1632
338,154
1186,106
1173,1668
1319,138
1212,64
642,98
737,32
1715,107
887,132
45,33
1294,1642
1498,91
1409,1676
1798,60
1484,1670
793,103
977,1666
1974,1639
192,1642
1188,56
676,1666
675,71
250,1670
314,53
222,1760
668,62
1849,101
1835,1698
1216,1676
1342,42
1932,62
648,50
1754,42
1113,1654
1725,1659
772,1639
1429,1760
1570,1672
886,17
1258,70
584,105
1655,111
437,75
1160,60
918,1632
1455,111
453,75
1358,132
808,86
1846,105
747,91
503,79
552,91
1981,36
1568,119
1058,51
839,1670
416,56
1228,633
754,154
773,20
1091,41
1384,61
1186,239
799,190
1856,33
92,82
1073,1639
1569,1658
941,89
227,119
817,75
1279,239
1040,1666
1464,100
435,98
1953,32
1513,1671
696,1641
1579,42
1433,50
789,86
1453,79
1372,33
1066,26
825,1672
1144,64
0,1693
1507,100
1581,1663
1683,105
1784,16
1324,83
3,85
1581,1680
1879,1667
191,66
1884,59
1905,154
360,70
359,54
757,111
959,73
898,77
147,89
922,1233
1078,1660
797,239
1940,91
841,109
15,86
287,75
830,73
1664,109
120,58
819,1676
1674,26
384,233
1306,16
1731,71
1719,1668
1556,26
1245,29
1542,29
1727,19
971,98
1164,37
1403,103
464,1658
1838,93
1986,58
4,138
1311,39
513,110
844,1656
792,35
1345,83
920,24
1056,42
987,64
1089,86
1894,103
1787,59
331,638
1163,69
1787,1807
1939,1658
1327,84
1095,24
1991,77
1796,77
859,138
1505,1660
608,1657
311,54
1508,132
847,96
1217,1233
1718,51
1018,1672
962,32
675,1693
498,1642
1883,97
173,66
1498,1
1840,1666
463,1673
997,1659
800,41
200,79
1218,51
1754,97
1832,1665
1294,196
659,1659
1467,138
475,68
816,56
526,29
195,69
1834,104
1158,1672
1251,54
1454,1657
352,1656
1951,69
1959,638
123,1675
553,82
309,70
242,43
393,59
727,16
1189,69
965,1675
1754,1673
1128,1641
1203,89
1846,71
690,60
410,196
761,1693
1276,190
500,67
743,1
1027,20
662,41
1070,154
538,107
385,51
317,1658
413,1659
217,106
864,85
1661,190
263,71
1832,20
1814,132
1263,1670
165,91
326,1659
903,119
1040,71
1372,100
855,1642
1564,1642
1148,1641
1294,65
505,1
1248,41
792,63
1915,29
1612,91
1777,28
360,1
1395,91
899,104
1952,112
212,239
1483,1676
515,24
953,93
1307,20
1289,1679
1961,119
451,1672
1105,35
683,85
1950,19
376,95
1597,60
362,94
911,77
244,1666
1308,1641
1328,1693
1131,86
1496,1785
750,1658
1209,110
547,233
1427,35
519,1673
888,105
1298,1656
891,1675
1828,86
390,56
324,1698
451,58
1004,60
855,1656
1412,107
185,138
1375,1675
520,35
1767,35
1626,59
1183,50
597,59
1977,1663
1538,95
1446,190
326,99
738,99
977,119
1476,95
1042,107
1830,16
1816,638
1713,1672
458,1630
309,90
940,1760
885,97
702,1641
406,58
1025,1678
953,111
474,138
700,26
757,39
369,1668
1186,71
1260,66
892,100
1540,28
755,1680
898,53
590,633
225,239
524,95
1930,41
113,36
45,77
1720,1639
934,35
1599,1659
1496,1654
175,69
782,87
179,62
1121,95
715,80
648,23
1271,1675
1300,1693
1318,20
1008,53
920,33
1952,190
1201,112
1308,26
1721,1673
1542,1641
1409,99
694,23
1599,1092
1415,77
741,24
135,633
1332,1693
1095,83
1466,1675
1445,96
0,190
1123,154
610,59
1746,1675
1931,51
1129,103
225,31
1608,132
1806,43
1810,86
193,1667
1297,41
1609,1657
1264,36
1735,131
136,1666
1621,104
938,239
1310,95
691,1667
669,77
1083,1641
604,1676
1944,53
842,233
626,42
1343,29
4,1670
1387,63
962,104
1940,33
288,71
609,83
294,109
1805,51
891,35
1410,29
1985,1785
1036,71
333,196
317,53
561,33
427,1693
1460,61
654,108
1121,105
1892,24
917,108
388,638
1717,83
465,101
943,86
1740,1233
142,1678
710,1658
765,1807
1783,71
1912,42
1640,239
1948,56
1951,29
1591,42
664,1679
1763,1668
322,59
470,99
1947,97
1975,1693
1083,1639
1172,42
1653,1673
622,97
861,109
1299,1698
1086,638
1321,1092
1491,138
45,32
1908,633
1323,95
1859,33
351,90
1131,32
1242,37
1820,1676
1602,1659
1860,1693
425,109
1097,97
1043,29
1335,43
1503,239
1033,87
873,82
1001,37
125,1807
88,32
1272,104
1683,90
545,1680
477,35
386,98
1220,31
1647,1680
1004,1698
1475,107
719,1663
1974,83
590,1678
1855,1630
1967,112
386,132
545,99
1990,1639
818,131
1482,106
911,20
1580,77
267,1663
1220,1680
1322,1666
1215,75
1866,71
981,65
7,1670
1909,35
625,31
536,1678
751,1693
1453,61
1882,71
1295,80
1043,43
1887,1660
179,104
340,1658
148,67
1965,51
684,28
338,1632
141,109
1559,1233
606,99
620,1760
513,1671
160,1641
1837,138
663,89
1611,75
1280,89
848,59
1054,31
232,1660
876,1641
948,110
515,239
915,95
1472,154
260,104
873,1667
1688,100
1816,89
395,93
827,62
1876,51
645,91
331,53
981,83
928,65
361,64
1746,633
1855,41
1619,1639
742,62
1439,108
1599,84
950,43
644,20
1453,64
1063,1665
698,35
681,41
1321,1660
1915,112
392,1660
1636,190
676,638
1709,32
386,70
830,1679
1257,97
707,64
140,89
1071,82
265,70
1155,239
143,109
1176,104
679,111
1557,1698
1478,67
1762,86
1870,239
737,93
385,32
847,16
962,80
394,1642
1208,1660
654,1630
1491,37
1953,82
1938,1670
463,1672
1539,19
1299,64
1616,1678
950,138
21,110
243,50
1907,1668
822,112
347,16
1362,93
1588,233
811,1659
540,91
1552,53
1776,633
343,196
896,97
219,90
698,53
1936,1663
519,65
559,94
1223,71
409,1676
855,105
1888,108
1958,62
92,1659
143,1641
258,111
1072,89
1553,1680
1255,1654
387,1671
406,31
1810,1
1296,1671
375,196
852,59
1020,31
268,20
1520,101
1682,1760
308,131
856,190
130,85
1381,50
797,65
432,1657
308,50
661,1676
1271,633
443,119
449,108
183,73
592,28
1921,1673
355,70
210,41
817,23
1873,1680
1117,132
1000,1654
1556,63
435,79
1727,54
1231,61
492,100
954,75
971,1
1549,104
577,138
1208,20
1118,1665
125,60
1228,111
1318,233
554,138
734,1678
1473,112
577,59
1622,1679
1688,1677
655,1672
34,108
461,1663
423,98
874,638
529,73
1817,50
878,196
934,1642
1934,1
1385,16
120,1666
546,98
842,99
1800,37
1931,103
1310,96
375,75
1631,110
503,54
1108,233
422,56
1751,239
1182,190
653,1630
1628,154
248,43
362,95
1674,94
1194,1668
1454,68
1081,58
399,1673
1527,109
297,51
206,23
672,1
707,1656
1188,103
882,1656
1684,1671
259,24
6,105
1130,37
1421,1656
752,61
886,1668
1605,20
1328,64
1951,56
650,84
1934,96
1820,31
1267,1673
1891,1785
385,633
581,1233
1020,35
361,1642
1557,51
1900,1672
322,71
999,41
841,91
1139,1672
1799,154
1340,107
1946,1658
933,1675
1769,53
1468,16
372,107
1094,62
597,638
473,66
951,59
956,633
1570,17
405,83
1328,1676
222,1659
1511,1807
1980,42
445,109
1849,79
559,1673
361,24
179,1
936,1668
1602,1671
1107,31
917,89
739,89
1788,68
181,1785
668,75
1757,41
113,1698
333,51
1205,1639
802,26
513,85
1263,1659
1925,132
1358,63
1713,28
366,69
464,61
1241,89
1689,91
859,68
1874,41
1169,101
1466,1659
359,111
1411,32
1142,26
814,33
872,104
967,1233
1482,119
766,1668
1914,1670
1414,1658
1091,79
1714,1654
851,28
834,60
924,190
1498,87
178,1678
642,1
1805,50
689,26
726,97
527,112
1246,1656
1063,98
257,86
557,35
995,64
367,1667
1574,1642
11,67
1208,79
1026,42
1268,233
273,54
495,83
280,96
1353,1657
873,103
1648,1233
1541,132
1802,1642
458,77
81,20
795,70
597,1092
876,1233
1965,95
1951,28
1220,42
1592,19
1348,103
1991,1807
232,23
677,1675
1978,154
1003,104
751,96
1307,80
1685,17
343,1670
968,1680
530,1675
986,83
1176,63
1250,26
1699,1657
669,94
562,56
52,64
915,66
1377,1641
1473,1642
1634,103
1323,94
1012,31
818,1668
689,20
135,50
1081,96
1724,84
625,108
170,1667
1791,28
1463,17
1102,633
1729,1659
688,91
944,53
1939,86
1248,99
805,66
570,83
1288,100
1733,36
1844,89
1278,131
1690,233
255,108
1324,95
1357,1660
1901,233
1438,1671
1193,58
164,60
588,1678
935,79
1495,119
639,91
1858,1667
1712,79
1034,87
594,1630
1347,36
1718,85
814,61
743,233
565,111
1265,1641
841,97
1212,80
960,1677
1551,1663
962,77
696,97
645,104
1277,1693
1613,99
472,112
1835,41
1949,33
1353,1668
726,1670
374,107
1191,1654
567,1670
240,75
408,1693
1828,111
195,107
1298,36
880,59
902,108
1261,1663
1166,87
580,94
1096,1807
1143,1663
1879,1693
946,29
1156,1676
714,1
1251,1680
1323,1807
1505,1632
1732,1693
1574,82
1598,1632
379,85
1960,1654
436,20
1789,97
315,39
636,59
1243,69
1022,1092
1048,85
1727,1665
570,1807
1786,79
498,1654
1259,69
1648,36
527,53
657,1665
1651,1797
1621,1673
1963,1665
1255,17
598,106
998,58
1316,107
506,50
1299,53
1541,1630
1963,106
772,83
1788,29
350,99
799,1680
1778,39
1473,107
1626,83
444,83
1019,1693
1369,42
1939,114
1650,109
1120,90
844,1658
1747,39
590,114
740,1233
529,108
413,35
1334,1665
628,1668
1123,68
346,70
1948,19
1273,1675
1113,94
1206,59
1408,110
714,51
1006,77
456,1641
1220,131
579,29
1863,17
515,79
683,107
1128,1676
975,89
1516,1639
1222,42
1276,1654
254,42
201,190
435,1654
388,20
479,85
1756,633
966,1641
30,1679
578,97
997,1657
438,1675
1070,104
1697,84
648,79
1956,73
125,41
1778,1797
148,96
1274,638
1757,99
1317,1666
1810,239
121,69
48,1673
1975,93
1301,1698
198,67
987,80
255,54
148,1642
1309,1667
442,1639
666,1671
1203,42
741,65
1139,82
2,105
1968,100
629,1698
1240,37
389,77
1425,1665
690,58
730,101
1085,131
1809,79
814,107
636,95
1039,1654
585,1807
405,62
1734,131
496,1654
1664,75
1498,17
528,79
1064,17
474,1657
496,17
1750,633
1255,53
813,98
1536,53
300,59
766,66
1174,37
1966,65
740,1657
1460,196
454,41
205,67
1072,1630
1160,103
792,1
1605,33
795,28
1629,1233
1371,1659
697,132
420,79
613,56
856,1657
641,1673
1803,83
504,39
433,93
603,239
569,51
1176,69
636,109
1758,100
1732,233
25,36
1826,114
969,1641
310,71
1146,1671
578,69
975,1630
1932,103
1832,1663
1204,32
1208,35
158,42
330,29
746,1663
1700,106
709,1673
942,1642
637,82
1188,1642
1462,109
1476,89
1612,75
1466,1671
1837,64
492,1672
1159,84
1199,77
522,107
1987,1667
353,54
1796,17
1941,98
201,106
332,94
214,94
451,1656
841,90
1175,37
897,1654
1104,1642
1715,16
1681,96
46,1671
483,43
376,111
1705,106
547,1660
270,79
1487,100
991,131
459,50
1917,1657
581,41
1353,64
588,77
492,58
1359,94
517,71
1549,58
1221,89
997,1679
786,104
1467,73
1569,95
151,1092
1527,19
1606,68
540,31
461,108
1514,100
338,1785
1311,104
675,138
145,1
1733,79
684,68
834,633
1493,16
341,1677
1765,638
1837,33
1109,96
1220,37
481,26
686,633
1460,1698
1480,138
218,69
1984,1642
1770,87
353,64
993,1675
1662,89
938,1654
615,1666
1957,131
1082,53
838,73
1964,59
848,99
1146,86
1957,20
624,1632
163,80
989,68
223,138
1236,59
1437,70
1336,1659
1583,31
1899,154
260,23
816,1657
1246,1657
509,16
1124,29
934,83
421,100
836,239
729,51
1043,17
1228,51
654,1670
915,1666
628,73
1754,39
1457,109
1134,1641
390,26
1039,69
485,104
1814,35
1083,23
162,93
1379,54
937,111
646,1665
1014,79
427,35
856,89
212,61
641,233
1891,1671
540,1639
1385,108
176,1676
835,79
356,106
232,24
1690,1659
731,110
549,43
404,638
792,154
1240,110
1314,35
1813,75
1101,233
197,65
1894,1658
590,1666
1547,19
470,97
918,99
376,28
1594,90
1318,1642
622,103
1468,53
898,23
538,62
1933,29
1714,1641
1920,62
321,96
656,77
1802,62
810,36
666,154
1026,138
985,58
1984,138
460,1642
7,119
689,100
1001,154
122,239
1980,190
788,1666
1113,1659
1244,97
416,1663
1284,98
1469,1092
128,35
184,1675
0,1666
1605,104
990,71
1053,1233
727,138
1449,54
401,638
1230,39
738,23
1716,28
634,100
542,37
511,1642
1195,1639
477,82
613,112
1385,239
426,106
1075,61
797,105
1136,61
929,17
858,105
476,110
1554,1673
369,108
831,1698
1071,41
319,1760
999,66
433,101
1482,104
898,233
1583,66
1328,638
1222,94
1294,1659
30,1680
1547,239
1087,62
1216,131
1198,23
1423,24
1022,131
765,1630
823,86
753,32
1586,68
1272,154
44,95
283,43
604,39
1578,1654
310,190
1365,154
1019,1678
465,71
798,131
122,96
1043,154
1244,119
1120,77
148,1760
1456,79
1223,93
1458,1675
508,1670
40,66
1287,90
538,1693
1919,1679
1005,1233
1231,1673
808,1233
663,91
1824,131
1855,1785
1570,1659
1805,1642
1149,16
690,23
1796,233
809,1679
811,67
757,29
1011,1797
227,1660
398,1693
946,633
528,100
1227,1698
1232,98
476,1654
715,1632
277,95
1168,20
923,1663
362,1667
402,1642
1748,119
1178,85
1070,95
47,64
394,108
927,154
216,68
1171,110
197,633
1764,23
1929,62
475,75
1375,1698
601,87
729,138
231,1760
533,96
1357,1678
1915,114
1773,112
687,1
959,1654
140,196
198,1698
1699,24
467,19
1561,95
623,94
401,1665
1754,1666
1735,69
563,1667
524,1675
52,132
939,132
1917,61
1949,1693
1614,71
52,43
163,104
440,1657
1269,68
1694,63
1254,1654
139,1807
1514,1667
449,1
14,107
667,1679
223,83
1832,41
985,96
894,106
1063,37
1709,1673
663,1671
833,84
390,83
1315,66
451,67
1020,1680
950,59
290,95
1011,59
1754,31
264,638
449,1672
1059,73
430,1673
1466,77
1640,154
202,60
705,1663
1806,64
1554,233
670,68
1078,65
525,233
546,110
1317,29
470,62
460,64
298,103
942,50
1411,105
1712,26
865,39
481,1642
667,1663
177,37
893,1639
1725,82
861,83
382,110
1454,56
1185,111
1132,1092
803,70
1728,41
200,17
1384,1807
921,23
689,83
304,63
1289,106
1606,89
1238,71
1717,106
688,1785
122,39
964,98
1335,109
1339,86
164,1642
1090,70
816,41
1115,1679
1156,109
1958,1667
310,1641
383,109
1901,31
1116,19
377,60
535,1797
1031,26
353,59
1755,1680
1483,1665
1864,1680
298,105
439,1785
831,65
810,1641
582,103
821,91
720,66
1967,42
352,108
315,80
1492,138
1777,1654
1538,1676
488,1670
1889,1632
1541,1665
1483,633
1009,100
543,233
1481,104
324,17
827,1670
1736,1672
1842,19
1336,106
418,61
1214,79
1375,1639
458,196
115,93
944,29
559,1642
729,71
122,41
826,17
1469,131
1548,80
453,1659
994,101
1572,94
47,1679
337,68
1977,1660
1975,51
1905,69
1597,1671
1541,63
1483,43
1841,43
758,101
902,53
762,104
1405,108
173,1639
488,71
585,1663
1427,1654
1023,67
329,83
1220,71
439,1630
1096,77
1167,1656
1863,1665
12,1676
1378,33
777,190
697,119
237,86
860,1663
1216,59
439,80
1900,109
1279,112
787,98
882,1670
1011,1642
701,1668
1866,60
1443,82
342,1639
1050,80
1342,50
614,51
485,101
911,1657
1876,1663
418,190
595,1656
647,83
523,65
47,1693
10,20
1359,1658
861,1659
1455,87
873,1807
1533,41
1082,67
859,70
457,16
845,39
1256,1660
1203,23
579,71
525,63
603,93
1300,109
1068,1
1522,1657
117,1659
811,104
1554,1698
372,1760
731,1671
952,66
612,20
948,54
1027,99
1922,1641
492,154
1384,84
194,1632
598,50
156,65
139,59
1316,67
287,1785
1541,1654
893,1678
1377,107
1070,54
1198,107
722,96
631,62
499,233
266,138
418,65
1086,86
1964,1656
1821,1
1325,28
1989,53
1440,36
801,638
215,82
1049,106
1750,24
1626,26
1183,19
1555,26
1294,50
249,70
1777,94
1116,86
1486,64
973,19
1071,196
299,108
1169,196
563,85
546,39
1726,1676
1857,119
885,66
887,1678
714,1678
969,1233
639,87
825,85
152,1663
757,56
186,1679
1940,67
305,39
858,23
130,138
187,71
1384,51
1933,28
483,70
1151,89
1940,50
288,104
1674,98
1103,1676
203,71
927,16
1282,33
1909,94
1302,36
1053,24
1036,112
956,1632
317,68
284,1639
48,109
236,20
537,31
668,1693
318,1654
1815,1667
583,62
1710,131
763,1632
1591,132
1244,17
802,60
1834,17
877,1666
400,62
685,1659
774,62
423,36
1455,107
664,1760
1506,17
1881,75
1094,1670
1850,96
412,138
1525,100
1699,1641
1714,1673
1846,28
982,31
964,638
901,107
174,1657
156,54
1098,89
597,1672
1745,24
1084,20
1081,112
14,63
1521,73
665,51
1860,1678
1097,16
1460,28
1060,108
1517,29
1814,93
402,1672
861,1679
1133,77
1779,1639
1008,66
296,94
371,1666
977,35
593,1654
1827,83
691,119
1170,104
1706,54
1301,1676
1891,1698
1200,69
741,43
363,1667
730,1666
252,104
1651,1656
201,80
589,103
1568,42
704,105
1508,1663
1863,29
1314,68
653,96
322,26
1084,196
1897,53
1080,1807
247,84
541,1665
1705,16
1557,105
1910,75
609,29
578,1092
1481,65
1853,233
1742,1092
1963,1667
1697,239
1403,138
1349,90
746,33
1353,31
361,69
472,64
608,66
1620,59
772,93
1821,70
1230,1675
665,61
1366,109
1575,91
1737,114
134,1679
1616,39
158,109
1562,111
933,63
320,82
1975,73
752,1665
1705,1675
676,633
127,119
1985,103
1858,239
1898,86
869,104
1317,106
582,1693
1212,1660
403,100
1696,109
1219,190
1421,60
1169,35
429,50
1543,43
915,1
308,1233
665,1680
1041,233
764,112
982,59
1243,85
897,1679
1343,86
731,1660
1542,112
1840,1670
574,96
206,62
1933,131
1126,1675
961,109
1737,1654
1134,24
621,59
1356,50
240,26
1528,33
540,39
189,79
162,19
1396,24
735,68
1400,91
1861,50
280,90
1538,119
452,1676
751,196
0,41
1340,1639
590,66
168,101
1720,19
1719,37
121,75
637,61
802,82
1851,85
751,53
1110,1678
1625,154
222,1233
542,112
450,56
1379,1659
1051,96
1971,51
1187,1632
1907,91
342,101
1950,37
1623,1665
1202,95
1886,77
1064,132
622,28
770,19
1927,1807
1963,1630
1893,37
960,1785
442,64
1802,100
1774,1670
1311,1676
996,638
371,75
444,1663
1423,77
1460,87
1832,24
967,65
1322,80
1378,1630
644,100
204,1797
44,50
1457,85
158,62
507,1672
88,108
1653,17
698,83
953,1660
981,1658
1538,73
1234,16
1348,24
1095,107
198,1679
712,1092
1588,24
1163,101
1560,633
801,1672
1010,82
443,41
1240,53
1846,85
797,80
1280,54
251,90
821,90
237,99
1468,29
1009,138
754,79
244,43
1394,63
454,1658
1731,132
682,131
1404,100
598,23
1573,63
1617,29
1856,109
555,1660
787,196
456,106
517,83
574,28
1093,154
139,111
1872,109
495,56
349,1672
1167,94
122,54
1761,17
1759,1676
822,83
661,95
1986,108
501,82
337,1233
309,53
593,138
556,26
920,70
1455,64
185,104
124,107
287,233
1193,98
825,56
1964,71
164,100
1860,112
318,31
1635,154
15,101
1158,37
615,26
249,1663
321,154
1935,1667
983,1672
1155,75
591,93
538,75
1823,1698
428,87
1081,73
1316,94
341,56
1427,53
1637,68
1339,1659
169,239
924,73
1703,89
1103,39
1490,104
1011,119
189,101
1777,1092
1497,42
1819,1679
1029,1233
1288,75
1415,56
937,99
647,82
1186,1654
1338,1233
1144,138
1052,19
1343,1670
543,1672
530,1797
842,51
1709,101
536,100
226,1760
1571,28
1956,1656
271,108
275,105
117,1658
757,53
1732,41
1971,29
946,1656
1850,60
1580,101
237,71
538,42
1350,69
854,62
1064,110
1232,138
716,59
595,36
267,65
195,1670
632,31
833,98
1866,190
179,16
550,1
989,1663
1298,63
324,1666
1962,86
1636,1
1929,103
181,1657
805,1673
688,63
792,109
722,1660
1042,75
1532,1657
677,1672
839,1641
1585,73
1931,37
1925,1785
1730,1785
1253,60
1458,106
1245,1672
1392,1092
1179,1656
754,101
1583,190
1344,77
1987,107
1236,75
1498,36
1111,1807
1279,23
1191,75
1943,70
1801,1657
1434,114
921,93
799,68
1246,1641
1906,75
1504,97
290,39
628,89
133,1797
152,60
1382,70
563,132
1244,99
582,638
765,64
947,101
1507,1673
1140,60
1468,1665
1234,73
334,1667
1055,53
346,97
1730,95
1695,1807
714,26
1817,239
772,1666
1267,32
1140,1092
146,1630
169,1671
1842,1642
724,87
1169,70
235,1630
1540,83
144,67
1540,1679
1008,1666
1146,104
764,1665
429,94
624,1678
1705,37
1486,1654
915,85
1125,100
921,190
595,83
1273,1233
1205,60
102,65
1688,26
988,98
1087,56
1215,119
836,190
1353,108
988,17
632,1233
1697,77
648,86
317,85
1692,1658
1329,68
357,1667
1183,97
880,62
1122,1675
1321,1654
424,20
728,66
1116,59
855,65
1137,154
508,108
606,103
1874,107
791,19
1918,96
1149,1673
285,20
1779,1668
1304,36
1327,50
1367,91
1702,154
450,68
927,1660
1892,1660
1128,1665
298,16
1492,98
1900,39
1846,239
1701,82
1204,1630
166,1660
1971,71
382,112
1826,1679
1181,132
1015,82
1761,1654
412,1233
275,1693
509,83
1377,23
1843,1668
888,68
524,1092
1959,106
910,85
786,31
1892,95
1531,33
1221,31
1866,196
711,91
1743,190
1925,39
1818,99
607,26
923,75
1294,110
671,131
1586,1642
1430,638
990,33
1287,53
920,29
1762,1665
1908,29
420,86
1894,24
494,53
351,638
1822,1785
232,100
1516,104
512,86
1159,1760
864,1679
1452,154
859,1642
875,1
1502,1092
422,16
905,58
288,20
1691,82
715,1667
435,1659
1950,75
1795,16
568,75
505,1667
605,90
260,233
561,28
337,1632
1563,1657
1450,56
1910,633
1386,83
1076,1
946,1092
926,54
1905,95
694,50
1893,1632
1008,111
147,154
1159,109
647,1671
776,1642
1751,1641
889,77
1065,50
1102,73
740,138
133,36
565,33
1118,73
382,29
1360,1665
476,66
352,80
905,36
1497,1666
1829,1
636,90
1445,1698
661,1785
770,16
1722,1632
1174,73
1909,100
1876,83
1714,82
1734,17
888,96
800,60
1942,66
1712,1663
558,1657
1916,105
1238,69
853,41
374,68
1001,80
1043,89
1427,1676
414,69
809,51
1272,53
1844,109
1422,63
1372,16
1426,66
255,80
461,1659
940,132
1592,109
817,1657
157,110
488,91
178,53
1427,1642
380,89
1837,75
295,32
724,24
618,1639
1495,75
1887,111
1729,69
1270,103
136,1658
1299,1663
1048,19
861,50
1303,95
832,1678
1661,105
847,67
1832,233
1333,62
620,1233
254,69
1451,79
1109,1677
1309,37
496,1639
1096,1678
428,98
963,633
1834,1668
324,19
947,1670
381,94
592,1641
1359,85
1627,71
1649,1667
378,42
1892,97
917,83
1896,100
1528,62
940,84
903,96
434,91
1446,32
1565,54
424,93
151,26
1920,1667
691,1
1633,94
719,633
1612,70
623,29
643,51
1927,63
460,23
1149,101
377,1641
1167,1658
1015,1785
1378,63
493,89
1146,67
744,41
1024,107
1557,63
251,107
547,1680
1910,1
1364,109
1954,93
1920,85
743,32
1005,79
608,1671
442,101
1755,107
599,1679
1573,32
1423,51
1560,107
2,1639
934,36
992,59
186,110
1128,109
631,42
1554,633
961,90
445,105
1576,107
1172,638
658,26
152,33
1234,98
1329,190
1315,1675
137,1642
1706,110
1545,36
475,1672
623,1678
849,17
778,31
1723,91
1119,68
845,1785
808,96
1159,71
1127,1657
707,28
1763,1693
1987,239
336,138
1421,67
466,111
174,196
965,71
1101,69
1336,1679
551,100
1303,99
662,105
1054,69
123,35
837,29
159,33
1745,50
442,119
595,39
1271,1654
998,96
1204,1675
817,33
15,1660
1373,108
1022,106
748,1663
553,1663
1107,64
293,86
1586,95
776,112
614,80
354,68
1576,89
1391,1656
680,1654
553,1672
367,32
262,84
1406,95
1960,1233
1978,1680
829,70
1183,29
444,36
1541,17
1237,42
798,68
483,1639
127,60
399,59
1696,53
495,1698
542,73
1836,95
1729,51
435,633
1085,87
493,61
935,42
770,41
1987,106
1309,106
1042,1639
1903,70
656,64
1027,83
1506,1656
315,1667
1919,70
1832,66
1798,1693
1245,51
1479,1659
1302,58
806,63
1413,109
421,19
1127,51
867,63
1221,58
618,1
364,99
455,1698
1838,75
1490,77
1218,70
775,111
262,70
581,1670
1978,1698
1412,58
614,1656
484,65
1354,1663
917,1679
1964,1678
623,1698
498,1807
191,90
746,633
1886,1663
1449,68
660,51
346,17
1414,108
1771,1785
503,69
549,1663
1392,138
365,100
1607,36
1165,17
126,1797
160,196
569,104
509,239
769,638
1752,73
439,132
388,60
1145,1675
1884,1630
391,33
1577,98
449,58
1209,56
819,1668
881,31
951,105
955,106
1353,19
1741,42
361,89
695,100
435,104
1860,1672
424,1665
1139,1797
451,104
215,131
1744,97
418,99
897,70
444,89
1531,131
1774,61
229,35
836,93
1479,99
1426,109
1049,68
148,63
1951,111
151,66
1460,1760
1955,104
856,56
285,98
1958,23
1207,239
1031,61
292,20
332,131
1645,65
1592,51
944,1797
980,89
1153,87
1780,66
1304,37
1068,70
1196,19
1280,94
590,1693
898,71
988,1663
1769,96
254,1665
1364,54
483,23
227,26
264,16
962,91
160,65
1856,53
1430,24
1881,1656
578,107
764,1654
1755,83
1494,37
1704,105
303,70
253,109
1413,65
934,108
944,70
1943,1663
1653,59
1143,119
1895,82
1612,1092
1440,80
636,1665
501,106
10,91
1136,633
1187,19
1429,50
163,1797
902,82
1773,109
1555,70
299,43
566,239
165,1678
707,71
1204,1807
706,1678
1003,70
451,1797
1506,51
1067,1675
1968,106
811,37
976,100
1645,196
996,111
135,1639
1283,41
1661,68
673,53
1957,41
783,56
202,1639
1488,94
1661,53
1185,82
1494,196
1296,59
1973,233
1563,31
1145,60
793,87
1403,154
1493,1632
766,84
803,42
1519,638
452,132
1619,1656
368,33
1825,19
1845,80
1534,89
893,79
1376,87
1804,1
1972,85
1865,53
407,107
1039,190
548,1659
288,1639
365,1671
1288,50
1787,94
1348,20
232,196
949,239
624,80
309,64
647,1670
630,90
393,61
929,83
124,65
1800,60
1964,93
1341,132
1803,89
1475,56
1682,64
798,1665
137,32
1910,58
572,54
526,1807
484,1654
1535,35
405,58
561,1632
1795,1
489,105
1410,33
992,16
113,131
813,94
1862,91
1973,108
671,64
1596,83
1909,20
419,1657
183,1630
1549,99
226,85
711,62
1463,85
855,1632
769,73
1268,51
1700,96
484,138
1633,67
255,83
755,17
263,1630
1334,93
161,106
842,29
644,1665
165,1698
1341,37
818,98
232,65
653,35
1020,42
767,69
1519,64
1618,59
2,119
557,1671
249,1666
287,138
1448,68
1176,73
1809,61
951,32
327,112
146,51
8,80
524,54
27,1632
894,58
1427,41
327,1
776,85
761,633
961,79
1168,97
1194,119
973,1654
544,64
1593,75
1266,1657
1761,23
454,31
826,28
697,1676
937,119
1497,79
1740,61
788,80
1911,36
1042,101
1466,1667
1958,95
1502,107
1017,35
300,1641
1300,90
1357,87
275,93
439,60
918,91
1607,77
616,1673
1234,1673
1469,1656
1587,33
45,54
1101,35
547,1632
517,50
479,1679
422,190
1454,91
227,82
1204,1670
1832,103
1960,60
1961,1797
1930,1654
1894,1807
203,1785
704,1654
1562,131
1780,638
897,111
492,69
1457,1667
1717,75
1865,114
301,1641
1315,17
444,1676
359,1673
1764,42
1086,58
1130,16
923,50
193,1659
1901,1797
489,1642
784,1654
1706,111
1817,96
1429,106
1837,29
627,54
1390,1676
917,1642
189,1657
601,1641
1866,1641
483,1656
674,93
643,32
939,35
1075,37
403,1797
993,1679
653,71
503,96
231,95
184,64
1607,67
1438,154
466,108
619,62
766,1673
935,132
1475,1663
1509,239
1225,1092
945,26
837,28
1409,1675
1207,1656
1633,1665
277,53
977,1673
334,62
830,53
945,107
1543,1639
749,59
971,65
723,1654
1289,36
835,1668
236,33
1487,1656
1305,100
1009,1673
1039,65
1493,1673
1761,51
451,28
162,89
424,58
182,1807
664,58
295,100
904,1641
1923,1658
936,36
663,51
332,239
225,35
1314,63
1739,104
144,87
1981,43
1125,239
1824,1092
1537,29
229,1660
545,107
177,17
113,105
1568,239
1257,1698
281,19
1404,41
1611,131
877,1233
1943,64
1142,1693
881,108
574,89
1867,1670
1427,83
72,23
1289,86
1417,105
1346,1
1895,1668
1481,132
1500,96
382,1671
1382,68
1972,108
1845,154
923,97
1422,69
587,60
1925,82
1008,87
334,1665
1091,1660
617,95
249,85
822,1642
185,43
573,82
1790,35
918,1659
369,1642
852,31
1392,60
1102,97
831,53
46,61
1954,1658
1705,154
1850,111
582,19
242,1092
1139,1657
490,90
183,109
514,53
385,79
1557,1642
928,73
1597,239
1302,53
1450,66
331,138
1952,1658
618,112
906,1680
746,77
1261,132
907,95
587,93
1020,1672
1838,90
1507,28
1932,43
816,19
472,1663
160,1665
1214,1807
937,79
458,106
1099,87
1062,89
1360,1657
1357,1641
313,104
1898,99
773,1672
595,638
670,108
1941,53
730,1665
1006,68
1398,112
1662,107
724,103
375,111
1388,190
1420,1630
1601,43
515,68
1158,80
1344,60
1010,138
1697,1656
396,1671
291,53
1323,32
1421,233
246,1665
1064,58
442,26
223,105
1990,65
1077,66
1373,65
1835,26
1728,112
934,109
805,1659
1915,1660
1791,63
1514,41
1177,1797
148,95
540,67
280,79
306,73
1268,79
219,66
1234,43
1841,17
442,633
192,96
1066,1642
1723,1785
1874,91
628,1665
238,77
1052,85
1385,62
1645,50
228,99
1938,82
174,35
859,131
842,73
1199,23
1129,33
1041,93
1118,93
551,94
1158,66
1747,1785
793,1698
1830,1658
982,62
1135,108
469,89
1669,1630
1155,98
1420,70
1664,114
834,97
1081,32
568,77
823,1
880,633
1413,33
1585,1658
1289,19
702,56
742,1671
1336,82
457,1667
1231,53
1855,69
1399,73
1832,1672
796,84
1500,90
1376,104
1925,23
1099,1657
198,154
276,26
226,51
1589,90
449,1676
1278,67
340,63
1686,58
430,1677
1109,69
1237,112
1295,1668
198,1680
1395,82
366,16
1072,95
976,196
1715,1671
124,66
986,101
1581,82
1344,233
477,132
150,42
1753,67
1559,1663
237,110
1105,42
1587,196
1715,59
1437,107
545,19
1812,73
1924,1667
806,154
364,1673
1929,633
1037,108
45,98
156,107
1960,65
931,1
1627,1233
1662,1642
8,50
1743,239
1356,35
1821,39
421,42
974,16
280,60
1589,59
403,1693
544,51
1956,100
715,58
330,20
1073,58
1977,1654
1422,61
1958,1671
1116,239
161,105
144,239
1119,98
1521,633
127,20
358,1677
1268,1092
1877,82
1267,1665
1933,1760
1863,99
157,29
641,1676
821,54
865,196
130,33
207,61
676,20
1801,633
897,1663
720,70
1735,1678
439,94
1988,233
341,66
713,105
159,79
881,85
1751,90
405,75
1276,58
1919,190
1224,1659
1169,1680
1687,36
1359,87
203,62
1417,66
830,233
559,1665
30,1663
118,62
1167,91
283,23
1737,1760
559,1654
1794,93
1707,190
1495,638
769,90
1230,1639
1552,23
957,107
332,1656
746,1656
437,109
1911,39
973,107
1271,132
774,100
1699,89
728,60
1687,1654
181,104
889,111
1061,87
1061,1667
1568,85
1307,1807
996,50
426,16
804,87
1411,73
1336,1667
365,29
364,1630
76,80
297,1797
739,1658
835,1659
1852,132
294,106
666,131
441,1676
1331,1679
1204,1671
568,119
1124,20
230,1641
600,1672
1902,95
1818,54
739,95
577,104
791,1678
967,1675
713,1656
1335,77
547,1092
587,19
159,1630
434,75
347,64
226,233
1369,101
391,1659
30,87
712,138
1869,1680
508,53
1432,131
650,64
1096,16
1049,190
934,1672
335,95
1371,39
1499,106
878,85
271,105
1041,37
764,68
462,1642
965,69
622,94
1691,111
1340,119
1839,31
794,95
777,61
834,54
1634,111
894,196
163,36
456,58
459,39
1016,82
1511,79
1810,1666
687,1657
1319,1670
1479,1671
1178,104
772,119
421,111
1842,51
1882,106
618,29
672,35
1521,50
1818,56
611,54
499,154
429,1807
407,61
465,94
324,1677
712,41
639,1654
215,110
711,19
1800,1660
1415,43
1570,1678
886,31
687,90
158,154
1213,190
630,16
542,60
1647,1675
1224,83
463,107
1991,1797
1719,110
532,114
608,638
1927,29
721,79
1199,108
408,638
1863,53
1017,62
982,1658
1006,24
989,32
184,79
497,56
480,80
443,68
1705,56
199,233
1692,1092
538,59
1074,89
1111,60
1646,1671
358,32
1445,1656
468,1632
645,96
1464,94
1043,1673
1764,233
129,119
1527,93
760,101
1732,1233
1171,89
1453,85
1072,1676
1406,79
122,91
1265,39
1712,1672
1177,51
278,196
1312,112
617,94
247,1679
447,89
734,77
369,1641
781,36
970,111
76,132
885,80
137,24
1367,70
1021,1670
1858,1693
551,1807
479,1092
1219,87
1111,93
1024,71
429,91
1957,51
541,1675
1982,1630
1323,53
588,1642
1752,75
1950,82
1037,85
762,633
659,1673
1208,1639
203,105
1528,154
1423,103
267,110
911,1673
88,1665
1600,62
971,108
628,59
772,107
811,1671
1443,96
1117,73
307,1680
658,110
1690,35
52,1663
843,54
1432,1657
169,1233
376,1665
1294,99
1094,1233
1209,1673
674,1658
570,111
1801,77
1106,109
990,58
458,107
1767,96
1122,1670
521,1679
1595,1807
1757,138
820,1693
1705,1693
1952,94
1716,239
1921,63
1561,80
252,100
1375,1092
535,43
577,1659
497,75
1162,1785
1740,1656
490,58
1839,80
922,79
645,1630
1829,106
1727,1679
761,1658
1441,60
1863,1233
1141,51
438,84
1764,1642
223,104
227,109
1938,1679
887,17
671,110
675,107
1123,1641
129,83
22,1670
1346,98
775,60
658,96
1086,96
1767,1
205,89
1183,80
1133,59
1244,66
306,70
249,112
624,36
494,56
332,1797
336,54
1762,1807
164,94
1820,83
1071,91
1732,1673
1735,64
210,1698
1141,1673
882,112
500,69
338,104
9,114
1226,35
982,63
234,41
1316,1693
1854,1807
208,1668
595,112
558,100
1015,61
1229,1659
692,64
1558,1673
1302,103
482,68
800,33
1704,89
1244,1630
625,60
1008,132
1510,85
1077,196
464,1632
601,59
1335,26
179,77
839,17
450,1679
644,1
1603,132
1381,1630
540,82
1811,83
712,97
1082,1693
875,1641
491,60
1592,98
691,87
178,62
732,633
1264,1639
255,60
1031,35
936,110
185,80
1806,69
1516,89
710,32
1795,638
215,1666
1173,190
1746,16
1730,1677
1499,51
268,19
275,67
821,35
1549,1673
958,196
1699,154
1494,1632
1354,31
1742,28
1798,1092
1142,86
1805,132
1293,112
10,1679
1115,112
1316,1667
887,68
1477,100
1427,29
1521,138
1731,43
480,1676
371,79
1559,91
1501,239
156,1680
526,68
1207,61
1393,33
454,35
1861,32
1312,73
1421,1663
984,42
1137,36
513,66
1783,101
553,59
1647,1632
710,131
587,1632
987,1680
127,23
1196,80
1694,633
650,60
941,1665
1978,110
197,101
821,53
1850,1665
1729,90
761,26
1846,41
1739,33
372,1673
1744,1657
1741,1641
1890,79
365,42
76,35
520,633
281,43
744,77
1135,131
288,51
303,1632
1268,1632
1074,19
1957,1632
1366,1665
270,1698
1444,97
947,1675
765,1680
290,154
1087,1665
951,83
992,32
230,1660
997,1671
72,94
273,67
368,79
127,1666
494,1641
1684,1678
122,50
1208,41
1636,105
989,1672
44,1671
1011,26
279,66
428,1656
1868,68
1979,75
1189,1659
1486,105
168,69
1573,1663
1222,1639
10,1092
889,110
948,1807
12,1673
1416,633
1162,69
908,103
673,112
433,65
804,80
1144,1785
365,28
1343,23
1091,70
1364,104
1979,1693
1943,62
1249,1676
223,19
1684,32
581,19
1285,59
1339,1663
257,93
460,1660
631,39
1221,67
751,638
1524,20
1431,1654
846,56
577,111
494,1659
262,89
768,1092
660,196
1456,1233
1184,32
1849,1630
1720,82
1480,33
1415,69
1109,106
1879,1760
1017,66
359,23
1638,73
717,23
560,1642
1567,71
582,53
144,91
1428,39
1763,114
1253,54
918,107
1607,61
1355,1642
1945,638
490,100
1547,104
49,35
234,97
1114,110
1242,91
816,1663
1188,51
1084,1680
971,67
1717,42
172,62
1600,66
786,84
307,75
1528,93
280,103
967,1656
1889,100
805,89
1716,101
373,71
889,1660
1156,60
1912,50
1114,1698
1793,239
727,99
453,64
164,53
951,1659
1341,89
244,1233
1526,95
332,233
761,87
870,1641
582,39
1636,1670
1981,41
1489,65
1590,105
1370,196
858,16
969,51
15,69
741,1673
1733,1663
665,1630
1111,63
1094,29
558,63
1833,131
1141,94
1397,196
331,1
1081,105
665,36
1053,19
1917,638
1916,61
685,89
1899,31
1613,1679
175,97
1335,35
344,35
1046,50
307,89
418,108
240,84
1661,633
195,98
1375,41
1801,66
533,86
511,110
937,67
370,196
1569,1092
444,53
391,1630
1223,101
1120,36
309,103
1175,1656
1251,100
382,1639
1733,1092
1406,1658
817,1670
834,1660
124,42
1741,633
164,59
22,73
690,31
1280,67
801,96
1870,104
1008,1670
1310,1679
1954,31
1458,24
1543,83
901,86
405,17
962,68
509,93
1546,68
92,43
1893,107
575,1678
832,1656
1495,1641
1295,43
767,1656
1154,67
1479,1642
695,97
1576,56
729,17
1389,77
1703,111
968,65
1157,71
255,1679
1932,37
577,69
313,1632
1014,50
1700,89
376,1666
409,1807
1244,77
1120,67
424,24
1241,31
1281,110
783,1760
306,36
1334,1678
1669,77
954,1672
1985,104
1585,24
1110,1639
1588,51
1648,1656
670,82
506,633
954,1659
1820,94
1638,103
1065,107
271,82
754,50
626,233
1522,1672
224,131
743,20
396,1665
1409,1654
52,35
305,70
1005,131
1081,1663
683,131
1013,1672
1291,1654
585,31
199,93
807,1672
1359,111
1087,42
1842,119
904,67
1332,131
712,1760
1453,39
1218,54
485,87
782,23
587,77
678,100
1400,82
525,1807
1140,28
464,109
249,119
549,106
1247,71
386,94
295,56
1374,94
456,1680
312,64
976,103
1290,73
1274,82
404,1680
1203,82
939,109
1495,16
1314,83
1426,633
1973,1658
858,87
1547,35
555,29
1256,190
900,1676
469,103
163,110
1692,1797
184,233
1728,1654
421,196
1165,131
355,64
820,62
1852,67
1960,1673
164,1676
1876,73
961,96
948,154
1521,104
722,37
1845,93
209,1698
1021,119
1871,71
236,107
1799,1660
1197,20
1821,196
337,82
1170,54
1975,37
1207,95
1008,99
1340,1660
556,51
1180,99
464,91
1827,114
1912,106
536,63
1469,91
539,26
121,63
339,112
1990,1675
1020,23
1112,119
1475,61
582,111
1357,1
1303,69
1769,65
369,60
1253,112
1024,50
1279,90
1600,1233
622,33
810,87
1109,1671
689,196
763,93
1481,96
1966,1797
988,80
589,1785
864,110
1198,71
1970,36
1474,1
482,87
414,62
1521,26
476,633
1821,37
756,91
1550,1675
1829,1642
670,1807
1245,233
414,73
1397,1666
1288,84
1069,59
1386,65
118,93
1980,1671
696,1675
1318,112
1396,154
556,33
600,1233
1296,1630
687,35
356,79
835,106
1407,1676
123,1680
787,633
1368,64
690,84
462,1693
1702,37
1432,71
212,1675
1152,70
1557,41
1397,108
1790,1639
1364,91
905,90
1497,1680
1514,1630
501,1679
156,196
1084,106
1047,86
1141,119
1893,82
1552,1654
1775,82
1909,114
554,66
1146,1678
1109,1658
1188,111
1299,100
1464,37
1356,83
766,119
1271,96
495,71
1127,106
1824,1663
1920,638
562,1630
1575,104
266,99
732,1670
451,37
1004,53
1325,67
888,1660
685,1678
152,70
137,1660
716,638
1032,71
1454,1698
1790,24
1113,28
997,99
1612,66
1462,23
1833,1665
1342,1667
1986,1663
293,1670
1770,108
1988,59
352,1676
1790,107
1941,107
399,80
1414,37
1350,61
565,1
433,64
990,1672
419,53
1183,633
1407,53
1620,154
257,35
649,79
1057,90
1741,16
1637,79
186,106
1842,63
297,37
742,111
1349,29
1283,1679
1580,1679
1389,1698
583,80
1466,138
1272,85
387,69
316,101
1476,39
745,59
1976,61
505,36
982,1676
788,97
1251,75
1877,131
189,1654
1555,131
268,87
1083,1666
731,105
1820,101
664,94
1585,82
420,106
1864,23
228,37
1495,107
1264,93
1540,1680
1379,1672
201,29
1840,96
1860,99
669,68
1243,99
1448,35
1397,64
224,89
1236,66
1976,1679
1634,109
234,110
696,77
92,64
203,79
1842,94
1474,196
102,41
1337,196
1191,33
1249,58
1359,53
329,1667
1384,233
903,51
1403,71
250,17
530,63
145,91
276,109
1218,112
1418,1672
1569,98
1329,83
544,111
1041,1639
732,1642
1189,1677
1023,1659
351,1656
1258,90
1683,87
819,84
508,69
1888,1665
1124,1639
681,91
1164,1632
144,59
218,94
174,107
582,36
714,1672
821,26
1335,1680
1564,112
254,1641
1839,190
1146,99
193,1797
797,1
1853,110
1914,1680
1467,1673
1131,138
1151,71
820,85
55,66
471,1641
682,82
521,80
1460,101
804,1663
1117,196
517,1672
1860,1670
1733,1680
614,70
1721,56
464,1672
216,111
1393,31
1216,1670
843,58
418,109
1014,33
962,1668
1558,94
983,132
838,1673
1925,95
165,1797
866,104
1951,101
1170,112
783,1693
305,1654
1119,23
1173,37
610,101
1056,119
634,111
1156,1670
1393,1660
1023,19
346,29
716,1657
1931,86
1071,65
242,154
1881,77
525,93
282,1233
694,1660
286,1785
572,24
999,1679
1752,77
991,1657
449,62
1980,101
1456,1673
1570,95
423,1676
267,96
822,1092
231,1797
1521,67
1620,51
739,26
722,62
904,37
1439,97
1080,190
250,53
1871,98
643,1642
1090,107
577,68
1019,1671
1294,97
1633,41
1669,59
0,67
458,105
1197,64
1180,24
1107,190
81,104
1918,26
1538,28
466,1676
926,110
657,61
1874,100
1837,112
1087,1807
613,26
1804,1233
204,1630
339,87
1438,1785
1519,26
1485,86
1506,61
951,1630
613,1797
885,32
157,1673
1722,67
892,54
1280,82
180,106
878,1
1268,1673
865,28
409,54
728,1642
1782,24
706,33
1664,103
545,1807
1352,1641
1968,1785
588,61
1496,1672
1972,1657
746,43
15,1698
337,1641
621,67
1098,196
203,1666
1359,31
495,28
403,1666
1832,1693
1117,89
451,90
1941,1639
231,1672
1711,1679
1946,89
1929,39
1874,1632
1754,20
1945,103
417,79
1102,1658
563,20
529,1672
1176,1639
1841,103
1898,80
481,91
1077,1693
202,1665
828,39
1590,1785
986,1
720,93
170,50
1514,1659
565,75
1465,85
1311,1668
1029,1657
1174,1668
1731,63
295,1663
796,32
1738,87
1460,79
1687,114
717,1676
1765,196
1709,1666
1214,90
1607,1679
772,73
1510,75
1463,67
858,1672
1838,1807
1143,65
1201,80
449,1665
1079,19
288,1659
1743,56
168,107
573,1760
1773,91
1847,110
484,23
987,1668
1924,99
1469,90
1398,32
140,64
434,1679
986,96
621,1657
1032,138
1912,1092
426,1807
258,23
332,50
1182,42
1822,1663
1425,1657
1864,93
939,90
704,75
1635,100
754,87
807,35
312,62
352,85
1492,131
545,16
486,32
1320,20
220,84
1982,1642
1185,96
1883,73
1077,50
1058,1092
1811,638
598,31
585,58
964,1639
1681,1642
884,98
1181,20
1970,37
8,53
1899,73
445,64
1596,111
1467,37
1285,86
1524,50
1789,1658
755,100
1507,43
222,29
1986,20
1375,1679
560,86
394,154
1281,42
785,77
1945,67
326,111
1799,1666
168,89
1773,77
1395,37
353,60
1881,20
889,98
1756,58
1391,17
535,95
1290,106
704,89
1418,39
1240,59
1699,138
1740,1676
157,1663
1176,77
163,1680
1034,23
1681,110
1533,1659
1515,16
1816,29
1944,82
1587,68
813,59
1722,1663
1577,190
696,33
625,77
485,1654
700,633
827,99
1221,95
356,1673
927,196
1786,1667
189,109
1646,85
530,107
1747,104
511,70
1609,79
746,1639
623,1671
1452,75
1644,1693
1970,1672
981,1671
1241,86
524,1654
835,91
467,85
1462,20
721,96
242,69
1000,41
583,638
1850,69
1941,106
431,1639
679,1233
275,97
1643,1670
1418,41
885,24
1343,1660
1458,64
1155,32
569,69
1267,154
770,94
1530,1666
1920,42
548,95
696,64
1047,103
339,1670
1131,62
1775,99
1081,83
1282,84
2,1632
1051,1639
1363,35
332,1675
1036,75
1605,1654
1171,62
1703,1667
1121,85
972,1679
349,638
1134,1639
967,1668
1192,1630
1814,41
1690,107
516,24
1415,54
1295,1658
503,1642
916,31
1469,31
792,101
1126,32
1847,64
1042,83
1886,1668
1746,85
1140,196
1213,26
316,1656
1626,1679
320,1807
1921,119
1850,87
177,138
1519,96
1799,114
152,1656
443,1233
999,86
604,1670
1944,63
911,58
1447,84
1412,1671
1604,105
616,86
1046,196
1394,93
733,87
1745,53
345,96
385,103
1805,41
1168,50
1919,95
598,53
120,138
1464,83
250,1659
225,1659
243,68
1882,105
1703,69
647,41
1422,1233
10,190
1440,59
1707,1797
1468,1673
273,190
1126,67
773,1807
997,53
1902,1760
409,1698
802,37
1706,93
748,23
1486,75
478,1658
838,32
487,82
144,60
812,1675
1509,59
224,1630
1442,100
12,67
1286,61
146,1785
811,95
466,90
1722,31
764,85
730,37
433,99
52,73
490,84
1228,638
844,29
160,58
413,1672
1202,1668
1129,1660
1536,70
817,86
910,67
1617,109
1600,35
1855,63
314,56
739,239
1553,1797
1221,37
155,110
1269,1667
754,1658
1110,93
688,84
1080,32
1816,1642
34,58
533,84
1288,109
532,1657
259,109
710,190
234,1679
508,84
1912,66
1991,98
834,1658
1082,110
655,1656
1689,62
895,71
181,91
1068,77
1218,638
1880,1679
1240,68
1499,75
894,1797
1742,53
1047,1671
1472,23
686,17
963,1676
220,99
1822,28
1343,59
187,106
248,108
318,190
1701,59
944,1785
528,110
1757,633
731,1641
1560,43
715,1642
1181,61
685,56
1557,1654
527,95
1909,41
991,98
1346,111
425,69
1882,77
172,28
1389,75
485,35
1635,1679
402,1667
1984,1807
1432,1660
846,100
1218,85
297,131
1382,106
279,23
22,1658
1223,196
1422,91
983,1807
397,104
1049,79
1234,53
940,1660
688,1797
141,99
1211,239
1287,82
1567,154
1934,33
670,80
363,1656
322,1678
1585,111
823,1668
1510,1668
811,42
1697,1667
1168,1641
1974,59
191,196
1176,100
454,638
1855,1654
1715,35
1129,196
298,26
287,60
804,106
754,131
1347,1654
1145,68
1220,1672
405,33
1553,93
462,50
209,638
924,233
1448,1641
1359,105
1029,1654
1913,79
223,85
1012,68
1755,86
1973,19
834,154
869,1673
1918,1676
928,91
1852,62
777,1654
1453,37
266,91
1794,99
524,1233
950,33
698,70
276,16
1382,100
822,239
0,82
1357,1670
1841,1785
1931,1659
1612,42
1706,35
1689,105
235,70
1449,26
936,99
1855,1670
1309,1672
853,1660
282,29
1649,43
1689,26
1210,63
1524,1641
225,93
46,93
1722,82
1759,75
858,85
308,54
1621,54
147,112
629,60
975,32
1243,1670
1954,33
1776,1
1320,39
1837,638
861,89
1257,1676
351,1
1427,16
1054,1675
1040,53
300,62
763,62
1406,190
456,196
1855,65
165,94
1549,108
1363,233
1347,1666
594,86
618,80
672,110
88,1807
1451,1760
1029,110
1086,17
518,1659
1014,28
1183,67
1043,190
340,59
1190,51
1452,96
299,28
1792,1639
376,633
447,108
185,1665
553,95
1947,1797
1548,138
1715,1675
1013,77
1224,110
1463,1663
197,112
1631,1673
1800,33
1846,82
656,239
1615,1641
1045,1675
1708,87
857,1672
365,53
352,86
1509,196
743,58
545,23
1354,109
642,33
645,20
1859,82
921,110
1926,196
493,1676
1529,1668
1491,61
1936,1092
521,111
961,112
1973,119
1048,1668
431,28
695,85
736,42
189,1678
939,1679
1882,51
1593,60
359,1632
968,109
626,633
1640,97
1011,17
1697,1092
1816,1698
14,1632
1213,132
1007,69
1011,190
1491,1672
543,1693
356,73
420,1668
346,35
1365,1630
495,1670
422,1698
1165,1630
1867,24
194,239
174,67
285,196
22,119
1129,1
557,1666
1112,71
982,239
582,95
629,16
703,131
355,17
911,86
841,32
1890,61
1009,28
402,66
260,36
193,79
1081,64
585,43
931,51
1745,89
1191,63
643,1671
164,1698
699,63
8,36
1531,96
118,131
1700,1641
839,97
897,16
1399,41
648,20
115,37
1717,68
1415,1630
530,104
1436,68
745,79
708,69
584,75
195,42
434,36
1168,633
859,64
1173,110
1598,59
589,87
609,633
1365,1632
208,62
1881,101
579,65
1647,1760
46,24
1813,62
1488,1807
1431,33
1843,33
1971,20
1112,85
467,1630
306,1654
1317,138
858,59
1216,51
224,77
422,32
1681,95
1532,79
545,51
284,1
12,190
1634,89
1980,77
717,1663
595,31
1511,85
1015,16
1477,69
1795,96
934,94
900,90
904,29
442,1092
172,75
1460,50
1413,132
1524,23
1569,86
1399,1233
356,1807
468,43
1831,1092
1446,84
1978,1672
1180,32
1345,103
1073,90
684,61
687,80
500,1680
1485,1667
1251,77
1551,64
25,633
1699,75
135,1668
288,1797
542,65
265,59
1763,1667
1635,32
1870,19
144,94
275,110
562,60
1535,99
418,1658
163,1679
76,66
1587,50
666,110
324,1092
1138,196
1879,33
499,64
1832,90
749,54
1745,69
1913,17
1071,633
1255,70
1132,633
635,51
671,17
800,108
287,1654
256,100
8,1659
1931,633
793,131
1824,1693
742,1092
122,85
430,1630
1821,138
1878,69
523,119
1166,65
1638,239
218,1785
167,84
1118,233
1689,51
487,77
1891,43
1985,50
318,83
690,104
710,111
1020,89
1247,1632
1962,1660
895,33
1554,1676
1967,119
1824,239
1437,190
1276,138
1907,24
676,58
128,1642
865,103
1775,17
395,42
288,96
1302,77
92,80
1237,1666
1563,1668
1741,50
1010,638
1417,108
1403,87
1221,36
1576,77
1389,1668
550,42
1697,37
812,95
444,65
407,79
488,1797
1140,59
0,119
1345,67
1878,87
441,43
1955,96
1293,633
568,1658
1338,98
949,131
1395,111
243,1654
1460,1679
504,138
330,1630
400,69
453,63
575,1092
613,103
1662,98
690,26
1229,93
1929,1663
1604,63
298,41
1718,35
376,51
227,1657
1685,154
656,37
1401,39
1202,16
1590,233
1000,1672
1573,111
1600,131
531,42
1926,239
1323,70
421,190
4,106
277,84
371,105
887,31
527,94
267,98
1835,35
1953,60
1093,91
906,1693
672,67
530,33
860,1092
399,1656
1436,29
577,90
1575,50
836,91
1466,190
1177,1
202,1
1841,26
1055,32
705,190
851,638
1976,233
400,36
165,1670
522,89
481,79
671,1676
1459,66
710,56
1618,95
1321,101
1749,109
1877,24
1527,1785
22,94
1441,71
1542,239
1583,91
1015,43
820,43
509,108
1128,28
1536,35
888,75
445,58
763,35
1563,1632
675,111
1033,239
1896,1
772,69
1290,1670
1221,24
1392,1658
475,66
1552,50
230,1668
229,95
1046,1656
533,119
1938,60
13,73
1173,1233
1837,96
1055,1675
167,110
463,89
1407,1658
1361,56
2,109
831,84
959,99
544,638
1617,1807
1431,1797
1503,1672
274,131
571,1659
1732,104
1661,94
613,1670
1954,62
1904,87
301,112
1886,75
379,1092
609,39
55,1
1752,43
174,1693
432,112
1081,43
1888,1807
126,110
927,1673
517,103
1451,233
1949,106
1570,97
1712,1656
1322,86
917,56
1290,1672
1717,111
1610,107
1298,239
1306,1660
1213,1654
836,1667
337,87
10,119
392,1670
819,97
142,1698
1292,1678
866,28
1291,37
350,638
1385,19
1442,58
194,154
1189,73
1058,1639
362,190
1270,108
1846,83
433,89
1836,29
915,23
1357,62
551,75
1716,1659
613,1672
669,28
1577,33
982,77
1390,190
783,20
1580,26
1725,105
1743,638
1229,196
254,66
257,196
1236,138
1552,1659
120,98
1903,132
262,1659
176,99
874,70
1906,59
512,1639
929,1807
644,108
1804,94
1060,190
1389,32
450,1693
607,103
256,58
458,42
1865,41
1079,99
1409,19
1726,112
511,35
1379,103
494,105
499,1665
1476,93
640,79
1119,105
1523,26
1071,138
1753,39
297,1660
1385,29
579,82
724,39
377,1632
840,1670
864,1698
1142,53
369,82
1139,1671
858,54
1176,79
1604,119
315,107
524,93
838,1797
1617,132
547,1656
270,75
1005,86
1674,69
1930,43
1216,85
1508,51
1292,90
267,93
1084,1672
785,1666
489,93
217,64
823,96
740,1666
800,65
671,60
1959,53
936,1665
1966,89
1457,1675
1828,90
1593,77
1743,105
1767,87
151,19
890,59
1538,83
879,31
1787,112
499,1679
741,26
1645,114
1718,1660
1609,1659
1567,93
1808,1680
352,1679
542,84
360,138
1391,33
1968,58
703,35
780,86
1115,35
1061,35
1850,50
1712,63
1735,1659
159,56
473,79
203,82
1587,84
921,73
1132,1807
891,33
1775,109
1063,97
1426,1666
1963,31
914,24
1902,96
968,59
654,1666
1504,93
1196,1667
475,29
1536,1654
304,1663
465,103
544,84
266,16
299,1663
324,1668
1177,90
890,77
249,67
1061,1630
1049,16
330,132
1513,35
463,96
835,75
620,101
1445,20
1983,1666
1526,65
1864,26
282,82
768,1659
1840,99
1587,132
152,1658
541,1698
912,84
538,50
1253,131
1809,19
156,43
709,75
1370,97
1769,1673
1522,100
1691,19
1128,51
1865,1656
1246,1639
1687,71
1299,20
823,68
736,86
175,95
222,94
280,107
1572,20
1478,1807
1538,132
544,98
342,1785
1140,54
3,1675
1287,1671
1740,95
396,190
1966,1667
1449,50
707,98
1535,1668
1526,83
1975,1632
690,105
932,62
552,90
807,20
1625,75
1297,1660
433,97
1653,1693
15,65
1964,1092
972,36
790,39
996,1654
522,1665
1823,1785
616,70
1042,1630
1423,239
1064,68
1232,112
955,85
702,20
1237,1665
4,1807
1043,1676
72,29
142,239
401,87
806,54
771,1693
1837,1630
1382,239
374,20
1572,1639
487,1807
1393,28
1228,91
226,23
1110,83
1329,66
376,1656
1904,1632
566,107
513,29
1969,50
1878,84
1055,61
763,1659
890,97
745,20
1227,98
1190,106
934,1630
915,1656
1622,105
494,33
1952,69
1025,107
1830,90
1888,61
1924,43
691,1658
322,1
359,132
1925,633
1320,190
143,29
1035,239
244,196
1478,83
837,105
1283,67
1013,1666
652,50
585,17
1209,65
712,1639
771,1658
1359,101
1736,1658
817,70
502,56
482,1673
910,83
401,65
115,111
739,31
1553,131
685,71
1578,1660
1929,58
1032,1678
1770,1668
540,75
1791,132
1137,1
803,1675
430,1659
570,104
990,63
3,51
977,26
617,51
1042,20
1723,29
855,89
1409,85
930,112
457,84
1052,93
1277,96
515,61
1031,75
440,107
1072,56
912,31
1708,109
1926,1760
1715,37
1843,24
170,79
1347,31
1848,1666
1755,1630
871,95
345,35
1786,82
558,1675
1573,16
1151,100
270,1785
1252,23
921,1
1164,75
1791,84
1405,1785
1460,68
1493,1639
589,1698
833,80
1500,66
1566,1663
1396,19
651,70
134,1668
234,1630
205,37
1308,86
81,95
617,61
410,37
1533,119
285,77
1881,61
1327,91
300,1678
710,43
1796,50
1780,95
1310,112
1203,86
1421,51
1169,26
1957,65
1280,35
965,119
1044,68
1118,71
1246,24
825,138
1607,1
804,154
950,1672
442,71
702,83
213,110
1317,638
983,1630
1336,233
1563,20
824,61
456,119
1505,108
969,1658
142,42
685,26
621,50
387,1092
545,1656
1972,1785
754,1678
1524,94
1928,1663
937,28
629,638
1737,107
1827,233
814,1678
929,1630
1640,132
245,64
1476,104
1592,1233
1095,108
356,69
1958,42
1138,1659
396,70
966,32
1955,154
525,31
1025,65
1820,190
1568,79
212,1665
1041,65
1045,1673
750,111
1176,66
1034,96
955,1667
1700,1671
656,112
1192,66
398,51
716,26
183,93
1205,106
1002,1
531,87
146,75
1012,90
1531,84
373,1760
1348,1672
1319,1659
1985,1679
722,19
1093,32
815,132
1208,32
964,84
587,109
134,60
377,89
340,75
310,1639
630,60
1720,42
135,1698
