1025,1679
1793,37
1154,1657
1988,64
744,35
1559,1675
878,50
1158,32
1091,95
832,1670
1115,69
1935,1668
1751,80
649,65
1536,111
763,111
1613,79
1423,53
1543,1656
984,1668
839,99
1616,91
1155,1641
1583,1641
1734,1679
957,101
279,89
1493,19
583,239
1275,1760
1108,1785
117,26
1246,87
1122,65
1529,65
629,1675
1961,108
1593,1657
514,86
163,60
534,29
1074,62
1832,110
1363,36
1117,109
1135,633
1372,93
1118,1641
1177,89
1011,239
1953,1672
1476,35
930,91
1328,106
1699,77
1539,1760
532,106
1926,1656
768,1660
1652,90
607,1639
294,1632
1186,106
1173,1668
1319,138
1769,19
887,132
1498,91
1798,60
1484,1670
1331,633
676,1666
250,1670
222,1760
668,62
924,80
1849,101
1835,1698
1342,42
648,50
1035,1678
1754,42
1113,1654
1725,1659
772,1639
1854,65
1570,1672
886,17
1655,111
1160,60
610,111
918,1632
1455,111
453,75
808,86
1127,1639
747,91
552,91
1981,36
1568,119
1771,1680
1228,633
799,190
1856,33
92,82
575,1671
941,89
817,75
1279,239
1040,1666
1922,1760
1513,1671
1433,50
789,86
1453,79
1278,60
1372,33
1144,64
0,1693
1581,1663
1116,62
1784,16
1324,83
1581,1680
1879,1667
1823,59
191,66
1884,59
360,70
959,73
180,96
147,89
922,1233
1078,1660
797,239
1024,93
1940,91
15,86
830,73
1664,109
251,138
819,1676
1674,26
1731,71
1556,26
1573,1092
1542,29
1727,19
971,98
1403,103
1446,17
1986,58
4,138
1345,83
1056,42
1783,62
1089,86
1787,59
331,638
1327,84
224,1678
1787,1807
1939,1658
1095,24
1991,77
889,1676
1796,77
311,54
847,96
498,1642
1573,31
173,66
1840,1666
463,1673
200,79
561,106
1832,1665
1467,138
475,68
816,56
229,93
195,69
1158,1672
352,1656
1951,69
210,1658
1959,638
123,1675
309,70
242,43
1025,1698
393,59
727,16
965,1675
1846,71
1950,33
1276,190
317,1658
413,1659
217,106
568,84
1661,190
1263,1670
165,91
326,1659
1592,1630
1148,1641
1294,65
505,1
1915,29
1649,73
1612,91
1777,28
899,104
1952,112
1241,239
212,239
515,24
1307,20
1961,119
1681,112
376,95
1597,60
362,94
244,1666
719,62
1308,1641
1131,86
1496,1785
547,233
860,96
888,105
891,1675
1828,86
390,56
1300,1679
451,58
855,1656
185,138
1767,35
830,1658
1183,50
1538,95
977,119
1476,95
798,103
1713,1672
309,90
940,1760
1025,1678
1149,106
953,111
474,138
369,1668
1186,71
1793,85
892,100
755,1680
1930,41
113,36
1521,190
934,35
1599,1659
175,69
782,87
1299,107
179,62
715,80
648,23
1271,1675
583,89
1318,20
1008,53
1952,190
1308,26
1541,36
135,633
1095,83
1445,96
1123,154
292,84
610,59
225,31
1806,43
1735,131
335,86
1810,86
1297,41
1264,36
1621,104
254,1654
691,1667
1083,1641
604,1676
842,233
476,63
4,1670
1387,63
609,83
1805,51
267,77
1410,29
1036,71
333,196
561,33
1317,1658
1121,105
917,108
388,638
465,101
707,233
1740,1233
765,1807
1912,42
1951,29
688,138
1591,42
664,1679
322,59
470,99
383,1670
1975,1693
1172,42
622,97
1321,1092
156,37
1323,95
1859,33
351,90
1242,37
1464,87
1820,1676
1860,1693
425,109
1043,29
1389,1679
1503,239
1033,87
125,1807
88,32
1189,1672
1683,90
477,35
386,98
719,1663
932,56
1855,1630
1967,112
386,132
818,131
656,42
1990,1639
1482,106
267,1663
1322,1666
1936,138
1866,71
7,1670
1909,35
536,1678
182,68
751,1693
1453,61
1887,1660
148,67
1586,1660
1965,51
684,28
338,1632
1837,138
1921,87
1280,89
848,59
1054,31
232,1660
1920,105
876,1641
948,110
915,95
260,104
479,100
1688,100
1816,89
645,91
331,53
800,28
928,65
981,83
1746,633
1855,41
550,91
1599,84
644,20
681,41
1321,1660
330,89
1915,112
392,1660
1636,190
386,70
281,1656
140,89
1071,82
1155,239
1478,67
908,37
1762,86
737,93
385,32
847,16
727,638
394,1642
1491,37
463,1672
1539,19
528,239
1616,1678
950,138
21,110
243,50
1690,60
822,112
347,16
1362,93
1552,53
1980,1785
343,196
896,97
219,90
698,53
1945,106
1936,1663
519,65
855,105
1888,108
1940,1671
92,1659
143,1641
1072,89
387,1671
1224,100
375,196
1020,31
308,131
1381,50
1822,1654
797,65
308,50
449,108
592,28
1328,1760
1921,1673
355,70
1873,1680
1556,63
303,95
435,79
1727,54
492,100
971,1
421,32
577,138
1208,20
1228,111
1318,233
953,1663
554,138
1473,112
577,59
1622,1679
392,1673
1688,1677
655,1672
874,638
529,73
1119,100
1934,1
842,99
1800,37
1631,110
290,1677
1108,233
653,1630
248,43
362,95
1249,1657
1454,68
206,23
1188,103
882,1656
1880,1807
1684,1671
6,105
1130,37
1421,1656
1690,131
1605,20
1328,64
1951,56
650,84
978,1693
1267,1673
385,633
581,1233
1020,35
507,80
361,1642
1557,51
322,71
1139,1672
451,1657
1799,154
1946,1658
1769,53
473,66
145,1659
956,633
1570,17
1328,1676
222,1659
1043,1639
445,109
1849,79
559,1673
179,1
1703,1672
936,1668
739,89
1788,68
668,75
1958,1630
113,1698
1263,1659
1925,132
1241,89
1307,66
1169,101
359,111
1411,32
1142,26
700,41
814,33
967,1233
1482,119
1914,1670
1914,82
1714,1654
851,28
178,1678
642,1
1434,101
1805,50
689,26
257,86
557,35
685,110
367,1667
11,67
1026,42
1268,233
408,1665
495,83
280,96
1353,1657
873,103
533,59
1802,1642
81,20
597,1092
876,1233
987,104
1965,95
1951,28
1220,42
1348,103
1756,100
1991,1807
232,23
1978,154
751,96
1919,1657
1685,17
343,1670
986,83
1176,63
199,1678
1699,1657
669,94
52,64
915,66
375,1670
1323,94
1081,96
625,108
1102,633
1935,29
1939,86
805,66
1288,100
1844,89
1834,19
255,108
1901,233
1193,58
164,60
1568,26
639,91
1858,1667
814,61
743,233
784,112
1265,1641
841,97
1212,80
960,1677
438,64
1353,1668
726,1670
567,1670
408,1693
1792,633
1828,111
195,107
902,108
580,94
380,36
1879,1693
1251,1680
1323,1807
1505,1632
613,99
1732,1693
379,85
436,20
1789,97
1718,39
636,59
1243,69
1022,1092
1048,85
1822,1
527,53
1651,1797
1621,1673
1963,1665
1756,1676
598,106
506,50
1299,53
1963,106
806,39
772,83
1788,29
350,99
1778,39
1269,1680
1473,107
1626,83
444,83
1019,1693
1848,73
1369,42
1939,114
1650,109
740,1233
815,61
529,108
1123,68
1948,19
1273,1675
601,1630
1113,94
714,51
1863,17
515,79
898,93
1128,1676
975,89
1516,1639
1222,42
431,1675
254,42
201,190
1756,633
30,1679
1505,87
438,1675
1070,104
1956,73
125,41
1268,33
148,96
1274,638
1757,99
1317,1666
674,1668
1975,93
1301,1698
987,80
148,1642
417,50
1309,1667
442,1639
666,1671
741,65
102,1233
1139,82
1968,100
389,77
730,101
1954,58
636,95
585,1807
496,1654
1664,75
958,60
1498,17
474,1657
496,17
1536,53
298,1678
1460,196
454,41
1160,103
795,28
1720,31
1629,1233
420,79
856,1657
504,39
1705,239
433,93
1758,100
25,36
969,1641
475,132
310,71
1146,1671
1932,103
1832,1663
1781,1668
158,42
746,1663
1700,106
1188,1642
796,1092
637,82
942,1642
709,1673
1462,109
642,638
1476,89
1466,1671
1837,64
1159,84
1509,31
522,107
1987,1667
1941,98
332,94
1200,154
214,94
451,1656
897,1654
1104,1642
935,154
46,1671
483,43
270,79
1917,1657
1215,35
459,50
991,131
588,77
492,58
1927,1670
517,71
997,1679
786,104
1569,95
1218,103
1527,19
540,31
145,1
1493,16
1683,64
341,1677
1109,96
481,26
1460,1698
557,1630
353,64
993,1675
1957,131
838,73
1934,1657
1146,86
1957,20
624,1632
163,80
382,36
989,68
1236,59
1583,31
1899,154
334,58
816,1657
509,16
836,239
628,73
1395,1676
1457,109
390,26
485,104
1814,35
359,1667
1083,23
162,93
427,35
641,233
1965,94
1385,108
176,1676
835,79
356,106
727,101
1690,1659
232,24
731,110
792,154
997,239
1314,35
1813,75
1101,233
470,97
845,1663
1894,1658
1547,19
590,1666
1594,90
1651,103
1318,1642
622,103
1920,62
321,96
1285,132
1802,62
810,36
985,58
122,239
1043,31
788,1666
1113,1659
1284,98
990,71
780,1665
1449,54
738,23
1716,28
634,100
1938,114
511,1642
1195,1639
477,82
1075,61
1203,112
1136,61
476,110
1554,1673
1071,41
281,104
319,1760
999,66
433,101
1482,104
1961,77
898,233
1583,66
1328,638
1222,94
871,132
1294,1659
30,1680
1216,131
1198,23
1477,36
1022,131
765,1630
823,86
1272,154
1714,17
1586,68
44,95
604,39
310,190
1989,42
465,71
798,131
1244,119
1120,77
1392,1698
148,1760
1456,79
508,1670
1287,90
1277,106
1919,1679
1231,1673
808,1233
1805,1642
1662,103
1149,16
811,67
227,1660
398,1693
1152,1632
946,633
1232,98
715,1632
923,1663
1798,1658
362,1667
402,1642
47,64
1171,110
711,89
216,68
1764,23
1929,62
1375,1698
226,37
601,87
729,138
231,1760
1915,114
151,87
1773,112
687,1
140,196
198,1698
1296,1675
467,19
401,1665
1754,1666
1735,69
924,1659
163,104
1269,68
139,1807
1832,41
1026,96
894,106
1709,1673
390,83
1315,66
1870,1680
451,67
1020,1680
950,59
290,95
734,1666
1011,59
264,638
1059,73
1466,77
1106,84
670,68
1078,65
546,110
470,62
1485,65
460,64
298,103
1712,26
667,1663
1651,95
893,1639
1185,111
1132,1092
1289,106
1035,1658
1238,71
1717,106
122,39
1090,70
1365,64
1156,109
1958,1667
310,1641
383,109
316,58
1901,31
377,60
535,1797
353,59
40,1671
439,1785
582,103
1967,42
352,108
719,138
1492,138
315,80
1541,1665
1483,633
244,89
543,233
1481,104
324,17
827,1670
700,1672
1842,19
418,61
115,93
944,29
1798,633
826,17
1548,80
1572,94
337,68
1115,1693
1975,51
1841,43
902,53
1405,108
356,119
173,1639
488,71
585,1663
1427,1654
1159,87
1220,71
1096,77
1167,1656
777,190
1664,1630
697,119
237,86
787,98
701,1668
1460,42
1342,50
595,1656
47,1693
1359,1658
866,61
1455,87
873,1807
457,16
1256,1660
1881,111
1203,23
525,63
117,1659
1554,1698
1293,58
372,1760
731,1671
1027,99
1922,1641
1568,1657
139,59
1316,67
1541,1654
1377,107
1339,1654
1070,54
1198,107
722,96
499,233
263,154
266,138
418,65
1325,28
1989,53
1885,100
215,82
1049,106
1183,19
1116,86
1908,42
1486,64
973,19
299,108
546,39
1927,33
887,1678
969,1233
825,85
1940,67
1779,93
858,23
1384,51
483,70
1940,50
412,90
288,104
1674,98
1103,1676
203,71
830,32
1053,24
317,68
284,1639
236,20
933,138
668,1693
318,1654
583,62
877,1666
785,28
1834,17
400,62
685,1659
1455,107
400,77
1506,17
1881,75
1525,100
1714,1673
814,67
174,1657
1098,89
1084,20
665,51
78,24
1097,16
1060,108
1814,93
861,1679
1415,19
977,35
593,1654
1827,83
1301,1676
646,103
1200,69
741,43
252,104
1651,1656
1780,64
589,103
1508,1663
1314,68
322,26
451,1698
1897,53
247,84
541,1665
1557,105
331,1677
1963,1667
1697,239
1403,138
472,64
217,131
772,93
1821,70
1366,109
1575,91
1565,65
1616,39
933,63
320,82
752,1665
1924,119
1705,1675
127,119
1985,103
1858,239
122,1657
1317,106
582,1693
1212,1660
1696,109
1146,28
1421,60
1169,35
429,50
308,1233
955,1658
665,1680
1041,233
731,1660
1840,1670
827,65
206,62
1933,131
1126,1675
1737,1654
1582,154
1528,33
162,19
1396,24
1400,91
205,79
1861,50
280,90
1538,119
452,1676
1376,196
751,196
0,41
1340,1639
590,66
1827,79
1719,37
637,61
802,82
1851,85
1173,65
751,53
222,1233
542,112
450,56
1044,65
1907,91
342,101
1950,37
622,28
1708,239
1927,1807
1963,1630
1893,37
1802,100
1404,86
444,1663
1423,77
1460,87
967,65
1085,638
1322,80
644,100
88,108
953,1660
833,1666
981,1658
1095,107
198,1679
712,1092
386,41
1588,24
1560,633
443,41
1240,53
690,42
1468,29
244,43
454,1658
1573,63
1980,23
1856,109
456,106
1093,154
139,111
1463,56
495,56
1761,17
822,83
661,95
1150,39
309,53
593,138
556,26
920,70
1713,112
185,104
124,107
825,56
1964,71
147,36
1860,112
318,31
15,101
1158,37
1921,1657
249,1663
321,154
1935,1667
983,1672
1181,77
1823,1698
1081,73
341,56
1427,53
696,41
1637,68
169,239
924,73
1703,89
819,1657
189,101
1497,42
1288,75
937,99
448,80
1186,1654
1338,1233
1052,19
543,1672
1649,105
530,1797
842,51
226,1760
1956,1656
1085,70
117,1658
757,53
1971,29
946,1656
1214,1233
538,42
1350,69
1064,110
595,36
870,94
267,65
195,1670
632,31
1866,190
1406,94
181,1657
688,63
792,109
839,1641
1429,239
1585,73
1931,37
1730,1785
1253,60
1755,1658
1245,1672
1392,1092
754,101
1987,107
1442,1632
1498,36
1111,1807
1191,75
1246,1641
191,638
1906,75
133,1797
563,132
947,101
1172,1642
1507,1673
1468,1665
1730,95
1695,1807
1587,1678
714,26
772,1666
1140,1092
146,1630
386,17
169,1671
724,87
1169,70
1540,83
231,65
235,1630
144,67
1540,1679
1008,1666
1839,65
1146,104
429,94
624,1678
1705,37
908,61
1486,1654
921,190
595,83
102,65
1210,1660
988,98
836,190
1353,108
988,17
826,103
1692,1658
1329,68
357,1667
1183,97
1187,98
1116,59
855,65
508,108
1874,107
522,94
1918,96
1149,1673
285,20
1304,36
1068,69
1367,91
450,68
298,16
166,1660
1718,58
1846,239
1826,1679
1181,132
1015,82
527,54
1761,1654
275,1693
1843,1668
524,1092
981,95
1959,106
910,85
786,31
1892,95
169,39
1531,33
711,91
1925,39
607,26
474,1666
923,75
1294,110
1430,638
990,33
634,23
1762,1665
420,86
351,638
1516,104
272,101
864,1679
875,1
1691,82
1795,16
1046,138
605,90
561,28
337,1632
1563,1657
1036,154
1386,83
946,1092
926,54
694,50
417,70
1893,1632
147,154
1159,109
776,1642
546,108
1102,73
740,138
133,36
565,33
697,89
905,36
1497,1666
636,90
1445,1698
1926,51
1722,1632
800,60
1916,105
1238,69
1039,28
853,41
374,68
1043,89
809,51
387,101
1844,109
1422,63
1426,66
255,80
1878,132
1592,109
817,1657
178,53
724,24
1331,112
618,1639
1887,111
1729,69
1270,103
1478,16
1299,1663
861,50
1303,95
847,67
301,91
1832,233
254,69
1109,1677
428,98
1282,73
324,19
381,94
947,1670
1359,85
394,1693
917,83
1528,62
940,84
903,96
1244,138
1633,94
719,633
623,29
1927,63
1931,56
460,23
1149,101
1167,1658
493,89
447,1676
744,41
1024,107
1557,63
251,107
1712,56
1954,93
1920,85
1005,79
608,1671
938,24
1755,107
599,1679
1423,51
1560,107
1104,103
2,1639
934,36
1128,109
1554,633
1882,154
961,90
445,105
631,42
658,26
1742,1670
137,1642
1706,110
1545,36
475,1672
919,39
1119,68
808,96
1127,1657
1763,1693
1981,26
1421,67
466,111
174,196
965,71
419,63
662,105
1303,99
837,29
159,33
452,61
442,119
595,39
998,96
817,33
139,61
1204,1675
1373,108
1022,106
748,1663
865,1641
553,1663
1107,64
1586,95
614,80
618,31
1576,89
1391,1656
680,1654
553,1672
592,638
367,32
262,84
1406,95
1978,1680
441,23
1183,29
798,68
399,59
495,1698
727,1675
542,73
1836,95
493,61
935,42
1590,106
1987,106
1309,106
1042,1639
1903,70
565,138
1506,1656
315,1667
1798,1693
1479,1659
1764,239
806,63
1413,109
421,19
867,63
303,19
364,99
1218,70
581,1670
1412,58
495,1092
1964,1678
498,1807
746,633
1886,1663
772,1667
1449,68
1771,1785
549,1663
1392,138
1207,1233
1607,36
1165,17
126,1797
509,239
1273,106
1752,73
439,132
1145,1675
1884,1630
1611,190
391,33
1577,98
951,105
955,106
371,99
1353,19
361,89
695,100
424,1665
467,1233
451,104
215,131
418,99
897,70
1311,63
229,35
836,93
1049,68
148,63
631,1672
1951,111
1955,104
285,98
1207,239
751,19
1031,61
332,131
944,1797
1153,87
124,61
1780,66
1304,37
1068,70
1196,19
768,1630
1280,94
590,1693
1769,96
483,23
310,1092
227,26
264,16
962,91
160,65
435,1693
1881,1656
578,107
1755,83
1494,37
1647,97
764,1654
303,70
1413,65
934,108
1470,50
1143,119
1440,80
501,106
163,1797
994,61
1773,109
1555,70
1204,1807
1003,70
1796,75
1506,51
1645,196
1283,41
1957,41
1112,132
1296,59
1563,31
1145,60
793,87
799,41
766,84
803,42
1519,638
452,132
384,108
1619,1656
1534,89
893,79
1376,87
164,1639
1804,1
1865,53
288,1639
365,1671
1419,1678
1348,20
232,196
949,239
309,64
1141,1659
393,61
929,83
124,65
1964,93
1124,1666
1803,89
1475,56
137,32
113,131
704,1642
1973,108
419,1657
226,85
711,62
928,1660
255,83
263,1630
842,29
1341,37
1402,53
818,98
653,35
767,69
2,119
1606,1666
557,1671
287,138
1448,68
1809,61
686,68
951,32
524,54
894,58
1168,97
1596,97
973,1654
1761,23
826,28
697,1676
1183,56
788,80
1466,1667
300,1641
1300,90
342,20
1357,87
275,93
616,1673
1234,1673
834,39
1101,35
517,50
479,1679
422,190
1238,132
227,82
1930,1654
1894,1807
203,1785
517,67
704,1654
1780,638
492,69
1717,75
1593,85
301,1641
444,1676
1764,42
1086,58
1180,43
923,50
489,1642
1706,111
1390,1676
899,61
189,1657
601,1641
1866,1641
483,1656
624,106
643,32
1075,37
993,1679
653,71
1028,1657
231,95
1607,67
466,108
619,62
1061,43
945,26
837,28
1409,1675
1633,1665
1270,1630
277,53
977,1673
334,62
945,107
1524,233
723,1654
835,1668
1487,1656
1009,1673
256,111
1305,100
1761,51
451,28
162,89
360,1639
182,1807
664,58
295,100
904,1641
232,28
1923,1658
332,239
1314,63
1125,239
1054,37
1824,1092
1537,29
545,107
113,105
958,105
1404,41
1142,1693
881,108
574,89
1309,26
1427,83
1289,86
1417,105
1346,1
1476,1676
1972,108
1845,154
923,97
1422,69
583,59
587,60
1925,82
1008,87
1091,1660
1720,108
249,85
573,82
918,1659
852,31
653,26
1392,60
46,61
1705,154
582,19
150,239
242,1092
490,90
183,109
514,53
951,104
385,79
1597,239
1302,53
1952,1658
465,42
618,112
746,77
907,95
1020,1672
1305,64
1838,90
1932,43
816,19
1214,1807
883,29
1357,1641
313,104
1898,99
595,638
671,1665
773,1672
670,108
1941,53
1006,68
1803,60
1662,107
375,111
1158,80
1010,138
133,95
396,1671
1323,32
223,105
1077,66
564,43
1835,26
934,109
805,1659
1915,1660
1650,23
1177,1797
540,67
306,73
442,633
1184,86
192,96
1066,1642
1052,85
1645,50
1530,75
1938,82
174,35
842,73
1199,23
1112,103
1041,93
1118,93
1830,1658
1155,98
163,108
1420,70
823,1
880,633
1585,1658
1842,107
742,1671
1231,53
1832,1672
1500,90
359,1654
1376,104
276,26
1278,67
1686,58
498,41
1395,82
366,16
1072,95
976,196
1257,85
1715,1671
124,66
986,101
1581,82
137,39
1559,1663
237,110
1105,42
1437,107
249,1632
545,19
1812,73
1924,1667
806,154
1289,1632
156,107
8,50
1356,35
1821,39
298,1675
421,42
1589,59
544,51
715,58
1087,1654
330,20
1977,1654
1422,61
1958,1671
1062,119
144,239
1119,98
127,20
358,1677
1506,101
1268,1092
1877,82
1933,1760
1863,99
1089,1680
865,196
130,33
207,61
676,20
1910,53
1735,1678
439,94
713,105
159,79
147,1679
405,75
1919,190
1224,1659
1687,36
1815,83
1359,87
30,1663
1737,1760
1794,93
471,60
769,90
1230,1639
1552,23
746,1656
584,71
437,109
973,107
774,100
1699,89
1499,239
181,104
996,50
426,16
1336,1667
237,82
365,29
76,80
297,1797
294,106
904,138
568,119
1124,20
600,1672
1902,95
423,1092
739,95
577,104
967,1675
159,1630
1265,59
547,1092
713,1656
587,19
434,75
620,1654
226,233
1369,101
391,1659
1869,1680
409,1660
335,95
1041,37
462,1642
965,69
1354,36
1691,111
1340,119
1839,31
794,95
1330,61
1634,111
894,196
163,36
456,58
1970,109
1016,82
1511,79
1810,1666
687,1657
1349,112
1178,104
1842,51
618,29
1818,56
404,24
499,154
429,1807
465,94
712,41
1761,50
639,1654
215,110
1415,43
158,154
1689,190
542,60
1224,83
1991,1797
1719,110
1888,42
1647,1675
532,114
1927,29
721,79
1717,633
982,1658
1006,24
184,79
497,56
379,60
199,233
1692,1092
1111,60
1646,1671
1869,112
1445,1656
645,96
1464,94
1043,1673
307,41
1764,233
1527,93
1171,89
122,91
1027,1654
1265,39
278,196
1312,112
734,77
980,85
781,36
970,111
885,80
1858,1693
1564,68
551,1807
479,1092
429,91
1957,51
382,69
1982,1630
1752,75
1037,85
1528,154
1481,36
267,110
88,1665
1600,62
911,1673
1687,108
628,59
1443,96
1117,73
52,1663
1020,1673
1690,35
169,1233
674,1658
570,111
698,24
1106,109
1767,96
1595,1807
1757,138
57,1
1921,63
1561,80
252,100
1375,1092
275,39
577,1659
497,75
1162,1785
645,1630
1447,109
1441,60
1863,1233
1764,1642
223,104
1915,1678
227,109
1938,1679
887,17
1346,98
1043,62
658,96
1086,96
1133,59
306,70
693,1642
249,112
624,36
332,1797
1762,1807
1023,53
164,94
1820,83
1071,91
1735,64
352,69
500,69
338,104
1226,35
234,41
1890,26
1316,1693
208,1668
595,112
558,100
1094,106
1558,1673
1302,103
1704,89
1244,1630
22,1680
1510,85
464,1632
1335,26
450,1679
402,638
712,97
1031,35
185,80
1499,51
1002,633
1795,638
1173,190
1746,16
821,35
1371,1680
1730,1677
275,67
958,196
1699,154
905,1676
1742,28
10,1679
1115,112
887,68
1938,1632
1427,29
1521,138
1731,43
480,1676
1484,105
526,68
1393,33
454,35
1312,73
815,110
984,42
1137,36
1783,101
553,59
1237,1
710,131
587,1632
127,23
1694,633
1199,69
941,1665
197,101
1729,90
761,26
1458,80
1739,33
372,1673
1744,1657
1890,79
1122,37
520,633
281,43
1074,19
1957,1632
490,1654
1444,97
947,1675
765,1680
290,154
381,91
951,83
992,32
230,1660
72,94
594,63
494,1641
1684,1678
44,1671
1011,26
1116,79
1979,75
1486,105
1573,1663
1222,1639
1940,1698
948,1807
1416,633
1162,69
673,112
1779,68
1144,1785
365,28
1343,23
1091,70
1440,1698
223,19
1684,32
1285,59
631,39
1581,633
751,638
1431,1654
577,111
768,1092
825,1641
1456,1233
1184,32
1849,1630
1720,82
548,1679
1109,106
1017,66
359,23
582,53
140,24
144,91
1763,114
918,107
1607,61
409,73
1945,638
490,100
49,35
234,97
733,89
816,1663
1188,51
1084,1680
172,62
394,64
1600,66
1528,93
280,103
1889,100
1093,1632
1912,50
1793,239
727,99
951,1659
403,65
244,1233
332,233
870,1641
1489,65
115,1656
1590,105
1370,196
858,16
15,69
569,99
741,1673
1733,1663
1111,63
331,1
193,32
1081,105
1053,19
1916,61
1613,1679
1332,94
175,97
344,35
307,89
240,84
648,59
1375,41
1801,66
511,110
937,67
1507,97
444,53
391,1630
1223,101
1251,100
1730,91
1733,1092
817,1670
834,1660
1741,633
1655,23
164,59
22,73
690,31
1008,1670
1621,20
1458,24
405,17
509,93
92,43
1037,1785
575,1678
1495,1641
1154,67
695,97
1772,1641
1576,56
968,65
255,1679
1932,37
647,19
313,1632
1700,89
1244,77
1120,67
1871,16
1281,110
783,1760
1334,1678
1585,24
1898,97
1648,1656
670,82
506,633
1638,103
1229,82
271,82
754,50
626,233
1522,1672
868,62
396,1665
52,35
1005,131
1081,1663
1447,108
683,131
1013,1672
199,93
1087,42
901,233
904,67
1332,131
712,1760
1218,54
663,1679
782,23
587,77
678,100
525,1807
1196,1092
249,119
549,106
1247,71
386,94
174,33
1374,94
1274,82
1203,82
1973,1658
291,84
163,110
1692,1797
1728,1654
1165,131
1706,1657
1852,67
1960,1673
164,1676
1876,73
1218,1807
722,37
209,1698
1021,119
1871,71
1177,111
1197,20
337,82
1975,37
1207,95
1317,1675
1340,1660
556,51
464,91
1827,114
285,67
1912,106
536,63
1020,23
1475,61
137,37
1357,1
1769,65
369,60
1253,112
1732,83
1024,50
1600,1233
622,33
810,87
296,1797
763,93
589,1785
1474,1
482,87
1228,16
1521,26
476,633
1821,37
1829,1642
1778,66
1288,84
118,93
696,1675
1318,112
990,1
1296,1630
687,35
1407,1676
787,633
899,83
1368,64
690,84
462,1693
1702,37
1179,56
212,1675
1397,108
1364,91
501,1679
1758,111
1084,106
1047,86
1141,119
1909,114
456,111
1146,1678
1109,1658
1188,111
766,119
627,1807
495,71
1127,106
1824,1663
1920,638
1865,69
562,1630
266,99
732,1670
451,37
1709,1656
1325,67
888,1660
152,70
716,638
1713,26
1790,24
997,99
1462,23
1833,1665
1581,35
1770,108
1988,59
352,1676
1790,107
1511,638
1941,107
399,80
1414,37
565,1
1048,101
1183,633
649,79
1057,90
1741,16
1266,112
1637,79
297,37
1389,1698
583,80
733,1807
387,69
316,101
1976,61
505,36
144,190
1251,75
1877,131
189,1654
1555,131
979,1632
268,87
1083,1666
1820,101
420,106
316,1663
1264,93
1540,1680
1379,1672
201,29
1120,1660
1448,35
1397,64
224,89
1236,66
1705,93
1634,109
234,110
92,64
1842,94
405,109
102,41
1249,58
1359,53
329,1667
665,89
903,51
276,109
1418,1672
1329,83
1936,69
1041,1639
732,1642
351,1656
1258,90
156,1658
508,69
1888,1665
1124,1639
218,94
1253,1666
821,26
1335,1680
193,1797
797,1
1685,138
1467,1673
820,85
682,82
521,80
1511,1233
1460,101
517,1672
1860,1670
1733,1680
354,82
1721,56
216,111
1393,31
843,58
3,1639
1014,33
962,1668
1925,95
866,104
1901,80
1170,112
1119,23
610,101
1056,119
1181,1680
634,111
1156,1670
1023,19
716,1657
349,96
1071,65
1881,77
525,93
694,1660
1564,70
572,24
999,1679
1752,77
1980,101
1842,66
1456,1673
423,1676
267,96
1620,51
537,66
722,62
1439,97
1871,98
643,1642
276,1
1633,41
0,67
1197,64
1107,190
1951,107
81,104
1918,26
1538,28
926,110
360,33
1874,100
1837,112
613,26
204,1630
1790,80
1438,1785
1519,26
1485,86
951,1630
1510,1671
157,1673
1722,67
892,54
1280,82
1707,1693
180,106
878,1
1268,1673
728,1642
1542,233
706,33
1664,103
1968,1785
588,61
1843,1675
1972,1657
15,1698
621,67
203,1666
526,110
1941,1639
231,1672
1929,39
1754,20
279,42
563,20
529,1672
481,91
828,39
1607,1641
1311,1668
1174,1668
1738,87
1687,114
418,16
717,1676
1709,1666
1607,1679
1510,75
1501,1632
1463,67
1201,80
1079,19
288,1659
566,66
1743,56
1847,110
484,23
987,1668
882,190
434,1679
986,96
426,1807
332,50
297,1693
1182,42
1822,1663
1864,93
939,90
1747,1672
807,35
754,87
312,62
545,16
824,1797
1185,96
1883,73
1077,50
598,31
881,41
1181,20
8,53
445,64
1285,86
1529,1654
1507,43
222,29
1986,20
1375,1679
923,42
785,77
326,111
1799,1666
168,89
168,1677
1773,77
353,60
1881,20
889,98
1175,190
535,95
704,89
1240,59
1740,1676
1397,107
163,1680
1681,110
1533,1659
1515,16
1505,26
1587,68
813,59
1577,190
485,1654
695,59
827,99
1221,95
356,1673
927,196
1410,190
1786,1667
1747,104
1609,79
746,1639
1965,114
623,1671
1452,75
1970,1672
835,91
1884,70
524,1654
1462,20
721,96
242,69
959,58
1000,41
583,638
1850,69
1941,106
951,1670
275,97
1643,1670
1418,41
1343,1660
1024,96
569,69
1267,154
1920,42
696,64
1134,1797
1775,99
1081,83
2,1632
1051,1639
900,89
332,1675
1171,62
1703,1667
972,1679
739,64
1134,1639
967,1668
1192,1630
516,24
1915,66
1295,1658
1469,31
1042,83
1886,1668
272,19
1213,26
316,1656
320,1807
177,138
1392,99
152,1656
999,86
604,1670
1412,1671
1801,1760
1046,196
733,87
385,103
1805,41
116,79
1168,50
1919,95
120,138
243,68
689,98
647,41
1422,1233
10,190
1707,1797
1247,1092
1126,67
773,1807
997,53
1902,1760
1600,1630
802,37
1486,75
478,1658
1509,59
1475,103
1442,100
1286,61
811,95
764,85
194,119
1722,31
730,37
52,73
844,29
1019,1
160,58
413,1672
1536,70
910,67
1427,87
1617,109
1855,63
739,239
1553,1797
482,28
155,110
1269,1667
1110,93
1080,32
47,37
1288,109
259,109
710,190
234,1679
358,1785
1991,98
834,1658
655,1656
895,71
169,1673
1240,68
894,1797
1047,1671
1472,23
1753,138
686,17
963,1676
220,99
187,106
558,79
248,108
1701,59
528,110
731,1641
951,100
685,56
1909,41
172,28
485,35
1117,70
1984,1807
846,100
1382,106
22,1658
816,23
1049,79
1234,53
940,1660
688,1797
1888,90
1211,239
1287,82
1567,154
670,80
1537,1639
322,1678
1585,111
1510,1668
811,42
518,36
1168,1641
1974,59
191,196
454,638
862,1675
1176,100
1129,196
298,26
754,131
592,42
1347,1654
1220,1672
209,638
924,233
1209,77
1029,1654
223,85
1755,86
834,154
1096,1785
1973,19
928,91
777,1654
524,1233
573,1
1612,42
1706,35
235,70
1449,26
400,17
936,99
1855,1670
282,29
1649,43
215,1673
1524,1641
225,93
46,93
1759,75
770,105
1621,54
629,60
975,32
1776,1
1535,56
1320,39
1837,638
861,89
1257,1676
443,1677
1054,1675
1040,53
300,62
1406,190
1558,1663
456,196
1549,108
1363,233
594,86
44,59
618,80
88,1807
518,1659
1183,67
447,31
1452,96
299,28
376,633
447,108
640,112
185,1665
1548,138
1715,1675
1224,110
1286,106
1846,82
1708,87
857,1672
365,53
683,80
1509,196
545,23
645,20
1859,82
321,32
1926,196
1529,1668
1936,1092
521,111
1845,60
1973,119
961,112
1048,1668
431,28
307,98
189,1678
1882,51
1593,60
1640,97
1977,1658
1213,132
543,1693
420,1668
1365,1630
150,73
422,1698
1165,1630
1867,24
174,67
757,90
22,119
557,1666
1112,71
582,95
898,54
629,16
841,32
1890,61
585,43
1121,233
931,51
643,1671
164,1698
699,63
7,20
1700,1641
897,16
115,37
1415,1630
1325,65
745,79
708,69
584,75
195,42
983,50
859,64
1173,110
589,87
609,633
1988,37
208,62
579,65
1647,1760
1813,62
1964,62
1488,1807
306,1654
858,59
422,32
1789,32
1532,79
545,51
284,1
1015,16
1684,35
934,94
900,90
904,29
442,1092
600,1676
1460,50
1413,132
1569,86
468,43
1636,26
1446,84
1180,32
1345,103
687,80
448,87
500,1680
1485,1667
1251,77
1551,64
481,17
1763,1667
1635,32
144,94
562,60
376,23
1535,99
163,1679
1587,50
666,110
120,28
499,64
1832,90
1913,17
1255,70
1738,108
671,17
256,100
793,131
1824,1693
1439,28
523,119
1638,239
218,1785
167,84
498,109
1689,51
318,83
1020,89
1962,1660
935,32
1437,190
1276,138
1907,24
128,1642
777,83
1775,17
288,96
1237,1666
1741,50
1285,28
1417,108
1403,87
1389,1668
550,42
644,59
1697,37
444,65
407,79
488,1797
458,1673
1345,67
1878,87
243,1654
1460,1679
1883,1660
504,138
330,1630
400,69
453,63
886,1659
575,1092
690,26
376,51
656,37
1540,233
1401,39
1202,16
1000,1672
1573,111
1002,58
1600,131
277,84
371,105
267,98
1050,31
1093,91
836,91
1466,190
1177,1
590,110
1841,26
1055,32
851,638
165,1670
849,97
522,89
671,1676
1618,95
1527,1785
1017,1092
1441,71
1542,239
1015,43
820,43
934,23
1128,28
1536,35
445,58
763,35
506,56
1033,239
1896,1
772,69
1290,1670
1318,75
1938,60
13,73
1173,1233
463,89
487,103
1407,1658
2,109
1503,1672
613,1670
1829,24
1904,87
1886,75
301,112
379,1092
1033,1233
609,39
55,1
1752,43
174,1693
1111,1092
432,112
1888,1807
126,110
927,1673
1198,56
1712,1656
917,56
1610,107
1306,1660
662,1680
1213,1654
836,1667
337,87
10,119
1317,1672
1292,1678
1291,37
350,638
1385,19
1224,111
1442,58
194,154
1058,1639
1846,83
943,1660
1836,29
915,23
1357,62
551,75
113,91
1716,1659
669,28
982,77
1390,190
488,1665
783,20
1580,26
1743,638
1229,196
810,82
1552,1659
1903,132
1906,59
512,1639
696,132
644,108
1389,32
607,103
458,42
595,1639
1726,112
511,35
1379,103
1119,105
1469,106
1071,138
1753,39
724,39
377,1632
1574,23
864,1698
1142,53
315,107
524,93
1573,86
838,1797
547,1656
1216,85
1292,90
615,109
267,93
1084,1672
489,93
823,96
1216,196
740,1666
671,60
1966,89
1457,1675
757,1693
1828,90
1743,105
1767,87
1538,83
708,70
879,31
499,1679
741,26
1718,1660
664,83
1609,1659
1567,93
1808,1680
352,1679
741,107
542,84
360,138
1391,33
1968,58
935,63
703,35
1115,35
1850,50
1712,63
1823,1797
473,79
203,82
891,33
1775,109
506,1
1063,97
1963,31
914,24
1902,96
1521,59
654,1666
1536,1654
544,84
324,1668
1143,53
890,77
249,67
1061,1630
330,132
1915,53
463,96
620,101
1445,20
1526,65
993,1665
282,82
1587,132
152,1658
912,84
1818,1676
538,50
1809,19
709,75
1691,19
1188,63
1865,1656
1687,71
823,68
736,86
384,42
280,107
1572,20
1478,1807
1538,132
416,1659
342,1785
1140,54
1287,1671
1966,1667
1358,20
707,98
1535,1668
1975,1632
807,20
848,75
15,65
972,36
996,1654
1823,1785
866,1807
616,70
1042,1630
1423,239
1232,112
1009,41
702,20
1237,1665
1043,1676
142,239
1637,96
401,87
806,54
771,1693
1837,1630
492,16
374,20
487,1807
1393,28
1228,91
402,1679
226,23
1110,83
376,1656
1904,1632
318,1663
1878,84
890,97
1227,98
1190,106
255,17
915,1656
1622,105
1952,69
1830,90
655,1658
1924,43
691,1658
359,132
1320,190
680,29
244,196
1478,83
837,105
1283,67
1875,1693
652,50
585,17
1359,101
817,70
1539,35
115,111
1553,131
685,71
1032,1678
1510,61
1791,132
570,104
977,26
617,51
963,91
1723,29
855,89
1409,85
930,112
751,24
1277,96
1031,75
440,107
1072,56
230,1092
1708,109
1926,1760
170,79
1347,31
1018,1675
1755,1630
345,35
270,1785
1252,23
1148,64
1460,68
1493,1639
589,1698
833,80
179,66
1566,1663
234,1630
1308,86
410,37
40,58
1881,61
1327,91
710,43
1796,50
1550,65
1203,86
1421,51
1169,26
1957,65
1061,28
965,119
1118,71
1246,24
1607,1
1758,119
804,154
950,1672
442,71
969,1658
1634,16
1563,20
456,119
1505,108
685,26
804,1676
387,1092
545,1656
754,1678
1524,94
1400,100
629,638
1737,107
1827,233
929,1630
590,75
1476,104
1592,1233
356,69
1138,1659
488,85
1955,154
1025,65
750,111
1176,66
1929,1668
1034,96
398,51
716,26
1205,106
14,67
531,87
146,75
1531,84
1319,1659
1285,83
1985,1679
815,132
1208,32
587,109
1365,86
377,89
340,75
310,1639
630,60
1551,110
1720,42
1830,19
201,101
329,56
1574,103
841,85
823,1641
922,190
55,100
385,24
1772,1679
1291,1668
1312,633
428,90
1369,1656
643,1673
1434,132
1626,1092
243,109
187,1797
48,77
182,24
954,97
1329,43
712,51
128,68
1733,66
777,633
1254,111
1684,1658
964,233
929,1658
1456,1
427,65
892,1639
308,196
380,103
1257,59
1987,1676
1432,89
740,86
503,24
915,50
679,53
203,196
1789,62
962,107
1115,83
1682,1092
217,32
1266,29
1181,68
1627,60
1289,35
833,111
1015,131
635,39
1494,100
1721,32
226,112
1717,84
1750,1657
397,79
990,86
701,1
1734,1785
1783,68
1052,100
1056,111
946,1807
463,99
1576,1654
1598,43
1398,29
612,1666
653,64
742,1797
1544,99
1432,1233
152,1659
338,154
1212,64
642,98
737,32
1880,42
1715,107
45,33
1294,1642
1409,1676
385,100
793,103
977,1666
1974,1639
192,1642
1017,1665
1188,56
675,71
314,53
1216,1676
1504,108
1932,62
1429,1760
1258,70
584,105
735,1666
437,75
1358,132
1846,105
503,79
271,69
1058,51
839,1670
416,56
754,154
1029,1678
773,20
1091,41
1384,61
1186,239
449,32
1073,1639
1569,1658
227,119
1464,100
1542,35
435,98
1953,32
696,1641
1579,42
1389,1666
1066,26
825,1672
1507,100
1683,105
231,154
3,85
1905,154
359,54
757,111
1352,1665
898,77
841,109
287,75
120,58
1424,28
384,233
1306,16
1719,1668
1245,29
860,61
1164,37
464,1658
1838,93
1311,39
1610,196
513,110
844,1656
792,35
920,24
940,1663
987,64
1894,103
1163,69
859,138
589,29
1505,1660
608,1657
1508,132
1217,1233
541,75
1718,51
1018,1672
962,32
675,1693
758,1630
1883,97
1498,1
997,1659
800,41
928,94
1218,51
1754,97
1294,196
659,1659
858,1666
526,29
1834,104
1251,54
1454,1657
600,100
553,82
1189,69
1754,1673
1128,1641
1682,70
1203,89
690,60
410,196
761,1693
1112,29
500,67
743,1
1027,20
662,41
1037,1671
538,107
1070,154
385,51
864,85
653,1807
263,71
1832,20
1814,132
903,119
1610,105
1040,71
1372,100
855,1642
1564,1642
579,1660
1248,41
792,63
360,1
1395,91
336,26
1483,1676
953,93
1289,1679
451,1672
1708,82
1105,35
683,85
1950,19
911,77
1215,51
1328,1693
750,1658
1209,110
1427,35
160,101
519,1673
1298,1656
324,1698
1004,60
434,94
1412,107
1375,1675
520,35
1626,59
258,1660
597,59
1977,1663
1446,190
326,99
1006,1665
738,99
1042,107
1830,16
1816,638
127,29
458,1630
885,97
702,1641
406,58
1213,99
700,26
757,39
1260,66
1540,28
676,19
898,53
590,633
225,239
524,95
1002,1693
45,77
1720,1639
1496,1654
1121,95
1323,1671
1300,1693
920,33
1201,112
1721,1673
1537,1666
1542,1641
1409,99
694,23
1599,1092
313,56
1415,77
741,24
1332,1693
1466,1675
380,96
0,190
1746,1675
1931,51
1609,1657
1073,1807
1129,103
1608,132
193,1667
136,1666
1813,59
938,239
1310,95
669,77
1944,53
185,1660
626,42
1343,29
962,104
1940,33
948,43
288,71
294,109
891,35
1985,1785
1007,633
317,53
427,1693
1460,61
654,108
1913,1807
1892,24
1717,83
943,86
142,1678
177,1680
710,1658
1783,71
1640,239
1948,56
174,98
1763,1668
1947,97
1653,1673
1299,1698
1320,83
1083,1639
861,109
1086,638
1491,138
25,99
45,32
1908,633
1131,32
1602,1659
1692,1785
1097,97
1335,43
873,82
1001,37
1767,1673
1272,104
545,1680
1220,31
1647,1680
389,1667
1004,1698
1475,107
1974,83
590,1678
184,86
545,99
911,20
1580,77
1220,1680
682,95
1215,75
981,65
625,31
1882,71
354,111
1295,80
1043,43
179,104
340,1658
1416,87
141,109
1559,1233
606,99
620,1760
1735,196
513,1671
160,1641
663,89
1611,75
1591,1233
515,239
1472,154
873,1667
395,93
394,1656
827,62
1876,51
361,64
1619,1639
594,110
742,62
1439,108
950,43
1453,64
1932,35
1063,1665
698,35
676,638
1709,32
238,75
830,1679
1257,97
707,64
265,70
1280,87
143,109
1176,104
679,111
1557,1698
962,33
1870,239
962,80
1208,1660
654,1630
1603,97
1953,82
1938,1670
1299,64
1907,1668
681,138
1588,233
811,1659
540,91
1776,633
805,105
559,94
1223,71
409,1676
1958,62
1896,1693
258,111
1553,1680
1255,1654
406,31
48,1639
1810,1
1296,1671
1682,1760
856,190
1392,80
268,20
1520,101
852,59
130,85
1065,95
432,1657
661,1676
1271,633
443,119
770,20
183,73
210,41
817,23
1117,132
139,1672
1000,1654
1231,61
954,75
1549,104
1576,26
1118,1665
125,60
734,1678
34,108
987,62
461,1663
423,98
1817,50
878,196
1874,69
934,1642
1385,16
120,1666
546,98
342,1
1931,103
1310,96
375,75
503,54
1907,36
422,56
1751,239
1182,190
1628,154
1063,233
1674,94
1194,1668
1081,58
399,1673
1529,1672
1527,109
297,51
672,1
707,1656
1336,104
259,24
752,61
886,1668
1934,96
176,633
1820,31
1891,1785
1900,1672
999,41
1118,33
841,91
1340,107
933,1675
1468,16
315,108
372,107
1094,62
597,638
951,59
419,154
405,83
1511,1807
1980,42
361,24
1781,50
1602,1671
1107,31
917,89
181,1785
1093,16
1757,41
333,51
1205,1639
802,26
566,35
513,85
1358,63
1713,28
366,69
1827,20
464,61
1689,91
859,68
1874,41
1159,75
1466,1659
872,104
766,1668
1414,1658
551,104
1091,79
834,60
924,190
1498,87
1337,83
726,97
527,112
1246,1656
1063,98
1191,41
995,64
1574,1642
1208,79
273,54
1436,39
1648,1233
1541,132
458,77
795,70
1156,53
1592,19
677,1675
1003,104
1307,80
694,1642
530,1675
968,1680
1250,26
562,56
1179,1639
1377,1641
1473,1642
1634,103
1012,31
1715,154
818,1668
689,20
135,50
1724,84
200,39
170,1667
1791,28
1463,17
1729,1659
1528,100
688,91
944,53
1248,99
570,83
1272,105
1733,36
1278,131
1690,233
1357,1660
315,1233
1324,95
1438,1671
588,1678
935,79
1253,1676
1495,119
1712,79
1034,87
594,1630
1736,69
1347,36
1718,85
565,111
1551,1663
393,1642
962,77
696,97
645,104
1277,1693
1647,87
1613,99
472,112
1835,41
1949,33
725,75
374,107
1191,1654
240,75
1298,36
966,190
880,59
1261,1663
1166,87
1096,1807
1156,41
1143,1663
946,29
1156,1676
714,1
1739,17
1574,82
1598,1632
1960,1654
315,39
1829,96
1727,1665
570,1807
1786,79
498,1654
1702,1693
1259,69
1648,36
657,1665
1255,17
1420,42
998,58
1316,107
1541,1630
799,1680
557,138
1120,90
844,1658
1747,39
590,114
556,70
413,35
1334,1665
628,1668
346,70
6,1678
1206,59
1408,110
1006,77
456,1641
1732,1667
579,29
1220,131
683,107
1276,1654
487,1785
435,1654
388,20
479,85
966,1641
146,98
578,97
997,1657
1697,84
648,79
1939,19
1778,1797
1810,239
121,69
48,1673
1905,43
198,67
255,54
1203,42
2,105
1549,1679
629,1698
1240,37
1425,1665
690,58
1283,19
1085,131
1809,79
814,107
1039,1654
208,1660
405,62
1734,131
528,79
1064,17
1501,100
1750,633
1255,53
813,98
300,59
651,1663
766,66
1174,37
1966,65
740,1657
373,1676
205,67
1072,1630
792,1
1605,33
1405,91
1371,1659
697,132
613,56
641,1673
399,69
1803,83
603,239
569,51
1176,69
241,98
636,109
1732,233
1826,114
578,69
1494,95
975,1630
1204,32
1208,35
330,29
701,107
1612,75
492,1672
1199,77
353,54
150,66
1796,17
201,106
841,90
1175,37
1786,20
1715,16
1681,96
376,111
1705,106
1226,79
547,1660
1487,100
581,41
1353,64
311,1660
1359,94
1549,58
1221,89
1467,73
276,80
151,1092
1606,68
461,108
1311,104
465,105
338,1785
1514,100
675,138
684,68
647,80
1733,79
834,633
1765,638
1837,33
1163,62
1220,37
686,633
1480,138
218,69
1585,89
1984,1642
1770,87
1662,89
938,1654
1628,89
615,1666
1082,53
1964,59
848,99
551,107
223,138
1437,70
1336,1659
260,23
351,86
1246,1657
1124,29
934,83
421,100
317,51
729,51
1043,17
1228,51
654,1670
220,1698
915,1666
1754,39
1134,1641
1039,69
1008,37
1379,54
937,111
646,1665
1014,79
526,1671
856,89
212,61
1891,1671
540,1639
1645,96
549,43
404,638
1240,110
197,65
1782,1630
918,99
376,28
1468,53
898,23
1240,1656
538,62
1933,29
1714,1641
656,77
1805,35
666,154
1026,138
1984,138
460,1642
722,85
7,119
689,100
1001,154
1980,190
632,154
1244,97
416,1663
128,35
184,1675
1548,105
1469,1092
1605,104
0,1666
1053,1233
1975,106
727,138
401,638
1230,39
542,37
1561,67
613,112
1385,239
426,106
797,105
1813,93
929,17
858,105
369,108
831,1698
1546,90
1547,239
1087,62
1423,24
753,32
1238,41
283,43
1578,1654
1365,154
1019,1678
634,1632
1043,154
122,96
1223,93
1458,1675
1156,42
40,66
538,1693
1005,1233
1855,1785
130,79
663,91
1824,131
1570,1659
690,23
1388,66
1796,233
809,1679
757,29
1011,1797
1553,101
528,100
1227,1698
476,1654
277,95
921,59
1168,20
1748,119
1178,85
1070,95
1439,110
394,108
927,154
197,633
475,75
519,60
533,96
1357,1678
959,1654
1699,24
542,1
1561,95
623,94
563,1667
524,1675
929,61
52,132
939,132
1917,61
1949,1693
1532,29
1614,71
52,43
440,1657
1694,63
1384,28
1254,1654
1514,1667
449,1
14,107
1266,32
667,1679
223,83
985,96
1063,37
1322,97
663,1671
833,84
1754,31
449,1672
947,77
430,1673
1640,154
202,60
705,1663
445,1672
1806,64
1554,233
525,233
1317,29
918,1676
942,50
1411,105
865,39
481,1642
1330,107
177,37
1725,82
861,83
382,110
1549,132
1454,56
803,70
1728,41
200,17
1984,67
1384,1807
921,23
689,83
304,63
1154,63
1606,89
688,1785
964,98
1335,109
1245,239
1339,86
164,1642
816,41
1115,1679
1337,1657
1116,19
1031,26
1755,1680
1483,1665
1300,73
1864,1680
298,105
831,65
810,1641
943,1659
821,91
720,66
1777,1654
1538,1676
655,36
488,1670
1889,1632
1009,100
1736,1672
1460,36
1336,106
1214,79
1375,1639
458,196
1589,1
559,1642
729,71
122,41
453,1659
809,63
1469,131
994,101
47,1679
1977,1660
1239,633
1905,69
1597,1671
1541,63
1483,43
677,112
758,101
762,104
1023,67
329,83
610,36
439,1630
1863,1665
12,1676
1378,33
305,59
860,1663
1216,59
439,80
1900,109
1758,87
1279,112
882,1670
1011,1642
1866,60
1282,93
1443,82
342,1639
1050,80
614,51
1534,96
485,101
911,1657
1876,1663
418,190
1875,36
647,83
523,65
10,20
861,1659
835,64
1533,41
1082,67
859,70
845,39
494,239
579,71
603,93
1300,109
1068,1
147,51
1522,1657
811,104
952,66
612,20
575,96
948,54
492,154
1384,84
194,1632
980,1671
598,50
156,65
287,1785
893,1678
1623,36
631,62
1086,86
1964,1656
1821,1
1147,68
1440,36
801,638
1750,24
1626,26
1493,33
1555,26
1294,50
249,70
1777,94
1469,24
1071,196
1169,196
563,85
1726,1676
549,42
1857,119
885,66
714,1678
639,87
898,101
152,1663
757,56
186,1679
305,39
1083,1656
130,138
187,71
1933,28
1151,89
1984,28
927,16
1282,33
1909,94
1302,36
1363,54
1036,112
956,1632
48,109
537,31
1329,75
1815,1667
1710,131
763,1632
1591,132
1421,1676
1244,17
802,60
774,62
423,36
1348,87
664,1760
1094,1670
1850,96
412,138
76,31
1699,1641
1846,28
982,31
964,638
569,106
901,107
156,54
597,1672
1745,24
1298,1693
1081,112
14,63
1521,73
1860,1678
167,1639
1460,28
1517,29
402,1672
1133,77
1575,58
1779,1639
1008,66
296,94
371,1666
1042,31
691,119
1170,104
1706,54
1891,1698
1592,1797
363,1667
730,1666
201,80
1568,42
1071,73
704,105
1863,29
653,96
1084,196
443,108
1080,1807
1705,16
1910,75
609,29
1752,85
578,1092
1481,65
1853,233
1742,1092
539,1639
1349,90
746,33
1353,31
361,69
489,24
608,66
1620,59
1230,1675
665,61
371,28
1737,114
134,1679
158,109
1562,111
1841,28
1975,73
676,633
1898,86
869,104
599,83
403,100
1219,190
1543,43
915,1
166,1641
764,112
982,59
1243,85
897,1679
1347,1663
1343,86
1542,112
574,96
961,109
1460,65
1134,24
621,59
1356,50
240,26
900,24
540,39
189,79
735,68
168,101
1080,1630
1720,19
121,75
1110,1678
1625,154
1003,50
1379,1659
1051,96
1971,51
1187,1632
1236,19
1623,1665
1202,95
1886,77
1064,132
1762,103
770,19
960,1785
442,64
1774,1670
528,65
1311,1676
996,638
371,75
1832,24
200,97
1378,1630
204,1797
44,50
1457,85
1576,29
158,62
507,1672
1653,17
698,83
1910,1760
1538,73
1234,16
1348,24
1163,101
1082,31
801,1672
1010,82
1846,85
797,80
892,82
251,90
1280,54
821,90
237,99
897,1658
1009,138
754,79
1394,63
682,131
1930,35
1731,132
1404,100
598,23
1617,29
550,138
555,1660
787,196
517,83
574,28
283,101
1872,109
349,1672
1167,94
122,54
1356,1785
1759,1676
1986,108
501,82
337,1233
1811,107
1455,64
287,233
1193,98
164,100
776,638
1635,154
615,26
1155,75
591,93
1934,1679
538,75
428,87
1316,94
1339,1659
230,1642
1103,39
1490,104
1011,119
1777,1092
1686,98
1819,1679
1029,1233
1415,56
647,82
580,119
1144,138
1343,1670
1709,101
536,100
314,1630
1571,28
271,108
275,105
1732,41
726,154
1850,60
1580,101
237,71
854,62
1498,82
1232,138
716,59
833,98
179,16
972,1671
989,1663
550,1
1298,63
324,1666
379,1641
1636,1
1962,86
1929,103
805,1673
1469,23
722,1660
1042,75
1532,1657
677,1672
971,1675
1925,1785
1458,106
1179,1656
1583,190
183,29
1344,77
1236,75
1279,23
1943,70
951,24
1801,1657
1434,114
921,93
799,68
536,1668
1504,97
290,39
628,89
1382,70
775,108
152,60
1244,99
582,638
765,64
639,1659
1140,60
1234,73
334,1667
1055,53
289,86
346,97
1817,239
1267,32
1842,1642
1907,112
764,1665
915,85
1125,100
1273,1233
1828,1679
1205,60
1688,26
1087,56
1215,119
900,37
1697,77
632,1233
648,86
317,85
1917,1807
880,62
1122,1675
1321,1654
424,20
9,638
728,66
1137,154
606,103
791,19
1934,95
1779,1668
1327,50
1702,154
927,1660
932,42
1892,1660
1128,1665
1492,98
1971,71
1330,69
1701,82
1204,1630
1900,39
382,112
173,75
412,1233
509,83
1377,23
888,68
446,1660
1221,31
1866,196
1743,190
1818,99
836,66
671,131
1586,1642
1287,53
920,29
413,32
1908,29
1894,24
494,53
1822,1785
1096,37
232,100
512,86
1159,1760
1452,154
1129,35
859,1642
1502,1092
422,16
905,58
1111,100
288,20
715,1667
435,1659
1950,75
388,23
568,75
505,1667
260,233
1450,56
1021,1233
1910,633
1076,1
1905,95
1008,111
1375,132
647,1671
1751,1641
889,77
1065,50
1550,75
1118,73
382,29
1360,1665
476,66
2,23
352,80
1829,1
661,1785
770,16
1752,50
1174,73
1909,100
1876,83
1714,82
1951,1667
1734,17
888,96
1942,66
1712,1663
1709,1785
558,1657
1001,80
1427,1676
414,69
290,111
1272,53
1372,16
461,1659
940,132
319,89
157,110
488,91
1427,1642
380,89
1874,65
1837,75
295,32
1495,75
136,1658
892,83
1048,19
832,1678
1661,105
1333,62
783,29
620,1233
1451,79
1309,37
496,1639
1404,101
1096,1678
963,633
1834,1668
592,1641
716,103
1627,71
1649,1667
378,42
1892,97
401,17
1896,100
434,91
1446,32
1565,54
453,1657
424,93
151,26
1920,1667
691,1
1976,154
1612,70
643,51
377,1641
1015,1785
1887,93
1378,63
1146,67
547,1680
1910,1
183,56
1364,109
743,32
442,101
1573,32
803,100
992,59
186,110
1576,107
1172,638
1046,19
152,33
1234,98
1329,190
1315,1675
768,106
623,1678
849,17
778,31
1723,91
586,1092
845,1785
1159,71
707,28
1987,239
115,1641
336,138
1101,69
1336,1679
551,100
128,1670
1054,69
123,35
1745,50
1271,1654
1333,131
15,1660
293,86
776,112
354,68
1845,24
1960,1233
829,70
444,36
1541,17
1852,1642
1237,42
483,1639
127,60
1696,53
1028,154
1729,51
435,633
1085,87
770,41
1571,1665
656,64
1027,83
1919,70
1832,66
1563,1678
1245,51
1302,58
1127,51
1221,58
1775,1671
618,1
455,1698
1838,75
1490,77
1550,1663
775,111
262,70
1978,1698
614,1656
209,77
484,65
1354,1663
917,1679
623,1698
1326,1785
191,90
660,51
346,17
1414,108
522,60
503,69
365,100
160,196
569,104
607,1760
769,638
388,60
449,58
1209,56
1761,1659
819,1668
881,31
1741,42
435,104
1284,1641
1860,1672
1139,1797
1744,97
444,89
1019,1667
1774,61
1531,131
1479,99
1426,109
1507,106
151,66
1460,1760
856,56
1958,23
1123,90
292,20
1645,65
1592,51
980,89
906,1092
898,71
988,1663
254,1665
1364,54
509,82
1430,24
1856,53
1704,105
253,109
1127,87
944,70
1943,1663
1653,59
1895,82
1808,86
1612,1092
636,1665
10,91
1187,19
1686,43
1136,633
1429,50
902,82
299,43
726,1654
566,239
165,1678
707,71
706,1678
929,65
451,1797
1067,1675
1968,106
976,100
1509,70
811,37
996,111
135,1639
1661,68
1111,103
673,53
783,56
202,1639
1488,94
715,1666
1661,53
1185,82
1494,196
1973,233
199,86
1403,154
1493,1632
368,33
1825,19
833,41
1845,80
1972,85
407,107
1039,190
781,154
548,1659
1288,50
1787,94
624,80
863,1671
647,1670
630,90
1800,60
1341,132
225,84
1682,64
798,1665
1910,58
572,54
1843,111
526,1807
484,1654
1535,35
405,58
446,1678
561,1632
1795,1
489,105
1410,33
695,41
992,16
813,94
1862,91
671,64
799,31
1596,83
1909,20
183,1630
1549,99
1439,79
1463,85
855,1632
769,73
1268,51
1737,108
1700,96
484,138
1633,67
755,17
1513,93
1334,93
161,106
644,1665
165,1698
1324,35
232,65
1020,42
1519,64
1618,59
1006,109
249,1666
1176,73
327,112
146,51
972,107
8,80
27,1632
1427,41
327,1
1623,29
776,85
761,633
961,79
1194,119
1091,1797
544,64
1593,75
1266,1657
454,31
511,90
937,119
1497,79
1740,61
1911,36
526,1630
1042,101
1958,95
1502,107
1017,35
1965,1666
439,60
918,91
1607,77
1469,1656
1914,77
1587,33
45,54
547,1632
1454,91
462,97
1204,1670
1832,103
1960,60
1961,1797
662,190
1562,131
897,111
1457,1667
1865,114
229,28
1315,17
359,1673
1130,16
193,1659
545,1678
1901,1797
784,1654
1817,96
917,1642
1523,67
627,54
1429,106
1837,29
674,93
218,65
939,35
403,1797
503,96
184,64
1343,138
1438,154
766,1673
935,132
1475,1663
758,1641
1509,239
1225,1092
1207,1656
830,53
578,50
1543,1639
749,59
971,65
1289,36
1906,87
236,33
1039,65
1493,1673
424,58
1217,36
936,36
663,51
225,35
1739,104
710,106
144,87
1981,43
229,1660
177,17
490,104
1568,239
1257,1698
281,19
1611,131
1226,111
877,1233
1943,64
1867,1670
72,23
576,1671
1895,1668
1481,132
1500,96
382,1671
1875,84
1382,68
334,1665
617,95
822,1642
680,1667
185,43
1790,35
369,1642
1102,97
847,1678
831,53
1954,1658
1850,111
1139,1657
388,1680
1557,1642
928,73
1450,66
331,138
246,59
906,1680
1261,132
587,93
1507,28
1593,131
472,1663
160,1665
937,79
458,106
1592,69
1099,87
1062,89
1360,1657
730,1665
129,1680
1398,112
724,103
1388,190
1420,1630
197,33
1601,43
515,68
1344,60
1697,1656
1971,73
291,53
1421,233
246,1665
1064,58
310,98
442,26
1990,65
1373,65
1728,112
1093,66
1791,63
1514,41
148,95
280,79
1989,24
1268,79
219,66
1234,43
1841,17
441,60
1723,1785
1874,91
628,1665
238,77
1436,1666
1385,62
228,99
859,131
1129,33
214,37
551,94
1158,66
1747,1785
793,1698
133,65
982,62
1135,108
469,89
1669,1630
1175,1233
1664,114
834,97
1081,32
568,77
881,58
1413,33
1289,19
702,56
1336,82
273,96
457,1667
1855,69
1399,73
796,84
1707,82
1925,23
1099,1657
198,154
1589,90
1972,86
449,1676
226,51
340,63
430,1677
805,19
1109,69
1237,112
1295,1668
198,1680
647,1665
1344,233
477,132
150,42
1753,67
1833,59
1587,196
1715,59
364,1673
1929,633
116,26
1037,108
45,98
1960,65
931,1
1748,32
1627,1233
1662,1642
1743,239
974,16
775,33
280,60
403,1693
1956,100
1073,58
963,63
1116,239
161,105
1521,633
1267,1665
167,23
157,29
641,1676
821,54
1801,633
551,66
897,1663
720,70
1988,233
341,66
1390,71
881,85
1751,90
1276,58
1169,1680
1684,17
203,62
1417,66
830,233
559,1665
213,233
118,62
283,23
559,1654
1495,638
1043,105
1167,91
1707,190
957,107
332,1656
255,64
1911,39
1271,132
728,60
1687,1654
406,61
889,111
1061,87
1061,1667
1568,85
350,1678
1307,1807
804,87
1411,73
364,1630
163,1693
739,1658
835,1659
1852,132
666,131
405,93
441,1676
1331,1679
1204,1671
230,1641
1002,138
1818,54
791,1678
1335,77
347,64
1011,233
30,87
712,138
508,53
1432,131
1808,1658
650,64
1096,16
1049,190
934,1672
646,28
1371,39
1499,106
878,85
271,105
9,58
764,68
622,94
777,61
834,54
1532,65
459,39
1319,1670
1479,1671
772,119
812,1092
421,111
1882,106
672,35
1521,50
364,111
611,54
407,61
324,1677
711,19
1468,1678
1800,1660
1570,1678
886,31
687,90
1763,131
1213,190
630,16
463,107
608,638
808,80
1199,108
408,638
1863,53
1017,62
12,64
989,32
480,80
443,68
1705,56
130,1658
538,59
1074,89
358,32
468,1632
1832,68
129,119
760,101
1732,1233
1453,85
1528,106
1072,1676
1406,79
1712,1672
1177,51
718,77
617,94
247,1679
447,89
369,1641
707,109
76,132
137,24
1367,70
1021,1670
970,1092
1219,87
1111,93
1024,71
541,1675
1518,65
1323,53
588,1642
1950,82
762,633
779,1671
659,1673
1208,1639
203,105
1423,103
527,82
971,108
772,107
811,1671
307,1680
1835,1672
658,110
843,54
1432,1657
1294,99
1848,65
1094,1233
376,1665
1209,1673
1801,77
438,633
990,58
458,107
1122,1670
521,1679
1844,53
820,1693
1705,1693
1952,94
1716,239
1985,26
535,43
1740,1656
490,58
1839,80
439,103
922,79
1829,106
1727,1679
761,1658
1257,1693
1141,51
438,84
671,110
675,107
1154,84
1123,1641
129,83
22,1670
775,60
1376,91
1767,1
205,89
1183,80
1244,66
6,37
494,56
336,54
1732,1673
210,1698
1974,54
1141,1673
882,112
9,114
982,63
1517,1654
1854,1807
1015,61
1229,1659
692,64
1328,1656
482,68
800,33
625,60
1008,132
796,85
1077,196
601,59
179,77
839,17
220,1639
644,1
1603,132
1381,1630
540,82
581,1642
1811,83
1082,1693
875,1641
491,60
1295,1671
1592,98
691,87
178,62
732,633
529,1668
1264,1639
255,60
936,110
1806,69
117,59
1516,89
710,32
215,1666
268,19
1274,103
1549,1673
1494,1632
1354,31
1798,1092
1981,82
1142,86
1805,132
1293,112
1316,1667
1016,41
1477,100
371,79
1559,91
1501,239
1231,58
156,1680
1207,61
1861,32
1421,1663
873,19
513,66
1647,1632
987,1680
1196,80
1643,1785
650,60
1978,110
821,53
1850,1665
1414,42
1846,41
1741,1641
365,42
76,35
1471,60
744,77
1135,131
288,51
303,1632
716,19
1268,1632
1366,1665
270,1698
1087,1665
1623,31
997,1671
273,67
368,79
127,1666
1650,42
1208,41
122,50
1636,105
989,1672
458,80
279,66
428,1656
1868,68
1189,1659
1089,107
168,69
10,1092
889,110
12,1673
1607,79
908,103
433,65
804,80
1364,104
230,112
1979,1693
1943,62
1249,1676
581,19
1174,104
1339,1663
257,93
460,1660
1221,67
547,108
1524,20
846,56
494,1659
262,89
394,33
660,196
1480,33
1415,69
1879,1760
798,89
1638,73
717,23
560,1642
1567,71
1082,63
1428,39
1253,54
1355,1642
1547,104
1879,36
1114,110
1242,91
971,67
1717,42
175,83
786,84
307,75
967,1656
805,89
1981,1698
1716,101
373,71
889,1660
1156,60
1075,132
1114,1698
453,64
164,53
1341,89
954,1639
1526,95
761,87
582,39
1636,1670
231,79
1981,41
969,51
665,1630
558,63
120,39
1094,29
1833,131
1141,94
1397,196
732,101
665,36
1917,638
685,89
1899,31
48,98
1335,35
1046,50
418,108
1661,633
1453,84
195,98
533,86
370,196
1569,1092
745,16
1120,36
309,103
1175,1656
382,1639
273,1233
1406,1658
124,42
1280,67
801,96
1723,233
1870,104
1310,1679
1954,31
1543,83
938,90
901,86
962,68
1546,68
1893,107
1694,84
832,1656
1295,43
767,1656
1479,1642
425,71
729,17
1389,77
1703,111
1157,71
1929,54
577,69
1014,50
376,1666
409,1807
1122,1671
424,24
1241,31
306,36
1669,77
734,60
954,1672
1985,104
1110,1639
1588,51
889,1673
954,1659
1820,94
1065,107
224,131
443,99
743,20
1409,1654
305,70
1291,1654
1387,1
585,31
807,1672
1359,111
1842,119
766,41
1453,39
485,87
1400,82
1140,28
1823,131
464,109
295,56
456,1680
312,64
18,1675
976,103
1290,73
404,1680
939,109
135,1632
1495,16
1426,633
1314,83
858,87
697,83
1547,35
555,29
1256,190
900,1676
948,68
469,103
184,233
421,196
355,64
213,98
820,62
961,96
948,154
1521,104
1110,26
1845,93
236,107
1799,1660
1821,196
577,33
1170,54
1008,99
1180,99
1469,91
1398,35
539,26
121,63
339,112
1990,1675
1725,138
1112,119
582,111
1303,69
1279,90
642,35
1109,1671
689,196
1481,96
1966,1797
827,1678
988,80
864,110
1198,71
1970,36
1862,94
414,62
756,91
1550,1675
670,1807
852,1654
1245,233
414,73
1397,1666
1069,59
1419,20
1386,65
1980,1671
1396,154
556,33
1823,103
600,1233
356,79
835,106
123,1680
1850,1678
1432,71
1152,70
1557,41
1790,1639
1256,154
905,90
1497,1680
1514,1630
156,196
1688,39
1893,82
1552,1654
1775,82
554,66
924,112
1299,100
1464,37
1356,83
1271,96
1218,108
1575,104
1004,53
685,1678
137,1660
377,103
1032,71
1454,1698
1113,28
1612,66
1712,1092
1342,1667
1986,1663
293,1670
1350,61
619,69
433,64
990,1672
419,53
1407,53
1064,101
1620,154
257,35
186,106
1842,63
1310,633
742,111
1349,29
1283,1679
1580,1679
1781,58
1466,138
1272,85
1476,39
745,59
930,95
982,1676
788,97
731,105
1585,82
366,60
664,94
1864,23
228,37
1495,107
1652,94
1840,96
1860,99
669,68
1243,99
1447,85
1976,1679
696,77
203,79
1474,196
1977,43
1337,196
1191,33
1384,233
1403,71
1773,1693
250,17
530,63
145,91
1569,98
1271,68
1218,112
544,111
1189,1677
1023,1659
1570,1676
1683,87
819,84
681,91
1164,1632
245,60
144,59
174,107
582,36
714,1672
1961,59
1564,112
254,1641
1839,190
1146,99
656,53
1853,110
1914,1680
1131,138
1151,71
1597,105
55,66
471,1641
804,1663
1117,196
312,1641
614,70
464,1672
1216,1670
418,109
1406,77
1558,94
983,132
838,1673
165,1797
698,20
1951,101
783,1693
305,1654
1173,37
1082,97
1393,1660
346,29
1931,86
242,154
1168,1658
282,1233
286,1785
991,1657
449,62
1410,1233
1570,95
822,1092
231,1797
1521,67
1450,65
739,26
904,37
1080,190
250,53
364,77
1090,107
577,68
1019,1671
1294,97
1426,105
1669,59
458,105
1180,24
466,1676
945,1641
657,61
1087,1807
1804,1233
339,87
771,66
1506,61
613,1797
885,32
865,28
1364,50
409,54
1782,24
545,1807
1352,1641
92,58
1496,1672
746,43
337,1641
1098,196
1724,112
1359,31
495,28
403,1666
1832,1693
1046,1675
1117,89
451,90
1711,1679
1946,89
201,1639
1874,1632
1945,103
417,79
1102,1658
413,59
1176,1639
1841,103
1898,80
1077,1693
379,138
202,1665
1590,1785
986,1
720,93
1732,110
170,50
1514,1659
565,75
1465,85
1081,37
1029,1657
1731,63
295,1663
796,32
193,29
1460,79
1765,196
1214,90
772,73
122,28
858,1672
1838,1807
1143,65
449,1665
933,43
168,107
573,1760
1773,91
1924,99
1602,69
1469,90
1398,32
140,64
621,1657
1122,190
1032,138
1912,1092
258,23
704,75
1274,101
1425,1657
1635,100
352,85
1492,131
1407,16
486,32
1320,20
220,84
1982,1642
941,20
1058,1092
1811,638
585,58
964,1639
1359,66
1681,1642
884,98
1970,37
1899,73
1700,1658
1596,111
1467,37
1524,50
1789,1658
451,54
755,100
560,86
394,154
1281,42
1542,1659
1945,67
1395,37
1756,58
1391,17
949,110
1290,106
1418,39
1699,138
157,1663
1944,35
1176,77
1034,23
1816,29
1944,82
1309,32
1722,1663
696,33
625,77
700,633
203,51
189,109
1646,85
530,107
511,70
1090,83
1644,1693
981,1671
1241,86
467,85
140,100
431,1639
679,1233
885,24
1458,64
908,97
1155,32
770,94
1530,1666
548,95
514,91
1047,103
339,1670
1131,62
1282,84
328,73
1363,35
1036,75
1605,1654
1121,85
346,1665
349,638
1814,41
1690,107
1415,54
1953,1675
503,1642
916,31
792,101
1126,32
464,54
1847,64
1746,85
1140,196
1626,1679
721,82
1921,119
1850,87
1519,96
1799,114
683,26
443,1233
1944,63
911,58
1447,84
592,80
1604,105
616,86
1745,53
345,96
213,1668
1394,93
598,53
1464,83
250,1659
753,60
225,1659
1882,105
1703,69
1440,59
1133,98
1468,1673
273,190
409,1698
748,23
1541,28
1706,93
838,32
487,82
144,60
1800,105
812,1675
224,1630
12,67
146,1785
480,83
466,90
433,99
490,84
1228,638
1583,68
1202,1668
1129,1660
817,86
1600,35
1748,91
314,56
1221,37
754,1658
688,84
528,1785
1816,1642
34,58
533,84
532,1657
768,75
508,84
1912,66
1082,110
1689,62
1069,1656
181,91
1068,77
1218,638
1880,1679
261,19
1499,75
1742,53
1822,28
1343,59
1163,1665
318,190
944,1785
1757,633
1560,43
1765,94
715,1642
1181,61
1557,1654
527,95
1544,1663
991,98
1346,111
425,69
1882,77
1531,41
1389,75
1635,1679
402,1667
1432,1660
1403,1679
1218,85
297,131
279,23
1422,91
1939,111
1223,196
983,1807
397,104
141,99
1074,1671
1934,33
363,1656
823,1668
1697,1667
1091,1676
1855,1654
1715,35
287,60
804,106
1786,84
1145,68
405,33
1553,93
462,50
1222,64
1448,1641
1359,105
1913,79
1012,68
1933,138
869,1673
1918,1676
1852,62
1453,37
614,99
266,91
1794,99
950,33
698,70
1783,1671
276,16
1382,100
822,239
0,82
1106,90
1357,1670
1841,1785
1931,1659
1689,105
805,1092
1309,1672
853,1660
1689,26
1210,63
1704,1797
1722,82
858,85
308,54
147,112
1232,1630
1243,1670
1954,33
351,1
1427,16
1556,51
763,62
1855,65
165,94
1347,1666
1275,91
672,110
1451,1760
1029,110
1086,17
478,190
1014,28
1043,190
340,59
1190,51
539,111
1792,1639
553,95
1947,1797
1013,77
1368,1672
1463,1663
197,112
1631,1673
1800,33
1891,96
656,239
1615,1641
1045,1675
352,86
1478,1671
743,58
1354,109
642,33
921,110
1728,33
493,1676
1491,61
695,85
736,42
628,104
939,1679
359,1632
968,109
626,633
348,1675
1011,17
1697,1092
1816,1698
14,1632
1910,1642
1007,69
1011,190
1491,1672
356,73
1210,96
346,35
495,1670
194,239
285,196
1581,64
1129,1
982,239
703,131
355,17
160,1
911,86
1009,28
402,66
260,36
759,104
193,79
1081,64
1745,89
1191,63
1859,1797
1531,96
118,131
8,36
839,97
1835,104
1399,41
648,20
1717,68
530,104
919,190
1436,68
434,36
1168,633
1598,59
1857,99
1365,1632
1881,101
46,24
1431,33
1051,69
1843,33
1971,20
1112,85
467,1630
784,16
1317,138
1216,51
224,77
1681,95
1776,91
12,190
1634,89
1980,77
717,1663
224,60
595,31
1511,85
1477,69
1795,96
903,63
172,75
1524,23
1399,1233
356,1807
357,82
1831,1092
1978,1672
1073,90
684,61
295,109
25,633
1699,75
135,1668
288,1797
1230,67
542,65
265,59
1870,19
275,110
1864,104
418,1658
76,66
324,1092
1138,196
472,239
1879,33
749,54
1745,69
1071,633
1147,239
1132,633
635,51
800,108
287,1654
203,1659
8,1659
1931,633
742,1092
122,85
483,1679
430,1630
1821,138
1878,69
1166,65
734,71
1118,233
487,77
1891,43
1985,50
525,41
690,104
710,111
1247,1632
895,33
989,60
1554,1676
1967,119
1824,239
676,58
1711,114
865,103
395,42
1302,77
92,80
1487,67
1563,1668
1010,638
1221,36
1576,77
1922,73
812,95
1140,59
0,119
441,43
542,131
1293,633
1955,96
568,1658
949,131
1813,1630
1395,111
1338,98
613,103
1662,98
503,67
1229,93
1929,1663
1604,63
298,41
1954,26
1718,35
227,1657
1685,154
1590,233
966,1659
531,42
1926,239
1323,70
421,190
885,1657
4,106
887,31
527,94
1835,35
1346,108
1953,60
906,1693
672,67
530,33
1764,106
860,1092
399,1656
1436,29
577,90
1042,132
1575,50
202,1
705,190
1976,233
1062,82
400,36
481,79
1459,66
710,56
842,64
1321,101
1749,109
1877,24
22,94
1541,1698
1583,91
509,108
888,75
1563,1632
1026,103
675,111
1221,24
1392,1658
475,66
1073,17
1552,50
230,1668
229,95
1046,1656
1140,31
533,119
1837,96
1055,1675
167,110
1638,20
1361,56
831,84
959,99
544,638
214,62
1617,1807
1431,1797
274,131
571,1659
1712,101
1732,104
1661,94
1954,62
1081,43
142,37
517,103
1451,233
1949,106
1570,97
658,63
1322,86
1290,1672
1717,111
1298,239
1436,97
392,1670
819,97
142,1698
866,28
1834,239
1189,73
362,190
1270,108
433,89
490,26
613,1672
1577,33
1725,105
254,66
1786,105
257,196
1236,138
120,98
262,1659
1805,98
176,99
874,70
929,1807
1804,94
280,1
1060,190
450,1693
256,58
1865,41
708,80
1079,99
1409,19
494,105
499,1665
778,98
1476,93
640,79
1523,26
297,1660
460,24
1385,29
579,82
840,1670
369,82
773,190
1139,1671
858,54
1176,79
1604,119
1015,108
1617,132
270,75
1005,86
1674,69
402,67
1930,43
1508,51
785,1666
217,64
445,80
800,65
1959,53
936,1665
1593,77
1599,99
151,19
890,59
1787,112
1645,114
1378,54
780,86
1061,35
1735,1659
159,56
931,83
1587,84
921,73
1132,1807
1426,1666
234,138
968,59
1504,93
1196,1667
475,29
978,1632
304,1663
465,103
266,16
299,1663
694,112
1177,90
1049,16
1513,35
835,75
546,42
1983,1666
1864,26
768,1659
1840,99
1239,99
541,1698
1253,131
156,43
1370,97
1940,53
1769,1673
1522,100
1128,51
1299,20
1427,75
1246,1639
175,95
222,94
544,98
943,90
3,1675
1740,95
396,190
1449,50
221,32
1526,83
690,105
932,62
552,90
1179,23
1625,75
1297,1660
433,97
1653,1693
642,119
1964,1092
790,39
522,1665
1064,68
1943,94
955,85
4,1807
72,29
1382,239
78,23
1572,1639
1329,66
566,107
513,29
1197,75
1969,50
1055,61
763,1659
745,20
1560,1797
934,1630
494,33
1025,107
1888,61
1481,633
322,1
1925,633
143,29
1035,239
1543,79
1013,1666
1209,65
712,1639
771,1658
716,87
1736,1658
502,56
482,1673
910,83
203,1673
401,65
739,31
1578,1660
1929,58
1626,84
540,75
1770,1668
1137,1
803,1675
1318,94
430,1659
990,63
3,51
1042,20
553,97
457,84
1052,93
515,61
912,31
1448,97
1715,37
1843,24
1848,1666
871,95
431,1678
1786,82
558,1675
1573,16
1151,100
404,233
921,1
1164,75
1791,84
1405,1785
1448,1673
1500,66
1396,19
651,70
134,1668
1979,20
205,37
81,95
617,61
1533,119
959,1656
285,77
300,1678
1780,95
1310,112
887,1659
1280,35
1044,68
825,138
702,83
887,77
213,110
1317,638
1336,233
142,42
857,1630
983,1630
824,61
621,50
1972,1785
752,190
1928,1663
937,28
814,1678
1640,132
511,60
245,64
1095,108
1958,42
966,32
1631,1658
396,70
525,31
1820,190
1568,79
1474,638
212,1665
1041,65
1045,1673
955,1667
528,43
1700,1671
656,112
1192,66
183,93
405,67
1002,1
1012,90
373,1760
1348,1672
1596,106
722,19
1093,32
964,84
134,60
1572,82
135,1698
