138,735
820,23
289,22
200,2
454,680
438,12
663,22
741,786
685,5
946,38
748,785
512,10
550,27
271,19
475,9
722,10
80,12
478,6
639,4
34,8
737,4
901,25
483,38
253,826
198,16
491,38
200,772
755,680
570,25
866,38
704,815
890,826
212,735
781,15
213,2
139,9
89,12
344,772
698,735
474,680
50,27
610,35
460,16
244,680
499,23
7,22
265,6
339,11
525,10
857,23
1003,16
621,22
895,6
290,6
697,11
401,9
644,680
922,22
944,23
871,25
194,23
654,12
397,93
694,680
454,22
739,785
59,9
975,15
300,680
778,735
743,35
561,786
528,16
395,11
952,38
592,680
594,785
556,19
902,35
830,11
263,16
1001,785
546,25
285,35
766,19
237,735
183,786
900,93
574,12
818,15
103,27
658,27
201,23
591,680
500,5
562,8
871,22
62,772
394,35
750,11
822,35
587,16
607,93
737,22
148,22
422,38
901,11
355,1
762,22
531,2
968,680
345,27
731,785
96,9
919,38
630,1
559,15
670,6
375,772
674,93
927,38
324,9
769,826
40,11
593,11
1011,772
867,11
493,772
575,785
918,815
979,815
780,772
655,680
339,25
675,38
818,6
325,22
1006,9
898,772
648,4
118,2
814,735
229,5
565,22
711,27
784,9
254,23
516,27
809,23
352,11
281,1
355,6
135,735
106,22
344,735
109,11
272,785
147,786
494,10
973,23
920,93
260,19
813,35
849,9
814,772
852,2
506,9
14,38
142,27
161,15
164,12
953,27
864,5
756,19
535,15
958,772
957,772
103,9
506,786
985,93
472,8
732,4
77,772
315,25
226,11
426,12
44,6
135,786
800,785
301,38
982,9
947,25
375,35
584,19
858,11
733,35
294,15
541,6
319,680
713,15
624,9
0,19
435,785
790,815
738,1
757,680
611,680
940,786
62,735
689,22
470,10
199,23
717,11
535,4
1010,23
850,35
100,19
482,9
892,23
140,12
126,680
769,15
1006,27
882,93
993,38
541,772
928,680
1001,38
412,38
513,2
569,93
291,25
770,38
402,12
984,25
358,35
159,22
489,23
514,35
396,785
534,38
960,2
120,735
542,38
337,815
307,38
72,23
662,785
238,25
665,38
888,815
524,786
302,826
104,93
621,680
433,23
140,11
273,27
312,10
846,22
575,11
633,16
686,10
189,785
905,27
155,27
47,25
461,12
251,15
667,826
470,826
307,785
215,680
56,15
113,735
720,22
405,10
631,815
748,9
328,25
970,680
383,38
242,12
996,680
960,25
427,735
998,10
176,93
232,10
567,35
92,815
753,35
186,10
939,15
208,19
371,10
942,8
544,2
368,772
241,93
521,680
502,772
963,786
893,2
712,93
676,35
56,22
988,826
20,4
844,23
662,10
612,11
352,23
738,785
389,735
726,23
319,8
32,15
745,27
566,27
474,35
862,8
60,2
744,786
936,25
535,19
539,826
792,680
939,4
668,11
617,815
413,735
397,27
953,826
165,15
865,6
976,15
903,785
705,10
870,785
911,27
473,11
509,786
609,25
698,27
476,16
773,6
1007,23
501,8
563,5
798,22
963,680
875,826
547,786
750,826
896,10
430,12
664,22
637,785
104,35
67,815
763,23
838,8
50,35
271,35
418,8
662,826
825,5
495,10
650,786
286,19
878,2
715,25
989,5
73,19
1007,785
830,826
523,4
583,38
253,735
841,22
144,680
473,12
87,93
141,15
316,27
869,27
906,23
245,785
798,25
391,22
363,16
881,8
129,35
789,826
406,12
543,826
638,22
603,16
304,23
533,735
897,38
332,10
153,680
333,735
261,2
690,10
945,786
912,16
570,826
1010,815
369,11
943,6
88,2
141,8
694,38
126,19
495,826
168,772
999,815
585,2
487,27
452,15
1005,15
992,12
168,9
791,35
95,27
884,10
561,25
924,27
502,11
174,35
467,23
985,680
14,23
159,735
359,93
749,10
471,772
120,22
182,35
258,6
246,12
446,9
397,6
288,785
422,22
209,16
483,4
780,22
17,680
752,16
695,735
662,22
424,11
795,12
227,11
906,25
356,826
565,772
487,735
625,826
366,9
921,9
776,772
650,2
727,16
431,2
268,27
860,10
878,786
828,35
974,6
776,9
61,1
392,680
465,22
283,11
235,786
610,826
475,93
369,5
40,772
830,815
30,9
397,826
487,786
570,2
770,23
274,16
592,27
573,23
922,785
795,5
351,2
601,680
67,4
487,9
986,815
328,35
203,11
439,785
774,11
746,25
543,785
106,815
109,680
974,9
616,772
339,680
394,5
305,19
433,38
184,6
438,785
629,2
333,16
300,786
248,35
172,735
583,10
88,23
432,815
417,93
876,16
681,6
348,6
166,5
59,93
370,23
153,16
371,786
817,9
691,93
449,23
820,2
252,23
289,27
823,23
536,4
610,23
496,22
132,12
762,785
905,735
621,735
268,9
881,815
474,786
308,826
700,735
974,16
703,9
872,11
548,826
915,25
937,4
684,93
281,35
706,772
323,15
824,93
752,5
716,27
627,93
115,826
868,785
850,772
153,25
617,23
908,786
302,1
928,11
488,93
731,11
820,9
749,680
696,23
682,22
277,786
956,6
978,23
561,5
959,11
80,785
502,23
7,35
160,815
870,9
414,35
895,19
440,15
993,15
441,826
243,15
722,16
922,5
374,93
727,826
712,6
416,8
1006,680
222,1
444,11
528,35
802,11
876,6
951,35
435,815
495,680
519,735
521,4
481,10
410,6
926,786
928,2
216,735
249,22
89,10
931,15
549,9
127,680
292,38
40,23
114,2
734,15
339,5
157,22
431,38
658,38
364,11
789,38
58,16
440,22
48,38
563,786
817,680
86,23
505,785
950,27
588,826
419,10
790,15
222,8
385,772
666,9
1011,27
796,815
320,16
410,772
736,680
456,5
666,786
719,12
1001,815
139,8
197,786
456,735
971,93
934,35
21,735
776,93
225,6
958,735
65,10
265,5
838,826
361,25
253,27
550,19
326,772
733,785
367,23
636,9
319,815
841,93
182,786
454,23
256,10
516,22
390,815
466,10
247,25
713,27
913,6
434,35
694,23
879,25
74,10
185,5
642,9
306,22
223,16
630,15
122,680
928,16
956,19
578,826
522,680
389,4
262,786
452,786
805,786
550,735
475,6
276,93
442,735
204,5
758,786
318,5
503,27
784,19
858,6
34,27
765,815
715,38
382,38
111,27
330,8
740,38
688,4
997,6
444,16
959,772
72,735
987,16
491,23
879,38
605,22
1007,93
331,27
986,735
630,6
667,8
28,25
139,6
507,826
272,16
806,8
326,680
697,785
386,735
522,6
189,10
723,785
120,826
250,8
821,10
290,25
112,25
884,772
744,25
944,6
1002,772
346,38
183,8
352,12
812,5
685,785
997,15
389,815
528,15
984,12
410,785
713,5
89,680
436,785
623,815
404,826
630,25
528,772
156,93
28,16
855,22
581,6
568,5
1005,826
533,680
877,5
251,786
687,772
29,15
485,2
140,22
821,19
472,9
754,22
95,786
648,12
831,772
866,786
633,5
313,735
797,10
636,22
266,25
728,815
858,8
17,35
56,2
419,38
615,2
980,826
201,815
220,10
976,680
852,10
356,23
730,772
470,11
309,785
199,22
606,25
991,10
793,23
316,786
373,815
707,12
190,815
928,826
840,22
859,786
567,93
986,93
1010,785
954,2
459,826
976,27
705,38
523,27
47,19
358,815
144,786
415,735
56,9
346,815
699,826
220,735
498,25
775,826
886,22
637,10
195,11
655,10
70,35
382,785
553,11
328,680
664,2
503,8
973,8
258,815
1000,772
677,772
199,15
492,27
167,38
850,27
152,826
137,23
1000,9
374,19
507,11
967,10
458,22
717,735
683,12
133,680
575,10
315,22
924,786
41,6
884,785
504,93
66,6
409,93
51,93
415,19
254,9
570,93
720,23
455,786
96,785
316,15
541,23
501,5
674,15
87,38
839,680
255,735
257,2
593,680
631,735
107,35
932,826
310,9
1010,6
739,19
100,2
942,9
325,9
143,22
273,19
491,785
366,735
1011,93
387,23
190,23
228,785
548,23
1004,4
180,9
844,16
49,19
883,23
424,16
903,680
464,785
319,11
158,826
948,22
677,11
788,2
220,23
455,6
242,4
629,680
353,15
446,735
564,38
730,785
208,11
671,9
840,11
992,785
239,11
115,25
137,772
121,680
412,12
486,15
526,9
72,815
17,15
933,9
75,785
220,785
422,680
773,5
405,27
850,815
101,785
156,9
798,23
267,22
563,4
600,826
909,16
836,785
456,93
183,815
438,93
404,680
420,35
522,93
64,93
946,23
51,735
363,785
14,10
489,27
36,19
399,25
936,1
418,9
221,9
828,23
371,27
961,15
122,5
729,27
322,22
286,16
431,680
234,826
329,786
347,2
384,8
937,38
79,12
300,815
962,38
526,16
340,35
998,680
641,826
855,785
841,680
566,785
202,12
348,35
497,735
352,38
44,735
136,93
634,11
963,93
89,35
252,12
363,19
734,38
57,10
721,19
188,2
353,25
499,38
304,8
857,38
824,815
107,22
172,23
85,786
656,785
878,10
682,785
458,10
222,35
187,15
890,9
249,826
128,4
199,785
313,8
829,772
459,25
224,8
558,93
259,826
856,8
70,6
363,8
132,16
685,38
759,35
995,735
689,35
463,93
502,8
946,9
910,35
552,826
335,23
390,93
982,826
285,735
989,22
347,16
422,23
333,680
980,772
583,23
730,12
288,23
625,680
555,785
166,8
617,35
191,16
563,27
504,826
410,35
219,772
474,4
771,38
663,12
477,25
539,2
282,25
104,25
85,25
748,815
491,680
132,772
900,4
577,815
742,35
283,10
175,8
910,815
530,9
986,10
641,10
305,25
333,22
79,27
209,8
656,4
50,815
125,735
752,8
237,5
437,8
115,815
657,27
931,27
181,19
716,680
18,10
165,772
663,5
95,8
242,35
114,22
539,27
925,735
708,772
698,680
258,25
80,25
431,785
712,25
61,735
170,38
333,15
872,735
173,27
930,35
694,8
570,10
829,815
77,10
351,10
153,23
958,38
941,22
742,772
462,11
524,2
452,680
966,38
625,93
915,826
474,22
496,23
539,16
1012,93
228,25
502,680
907,27
90,38
271,15
515,27
882,10
39,35
80,16
246,22
504,38
250,93
801,16
768,786
696,826
256,38
737,8
937,11
666,4
262,12
980,785
765,5
255,93
976,735
683,680
868,786
388,15
188,10
617,22
47,735
891,6
302,6
673,772
820,10
324,23
289,19
909,38
549,15
1002,15
197,815
366,35
663,27
623,8
43,12
672,1
857,11
33,22
125,93
954,93
775,25
280,4
133,19
690,38
836,25
747,27
925,23
361,785
416,9
861,15
679,8
111,15
629,19
613,772
854,22
837,38
804,815
716,19
227,38
428,93
879,785
734,12
167,15
960,815
425,15
560,735
910,6
968,9
897,19
364,4
493,93
761,35
543,10
601,23
925,16
193,735
129,826
466,16
379,785
69,815
948,38
52,19
198,22
18,680
1009,16
829,826
773,93
648,826
481,2
64,22
834,93
264,35
888,9
877,25
753,11
932,785
438,5
349,11
646,35
223,785
978,6
7,16
45,786
499,25
981,11
154,11
485,22
747,786
399,815
808,4
44,27
651,5
562,15
174,772
747,9
343,9
256,11
241,22
761,815
722,735
387,93
317,772
743,93
466,11
378,786
514,93
74,11
185,4
223,19
461,772
557,815
778,19
781,6
324,12
695,15
127,2
864,9
572,826
347,735
99,772
867,4
65,2
746,680
671,38
322,38
892,4
851,680
658,25
537,6
516,785
404,11
540,680
242,772
118,9
562,6
66,35
83,25
744,19
86,38
676,2
343,6
787,1
750,9
366,680
676,735
148,16
169,826
948,815
441,10
43,785
392,23
691,16
984,6
531,4
217,38
591,38
367,680
406,93
227,93
852,5
619,786
232,16
359,23
603,35
859,93
396,680
953,16
45,772
707,1
300,12
339,27
7,6
359,786
394,815
910,27
876,735
571,785
256,772
902,826
942,93
177,680
216,8
676,9
587,11
750,16
787,6
203,680
269,2
562,826
45,38
615,4
119,35
926,10
306,9
309,12
220,12
96,2
938,9
24,735
902,19
559,22
618,785
232,23
142,25
53,23
571,19
953,25
186,680
297,16
78,1
889,1
967,23
932,11
236,35
368,785
41,27
387,35
118,27
229,12
1001,35
871,6
513,15
17,735
626,93
205,19
390,785
378,815
624,11
344,680
494,19
791,11
331,8
260,4
778,12
670,680
449,815
374,772
323,786
509,35
348,826
275,10
828,12
558,680
261,35
596,16
374,25
51,38
287,772
843,2
537,25
277,680
905,16
744,8
872,93
390,23
486,27
50,680
17,27
56,10
205,12
494,785
464,735
945,10
428,826
837,12
106,6
624,2
380,22
881,735
824,15
846,815
186,772
79,786
232,5
871,680
396,8
1010,12
828,11
848,772
481,826
78,19
297,2
657,735
125,12
622,826
552,93
290,35
112,15
661,16
510,5
41,5
539,735
754,9
902,815
908,2
984,680
858,27
911,23
202,16
590,25
720,8
441,38
311,93
316,8
245,772
637,2
267,27
674,12
106,1
677,1
899,27
96,23
1011,680
82,22
835,35
377,785
874,10
232,12
998,8
714,6
532,1
238,38
704,16
579,38
411,680
732,19
325,8
115,19
944,35
247,93
375,8
851,826
180,10
94,5
701,35
540,826
192,680
45,10
709,35
710,772
748,2
677,10
970,4
71,826
886,815
980,93
174,12
467,2
446,785
50,38
640,10
310,1
985,785
162,8
398,786
273,11
789,93
609,772
629,35
188,815
523,1
635,772
597,10
705,8
209,35
656,25
433,826
969,38
220,786
977,38
227,22
836,786
161,815
660,93
514,10
517,15
738,35
721,25
117,38
135,22
766,38
14,11
234,680
625,8
776,22
408,16
319,785
504,4
122,2
912,27
875,23
329,785
54,680
607,25
76,10
921,680
666,38
647,8
79,15
872,815
190,6
448,22
965,735
656,16
548,6
967,826
415,9
56,38
609,16
511,5
42,25
684,19
958,11
280,772
745,11
563,12
414,772
107,786
828,786
613,4
887,16
193,12
339,93
467,16
359,38
269,826
589,27
900,23
773,815
60,815
461,93
408,23
690,8
233,6
820,785
927,735
898,93
774,680
635,786
941,815
138,19
321,785
927,785
50,826
583,25
894,785
752,27
473,27
313,15
847,19
331,815
483,772
687,15
887,786
391,9
637,38
32,22
892,735
802,93
559,826
227,4
823,10
555,680
610,8
402,815
721,11
539,12
43,35
479,815
406,5
921,6
193,5
636,815
378,11
675,19
803,38
254,772
308,815
465,19
48,5
530,15
604,10
839,27
695,680
347,19
311,9
918,19
480,11
372,9
743,10
780,16
819,23
286,772
416,93
987,35
622,23
237,11
219,93
866,6
757,815
350,826
191,19
429,772
449,27
620,25
156,23
1002,19
181,9
474,5
41,735
832,9
481,93
67,772
640,22
860,4
418,19
80,35
703,5
740,785
406,785
504,25
801,5
86,9
712,19
877,786
291,93
533,11
411,826
138,5
984,93
965,5
490,785
876,27
659,16
1006,772
163,23
583,15
717,826
955,19
459,22
77,16
856,23
748,93
341,38
768,35
366,22
827,93
349,38
192,826
541,680
120,786
157,9
638,9
1010,93
665,27
480,735
649,772
614,22
872,6
798,786
527,815
1008,11
167,826
944,680
671,815
284,35
212,11
937,772
385,10
299,19
249,10
563,735
67,15
620,15
861,680
327,12
474,23
644,815
496,8
366,25
574,23
685,16
690,93
450,12
175,786
268,11
364,23
935,23
443,23
465,6
108,12
950,15
915,27
935,786
510,93
141,815
41,93
666,5
1011,15
463,786
64,772
962,2
980,786
765,4
28,826
783,16
750,680
273,815
757,826
866,19
350,815
64,25
891,25
696,25
695,35
931,8
716,786
94,735
438,8
291,735
425,5
232,826
546,772
564,16
104,15
531,786
271,23
789,27
240,4
499,785
283,16
1001,93
105,16
108,11
184,22
972,23
519,23
740,11
666,12
354,785
561,680
981,815
873,27
545,35
160,15
694,27
716,12
74,6
383,16
792,15
719,1
423,19
939,826
101,815
559,680
373,735
375,826
670,16
726,93
413,25
605,772
988,38
92,19
21,25
796,11
599,11
907,735
13,815
932,16
678,35
935,5
789,735
404,6
243,22
133,27
426,23
924,826
83,10
229,23
409,680
431,815
37,10
57,785
314,826
792,785
170,16
688,8
284,8
765,22
395,23
605,2
272,815
716,11
347,680
383,25
185,2
410,15
528,785
139,10
232,35
178,35
324,6
50,22
842,10
200,12
932,786
432,16
644,772
989,735
149,93
225,4
890,680
818,19
981,10
253,25
697,8
308,785
808,5
269,15
969,22
20,93
972,5
294,25
519,5
44,785
701,12
688,15
762,10
710,815
713,25
802,27
345,23
273,786
109,22
534,25
913,4
13,10
938,4
249,38
85,93
213,8
943,735
593,23
171,815
26,38
621,12
179,9
821,15
512,27
436,35
0,815
130,735
182,22
993,16
70,786
540,22
448,38
947,12
144,815
181,785
441,9
354,826
981,826
395,5
306,15
990,680
77,38
263,10
728,12
302,35
28,27
857,680
453,93
458,735
682,8
793,11
479,680
225,22
575,786
522,4
762,826
618,16
818,5
967,25
515,680
843,23
365,786
207,19
158,6
674,826
34,16
587,10
784,12
994,735
794,93
355,11
559,735
504,772
589,680
789,785
756,785
392,772
445,6
799,93
896,815
161,12
53,22
770,735
803,22
717,15
1010,27
917,2
624,735
704,12
153,826
742,25
100,23
506,785
303,9
50,735
658,8
697,35
163,772
1006,23
475,22
293,35
744,2
764,93
340,2
470,815
343,23
306,772
969,9
880,23
476,15
352,5
923,5
834,15
652,10
489,826
988,735
902,11
78,772
617,680
464,35
121,6
963,11
63,5
213,35
103,772
578,8
838,35
221,35
421,22
232,772
211,680
303,22
30,826
423,786
254,4
128,35
402,11
701,16
901,680
758,35
995,815
796,772
245,826
945,9
342,785
951,680
970,19
588,25
257,15
517,19
973,6
204,735
204,786
481,38
941,93
852,19
763,5
690,735
199,9
258,38
386,19
371,6
831,9
686,772
875,35
967,4
791,826
584,4
486,19
432,785
110,735
1007,2
332,826
7,786
745,23
50,93
748,4
877,93
716,93
627,23
810,22
813,11
82,23
63,11
741,35
851,735
161,23
72,1
770,680
535,23
275,27
208,22
723,815
100,12
942,15
525,93
190,735
840,6
586,93
54,735
239,12
439,19
387,25
905,1
47,35
733,11
291,8
662,9
94,10
296,93
962,815
450,785
485,680
948,16
70,19
751,22
970,5
511,680
476,785
41,815
995,23
279,680
428,38
139,93
568,35
489,16
382,735
825,1
148,680
628,5
39,11
903,23
172,35
727,772
176,38
582,9
433,6
550,38
54,27
572,23
76,12
937,35
597,9
890,5
66,22
673,38
583,735
490,826
141,19
434,680
128,8
844,9
348,38
560,11
706,38
227,25
45,2
179,785
342,826
588,6
788,11
402,826
684,786
353,6
499,35
776,786
193,10
304,19
512,93
489,25
60,785
186,27
776,23
579,23
48,8
601,38
529,735
767,12
969,93
289,786
152,22
483,27
412,5
822,23
272,735
609,23
511,4
792,38
773,12
990,35
973,815
113,10
449,8
86,786
782,815
178,19
394,25
181,6
992,8
304,10
14,19
310,16
75,35
721,735
703,22
335,8
465,25
961,6
654,35
693,12
604,12
197,23
808,826
843,38
510,38
989,27
458,8
878,8
668,785
794,27
544,815
262,38
816,4
743,12
1001,8
30,2
656,8
472,815
681,16
42,1
579,826
212,772
742,785
267,6
983,25
341,19
363,10
400,16
699,27
292,6
591,25
610,9
721,10
760,27
154,35
924,22
675,735
13,785
789,6
240,25
131,785
776,5
652,680
209,786
579,5
504,19
446,12
413,786
530,12
51,19
112,35
833,815
461,38
279,35
707,786
483,9
262,25
943,8
656,15
819,22
732,826
770,27
239,815
20,27
573,27
459,16
758,25
479,93
227,12
116,23
133,772
1002,16
699,16
203,23
644,826
774,23
43,27
615,785
800,35
564,4
396,35
381,38
678,4
860,5
295,815
974,5
776,12
207,35
740,786
137,35
543,16
599,680
801,4
465,11
912,1
197,25
604,2
715,1
588,785
419,19
626,19
175,10
58,772
422,12
829,25
101,8
412,735
930,38
159,93
570,1
404,735
459,9
277,2
758,16
388,27
795,6
169,680
674,35
1002,27
421,93
884,27
43,16
835,12
428,1
196,680
968,22
664,815
475,38
974,12
614,23
468,15
379,9
73,12
751,785
832,815
137,815
262,11
190,35
248,38
616,12
765,10
879,6
755,12
3,19
866,25
976,815
919,1
212,785
516,680
496,9
956,10
295,38
499,4
566,680
860,27
935,22
477,815
993,11
294,815
689,786
465,5
651,16
601,11
468,22
712,2
184,16
274,772
311,23
519,25
426,815
901,19
725,772
669,23
176,826
599,815
49,12
362,93
605,15
681,12
592,12
77,1
224,22
388,9
191,9
836,680
931,11
438,9
632,2
867,19
406,38
857,9
1003,38
450,4
253,6
788,826
92,786
271,22
169,15
80,9
543,15
319,826
305,2
712,9
972,16
111,9
441,680
173,11
247,4
377,93
49,5
234,11
487,826
805,11
991,815
632,772
706,23
172,786
908,772
525,786
909,93
855,15
928,5
731,5
660,15
517,93
114,1
578,93
248,680
265,1
68,5
654,772
648,19
922,11
780,93
946,735
654,9
34,4
400,785
330,5
790,2
862,826
355,23
120,6
284,9
505,25
287,12
967,772
694,19
492,735
630,11
136,16
781,11
50,23
966,9
142,10
953,4
934,38
991,19
1011,826
460,12
928,785
874,815
766,785
367,16
759,786
851,786
944,11
429,2
747,11
654,16
639,9
343,11
201,680
148,11
259,8
44,786
225,680
264,93
263,785
830,15
632,786
728,6
985,38
839,786
435,5
348,815
593,22
386,12
961,93
300,23
140,680
603,93
414,27
621,11
1006,10
895,11
367,25
497,10
993,23
390,735
562,4
526,38
512,785
750,15
254,16
183,12
441,8
812,9
926,1
195,25
802,19
528,11
198,6
971,680
827,25
147,785
888,25
652,786
445,12
432,15
103,785
164,1
457,25
756,16
848,785
723,735
522,5
646,19
228,38
873,815
103,12
594,38
135,785
545,93
908,23
177,27
711,23
622,93
733,38
1008,38
862,815
576,826
241,6
422,93
541,9
357,786
639,826
602,9
179,815
862,16
367,772
791,12
761,680
171,25
136,5
445,5
263,2
960,8
323,815
877,2
272,10
660,35
988,11
290,786
457,2
496,35
152,815
596,11
214,8
90,10
491,815
112,19
628,815
807,680
510,25
497,4
229,10
249,785
358,93
858,23
362,16
913,93
254,2
56,5
352,6
405,4
613,815
541,2
834,12
192,10
230,27
602,16
720,785
862,27
220,5
421,735
849,6
260,6
208,735
136,12
370,35
525,815
927,16
779,25
1000,5
70,772
95,772
870,735
744,735
835,680
214,772
213,772
251,10
911,8
87,815
88,35
239,772
916,815
994,27
62,38
541,27
998,786
837,10
106,4
568,785
508,93
474,93
553,8
951,22
26,735
633,826
616,680
709,826
356,25
985,2
72,27
128,680
988,25
625,27
75,6
1010,10
186,15
386,16
535,25
958,826
371,9
816,735
525,35
322,8
196,786
802,680
547,10
361,680
549,786
949,93
112,1
794,4
279,1
1001,19
69,8
1004,8
362,735
933,4
405,22
155,786
909,27
748,5
822,772
414,785
32,12
970,27
881,25
517,27
591,4
847,772
852,27
407,786
874,8
714,4
255,786
642,735
554,16
724,93
48,27
767,25
436,15
76,22
721,772
866,826
350,6
616,35
942,785
800,826
982,22
141,25
513,16
381,826
473,6
455,772
424,19
498,6
154,785
119,1
637,25
430,9
968,826
148,826
899,2
664,19
791,16
721,38
171,5
135,27
1001,680
599,93
124,35
196,27
714,15
532,10
72,9
678,25
640,12
275,35
769,680
863,23
417,815
371,23
247,786
433,5
769,22
274,815
905,9
796,680
66,23
893,23
397,786
52,38
269,93
822,680
326,22
538,19
684,22
649,12
958,6
906,735
834,16
392,35
267,11
969,815
514,8
899,11
993,815
665,826
477,11
653,8
603,680
14,9
967,93
418,4
880,786
554,2
421,9
739,2
117,815
579,22
137,15
690,15
211,16
103,38
603,786
582,1
767,15
964,15
273,2
275,815
187,11
26,785
79,9
387,6
872,785
743,22
871,93
102,815
893,16
215,4
90,815
642,93
237,23
274,35
988,772
609,22
773,11
600,772
70,2
414,735
255,2
57,15
699,5
992,9
425,38
741,93
392,815
450,38
567,10
878,772
642,680
961,5
523,826
214,38
551,93
628,785
816,5
743,15
64,826
545,12
356,680
127,826
719,38
150,680
795,11
45,680
355,93
798,4
563,23
249,680
752,786
70,5
381,785
39,826
406,27
317,9
118,785
502,15
394,786
896,785
1004,786
110,15
628,19
576,9
776,6
225,93
579,4
727,786
286,1
162,19
622,735
607,9
420,680
98,11
573,35
470,680
841,4
805,22
459,19
667,93
153,10
227,15
172,815
833,735
945,38
102,680
447,680
233,815
487,12
527,2
749,772
734,23
663,9
721,2
481,680
850,93
150,786
228,22
356,35
268,23
586,22
36,11
571,93
863,11
761,4
742,38
961,23
465,10
726,785
86,15
414,93
366,826
981,786
752,11
274,12
166,6
278,826
580,785
388,4
634,35
121,826
894,10
474,10
663,6
21,12
389,35
502,25
446,826
548,680
144,4
290,680
420,772
350,93
939,93
924,815
872,8
601,1
552,16
626,11
1011,8
314,815
480,27
777,27
573,785
962,9
943,25
765,9
177,93
343,680
414,680
126,8
842,786
659,27
424,680
553,826
861,785
536,8
956,11
496,735
425,2
117,1
43,735
870,10
43,8
104,10
124,680
675,8
895,22
897,6
293,27
367,4
611,16
133,23
614,15
394,8
804,38
454,38
330,16
222,2
669,22
943,38
765,2
967,785
52,8
1009,27
556,35
370,10
795,23
64,27
289,16
549,12
509,10
402,785
1011,815
832,16
928,772
981,6
732,38
860,19
145,786
957,680
996,8
467,826
601,19
105,22
983,680
984,815
269,27
416,12
471,35
32,786
40,680
737,6
883,35
790,8
170,23
62,25
64,680
447,10
837,35
876,2
913,8
805,10
456,2
879,23
592,4
994,680
442,93
961,772
84,93
302,12
235,27
806,27
40,27
276,785
867,27
43,6
762,815
599,5
925,786
512,15
787,826
993,4
757,35
775,19
540,2
922,8
83,12
784,25
750,2
587,25
751,815
679,2
848,6
24,19
259,2
629,25
7,826
284,10
468,735
395,9
469,2
713,22
508,35
398,6
664,35
3,9
595,22
260,35
778,23
210,8
249,35
546,27
820,27
235,16
142,11
877,22
518,93
278,12
300,25
928,786
599,2
892,8
411,38
179,2
253,23
271,680
843,27
367,19
44,22
84,826
676,6
343,10
382,35
441,6
385,785
353,815
134,35
762,8
873,11
802,25
198,12
708,680
50,15
877,15
435,4
717,27
457,23
438,19
300,16
546,815
512,680
611,12
775,1
668,93
744,22
266,19
512,786
516,25
812,10
762,19
802,16
951,10
420,5
973,25
494,4
521,35
667,12
171,35
99,11
581,25
965,815
986,785
74,826
510,786
956,38
300,15
543,93
599,16
103,15
140,27
983,735
179,16
932,15
109,815
275,772
41,23
439,9
812,772
636,27
267,815
158,4
347,93
257,735
720,38
294,9
812,1
541,8
997,11
82,815
45,35
284,23
984,16
415,815
417,15
270,38
494,15
39,735
884,38
633,815
445,4
651,786
929,735
75,11
628,35
275,6
831,5
29,11
412,815
596,785
775,680
229,9
177,19
784,5
711,15
87,785
897,826
703,785
867,680
832,785
668,680
192,11
886,19
858,785
748,16
896,35
420,11
223,11
349,785
359,6
1005,815
457,10
702,785
406,680
209,826
411,735
599,38
250,38
341,786
413,826
658,1
139,815
608,22
275,786
607,38
130,19
312,8
594,25
112,11
26,826
390,10
340,11
893,11
451,8
416,38
254,10
698,11
790,38
773,22
798,38
84,16
195,15
821,826
624,5
414,815
328,23
417,25
331,2
96,19
702,23
887,9
692,9
529,22
285,2
803,6
532,5
606,4
186,12
520,815
761,93
929,23
286,35
54,15
112,2
1010,772
594,16
686,15
775,815
316,11
391,38
674,11
106,12
161,786
1005,38
751,11
824,25
627,25
613,22
500,772
121,22
139,38
250,815
531,735
470,25
532,12
753,38
734,826
112,772
186,23
331,735
777,680
408,5
779,22
671,12
138,815
303,38
213,735
29,22
932,35
315,35
134,772
944,38
609,27
662,15
316,2
338,19
798,16
67,38
854,93
303,772
180,786
363,25
625,785
455,2
464,10
852,35
356,8
283,815
72,10
532,11
470,16
416,786
221,12
149,735
421,15
560,815
647,785
335,4
211,10
122,6
357,23
917,815
594,2
408,785
260,786
407,93
742,735
301,5
375,2
412,8
893,22
288,6
844,11
113,23
156,5
835,815
859,27
881,10
257,16
147,826
367,735
135,19
896,772
381,25
828,19
482,38
523,772
211,19
764,11
233,2
674,680
54,16
682,786
187,10
647,5
667,772
975,93
226,35
387,9
30,25
692,772
930,27
234,35
42,4
424,2
909,5
487,25
203,27
304,12
107,10
749,12
734,815
36,6
717,35
863,4
59,786
703,16
575,815
758,815
942,38
675,786
233,11
693,10
794,25
940,8
616,25
869,772
483,2
819,19
965,16
162,786
622,19
731,815
274,27
511,15
77,27
224,12
795,10
637,35
430,35
983,27
894,25
640,680
270,23
1002,23
111,785
810,8
591,27
223,93
995,12
846,785
924,16
856,785
104,22
28,93
567,2
971,23
147,2
703,25
614,27
485,93
875,6
693,19
290,93
915,9
917,826
422,11
922,93
671,826
841,11
325,815
163,19
201,785
952,2
990,19
573,25
649,38
904,826
69,735
767,786
988,93
453,785
292,15
203,9
663,8
95,15
845,15
685,27
406,19
870,25
746,27
48,826
638,5
799,23
987,680
821,38
586,23
897,11
329,6
475,35
961,16
831,93
579,12
999,1
429,35
430,772
692,735
490,19
141,826
533,8
555,23
422,2
740,25
372,19
854,1
484,735
692,785
783,15
570,15
435,735
829,786
701,93
919,10
351,9
706,8
580,786
249,6
341,35
456,680
21,11
774,12
685,735
478,786
816,786
411,93
472,93
789,22
539,786
811,9
406,815
703,15
246,19
467,815
639,23
914,680
330,22
1011,11
773,680
299,785
263,815
52,2
823,680
645,19
370,16
173,786
817,12
983,38
964,735
801,785
586,25
253,11
787,815
715,826
182,9
133,22
502,735
108,15
145,19
181,826
516,38
55,785
937,15
883,93
955,815
740,15
281,38
173,16
49,2
72,680
52,9
952,23
163,6
916,5
990,4
879,9
521,6
595,11
631,786
462,22
226,772
289,23
146,815
438,15
206,27
336,22
781,786
247,815
564,19
105,786
515,4
540,4
910,772
533,35
935,772
1011,25
173,9
395,19
472,735
641,735
802,4
805,9
370,2
64,19
906,38
462,25
299,2
139,22
546,1
310,93
771,6
756,5
899,93
834,772
339,8
925,785
29,38
658,35
290,9
678,38
401,10
897,23
700,23
516,815
404,1
478,8
80,2
944,22
636,15
194,22
654,15
214,93
969,735
269,19
769,93
552,6
476,38
846,93
386,785
975,12
83,786
959,680
858,826
220,35
203,93
3,8
719,11
223,22
728,1
581,22
124,12
89,22
324,1
200,15
127,1
593,19
525,4
176,8
981,23
414,22
253,22
808,8
500,4
195,815
379,23
950,23
256,15
330,10
537,772
920,38
94,35
562,772
136,735
968,786
0,4
148,786
494,2
719,16
188,19
191,38
963,25
50,12
682,12
756,11
828,680
557,38
408,35
335,93
7,5
232,786
189,12
985,815
359,785
361,5
70,785
90,6
805,680
833,25
170,772
207,23
503,22
216,5
306,785
587,22
861,22
343,2
609,680
936,680
59,4
352,10
81,23
724,786
762,16
945,27
392,27
984,10
123,35
997,1
531,8
652,23
0,27
87,25
987,23
1009,6
96,15
166,93
849,10
114,815
425,680
99,10
778,6
798,93
618,786
717,19
242,680
1012,786
276,815
389,8
834,785
550,6
608,25
240,35
537,19
919,680
41,22
226,10
581,826
982,8
158,5
527,786
565,16
415,35
343,27
266,27
69,27
898,27
678,785
170,8
886,25
390,786
206,785
778,772
563,38
284,16
216,785
488,22
752,93
205,785
683,826
940,785
260,25
854,2
121,2
285,15
506,19
124,25
695,25
698,815
606,27
571,23
272,12
593,6
535,5
560,772
693,35
414,11
732,2
643,786
201,11
608,16
584,25
123,826
216,19
451,2
291,22
498,27
81,1
923,6
45,27
760,826
192,12
343,815
159,23
531,22
970,23
53,785
553,5
862,25
494,23
810,35
852,23
357,735
321,22
191,93
285,8
912,735
72,22
695,22
953,38
94,680
239,735
961,38
118,680
125,15
507,9
143,15
201,12
52,785
757,15
372,35
744,12
893,735
730,35
254,11
555,826
609,8
883,12
169,785
994,25
758,38
904,785
834,5
319,735
17,786
242,15
421,785
759,93
887,8
356,27
393,23
196,23
270,826
783,680
532,6
269,786
238,35
1010,8
510,772
310,11
78,23
246,35
279,772
780,815
840,2
752,735
954,22
439,23
757,8
979,2
816,27
448,5
50,786
930,15
660,785
551,8
94,6
318,815
319,9
674,8
909,25
363,35
257,5
204,772
721,35
995,19
245,11
300,93
925,815
606,12
399,22
421,5
739,22
939,5
578,735
903,27
668,10
153,786
332,27
446,680
441,772
31,785
214,19
578,786
769,19
365,93
312,23
459,815
350,4
596,815
135,680
523,12
836,93
362,11
787,38
974,786
973,826
248,772
869,19
338,16
377,27
32,5
341,5
159,2
70,22
514,15
343,826
533,785
699,9
899,4
751,19
295,9
258,826
960,22
371,735
356,9
376,786
564,35
285,19
196,5
568,38
787,772
961,9
357,22
782,9
165,9
276,12
918,2
523,5
65,826
869,785
301,4
927,815
141,16
17,2
364,786
128,11
274,38
684,16
958,4
723,23
687,5
245,786
983,4
217,16
1005,23
18,35
970,11
517,11
886,826
558,786
464,2
485,815
161,38
567,15
532,19
129,93
936,6
794,786
979,735
766,815
804,5
110,772
471,11
458,12
918,5
903,772
595,815
152,25
982,38
965,22
508,12
202,9
773,9
977,19
248,786
501,27
341,23
823,9
972,786
278,93
406,6
813,680
65,93
836,735
502,10
104,16
231,23
196,11
777,772
63,35
915,735
678,9
110,10
589,23
776,1
280,38
668,23
443,15
446,8
946,772
801,15
782,27
658,93
569,27
604,15
328,786
533,5
804,12
574,772
166,785
573,772
940,9
465,785
545,2
943,12
584,35
305,680
141,2
622,16
656,11
326,6
375,19
1007,35
967,815
866,11
191,22
284,815
711,735
341,16
823,6
181,12
921,10
856,786
104,23
378,23
14,25
144,8
1005,772
314,680
776,8
172,11
853,38
763,735
305,27
108,35
347,23
384,27
480,15
79,25
337,93
339,785
30,8
158,93
752,22
53,735
990,735
153,8
931,25
363,4
767,680
514,19
92,11
21,1
425,22
208,93
600,25
449,786
141,680
218,10
381,35
453,27
911,786
700,12
974,8
335,27
172,2
85,815
122,27
712,23
486,93
490,16
73,8
382,2
381,735
274,785
60,680
829,22
995,786
616,8
43,826
49,23
966,815
77,12
370,22
831,680
498,35
388,6
264,12
795,27
86,826
894,8
344,815
474,8
520,786
630,93
427,815
281,680
317,25
393,38
157,5
104,5
968,25
949,25
515,25
401,38
293,16
811,8
614,10
577,785
429,27
619,93
63,826
216,35
549,815
1008,15
935,785
330,23
311,27
646,785
555,15
3,785
777,25
634,815
213,826
198,38
313,38
277,8
423,25
188,8
891,4
546,12
265,785
200,27
509,15
695,38
536,10
753,27
663,25
314,15
295,35
518,772
43,10
685,12
496,12
699,35
506,93
586,6
255,815
552,735
271,10
53,93
722,19
944,25
747,25
783,785
329,826
930,826
293,772
1011,19
259,22
558,19
727,680
466,27
216,815
141,38
876,5
287,27
163,9
519,785
21,785
830,25
462,23
617,25
