138,735
820,23
289,22
454,680
438,12
663,22
741,786
946,38
748,785
512,10
550,27
475,9
722,10
80,12
478,6
34,8
737,4
901,25
483,38
198,16
491,38
200,772
755,680
866,38
704,815
890,826
212,735
139,9
50,27
213,2
89,12
344,772
474,680
610,35
460,16
499,23
7,22
265,6
339,11
857,23
1003,16
621,22
895,6
697,11
401,9
644,680
922,22
871,25
194,23
654,12
397,93
454,22
739,785
59,9
975,15
561,786
743,35
778,735
528,16
952,38
592,680
594,785
556,19
830,11
263,16
1001,785
546,25
766,19
237,735
183,786
900,93
818,15
103,27
658,27
201,23
500,5
562,8
871,22
62,772
822,35
587,16
750,11
607,93
148,22
422,38
901,11
355,1
531,2
968,680
345,27
731,785
630,1
919,38
559,15
670,6
927,38
674,93
324,9
769,826
493,772
593,11
1011,772
867,11
918,815
979,815
818,6
780,772
655,680
675,38
325,22
1006,9
648,4
118,2
814,735
229,5
784,9
711,27
254,23
516,27
352,11
281,1
355,6
135,735
344,735
109,11
272,785
147,786
973,23
920,93
260,19
813,35
852,2
814,772
506,9
14,38
161,15
164,12
953,27
864,5
535,15
958,772
957,772
103,9
985,93
472,8
732,4
77,772
226,11
426,12
44,6
63,826
135,786
375,35
982,9
947,25
301,38
858,11
733,35
294,15
541,6
713,15
624,9
0,19
435,785
757,680
738,1
611,680
940,786
689,22
470,10
199,23
717,11
1010,23
850,35
100,19
482,9
140,12
126,680
769,15
1006,27
993,38
541,772
928,680
1001,38
513,2
569,93
291,25
770,38
358,35
984,25
159,22
396,785
534,38
960,2
120,735
337,815
307,38
72,23
662,785
665,38
888,815
524,786
302,826
140,11
433,23
621,680
273,27
846,22
575,11
633,16
461,12
686,10
155,27
667,826
47,25
905,27
470,826
307,785
215,680
113,735
720,22
405,10
631,815
328,25
970,680
383,38
242,12
960,25
427,735
998,10
176,93
567,35
92,815
753,35
186,10
371,10
208,19
942,8
544,2
241,93
521,680
502,772
963,786
712,93
676,35
56,22
988,826
662,10
844,23
612,11
352,23
389,735
726,23
319,8
32,15
566,27
474,35
862,8
60,2
936,25
535,19
539,826
792,680
668,11
617,815
413,735
397,27
165,15
865,6
976,15
903,785
870,785
911,27
473,11
509,786
1007,23
698,27
476,16
773,6
798,22
963,680
430,12
875,826
563,5
750,826
896,10
664,22
67,815
763,23
104,35
838,8
418,8
825,5
662,826
271,35
650,786
286,19
878,2
715,25
73,19
1007,785
830,826
523,4
144,680
841,22
253,735
473,12
141,15
316,27
869,27
906,23
391,22
798,25
363,16
881,8
789,826
406,12
543,826
638,22
304,23
533,735
897,38
332,10
333,735
261,2
690,10
945,786
570,826
1010,815
369,11
943,6
141,8
694,38
126,19
495,826
999,815
585,2
487,27
452,15
992,12
168,9
791,35
95,27
561,25
924,27
502,11
174,35
985,680
359,93
14,23
159,735
182,35
471,772
258,6
446,9
397,6
288,785
422,22
483,4
780,22
17,680
752,16
662,22
424,11
795,12
227,11
356,826
565,772
487,735
625,826
921,9
776,772
650,2
727,16
268,27
860,10
878,786
828,35
776,9
61,1
392,680
465,22
235,786
610,826
475,93
369,5
830,815
30,9
397,826
487,786
770,23
274,16
592,27
573,23
351,2
795,5
601,680
67,4
986,815
328,35
203,11
439,785
746,25
543,785
106,815
109,680
616,772
339,680
394,5
305,19
184,6
438,785
629,2
333,16
172,735
248,35
583,10
876,16
88,23
417,93
681,6
348,6
59,93
370,23
153,16
371,786
449,23
691,93
820,2
252,23
823,23
536,4
610,23
496,22
762,785
905,735
621,735
268,9
474,786
308,826
700,735
974,16
872,11
548,826
915,25
937,4
281,35
706,772
323,15
824,93
716,27
627,93
115,826
868,785
153,25
617,23
908,786
302,1
820,9
731,11
749,680
488,93
682,22
277,786
956,6
80,785
978,23
7,35
959,11
502,23
870,9
414,35
895,19
440,15
441,826
243,15
722,16
922,5
727,826
712,6
416,8
1006,680
444,11
528,35
802,11
876,6
435,815
495,680
519,735
521,4
926,786
410,6
928,2
216,735
89,10
931,15
549,9
465,11
734,15
127,680
40,23
114,2
339,5
431,38
658,38
364,11
789,38
440,22
48,38
563,786
817,680
505,785
950,27
588,826
419,10
1011,27
385,772
666,9
222,8
320,16
410,772
736,680
456,5
719,12
1001,815
139,8
197,786
971,93
934,35
21,735
776,93
958,735
65,10
265,5
838,826
253,27
550,19
326,772
733,785
636,9
319,815
841,93
182,786
516,22
256,10
390,815
466,10
306,22
913,6
434,35
642,9
694,23
713,27
185,5
74,10
630,15
122,680
928,16
956,19
522,680
389,4
262,786
452,786
550,735
475,6
276,93
442,735
758,786
318,5
503,27
784,19
765,815
34,27
715,38
382,38
330,8
740,38
688,4
997,6
959,772
72,735
987,16
986,735
491,23
1007,93
605,22
331,27
667,8
28,25
139,6
507,826
326,680
697,785
806,8
386,735
723,785
189,10
120,826
250,8
290,25
112,25
884,772
744,25
1002,772
183,8
352,12
685,785
997,15
389,815
528,15
410,785
713,5
89,680
436,785
404,826
630,25
528,772
581,6
156,93
251,786
855,22
568,5
1005,826
877,5
687,772
29,15
140,22
821,19
472,9
754,22
866,786
831,772
633,5
648,12
797,10
636,22
266,25
728,815
17,35
56,2
419,38
615,2
201,815
220,10
976,680
852,10
730,772
470,11
309,785
199,22
991,10
793,23
316,786
373,815
190,815
928,826
840,22
859,786
986,93
1010,785
954,2
459,826
705,38
523,27
47,19
358,815
415,735
56,9
346,815
699,826
775,826
886,22
498,25
637,10
655,10
70,35
382,785
553,11
664,2
973,8
258,815
677,772
199,15
492,27
167,38
152,826
137,23
1000,9
374,19
967,10
458,22
717,735
683,12
315,22
41,6
575,10
924,786
409,93
66,6
504,93
51,93
570,93
254,9
720,23
455,786
316,15
541,23
501,5
674,15
839,680
255,735
257,2
593,680
107,35
932,826
310,9
1010,6
100,2
942,9
325,9
143,22
491,785
366,735
1011,93
387,23
228,785
548,23
1004,4
180,9
883,23
424,16
903,680
319,11
158,826
948,22
677,11
455,6
220,23
242,4
629,680
446,735
564,38
730,785
208,11
840,11
992,785
239,11
115,25
526,9
412,12
486,15
121,680
17,15
933,9
75,785
220,785
773,5
405,27
850,815
101,785
563,4
600,826
267,22
798,23
836,785
456,93
183,815
438,93
420,35
522,93
64,93
946,23
14,10
489,27
363,785
418,9
36,19
936,1
221,9
828,23
961,15
122,5
729,27
322,22
431,680
234,826
329,786
347,2
937,38
79,12
300,815
962,38
998,680
340,35
855,785
641,826
566,785
202,12
348,35
497,735
44,735
136,93
634,11
963,93
252,12
363,19
734,38
57,10
353,25
499,38
304,8
107,22
824,815
172,23
85,786
878,10
682,785
458,10
222,35
890,9
249,826
128,4
199,785
829,772
459,25
224,8
558,93
856,8
70,6
363,8
132,16
995,735
759,35
689,35
463,93
946,9
910,35
552,826
335,23
285,735
982,826
989,22
347,16
333,680
980,772
583,23
730,12
625,680
555,785
166,8
617,35
410,35
504,826
563,27
219,772
771,38
663,12
477,25
539,2
104,25
85,25
748,815
491,680
900,4
577,815
742,35
283,10
910,815
530,9
986,10
641,10
333,22
79,27
209,8
656,4
752,8
125,735
237,5
437,8
657,27
931,27
181,19
716,680
165,772
663,5
95,8
242,35
539,27
925,735
708,772
698,680
80,25
431,785
712,25
61,735
333,15
872,735
173,27
930,35
570,10
829,815
77,10
351,10
958,38
941,22
742,772
462,11
966,38
452,680
625,93
915,826
496,23
539,16
1012,93
228,25
907,27
90,38
271,15
515,27
39,35
80,16
246,22
504,38
801,16
768,786
696,826
256,38
937,11
666,4
262,12
980,785
255,93
976,735
683,680
868,786
188,10
617,22
47,735
891,6
673,772
1002,15
820,10
324,23
197,815
289,19
549,15
623,8
366,35
43,12
672,1
857,11
125,93
954,93
775,25
280,4
925,23
836,25
747,27
690,38
416,9
861,15
679,8
111,15
613,772
854,22
837,38
804,815
227,38
428,93
879,785
734,12
560,735
425,15
960,815
910,6
364,4
897,19
493,93
761,35
925,16
193,735
601,23
129,826
69,815
379,785
948,38
52,19
18,680
1009,16
829,826
773,93
481,2
64,22
834,93
264,35
877,25
753,11
932,785
438,5
223,785
646,35
978,6
154,11
7,16
499,25
981,11
485,22
399,815
808,4
44,27
651,5
174,772
747,9
343,9
256,11
387,93
722,735
761,815
317,772
466,11
378,786
514,93
74,11
223,19
461,772
557,815
778,19
324,12
695,15
127,2
864,9
347,735
99,772
867,4
65,2
851,680
671,38
322,38
892,4
516,785
537,6
404,11
540,680
118,9
562,6
66,35
83,25
86,38
676,2
676,735
343,6
787,1
366,680
148,16
169,826
441,10
43,785
392,23
691,16
217,38
531,4
591,38
367,680
227,93
852,5
619,786
232,16
603,35
859,93
396,680
953,16
7,6
300,12
707,1
339,27
910,27
394,815
876,735
571,785
902,826
942,93
177,680
216,8
750,16
787,6
587,11
203,680
562,826
45,38
615,4
119,35
306,9
309,12
220,12
96,2
24,735
902,19
559,22
618,785
142,25
53,23
571,19
953,25
78,1
297,16
889,1
967,23
236,35
368,785
41,27
387,35
871,6
1001,35
229,12
513,15
626,93
205,19
390,785
378,815
344,680
494,19
791,11
331,8
778,12
449,815
374,772
509,35
348,826
275,10
828,12
596,16
261,35
374,25
51,38
843,2
537,25
277,680
905,16
390,23
872,93
486,27
50,680
56,10
205,12
494,785
464,735
428,826
837,12
106,6
624,2
824,15
881,735
846,815
186,772
871,680
232,5
396,8
1010,12
848,772
481,826
78,19
297,2
125,12
622,826
552,93
290,35
510,5
661,16
41,5
539,735
902,815
908,2
984,680
858,27
202,16
590,25
720,8
441,38
316,8
245,772
637,2
267,27
106,1
677,1
899,27
96,23
82,22
835,35
377,785
874,10
998,8
714,6
532,1
238,38
579,38
411,680
732,19
325,8
851,826
247,93
375,8
944,35
94,5
701,35
540,826
192,680
709,35
710,772
748,2
677,10
71,826
886,815
980,93
174,12
446,785
50,38
640,10
310,1
162,8
398,786
273,11
789,93
629,35
188,815
209,35
523,1
635,772
705,8
656,25
433,826
220,786
977,38
227,22
836,786
514,10
660,93
517,15
738,35
117,38
135,22
766,38
14,11
625,8
776,22
408,16
319,785
122,2
875,23
912,27
329,785
607,25
76,10
921,680
666,38
79,15
872,815
190,6
448,22
656,16
548,6
967,826
415,9
609,16
511,5
42,25
684,19
280,772
745,11
563,12
414,772
828,786
613,4
887,16
193,12
467,16
359,38
269,826
589,27
60,815
773,815
461,93
408,23
820,785
927,735
233,6
898,93
635,786
941,815
138,19
321,785
583,25
50,826
894,785
752,27
313,15
847,19
331,815
227,4
483,772
559,826
391,9
637,38
32,22
887,786
802,93
823,10
402,815
610,8
721,11
921,6
539,12
406,5
479,815
193,5
378,11
675,19
803,38
254,772
465,19
48,5
530,15
604,10
695,680
347,19
311,9
918,19
372,9
743,10
780,16
819,23
622,23
987,35
416,93
237,11
757,815
350,826
866,6
191,19
156,23
449,27
620,25
1002,19
474,5
41,735
832,9
481,93
640,22
860,4
418,19
406,785
80,35
740,785
504,25
801,5
712,19
877,786
291,93
533,11
138,5
854,2
984,93
965,5
583,15
490,785
49,19
1006,772
163,23
659,16
955,19
459,22
77,16
856,23
341,38
768,35
366,22
827,93
120,786
541,680
192,826
157,9
1010,93
665,27
480,735
649,772
872,6
798,786
527,815
1008,11
944,680
671,815
284,35
212,11
385,10
299,19
249,10
563,735
620,15
861,680
327,12
474,23
366,25
496,8
574,23
685,16
450,12
175,786
268,11
364,23
443,23
465,6
108,12
141,815
950,15
510,93
935,786
41,93
1011,15
463,786
64,772
962,2
28,826
765,4
783,16
750,680
866,19
350,815
757,826
64,25
931,8
695,35
291,735
716,786
696,25
438,8
425,5
232,826
104,15
564,16
531,786
271,23
240,4
499,785
283,16
1001,93
108,11
184,22
972,23
519,23
354,785
666,12
561,680
981,815
545,35
160,15
694,27
716,12
383,16
792,15
719,1
423,19
188,2
373,735
559,680
101,815
375,826
726,93
413,25
605,772
988,38
21,25
796,11
599,11
907,735
932,16
678,35
935,5
789,735
243,22
133,27
426,23
924,826
409,680
229,23
431,815
37,10
314,826
792,785
170,16
688,8
765,22
395,23
605,2
272,815
383,25
185,2
347,680
410,15
232,35
432,16
178,35
324,6
139,10
200,12
842,10
932,786
989,735
149,93
225,4
890,680
981,10
253,25
697,8
308,785
269,15
969,22
20,93
972,5
701,12
519,5
44,785
688,15
802,27
713,25
913,4
13,10
345,23
710,815
534,25
109,22
249,38
85,93
213,8
943,735
171,815
26,38
621,12
70,786
179,9
512,27
436,35
0,815
130,735
993,16
540,22
448,38
144,815
181,785
441,9
354,826
395,5
306,15
990,680
77,38
28,27
728,12
302,35
857,680
458,735
682,8
793,11
479,680
522,4
575,786
762,826
618,16
967,25
515,680
843,23
365,786
674,826
158,6
34,16
587,10
994,735
794,93
355,11
559,735
589,680
789,785
756,785
392,772
799,93
896,815
161,12
53,22
803,22
717,15
1010,27
917,2
704,12
153,826
742,25
100,23
303,9
50,735
658,8
697,35
1006,23
475,22
293,35
744,2
340,2
470,815
343,23
306,772
880,23
476,15
352,5
923,5
652,10
489,826
988,735
902,11
578,8
464,35
617,680
121,6
963,11
213,35
103,772
838,35
421,22
232,772
211,680
303,22
423,786
254,4
128,35
402,11
901,680
758,35
995,815
796,772
945,9
342,785
951,680
970,19
517,19
973,6
257,15
204,735
481,38
941,93
852,19
763,5
199,9
258,38
386,19
371,6
686,772
875,35
967,4
791,826
432,785
486,19
110,735
1007,2
7,786
745,23
50,93
748,4
716,93
627,23
810,22
741,35
813,11
851,735
63,11
161,23
770,680
535,23
275,27
208,22
100,12
942,15
525,93
190,735
586,93
54,735
239,12
439,19
905,1
47,35
733,11
291,8
94,10
296,93
962,815
450,785
948,16
70,19
751,22
970,5
476,785
41,815
995,23
279,680
139,93
568,35
489,16
382,735
148,680
628,5
39,11
903,23
727,772
176,38
582,9
433,6
54,27
572,23
76,12
937,35
890,5
66,22
673,38
583,735
141,19
434,680
128,8
844,9
560,11
706,38
227,25
45,2
342,826
588,6
788,11
402,826
353,6
499,35
776,786
193,10
512,93
489,25
60,785
186,27
579,23
48,8
601,38
529,735
289,786
969,93
152,22
483,27
822,23
272,735
609,23
990,35
511,4
113,10
973,815
773,12
86,786
782,815
178,19
992,8
304,10
14,19
310,16
721,735
703,22
335,8
465,25
654,35
693,12
604,12
197,23
843,38
510,38
989,27
458,8
794,27
668,785
544,815
262,38
743,12
1001,8
30,2
656,8
681,16
42,1
579,826
212,772
267,6
983,25
341,19
363,10
292,6
610,9
591,25
699,27
760,27
154,35
924,22
675,735
240,25
789,6
131,785
776,5
579,5
209,786
446,12
504,19
51,19
530,12
112,35
833,815
279,35
707,786
483,9
262,25
819,22
656,15
732,826
770,27
20,27
573,27
459,16
116,23
133,772
758,25
227,12
1002,16
644,826
203,23
774,23
43,27
800,35
564,4
396,35
381,38
860,5
295,815
974,5
776,12
740,786
961,16
137,35
599,680
670,680
543,16
394,25
912,1
197,25
175,10
604,2
626,19
419,19
588,785
829,25
422,12
101,8
412,735
159,93
570,1
404,735
169,680
459,9
758,16
388,27
795,6
1002,27
421,93
884,27
43,16
428,1
196,680
968,22
664,815
974,12
614,23
468,15
379,9
751,785
832,815
616,12
137,815
262,11
248,38
765,10
879,6
3,19
866,25
976,815
919,1
516,680
496,9
956,10
295,38
566,680
860,27
935,22
477,815
294,815
689,786
465,5
651,16
712,2
468,22
184,16
274,772
901,19
426,815
519,25
725,772
599,815
49,12
176,826
362,93
681,12
592,12
77,1
224,22
836,680
191,9
931,11
438,9
867,19
406,38
857,9
1003,38
253,6
788,826
92,786
271,22
80,9
543,15
319,826
305,2
111,9
972,16
441,680
173,11
49,5
377,93
234,11
487,826
991,815
632,772
706,23
172,786
928,5
909,93
855,15
525,786
660,15
517,93
114,1
578,93
265,1
68,5
654,772
648,19
946,735
780,93
654,9
34,4
330,5
790,2
862,826
355,23
284,9
505,25
287,12
967,772
492,735
630,11
136,16
781,11
966,9
142,10
953,4
934,38
1011,826
460,12
928,785
874,815
367,16
759,786
851,786
944,11
654,16
747,11
639,9
343,11
148,11
259,8
44,786
225,680
263,785
830,15
632,786
728,6
839,786
435,5
348,815
593,22
961,93
300,23
140,680
603,93
895,11
621,11
1006,10
367,25
993,23
390,735
562,4
526,38
750,15
254,16
183,12
441,8
528,11
195,25
802,19
926,1
971,680
827,25
147,785
888,25
445,12
432,15
103,785
164,1
756,16
848,785
723,735
522,5
228,38
873,815
103,12
594,38
545,93
908,23
177,27
711,23
733,38
1008,38
862,815
576,826
422,93
541,9
357,786
639,826
179,815
862,16
367,772
791,12
171,25
136,5
445,5
263,2
323,815
877,2
272,10
660,35
290,786
457,2
496,35
152,815
214,8
90,10
491,815
510,25
112,19
807,680
497,4
229,10
358,93
858,23
362,16
913,93
56,5
352,6
405,4
613,815
192,10
834,12
230,27
602,16
220,5
862,27
421,735
370,35
849,6
208,735
136,12
525,815
779,25
1000,5
70,772
95,772
744,735
835,680
214,772
88,35
213,772
911,8
87,815
239,772
994,27
62,38
541,27
998,786
106,4
568,785
508,93
474,93
951,22
26,735
633,826
616,680
356,25
985,2
72,27
128,680
625,27
75,6
1010,10
186,15
535,25
958,826
371,9
816,735
196,786
802,680
547,10
322,8
949,93
549,786
112,1
794,4
1001,19
69,8
1004,8
362,735
405,22
155,786
32,12
909,27
748,5
414,785
970,27
881,25
847,772
591,4
852,27
407,786
714,4
255,786
642,735
554,16
48,27
767,25
436,15
76,22
350,6
866,826
616,35
942,785
982,22
141,25
513,16
455,772
424,19
498,6
154,785
637,25
430,9
968,826
148,826
664,19
791,16
721,38
171,5
1001,680
599,93
124,35
417,815
72,9
196,27
678,25
489,23
640,12
863,23
532,10
769,680
371,23
433,5
769,22
274,815
905,9
66,23
893,23
397,786
52,38
822,680
326,22
538,19
684,22
958,6
906,735
834,16
392,35
969,815
514,8
899,11
993,815
477,11
653,8
603,680
14,9
880,786
418,4
554,2
421,9
117,815
579,22
137,15
690,15
603,786
582,1
103,38
767,15
273,2
275,815
187,11
26,785
387,6
872,785
743,22
871,93
893,16
215,4
90,815
642,93
988,772
609,22
274,35
773,11
70,2
414,735
255,2
57,15
992,9
425,38
741,93
392,815
567,10
878,772
642,680
961,5
214,38
551,93
628,785
816,5
64,826
545,12
356,680
127,826
795,11
45,680
355,93
150,680
563,23
249,680
752,786
70,5
39,826
406,27
317,9
118,785
394,786
896,785
1004,786
110,15
576,9
776,6
225,93
579,4
286,1
162,19
622,735
607,9
98,11
470,680
841,4
459,19
667,93
153,10
227,15
833,735
945,38
102,680
527,2
447,680
487,12
749,772
734,23
721,2
481,680
850,93
150,786
356,35
268,23
586,22
36,11
863,11
761,4
742,38
961,23
726,785
86,15
414,93
366,826
752,11
274,12
166,6
278,826
634,35
388,4
121,826
894,10
21,12
663,6
389,35
502,25
144,4
548,680
290,680
420,772
939,93
924,815
872,8
601,1
626,11
1011,8
314,815
480,27
573,785
962,9
943,25
765,9
343,680
414,680
126,8
842,786
424,680
553,826
861,785
536,8
496,735
425,2
117,1
43,735
43,8
104,10
124,680
675,8
897,6
293,27
367,4
611,16
614,15
394,8
804,38
454,38
222,2
669,22
943,38
765,2
52,8
1009,27
556,35
370,10
64,27
289,16
549,12
509,10
1011,815
832,16
928,772
981,6
860,19
145,786
957,680
996,8
601,19
503,8
105,22
983,680
32,786
984,815
471,35
416,12
40,680
790,8
883,35
170,23
62,25
447,10
837,35
876,2
913,8
879,23
456,2
592,4
994,680
961,772
84,93
302,12
235,27
40,27
276,785
867,27
43,6
599,5
925,786
512,15
787,826
757,35
775,19
540,2
922,8
784,25
750,2
587,25
751,815
629,25
24,19
259,2
848,6
284,10
468,735
395,9
469,2
508,35
398,6
664,35
3,9
260,35
778,23
210,8
249,35
820,27
235,16
142,11
877,22
278,12
300,25
928,786
599,2
411,38
179,2
253,23
271,680
367,19
44,22
84,826
676,6
382,35
441,6
385,785
353,815
762,8
873,11
802,25
198,12
50,15
877,15
435,4
717,27
438,19
300,16
546,815
512,680
775,1
668,93
744,22
266,19
516,25
812,10
762,19
802,16
420,5
973,25
494,4
521,35
99,11
171,35
581,25
965,815
74,826
510,786
956,38
300,15
599,16
103,15
140,27
983,735
932,15
109,815
275,772
41,23
812,772
636,27
267,815
158,4
257,735
720,38
294,9
812,1
45,35
82,815
997,11
284,23
415,815
417,15
270,38
494,15
884,38
633,815
445,4
651,786
75,11
628,35
275,6
831,5
412,815
596,785
775,680
229,9
784,5
711,15
87,785
897,826
668,680
832,785
867,680
192,11
858,785
748,16
896,35
420,11
349,785
359,6
1005,815
457,10
406,680
209,826
411,735
139,815
599,38
413,826
341,786
658,1
607,38
312,8
130,19
275,786
112,11
26,826
390,10
340,11
451,8
416,38
254,10
698,11
773,22
798,38
84,16
195,15
414,815
417,25
328,23
624,5
96,19
702,23
887,9
692,9
285,2
803,6
532,5
606,4
520,815
761,93
929,23
286,35
1010,772
112,2
594,16
686,15
316,11
391,38
674,11
106,12
824,25
751,11
1005,38
627,25
500,772
121,22
139,38
250,815
470,25
532,12
753,38
734,826
186,23
331,735
777,680
408,5
138,815
671,12
303,38
213,735
932,35
315,35
134,772
944,38
662,15
316,2
338,19
798,16
854,93
303,772
180,786
363,25
455,2
464,10
852,35
356,8
470,16
532,11
416,786
72,10
421,15
149,735
560,815
647,785
211,10
122,6
357,23
917,815
408,785
260,786
407,93
742,735
375,2
412,8
893,22
288,6
113,23
156,5
835,815
859,27
147,826
257,16
367,735
135,19
381,25
828,19
482,38
523,772
764,11
233,2
674,680
54,16
187,10
647,5
667,772
975,93
387,9
30,25
692,772
930,27
424,2
42,4
909,5
487,25
304,12
107,10
749,12
734,815
717,35
863,4
59,786
703,16
758,815
942,38
675,786
233,11
794,25
940,8
616,25
869,772
819,19
965,16
162,786
622,19
274,27
511,15
77,27
224,12
637,35
430,35
1002,23
983,27
894,25
270,23
111,785
810,8
846,785
223,93
995,12
924,16
28,93
104,22
567,2
971,23
703,25
614,27
485,93
875,6
290,93
915,9
917,826
422,11
671,826
841,11
325,815
163,19
952,2
990,19
573,25
649,38
69,735
767,786
988,93
453,785
845,15
663,8
95,15
203,9
406,19
870,25
746,27
48,826
799,23
987,680
821,38
586,23
329,6
475,35
831,93
429,35
999,1
430,772
692,735
141,826
533,8
555,23
422,2
372,19
854,1
484,735
692,785
570,15
435,735
829,786
701,93
351,9
706,8
580,786
249,6
456,680
21,11
774,12
685,735
816,786
411,93
472,93
789,22
811,9
406,815
703,15
246,19
639,23
914,680
330,22
1011,11
299,785
263,815
52,2
823,680
370,16
173,786
817,12
983,38
801,785
586,25
253,11
787,815
182,9
133,22
502,735
108,15
181,826
516,38
55,785
937,15
955,815
740,15
281,38
173,16
72,680
52,9
952,23
879,9
163,6
990,4
521,6
226,772
595,11
462,22
289,23
146,815
206,27
336,22
781,786
247,815
105,786
515,4
540,4
910,772
935,772
1011,25
173,9
802,4
395,19
641,735
805,9
370,2
462,25
299,2
906,38
139,22
771,6
899,93
756,5
310,93
29,38
925,785
339,8
658,35
897,23
401,10
678,38
700,23
404,1
478,8
80,2
944,22
194,22
654,15
214,93
969,735
552,6
769,93
476,38
846,93
975,12
83,786
959,680
858,826
203,93
3,8
719,11
223,22
581,22
124,12
89,22
324,1
127,1
593,19
525,4
176,8
414,22
253,22
808,8
500,4
379,23
950,23
256,15
330,10
94,35
920,38
562,772
136,735
0,4
148,786
494,2
719,16
191,38
963,25
50,12
682,12
828,680
557,38
189,12
408,35
335,93
232,786
985,815
359,785
70,785
90,6
805,680
833,25
207,23
503,22
216,5
343,2
306,785
861,22
609,680
936,680
352,10
81,23
120,22
724,786
762,16
997,1
984,10
123,35
87,25
392,27
987,23
0,27
652,23
166,93
96,15
849,10
114,815
99,10
778,6
798,93
618,786
1012,786
276,815
242,680
389,8
550,6
608,25
240,35
537,19
41,22
226,10
581,826
982,8
565,16
527,786
69,27
415,35
678,785
343,27
898,27
170,8
206,785
390,786
778,772
563,38
216,785
488,22
752,93
205,785
260,25
940,785
121,2
124,25
506,19
272,12
695,25
698,815
571,23
535,5
593,6
693,35
414,11
732,2
643,786
608,16
584,25
123,826
216,19
291,22
498,27
81,1
923,6
192,12
760,826
343,815
159,23
970,23
53,785
553,5
862,25
810,35
852,23
357,735
321,22
912,735
285,8
72,22
695,22
239,735
94,680
961,38
118,680
507,9
52,785
143,15
201,12
372,35
744,12
893,735
730,35
609,8
555,826
883,12
169,785
758,38
904,785
834,5
319,735
242,15
421,785
759,93
887,8
393,23
196,23
270,826
783,680
269,786
238,35
1010,8
510,772
78,23
246,35
279,772
780,815
752,735
954,22
439,23
757,8
816,27
448,5
50,786
930,15
551,8
94,6
318,815
319,9
909,25
363,35
257,5
204,772
995,19
245,11
300,93
925,815
399,22
421,5
739,22
332,27
153,786
668,10
939,5
578,786
441,772
903,27
31,785
214,19
365,93
312,23
459,815
350,4
523,12
135,680
836,93
362,11
974,786
973,826
248,772
869,19
377,27
32,5
341,5
343,826
159,2
514,15
533,785
751,19
699,9
295,9
258,826
960,22
356,9
376,786
564,35
285,19
568,38
787,772
961,9
357,22
165,9
276,12
918,2
523,5
869,785
301,4
927,815
141,16
364,786
128,11
274,38
684,16
723,23
687,5
245,786
983,4
1005,23
18,35
970,11
517,11
558,786
464,2
485,815
161,38
532,19
129,93
936,6
794,786
766,815
804,5
110,772
471,11
918,5
903,772
595,815
152,25
965,22
508,12
202,9
773,9
248,786
501,27
341,23
823,9
813,680
406,6
278,93
65,93
63,35
104,16
502,10
231,23
196,11
915,735
678,9
110,10
776,1
280,38
668,23
443,15
946,772
801,15
782,27
658,93
804,12
604,15
328,786
533,5
573,772
166,785
940,9
465,785
943,12
375,19
584,35
305,680
141,2
656,11
326,6
1007,35
866,11
191,22
284,815
711,735
181,12
823,6
921,10
856,786
378,23
14,25
144,8
1005,772
776,8
172,11
853,38
763,735
108,35
347,23
384,27
480,15
337,93
339,785
30,8
158,93
53,735
990,735
153,8
931,25
514,19
767,680
92,11
21,1
208,93
600,25
449,786
911,786
453,27
141,680
381,35
700,12
172,2
335,27
85,815
122,27
486,93
490,16
73,8
382,2
274,785
60,680
829,22
995,786
43,826
49,23
966,815
77,12
498,35
388,6
831,680
264,12
86,826
894,8
344,815
474,8
630,93
427,815
281,680
317,25
104,5
157,5
968,25
949,25
401,38
293,16
811,8
614,10
619,93
429,27
216,35
1008,15
935,785
330,23
311,27
555,15
3,785
777,25
634,815
198,38
313,38
277,8
423,25
891,4
546,12
265,785
200,27
346,38
753,27
536,10
381,826
663,25
695,38
518,772
43,10
685,12
699,35
295,35
506,93
586,6
53,93
255,815
271,10
722,19
944,25
930,826
329,826
783,785
293,772
259,22
558,19
727,680
466,27
876,5
287,27
141,38
163,9
573,35
21,785
830,25
462,23
617,25
