138,735
289,22
200,2
454,680
438,12
741,786
685,5
946,38
748,785
550,27
271,19
475,9
722,10
478,6
639,4
34,8
737,4
483,38
253,826
198,16
491,38
570,25
755,680
866,38
704,815
212,735
139,9
50,27
781,15
213,2
344,772
698,735
474,680
460,16
244,680
499,23
7,22
525,10
339,11
857,23
1003,16
895,6
290,6
697,11
401,9
922,22
944,23
871,25
194,23
397,93
694,680
454,22
739,785
975,15
300,680
778,735
743,35
528,16
395,11
952,38
592,680
556,19
902,35
830,11
263,16
546,25
285,35
766,19
237,735
900,93
574,12
818,15
103,27
201,23
591,680
500,5
562,8
62,772
394,35
822,35
750,11
607,93
737,22
148,22
422,38
355,1
762,22
531,2
968,680
731,785
96,9
630,1
919,38
670,6
375,772
927,38
674,93
769,826
493,772
40,11
1011,772
593,11
918,815
575,785
979,815
818,6
655,680
339,25
675,38
1006,9
898,772
648,4
118,2
229,5
784,9
565,22
711,27
516,27
809,23
352,11
281,1
135,735
106,22
344,735
109,11
147,786
494,10
920,93
849,9
973,23
813,35
852,2
814,772
14,38
142,27
161,15
164,12
864,5
535,15
756,19
958,772
103,9
506,786
985,93
472,8
77,772
315,25
226,11
426,12
135,786
577,785
800,785
375,35
982,9
584,19
301,38
858,11
733,35
541,6
319,680
713,15
624,9
435,785
790,815
757,680
738,1
940,786
62,735
689,22
470,10
717,11
535,4
1010,23
850,35
482,9
892,23
140,12
126,680
1006,27
882,93
993,38
541,772
1001,38
412,38
513,2
569,93
770,38
402,12
358,35
984,25
514,35
396,785
534,38
120,735
542,38
337,815
307,38
662,785
238,25
665,38
888,815
302,826
104,93
621,680
433,23
273,27
312,10
846,22
575,11
461,12
686,10
189,785
155,27
667,826
905,27
251,15
470,826
215,680
56,15
113,735
720,22
631,815
748,9
328,25
970,680
242,12
996,680
960,25
427,735
176,93
232,10
567,35
92,815
186,10
939,15
371,10
208,19
544,2
368,772
241,93
521,680
963,786
893,2
712,93
676,35
988,826
844,23
662,10
20,4
352,23
738,785
745,27
726,23
389,735
32,15
566,27
474,35
60,2
744,786
936,25
535,19
792,680
939,4
668,11
617,815
397,27
953,826
165,15
865,6
903,785
705,10
870,785
911,27
509,786
1007,23
609,25
476,16
698,27
501,8
798,22
563,5
875,826
547,786
750,826
896,10
664,22
67,815
637,785
104,35
50,35
838,8
418,8
825,5
271,35
495,10
650,786
286,19
715,25
73,19
989,5
1007,785
523,4
583,38
87,93
841,22
253,735
473,12
141,15
316,27
906,23
245,785
391,22
798,25
881,8
129,35
789,826
406,12
304,23
638,22
603,16
533,735
332,10
153,680
333,735
261,2
945,786
912,16
570,826
1010,815
943,6
88,2
141,8
694,38
495,826
168,772
999,815
585,2
452,15
1005,15
992,12
168,9
95,27
884,10
561,25
924,27
174,35
467,23
985,680
359,93
14,23
749,10
471,772
258,6
246,12
446,9
397,6
422,22
209,16
483,4
780,22
752,16
695,735
662,22
424,11
227,11
906,25
356,826
565,772
625,826
366,9
921,9
776,772
727,16
431,2
268,27
860,10
828,35
974,6
776,9
61,1
465,22
283,11
235,786
610,826
40,772
369,5
830,815
30,9
487,786
570,2
770,23
274,16
573,23
351,2
922,785
795,5
67,4
487,9
986,815
328,35
439,785
774,11
746,25
543,785
109,680
974,9
616,772
339,680
305,19
433,38
184,6
438,785
333,16
300,786
172,735
248,35
88,23
876,16
432,815
417,93
348,6
166,5
59,93
370,23
371,786
817,9
449,23
691,93
252,23
289,27
823,23
536,4
496,22
132,12
762,785
905,735
268,9
881,815
474,786
308,826
974,16
703,9
872,11
548,826
937,4
684,93
281,35
706,772
824,93
752,5
716,27
627,93
868,785
850,772
153,25
617,23
302,1
928,11
488,93
731,11
749,680
696,23
682,22
277,786
80,785
978,23
7,35
561,5
959,11
870,9
160,815
414,35
440,15
993,15
441,826
243,15
922,5
374,93
727,826
712,6
1006,680
222,1
444,11
528,35
876,6
951,35
435,815
495,680
521,4
481,10
926,786
249,22
410,6
216,735
89,10
931,15
127,680
292,38
40,23
114,2
339,5
157,22
431,38
658,38
789,38
58,16
440,22
48,38
817,680
86,23
505,785
950,27
419,10
790,15
1011,27
385,772
222,8
796,815
320,16
410,772
456,5
666,786
719,12
1001,815
197,786
456,735
971,93
934,35
776,93
225,6
958,735
65,10
838,826
361,25
253,27
550,19
733,785
367,23
636,9
319,815
182,786
454,23
516,22
256,10
466,10
247,25
306,22
913,6
694,23
713,27
879,25
74,10
185,5
223,16
630,15
122,680
956,19
578,826
522,680
389,4
452,786
805,786
550,735
475,6
442,735
204,5
758,786
318,5
784,19
765,815
858,6
34,27
382,38
111,27
330,8
740,38
444,16
997,6
959,772
72,735
986,735
491,23
879,38
1007,93
605,22
630,6
667,8
28,25
507,826
272,16
326,680
806,8
386,735
723,785
522,6
189,10
250,8
821,10
290,25
112,25
744,25
944,6
1002,772
352,12
812,5
685,785
997,15
528,15
984,12
410,785
713,5
436,785
623,815
404,826
630,25
28,16
581,6
156,93
251,786
855,22
1005,826
877,5
533,680
29,15
485,2
140,22
821,19
754,22
95,786
313,735
831,772
633,5
648,12
797,10
636,22
728,815
858,8
17,35
56,2
615,2
980,826
201,815
220,10
852,10
356,23
730,772
470,11
199,22
606,25
991,10
793,23
373,815
707,12
928,826
190,815
859,786
567,93
986,93
1010,785
459,826
976,27
705,38
523,27
358,815
144,786
415,735
56,9
699,826
220,735
775,826
498,25
637,10
195,11
655,10
70,35
553,11
328,680
664,2
258,815
1000,772
677,772
199,15
167,38
850,27
152,826
137,23
374,19
507,11
967,10
458,22
683,12
41,6
315,22
884,785
133,680
575,10
66,6
504,93
51,93
415,19
570,93
254,9
455,786
96,785
316,15
541,23
674,15
87,38
839,680
255,735
593,680
631,735
107,35
932,826
1010,6
739,19
100,2
942,9
143,22
273,19
366,735
491,785
387,23
190,23
228,785
548,23
180,9
844,16
883,23
903,680
464,785
319,11
158,826
677,11
788,2
455,6
220,23
629,680
353,15
446,735
564,38
208,11
671,9
840,11
992,785
115,25
137,772
526,9
412,12
121,680
72,815
17,15
933,9
220,785
422,680
773,5
405,27
101,785
156,9
600,826
267,22
909,16
798,23
836,785
456,93
438,93
404,680
420,35
522,93
946,23
51,735
14,10
363,785
418,9
36,19
399,25
936,1
828,23
371,27
961,15
122,5
322,22
431,680
286,16
234,826
347,2
384,8
937,38
79,12
962,38
998,680
526,16
855,785
340,35
841,680
566,785
202,12
497,735
352,38
44,735
136,93
963,93
89,35
252,12
363,19
57,10
721,19
353,25
304,8
857,38
107,22
824,815
85,786
656,785
878,10
682,785
222,35
187,15
890,9
249,826
199,785
313,8
459,25
259,826
829,772
558,93
856,8
70,6
132,16
685,38
995,735
759,35
463,93
502,8
946,9
910,35
335,23
390,93
285,735
982,826
347,16
422,23
333,680
980,772
730,12
288,23
625,680
555,785
617,35
191,16
504,826
563,27
219,772
474,4
771,38
663,12
539,2
282,25
104,25
85,25
491,680
132,772
900,4
577,815
283,10
175,8
305,25
530,9
910,815
641,10
333,22
79,27
656,4
50,815
752,8
125,735
437,8
115,815
657,27
931,27
716,680
18,10
165,772
663,5
242,35
114,22
539,27
925,735
698,680
258,25
80,25
431,785
61,735
170,38
333,15
872,735
930,35
694,8
570,10
829,815
351,10
153,23
941,22
462,11
524,2
958,38
966,38
452,680
915,826
474,22
496,23
539,16
228,25
502,680
907,27
90,38
515,27
882,10
39,35
80,16
504,38
250,93
801,16
768,786
256,38
737,8
937,11
666,4
980,785
765,5
255,93
976,735
868,786
388,15
188,10
617,22
891,6
302,6
1002,15
820,10
909,38
289,19
673,772
549,15
623,8
366,35
663,27
43,12
857,11
33,22
125,93
954,93
280,4
133,19
925,23
836,25
361,785
690,38
416,9
861,15
111,15
629,19
613,772
854,22
804,815
716,19
227,38
428,93
734,12
167,15
960,815
425,15
910,6
968,9
364,4
897,19
761,35
925,16
543,10
601,23
129,826
466,16
69,815
379,785
52,19
198,22
18,680
1009,16
773,93
648,826
888,9
64,22
264,35
481,2
877,25
753,11
438,5
223,785
349,11
646,35
499,25
7,16
45,786
981,11
485,22
747,786
399,815
808,4
651,5
562,15
174,772
747,9
256,11
241,22
761,815
722,735
317,772
743,93
466,11
378,786
74,11
185,4
223,19
461,772
778,19
781,6
324,12
695,15
864,9
572,826
347,735
99,772
65,2
851,680
746,680
322,38
671,38
658,25
516,785
242,772
537,6
540,680
744,19
562,6
83,25
118,9
86,38
676,2
676,735
787,1
948,815
750,9
366,680
169,826
441,10
43,785
691,16
984,6
217,38
531,4
367,680
406,93
227,93
852,5
232,16
359,23
603,35
859,93
953,16
7,6
300,12
45,772
707,1
359,786
910,27
394,815
571,785
256,772
902,826
942,93
216,8
676,9
750,16
269,2
587,11
203,680
562,826
45,38
119,35
926,10
306,9
309,12
96,2
938,9
24,735
902,19
618,785
232,23
142,25
53,23
953,25
186,680
78,1
297,16
967,23
932,11
236,35
368,785
387,35
118,27
229,12
1001,35
513,15
17,735
626,93
205,19
378,815
624,11
344,680
494,19
331,8
260,4
778,12
374,772
323,786
509,35
348,826
828,12
558,680
596,16
261,35
51,38
287,772
843,2
537,25
905,16
744,8
390,23
872,93
50,680
17,27
56,10
205,12
464,735
945,10
428,826
837,12
624,2
824,15
380,22
881,735
186,772
79,786
871,680
232,5
1010,12
828,11
848,772
481,826
297,2
657,735
125,12
622,826
290,35
510,5
112,15
754,9
539,735
661,16
902,815
908,2
858,27
911,23
202,16
590,25
311,93
441,38
316,8
245,772
267,27
674,12
106,1
677,1
96,23
1011,680
82,22
835,35
998,8
874,10
232,12
714,6
238,38
704,16
579,38
411,680
325,8
115,19
851,826
247,93
944,35
180,10
94,5
701,35
192,680
45,10
709,35
710,772
677,10
970,4
71,826
886,815
174,12
467,2
50,38
446,785
310,1
985,785
162,8
398,786
789,93
609,772
629,35
188,815
209,35
635,772
597,10
705,8
433,826
969,38
220,786
977,38
836,786
514,10
161,815
660,93
738,35
721,25
117,38
135,22
14,11
234,680
625,8
776,22
319,785
504,4
122,2
912,27
329,785
54,680
607,25
76,10
666,38
647,8
79,15
872,815
448,22
965,735
656,16
548,6
415,9
56,38
609,16
511,5
684,19
280,772
958,11
745,11
414,772
107,786
828,786
613,4
193,12
339,93
467,16
359,38
589,27
60,815
900,23
773,815
408,23
690,8
820,785
233,6
898,93
774,680
635,786
941,815
321,785
583,25
927,785
50,826
752,27
473,27
313,15
847,19
483,772
687,15
559,826
391,9
887,786
32,22
892,735
802,93
823,10
402,815
555,680
610,8
539,12
43,35
406,5
479,815
193,5
636,815
378,11
675,19
254,772
308,815
465,19
48,5
604,10
839,27
695,680
347,19
918,19
480,11
372,9
743,10
819,23
286,772
416,93
987,35
237,11
219,93
757,815
866,6
191,19
429,772
449,27
620,25
1002,19
181,9
474,5
41,735
481,93
67,772
640,22
860,4
406,785
80,35
703,5
740,785
801,5
86,9
712,19
877,786
533,11
411,826
138,5
984,93
583,15
490,785
876,27
49,19
1006,772
659,16
717,826
955,19
459,22
856,23
748,93
341,38
768,35
827,93
349,38
192,826
541,680
157,9
638,9
1010,93
665,27
649,772
614,22
872,6
798,786
1008,11
167,826
944,680
671,815
212,11
937,772
385,10
299,19
563,735
67,15
620,15
861,680
474,23
366,25
644,815
496,8
685,16
690,93
450,12
175,786
364,23
935,23
443,23
465,6
950,15
915,27
510,93
935,786
41,93
666,5
1011,15
463,786
962,2
28,826
980,786
765,4
750,680
273,815
866,19
757,826
64,25
891,25
696,25
695,35
291,735
716,786
94,735
438,8
232,826
104,15
546,772
564,16
271,23
789,27
240,4
499,785
1001,93
105,16
108,11
184,22
519,23
354,785
740,11
666,12
981,815
873,27
545,35
160,15
716,12
74,6
383,16
792,15
423,19
939,826
188,2
559,680
670,16
375,826
101,815
726,93
413,25
988,38
92,19
21,25
796,11
907,735
13,815
932,16
678,35
789,735
404,6
243,22
133,27
924,826
409,680
83,10
229,23
37,10
57,785
314,826
792,785
688,8
284,8
765,22
395,23
272,815
383,25
716,11
347,680
410,15
528,785
232,35
432,16
50,22
324,6
139,10
200,12
842,10
644,772
989,735
149,93
890,680
818,19
981,10
253,25
308,785
808,5
269,15
969,22
972,5
294,25
519,5
44,785
688,15
762,10
13,10
713,25
710,815
345,23
273,786
109,22
534,25
938,4
249,38
85,93
943,735
593,23
171,815
26,38
512,27
70,786
179,9
821,15
436,35
182,22
130,735
993,16
448,38
947,12
144,815
181,785
354,826
981,826
395,5
306,15
77,38
263,10
728,12
302,35
857,680
453,93
458,735
682,8
479,680
522,4
225,22
575,786
618,16
818,5
967,25
515,680
365,786
207,19
674,826
784,12
158,6
587,10
994,735
794,93
559,735
504,772
589,680
789,785
392,772
445,6
799,93
896,815
624,735
53,22
770,735
803,22
717,15
917,2
704,12
153,826
100,23
506,785
303,9
50,735
697,35
163,772
1006,23
475,22
744,2
764,93
340,2
470,815
306,772
969,9
880,23
476,15
923,5
834,15
652,10
489,826
902,11
78,772
464,35
63,5
617,680
963,11
213,35
103,772
838,35
221,35
421,22
232,772
303,22
30,826
423,786
254,4
402,11
701,16
901,680
758,35
796,772
245,826
945,9
342,785
970,19
588,25
517,19
257,15
204,786
204,735
481,38
941,93
763,5
690,735
199,9
258,38
371,6
831,9
686,772
875,35
791,826
584,4
432,785
486,19
1007,2
332,826
7,786
745,23
748,4
877,93
716,93
627,23
741,35
813,11
82,23
63,11
161,23
72,1
770,680
535,23
208,22
723,815
100,12
942,15
190,735
840,6
586,93
54,735
439,19
387,25
905,1
47,35
291,8
662,9
94,10
296,93
450,785
485,680
70,19
948,16
970,5
511,680
476,785
41,815
279,680
428,38
139,93
568,35
382,735
825,1
148,680
628,5
903,23
172,35
727,772
176,38
433,6
550,38
54,27
572,23
937,35
597,9
890,5
66,22
583,735
490,826
141,19
434,680
844,9
348,38
560,11
706,38
45,2
179,785
342,826
588,6
402,826
684,786
353,6
499,35
193,10
304,19
512,93
489,25
186,27
776,23
579,23
48,8
529,735
289,786
767,12
969,93
483,27
412,5
822,23
272,735
990,35
511,4
113,10
792,38
773,12
449,8
86,786
782,815
181,6
992,8
304,10
310,16
75,35
721,735
703,22
961,6
465,25
654,35
693,12
197,23
808,826
878,8
510,38
843,38
458,8
794,27
668,785
262,38
816,4
743,12
1001,8
656,8
472,815
681,16
42,1
742,785
212,772
267,6
983,25
363,10
400,16
292,6
610,9
699,27
721,10
760,27
154,35
675,735
13,785
240,25
789,6
776,5
579,5
652,680
446,12
209,786
413,786
51,19
530,12
833,815
461,38
279,35
707,786
262,25
943,8
819,22
656,15
770,27
239,815
20,27
573,27
116,23
758,25
479,93
227,12
1002,16
699,16
644,826
203,23
43,27
615,785
800,35
564,4
381,38
678,4
860,5
295,815
776,12
207,35
740,786
137,35
599,680
670,680
394,25
175,10
912,1
604,2
801,4
715,1
465,11
419,19
58,772
588,785
829,25
422,12
412,735
930,38
159,93
570,1
169,680
459,9
277,2
758,16
388,27
674,35
1002,27
421,93
43,16
835,12
428,1
196,680
664,815
475,38
974,12
614,23
379,9
73,12
751,785
832,815
616,12
262,11
190,35
248,38
879,6
755,12
3,19
866,25
919,1
212,785
516,680
496,9
295,38
499,4
566,680
860,27
477,815
993,11
294,815
689,786
651,16
601,11
712,2
468,22
274,772
311,23
519,25
426,815
725,772
669,23
599,815
176,826
362,93
605,15
681,12
592,12
224,22
388,9
836,680
191,9
438,9
632,2
867,19
406,38
450,4
1003,38
253,6
788,826
271,22
169,15
80,9
543,15
305,2
712,9
111,9
972,16
173,11
247,4
49,5
377,93
487,826
805,11
991,815
632,772
172,786
908,772
928,5
909,93
525,786
731,5
660,15
517,93
578,93
248,680
265,1
68,5
648,19
922,11
946,735
780,93
34,4
400,785
330,5
790,2
355,23
120,6
284,9
505,25
967,772
694,19
492,735
630,11
781,11
50,23
966,9
142,10
934,38
991,19
1011,826
460,12
874,815
766,785
367,16
759,786
944,11
429,2
654,16
747,11
343,11
201,680
148,11
259,8
225,680
264,93
263,785
830,15
728,6
985,38
839,786
435,5
593,22
386,12
961,93
300,23
603,93
414,27
621,11
1006,10
367,25
497,10
993,23
390,735
526,38
512,785
750,15
254,16
441,8
812,9
528,11
195,25
926,1
198,6
971,680
827,25
888,25
652,786
445,12
432,15
164,1
457,25
756,16
848,785
646,19
522,5
228,38
873,815
594,38
135,785
545,93
908,23
711,23
622,93
733,38
1008,38
241,6
576,826
422,93
541,9
639,826
602,9
179,815
862,16
791,12
761,680
960,8
136,5
171,25
263,2
323,815
877,2
660,35
988,11
457,2
290,786
152,815
596,11
214,8
90,10
510,25
112,19
628,815
807,680
229,10
249,785
358,93
858,23
913,93
254,2
56,5
352,6
613,815
541,2
192,10
834,12
602,16
220,5
720,785
862,27
849,6
260,6
208,735
136,12
525,815
927,16
779,25
1000,5
95,772
870,735
744,735
835,680
213,772
251,10
911,8
87,815
239,772
916,815
994,27
62,38
998,786
837,10
106,4
568,785
474,93
553,8
951,22
26,735
616,680
709,826
356,25
985,2
128,680
988,25
625,27
75,6
535,25
186,15
386,16
958,826
816,735
525,35
196,786
547,10
361,680
322,8
949,93
549,786
794,4
279,1
1001,19
69,8
362,735
933,4
405,22
155,786
32,12
748,5
822,772
414,785
881,25
517,27
847,772
591,4
407,786
874,8
714,4
255,786
554,16
724,93
48,27
767,25
76,22
721,772
350,6
866,826
942,785
800,826
982,22
141,25
473,6
455,772
424,19
154,785
119,1
637,25
430,9
148,826
899,2
664,19
791,16
171,5
135,27
1001,680
599,93
196,27
489,23
72,9
640,12
714,15
532,10
769,680
863,23
275,35
371,23
247,786
433,5
769,22
905,9
796,680
66,23
893,23
52,38
269,93
326,22
822,680
684,22
649,12
958,6
906,735
392,35
267,11
969,815
514,8
993,815
665,826
477,11
653,8
14,9
967,93
880,786
418,4
421,9
739,2
117,815
579,22
690,15
211,16
603,786
964,15
103,38
767,15
273,2
275,815
26,785
79,9
872,785
387,6
871,93
102,815
893,16
215,4
642,93
988,772
237,23
274,35
773,11
600,772
70,2
414,735
57,15
699,5
992,9
425,38
392,815
450,38
567,10
878,772
961,5
523,826
214,38
551,93
816,5
743,15
545,12
64,826
127,826
719,38
795,11
150,680
355,93
798,4
249,680
563,23
70,5
381,785
39,826
406,27
118,785
502,15
394,786
896,785
110,15
628,19
576,9
776,6
579,4
727,786
286,1
162,19
607,9
420,680
98,11
573,35
841,4
805,22
459,19
667,93
833,735
227,15
172,815
945,38
447,680
527,2
233,815
487,12
734,23
663,9
721,2
481,680
150,786
228,22
356,35
268,23
36,11
571,93
863,11
761,4
961,23
465,10
726,785
86,15
366,826
981,786
752,11
274,12
278,826
634,35
580,785
388,4
894,10
474,10
21,12
663,6
502,25
446,826
144,4
548,680
420,772
350,93
939,93
924,815
601,1
552,16
626,11
1011,8
573,785
480,27
777,27
962,9
765,9
177,93
343,680
414,680
659,27
842,786
424,680
553,826
536,8
956,11
496,735
425,2
43,735
43,8
870,10
104,10
675,8
895,22
897,6
293,27
611,16
133,23
614,15
394,8
454,38
330,16
222,2
669,22
765,2
967,785
52,8
1009,27
370,10
795,23
64,27
289,16
509,10
402,785
1011,815
832,16
981,6
732,38
860,19
145,786
996,8
467,826
601,19
503,8
105,22
984,815
269,27
416,12
471,35
40,680
737,6
790,8
883,35
62,25
64,680
447,10
837,35
913,8
805,10
879,23
456,2
994,680
442,93
961,772
84,93
235,27
806,27
40,27
276,785
43,6
762,815
599,5
925,786
787,826
993,4
757,35
775,19
922,8
83,12
784,25
750,2
751,815
679,2
629,25
24,19
848,6
7,826
284,10
468,735
469,2
713,22
508,35
398,6
3,9
595,22
260,35
778,23
249,35
546,27
820,27
235,16
877,22
518,93
278,12
300,25
599,2
892,8
411,38
179,2
271,680
843,27
367,19
44,22
676,6
343,10
382,35
441,6
353,815
134,35
762,8
873,11
198,12
708,680
50,15
877,15
717,27
457,23
438,19
300,16
512,680
611,12
775,1
668,93
266,19
512,786
516,25
812,10
802,16
951,10
420,5
973,25
521,35
667,12
99,11
171,35
965,815
986,785
74,826
510,786
300,15
543,93
599,16
103,15
983,735
179,16
932,15
109,815
41,23
439,9
812,772
636,27
158,4
347,93
257,735
720,38
812,1
541,8
997,11
82,815
284,23
984,16
415,815
417,15
494,15
39,735
884,38
633,815
651,786
929,735
75,11
628,35
831,5
29,11
412,815
596,785
229,9
177,19
784,5
711,15
897,826
703,785
832,785
886,19
192,11
867,680
858,785
748,16
420,11
223,11
349,785
359,6
457,10
702,785
406,680
209,826
139,815
599,38
250,38
413,826
341,786
608,22
607,38
312,8
275,786
112,11
594,25
26,826
340,11
893,11
451,8
416,38
698,11
790,38
773,22
798,38
195,15
414,815
417,25
821,826
624,5
331,2
96,19
702,23
692,9
529,22
803,6
285,2
606,4
186,12
520,815
761,93
286,35
54,15
1010,772
112,2
686,15
775,815
316,11
391,38
106,12
161,786
751,11
1005,38
627,25
613,22
500,772
121,22
250,815
531,735
470,25
532,12
734,826
112,772
186,23
331,735
408,5
779,22
138,815
29,22
671,12
213,735
932,35
315,35
944,38
609,27
662,15
316,2
798,16
67,38
854,93
303,772
363,25
625,785
455,2
464,10
356,8
283,815
416,786
532,11
72,10
221,12
421,15
149,735
647,785
335,4
211,10
122,6
917,815
594,2
408,785
260,786
742,735
301,5
375,2
412,8
288,6
844,11
113,23
156,5
859,27
881,10
147,826
257,16
135,19
896,772
381,25
828,19
523,772
211,19
764,11
233,2
54,16
682,786
187,10
647,5
975,93
226,35
387,9
30,25
930,27
234,35
424,2
42,4
487,25
203,27
304,12
107,10
734,815
36,6
717,35
863,4
703,16
575,815
758,815
942,38
233,11
693,10
794,25
940,8
869,772
483,2
819,19
965,16
622,19
731,815
274,27
511,15
224,12
795,10
637,35
430,35
1002,23
894,25
640,680
270,23
810,8
591,27
223,93
995,12
924,16
28,93
856,785
104,22
971,23
147,2
703,25
614,27
875,6
693,19
290,93
915,9
422,11
922,93
671,826
841,11
163,19
201,785
952,2
990,19
649,38
904,826
69,735
767,786
453,785
292,15
845,15
663,8
203,9
685,27
406,19
870,25
48,826
638,5
799,23
987,680
586,23
897,11
329,6
475,35
695,38
831,93
579,12
429,35
999,1
692,735
490,19
141,826
533,8
422,2
740,25
372,19
854,1
692,785
783,15
570,15
435,735
701,93
919,10
351,9
706,8
249,6
341,35
456,680
21,11
685,735
478,786
816,786
411,93
789,22
539,786
811,9
406,815
246,19
467,815
639,23
914,680
1011,11
773,680
299,785
263,815
823,680
645,19
370,16
173,786
983,38
964,735
801,785
586,25
787,815
715,826
182,9
133,22
108,15
145,19
181,826
516,38
937,15
883,93
955,815
740,15
173,16
49,2
72,680
52,9
163,6
879,9
916,5
990,4
226,772
595,11
631,786
462,22
146,815
438,15
206,27
336,22
247,815
564,19
105,786
515,4
910,772
533,35
935,772
1011,25
802,4
395,19
472,735
641,735
370,2
462,25
64,19
906,38
139,22
546,1
771,6
899,93
310,93
834,772
339,8
925,785
658,35
290,9
678,38
401,10
700,23
516,815
404,1
478,8
944,22
636,15
194,22
654,15
969,735
269,19
552,6
769,93
846,93
386,785
975,12
83,786
858,826
220,35
203,93
3,8
223,22
728,1
581,22
124,12
324,1
200,15
127,1
593,19
176,8
981,23
414,22
253,22
500,4
195,815
379,23
950,23
537,772
330,10
94,35
920,38
136,735
968,786
0,4
148,786
719,16
188,19
191,38
963,25
682,12
756,11
828,680
557,38
189,12
335,93
7,5
232,786
359,785
361,5
70,785
90,6
833,25
170,772
207,23
503,22
343,2
306,785
587,22
861,22
936,680
59,4
352,10
81,23
120,22
762,16
997,1
945,27
984,10
392,27
652,23
531,8
987,23
0,27
1009,6
166,93
96,15
114,815
425,680
778,6
99,10
618,786
717,19
1012,786
242,680
389,8
834,785
550,6
608,25
537,19
919,680
41,22
226,10
266,27
982,8
565,16
158,5
527,786
343,27
69,27
898,27
170,8
206,785
886,25
390,786
563,38
284,16
216,785
488,22
205,785
683,826
260,25
940,785
121,2
285,15
124,25
506,19
272,12
698,815
606,27
571,23
535,5
560,772
693,35
414,11
643,786
201,11
608,16
584,25
216,19
451,2
291,22
498,27
760,826
923,6
192,12
45,27
159,23
531,22
970,23
53,785
862,25
494,23
810,35
852,23
191,93
321,22
912,735
285,8
695,22
953,38
239,735
94,680
118,680
125,15
52,785
143,15
507,9
757,15
372,35
744,12
730,35
254,11
609,8
555,826
169,785
994,25
758,38
904,785
319,735
17,786
242,15
421,785
887,8
356,27
393,23
196,23
783,680
532,6
269,786
238,35
510,772
310,11
78,23
246,35
780,815
840,2
752,735
954,22
757,8
979,2
816,27
448,5
930,15
660,785
551,8
94,6
319,9
674,8
909,25
363,35
204,772
721,35
995,19
245,11
925,815
606,12
399,22
421,5
332,27
939,5
578,786
668,10
578,735
441,772
903,27
446,680
31,785
769,19
365,93
312,23
350,4
596,815
523,12
135,680
362,11
787,38
974,786
973,826
869,19
338,16
377,27
32,5
343,826
159,2
70,22
514,15
751,19
699,9
899,4
295,9
960,22
371,735
356,9
376,786
285,19
196,5
568,38
787,772
357,22
782,9
165,9
276,12
523,5
65,826
869,785
301,4
141,16
17,2
364,786
128,11
684,16
958,4
723,23
687,5
983,4
217,16
1005,23
18,35
517,11
886,826
558,786
464,2
161,38
567,15
532,19
129,93
794,786
979,735
766,815
804,5
471,11
458,12
918,5
903,772
152,25
982,38
965,22
508,12
773,9
977,19
248,786
501,27
823,9
972,786
777,772
406,6
278,93
65,93
836,735
104,16
63,35
502,10
196,11
915,735
110,10
589,23
776,1
280,38
443,15
446,8
946,772
801,15
658,93
804,12
569,27
328,786
604,15
574,772
573,772
166,785
465,785
545,2
943,12
584,35
656,11
141,2
622,16
967,815
326,6
1007,35
866,11
191,22
711,735
341,16
181,12
823,6
856,786
104,23
378,23
14,25
1005,772
314,680
776,8
172,11
763,735
305,27
108,35
347,23
480,15
79,25
337,93
339,785
158,93
752,22
53,735
990,735
931,25
514,19
363,4
767,680
21,1
425,22
208,93
600,25
141,680
453,27
218,10
381,35
700,12
974,8
172,2
335,27
122,27
712,23
486,93
490,16
382,2
381,735
274,785
60,680
995,786
616,8
43,826
49,23
77,12
370,22
498,35
795,27
831,680
264,12
86,826
894,8
474,8
520,786
630,93
427,815
317,25
104,5
393,38
157,5
949,25
515,25
401,38
293,16
614,10
619,93
429,27
216,35
549,815
1008,15
935,785
311,27
646,785
3,785
555,15
634,815
213,826
198,38
313,38
423,25
188,8
891,4
546,12
200,27
346,38
381,826
536,10
509,15
663,25
314,15
518,772
685,12
496,12
699,35
295,35
506,93
53,93
255,815
552,735
271,10
944,25
747,25
783,785
329,826
293,772
1011,19
259,22
558,19
466,27
216,815
876,5
141,38
163,9
519,785
21,785
830,25
617,25
