138,735
820,23
289,22
200,2
438,12
663,22
741,786
685,5
748,785
512,10
550,27
271,19
722,10
80,12
478,6
639,4
737,4
901,25
483,38
253,826
491,38
200,772
755,680
570,25
704,815
890,826
212,735
139,9
50,27
781,15
89,12
344,772
698,735
610,35
460,16
244,680
7,22
265,6
339,11
525,10
1003,16
621,22
895,6
290,6
401,9
644,680
922,22
944,23
194,23
654,12
397,93
694,680
739,785
59,9
975,15
300,680
561,786
743,35
528,16
395,11
592,680
594,785
556,19
902,35
263,16
1001,785
546,25
285,35
237,735
183,786
900,93
574,12
103,27
658,27
201,23
591,680
562,8
871,22
62,772
394,35
822,35
587,16
607,93
737,22
422,38
901,11
355,1
762,22
968,680
345,27
731,785
96,9
630,1
559,15
670,6
375,772
927,38
324,9
769,826
493,772
40,11
1011,772
867,11
575,785
979,815
818,6
780,772
655,680
339,25
325,22
1006,9
898,772
118,2
814,735
229,5
784,9
565,22
254,23
516,27
809,23
281,1
355,6
135,735
106,22
109,11
272,785
147,786
494,10
920,93
849,9
260,19
813,35
852,2
506,9
14,38
142,27
164,12
953,27
864,5
756,19
958,772
957,772
103,9
506,786
472,8
732,4
77,772
315,25
426,12
44,6
63,826
135,786
375,35
982,9
947,25
577,785
800,785
584,19
733,35
294,15
541,6
319,680
624,9
0,19
435,785
790,815
757,680
611,680
940,786
62,735
470,10
199,23
717,11
535,4
850,35
100,19
482,9
892,23
126,680
769,15
1006,27
882,93
541,772
928,680
1001,38
412,38
569,93
291,25
770,38
402,12
358,35
159,22
514,35
534,38
960,2
120,735
542,38
307,38
72,23
662,785
238,25
888,815
524,786
302,826
104,93
140,11
433,23
273,27
312,10
575,11
633,16
461,12
686,10
155,27
189,785
47,25
251,15
470,826
307,785
215,680
56,15
720,22
405,10
631,815
748,9
970,680
383,38
242,12
996,680
427,735
998,10
176,93
232,10
92,815
753,35
186,10
939,15
371,10
942,8
544,2
368,772
521,680
502,772
963,786
893,2
676,35
56,22
988,826
662,10
20,4
612,11
352,23
738,785
745,27
726,23
319,8
32,15
474,35
862,8
60,2
744,786
535,19
539,826
792,680
939,4
617,815
413,735
397,27
953,826
865,6
976,15
903,785
705,10
911,27
473,11
509,786
1007,23
609,25
476,16
773,6
501,8
798,22
963,680
430,12
875,826
547,786
896,10
664,22
67,815
763,23
637,785
50,35
838,8
418,8
825,5
662,826
495,10
286,19
878,2
715,25
989,5
1007,785
830,826
523,4
583,38
144,680
841,22
87,93
473,12
316,27
869,27
906,23
245,785
391,22
363,16
881,8
129,35
406,12
543,826
638,22
603,16
533,735
897,38
332,10
153,680
261,2
690,10
945,786
912,16
1010,815
369,11
943,6
88,2
694,38
126,19
495,826
168,772
585,2
487,27
452,15
1005,15
168,9
791,35
95,27
884,10
924,27
502,11
174,35
467,23
359,93
14,23
159,735
749,10
182,35
258,6
246,12
397,6
288,785
422,22
209,16
780,22
17,680
752,16
695,735
424,11
795,12
227,11
906,25
565,772
487,735
625,826
366,9
776,772
650,2
727,16
431,2
860,10
878,786
828,35
974,6
61,1
392,680
465,22
283,11
610,826
475,93
369,5
40,772
30,9
397,826
487,786
570,2
274,16
592,27
573,23
351,2
922,785
601,680
67,4
487,9
328,35
203,11
439,785
774,11
543,785
106,815
109,680
974,9
339,680
394,5
305,19
433,38
438,785
629,2
333,16
300,786
172,735
583,10
876,16
88,23
432,815
681,6
348,6
166,5
370,23
153,16
371,786
817,9
449,23
820,2
252,23
289,27
536,4
610,23
496,22
132,12
905,735
621,735
268,9
881,815
308,826
700,735
974,16
703,9
548,826
915,25
937,4
684,93
706,772
323,15
824,93
752,5
627,93
115,826
868,785
850,772
617,23
908,786
302,1
928,11
820,9
731,11
749,680
696,23
277,786
956,6
80,785
978,23
7,35
561,5
502,23
160,815
414,35
895,19
440,15
993,15
243,15
722,16
922,5
374,93
712,6
416,8
1006,680
222,1
528,35
802,11
876,6
951,35
495,680
519,735
521,4
481,10
926,786
249,22
928,2
216,735
931,15
549,9
734,15
127,680
292,38
114,2
339,5
157,22
658,38
364,11
789,38
58,16
48,38
563,786
817,680
86,23
950,27
588,826
419,10
790,15
1011,27
385,772
666,9
796,815
410,772
736,680
456,5
666,786
1001,815
139,8
197,786
456,735
934,35
21,735
776,93
225,6
65,10
265,5
838,826
361,25
550,19
326,772
733,785
367,23
319,815
841,93
182,786
454,23
516,22
390,815
466,10
247,25
306,22
913,6
434,35
642,9
694,23
879,25
185,5
223,16
122,680
928,16
956,19
578,826
389,4
262,786
452,786
805,786
475,6
276,93
442,735
204,5
318,5
503,27
784,19
765,815
858,6
715,38
382,38
111,27
740,38
688,4
997,6
444,16
72,735
987,16
986,735
491,23
1007,93
879,38
331,27
630,6
28,25
139,6
507,826
272,16
326,680
697,785
386,735
723,785
522,6
120,826
250,8
821,10
112,25
884,772
744,25
944,6
183,8
352,12
812,5
997,15
389,815
528,15
984,12
713,5
89,680
436,785
623,815
630,25
528,772
581,6
156,93
251,786
28,16
568,5
1005,826
533,680
687,772
29,15
485,2
821,19
472,9
754,22
95,786
866,786
831,772
633,5
313,735
636,22
266,25
728,815
858,8
56,2
419,38
615,2
980,826
220,10
976,680
852,10
356,23
470,11
309,785
199,22
606,25
793,23
316,786
373,815
707,12
928,826
840,22
859,786
567,93
1010,785
954,2
459,826
976,27
523,27
47,19
358,815
144,786
56,9
346,815
699,826
220,735
775,826
886,22
637,10
195,11
70,35
382,785
553,11
328,680
973,8
258,815
1000,772
199,15
492,27
167,38
850,27
137,23
1000,9
374,19
507,11
458,22
717,735
683,12
315,22
41,6
884,785
924,786
409,93
66,6
133,680
51,93
415,19
570,93
720,23
455,786
96,785
541,23
501,5
674,15
87,38
255,735
257,2
593,680
631,735
932,826
310,9
1010,6
739,19
942,9
325,9
143,22
273,19
366,735
1011,93
387,23
190,23
548,23
1004,4
180,9
844,16
883,23
424,16
903,680
464,785
158,826
948,22
677,11
788,2
455,6
242,4
629,680
353,15
564,38
730,785
208,11
671,9
992,785
239,11
115,25
137,772
526,9
412,12
486,15
72,815
933,9
75,785
220,785
422,680
405,27
850,815
101,785
563,4
600,826
267,22
156,9
909,16
456,93
183,815
438,93
404,680
522,93
64,93
946,23
51,735
14,10
489,27
418,9
36,19
399,25
221,9
828,23
371,27
122,5
729,27
322,22
286,16
234,826
329,786
347,2
384,8
79,12
300,815
962,38
998,680
526,16
855,785
641,826
841,680
202,12
348,35
497,735
352,38
136,93
634,11
963,93
89,35
363,19
734,38
57,10
721,19
353,25
499,38
304,8
857,38
107,22
172,23
85,786
656,785
682,785
458,10
222,35
187,15
249,826
128,4
199,785
313,8
459,25
224,8
259,826
558,93
70,6
363,8
132,16
685,38
995,735
689,35
463,93
502,8
910,35
552,826
335,23
390,93
285,735
989,22
347,16
422,23
980,772
583,23
730,12
288,23
555,785
166,8
617,35
410,35
504,826
191,16
219,772
474,4
663,12
477,25
539,2
282,25
85,25
748,815
491,680
132,772
577,815
742,35
283,10
175,8
305,25
530,9
986,10
641,10
79,27
209,8
656,4
50,815
752,8
237,5
437,8
115,815
931,27
181,19
716,680
18,10
663,5
95,8
242,35
114,22
925,735
708,772
698,680
258,25
431,785
712,25
61,735
170,38
872,735
173,27
930,35
694,8
829,815
77,10
351,10
153,23
941,22
742,772
462,11
524,2
966,38
625,93
915,826
474,22
539,16
1012,93
228,25
502,680
90,38
271,15
515,27
882,10
80,16
246,22
504,38
250,93
768,786
696,826
256,38
737,8
666,4
262,12
980,785
765,5
976,735
683,680
868,786
388,15
617,22
47,735
891,6
302,6
1002,15
820,10
324,23
197,815
289,19
909,38
366,35
663,27
43,12
672,1
857,11
33,22
954,93
775,25
280,4
133,19
925,23
836,25
747,27
361,785
861,15
679,8
111,15
629,19
854,22
837,38
804,815
716,19
428,93
879,785
734,12
167,15
560,735
425,15
910,6
968,9
364,4
493,93
761,35
925,16
193,735
543,10
129,826
466,16
69,815
948,38
52,19
198,22
1009,16
829,826
773,93
648,826
888,9
64,22
834,93
264,35
753,11
932,785
438,5
223,785
349,11
978,6
154,11
7,16
45,786
981,11
485,22
747,786
808,4
44,27
651,5
562,15
747,9
343,9
256,11
241,22
387,93
722,735
317,772
743,93
378,786
514,93
74,11
185,4
461,772
557,815
778,19
781,6
695,15
127,2
864,9
572,826
99,772
867,4
65,2
851,680
746,680
322,38
892,4
658,25
516,785
242,772
404,11
540,680
744,19
562,6
66,35
83,25
676,2
676,735
343,6
787,1
948,815
750,9
148,16
169,826
43,785
392,23
691,16
984,6
217,38
591,38
367,680
406,93
852,5
619,786
232,16
359,23
859,93
396,680
953,16
7,6
300,12
45,772
339,27
359,786
910,27
876,735
571,785
256,772
942,93
177,680
216,8
676,9
750,16
787,6
269,2
203,680
45,38
615,4
119,35
926,10
309,12
220,12
96,2
938,9
902,19
559,22
618,785
232,23
53,23
571,19
953,25
186,680
78,1
889,1
967,23
932,11
368,785
41,27
387,35
118,27
871,6
1001,35
513,15
17,735
205,19
390,785
378,815
624,11
494,19
791,11
331,8
260,4
449,815
374,772
323,786
348,826
275,10
828,12
558,680
596,16
374,25
51,38
287,772
537,25
277,680
905,16
744,8
390,23
486,27
50,680
17,27
205,12
494,785
464,735
945,10
837,12
106,6
624,2
824,15
380,22
846,815
186,772
79,786
871,680
396,8
1010,12
828,11
481,826
78,19
297,2
657,735
622,826
552,93
290,35
510,5
112,15
754,9
41,5
539,735
908,2
984,680
858,27
911,23
590,25
720,8
441,38
311,93
245,772
637,2
267,27
674,12
677,1
899,27
96,23
1011,680
835,35
377,785
874,10
232,12
714,6
532,1
238,38
704,16
411,680
732,19
325,8
115,19
851,826
247,93
375,8
180,10
701,35
540,826
192,680
45,10
710,772
748,2
677,10
970,4
886,815
980,93
174,12
467,2
50,38
640,10
310,1
985,785
398,786
273,11
789,93
609,772
188,815
209,35
523,1
635,772
597,10
656,25
433,826
969,38
977,38
227,22
836,786
514,10
161,815
517,15
738,35
721,25
135,22
766,38
14,11
234,680
776,22
408,16
319,785
504,4
875,23
912,27
329,785
54,680
76,10
921,680
666,38
647,8
872,815
190,6
448,22
965,735
548,6
967,826
415,9
56,38
511,5
42,25
684,19
958,11
745,11
563,12
414,772
107,786
613,4
887,16
193,12
339,93
359,38
269,826
589,27
60,815
900,23
461,93
408,23
690,8
820,785
927,735
898,93
774,680
941,815
138,19
321,785
583,25
927,785
894,785
752,27
473,27
847,19
331,815
227,4
483,772
559,826
391,9
637,38
32,22
687,15
892,735
823,10
402,815
555,680
721,11
921,6
539,12
406,5
43,35
193,5
636,815
675,19
803,38
254,772
308,815
48,5
530,15
604,10
839,27
347,19
311,9
918,19
480,11
743,10
780,16
819,23
286,772
622,23
987,35
237,11
219,93
757,815
350,826
191,19
156,23
429,772
620,25
1002,19
181,9
41,735
832,9
481,93
67,772
860,4
418,19
406,785
80,35
703,5
504,25
801,5
86,9
877,786
291,93
533,11
411,826
854,2
984,93
965,5
583,15
490,785
876,27
1006,772
163,23
717,826
459,22
77,16
856,23
748,93
768,35
366,22
827,93
349,38
120,786
541,680
157,9
638,9
665,27
480,735
649,772
614,22
798,786
527,815
1008,11
167,826
671,815
284,35
212,11
937,772
299,19
249,10
563,735
67,15
861,680
327,12
474,23
366,25
644,815
574,23
685,16
690,93
175,786
268,11
364,23
935,23
465,6
108,12
141,815
950,15
510,93
915,27
41,93
666,5
463,786
64,772
962,2
28,826
980,786
783,16
750,680
273,815
866,19
350,815
64,25
891,25
931,8
695,35
291,735
716,786
94,735
425,5
232,826
104,15
546,772
531,786
271,23
789,27
499,785
283,16
1001,93
105,16
184,22
972,23
519,23
354,785
740,11
561,680
981,815
873,27
160,15
694,27
716,12
74,6
792,15
719,1
423,19
939,826
373,735
559,680
670,16
375,826
413,25
605,772
988,38
92,19
796,11
599,11
907,735
13,815
678,35
935,5
789,735
404,6
133,27
426,23
924,826
409,680
83,10
431,815
37,10
57,785
792,785
170,16
688,8
284,8
395,23
605,2
272,815
383,25
185,2
716,11
410,15
528,785
232,35
432,16
178,35
324,6
50,22
200,12
932,786
644,772
149,93
225,4
890,680
818,19
253,25
697,8
308,785
808,5
969,22
20,93
972,5
701,12
294,25
44,785
688,15
762,10
802,27
713,25
913,4
13,10
345,23
273,786
534,25
938,4
85,93
213,8
943,735
593,23
26,38
621,12
70,786
179,9
821,15
436,35
0,815
130,735
182,22
540,22
448,38
947,12
181,785
441,9
354,826
981,826
306,15
990,680
77,38
28,27
263,10
302,35
857,680
453,93
682,8
793,11
479,680
522,4
225,22
762,826
618,16
818,5
515,680
843,23
365,786
207,19
674,826
784,12
34,16
587,10
794,93
355,11
559,735
504,772
789,785
756,785
392,772
445,6
896,815
161,12
53,22
624,735
770,735
717,15
1010,27
917,2
153,826
742,25
100,23
506,785
50,735
658,8
697,35
163,772
475,22
293,35
744,2
764,93
470,815
343,23
306,772
969,9
476,15
352,5
923,5
834,15
489,826
988,735
902,11
578,8
464,35
78,772
121,6
963,11
63,5
103,772
838,35
221,35
232,772
211,680
303,22
30,826
254,4
128,35
402,11
701,16
758,35
995,815
796,772
245,826
342,785
951,680
970,19
588,25
517,19
973,6
204,786
204,735
941,93
852,19
763,5
690,735
258,38
386,19
371,6
831,9
875,35
967,4
791,826
584,4
432,785
110,735
1007,2
332,826
745,23
50,93
748,4
877,93
627,23
810,22
741,35
813,11
851,735
82,23
161,23
72,1
535,23
275,27
208,22
723,815
942,15
525,93
190,735
840,6
54,735
239,12
439,19
387,25
47,35
733,11
291,8
662,9
296,93
962,815
450,785
485,680
70,19
751,22
970,5
511,680
41,815
995,23
279,680
428,38
568,35
489,16
382,735
825,1
628,5
39,11
903,23
172,35
176,38
582,9
433,6
550,38
572,23
76,12
937,35
597,9
66,22
673,38
583,735
490,826
434,680
128,8
844,9
348,38
706,38
227,25
45,2
179,785
588,6
788,11
402,826
684,786
499,35
776,786
193,10
304,19
489,25
60,785
186,27
776,23
48,8
601,38
529,735
289,786
767,12
152,22
483,27
412,5
272,735
609,23
990,35
511,4
113,10
973,815
792,38
449,8
782,815
178,19
181,6
304,10
14,19
310,16
75,35
703,22
335,8
465,25
961,6
693,12
604,12
197,23
808,826
878,8
510,38
989,27
458,8
794,27
544,815
262,38
816,4
1001,8
30,2
656,8
472,815
42,1
579,826
212,772
742,785
983,25
341,19
363,10
400,16
292,6
610,9
591,25
721,10
154,35
924,22
675,735
13,785
240,25
131,785
776,5
579,5
652,680
446,12
504,19
413,786
51,19
112,35
833,815
461,38
707,786
483,9
262,25
943,8
819,22
732,826
770,27
239,815
573,27
459,16
116,23
133,772
758,25
479,93
1002,16
699,16
644,826
774,23
43,27
615,785
564,4
396,35
381,38
678,4
295,815
974,5
776,12
207,35
961,16
137,35
599,680
670,680
543,16
394,25
912,1
197,25
175,10
604,2
626,19
419,19
801,4
715,1
58,772
829,25
101,8
412,735
930,38
570,1
404,735
169,680
459,9
277,2
388,27
795,6
674,35
421,93
884,27
43,16
835,12
196,680
968,22
664,815
475,38
614,23
468,15
379,9
73,12
832,815
616,12
137,815
262,11
190,35
765,10
879,6
755,12
866,25
976,815
919,1
212,785
496,9
956,10
295,38
499,4
860,27
935,22
477,815
993,11
689,786
465,5
651,16
601,11
712,2
184,16
274,772
311,23
901,19
426,815
725,772
669,23
599,815
49,12
362,93
605,15
592,12
77,1
224,22
388,9
836,680
931,11
438,9
632,2
406,38
857,9
1003,38
450,4
788,826
92,786
271,22
169,15
543,15
319,826
305,2
712,9
111,9
441,680
173,11
247,4
49,5
234,11
487,826
805,11
632,772
706,23
172,786
908,772
928,5
909,93
855,15
731,5
517,93
114,1
578,93
248,680
68,5
654,772
648,19
922,11
946,735
654,9
34,4
400,785
790,2
862,826
355,23
120,6
505,25
287,12
967,772
694,19
630,11
136,16
781,11
50,23
142,10
953,4
934,38
991,19
460,12
928,785
874,815
766,785
759,786
851,786
944,11
429,2
654,16
639,9
343,11
201,680
259,8
44,786
225,680
264,93
830,15
632,786
728,6
985,38
435,5
348,815
593,22
386,12
300,23
140,680
603,93
895,11
414,27
1006,10
367,25
497,10
390,735
562,4
526,38
512,785
254,16
183,12
441,8
812,9
528,11
195,25
802,19
198,6
827,25
147,785
888,25
652,786
432,15
103,785
164,1
457,25
848,785
723,735
522,5
646,19
873,815
103,12
594,38
135,785
908,23
177,27
711,23
622,93
1008,38
862,815
576,826
241,6
541,9
357,786
639,826
602,9
862,16
367,772
791,12
761,680
960,8
136,5
445,5
263,2
877,2
272,10
660,35
988,11
457,2
496,35
152,815
596,11
90,10
491,815
510,25
112,19
628,815
497,4
229,10
249,785
858,23
362,16
913,93
254,2
352,6
405,4
613,815
541,2
192,10
230,27
602,16
220,5
720,785
421,735
370,35
849,6
260,6
136,12
525,815
927,16
1000,5
70,772
95,772
870,735
835,680
214,772
88,35
213,772
251,10
87,815
239,772
916,815
62,38
541,27
998,786
837,10
568,785
508,93
474,93
553,8
26,735
633,826
616,680
709,826
985,2
72,27
128,680
988,25
75,6
1010,10
186,15
386,16
958,826
371,9
816,735
525,35
196,786
802,680
547,10
361,680
949,93
112,1
794,4
279,1
69,8
1004,8
362,735
933,4
155,786
32,12
909,27
748,5
822,772
970,27
881,25
517,27
847,772
852,27
407,786
874,8
255,786
642,735
554,16
724,93
767,25
436,15
76,22
721,772
350,6
616,35
942,785
800,826
141,25
513,16
473,6
424,19
498,6
154,785
119,1
430,9
968,826
148,826
899,2
791,16
721,38
171,5
135,27
599,93
124,35
417,815
72,9
196,27
678,25
489,23
640,12
863,23
714,15
275,35
371,23
247,786
769,22
274,815
905,9
796,680
893,23
397,786
52,38
269,93
326,22
538,19
684,22
649,12
906,735
834,16
392,35
267,11
514,8
899,11
993,815
665,826
653,8
603,680
14,9
967,93
880,786
554,2
421,9
739,2
579,22
137,15
690,15
211,16
603,786
582,1
964,15
767,15
275,815
187,11
26,785
79,9
872,785
743,22
871,93
102,815
215,4
90,815
642,93
988,772
609,22
237,23
773,11
600,772
414,735
255,2
57,15
699,5
425,38
741,93
392,815
450,38
878,772
642,680
961,5
523,826
551,93
628,785
816,5
743,15
545,12
356,680
127,826
719,38
795,11
45,680
355,93
798,4
249,680
752,786
70,5
381,785
406,27
317,9
118,785
502,15
896,785
1004,786
110,15
628,19
776,6
225,93
579,4
727,786
162,19
622,735
607,9
420,680
470,680
841,4
805,22
667,93
153,10
227,15
172,815
945,38
102,680
527,2
447,680
233,815
749,772
734,23
663,9
481,680
850,93
150,786
228,22
268,23
586,22
36,11
571,93
761,4
742,38
961,23
465,10
86,15
414,93
366,826
981,786
274,12
166,6
278,826
634,35
580,785
121,826
894,10
474,10
21,12
389,35
502,25
446,826
144,4
290,680
420,772
350,93
924,815
872,8
601,1
552,16
1011,8
314,815
480,27
777,27
962,9
943,25
765,9
177,93
414,680
126,8
842,786
659,27
553,826
861,785
536,8
956,11
425,2
117,1
43,735
870,10
104,10
124,680
675,8
895,22
293,27
367,4
611,16
133,23
394,8
804,38
454,38
330,16
669,22
943,38
765,2
967,785
1009,27
556,35
370,10
795,23
289,16
549,12
509,10
402,785
832,16
928,772
981,6
732,38
145,786
957,680
996,8
467,826
503,8
105,22
983,680
32,786
984,815
471,35
269,27
40,680
737,6
790,8
170,23
62,25
64,680
837,35
876,2
913,8
805,10
879,23
592,4
994,680
442,93
84,93
302,12
235,27
806,27
276,785
867,27
43,6
762,815
925,786
512,15
787,826
993,4
775,19
540,2
922,8
83,12
750,2
587,25
751,815
679,2
629,25
24,19
259,2
7,826
468,735
395,9
469,2
713,22
398,6
664,35
3,9
595,22
778,23
210,8
249,35
546,27
235,16
142,11
877,22
518,93
300,25
928,786
599,2
892,8
179,2
253,23
271,680
843,27
44,22
84,826
676,6
343,10
441,6
385,785
353,815
134,35
873,11
802,25
198,12
708,680
877,15
435,4
717,27
457,23
300,16
546,815
512,680
611,12
668,93
744,22
266,19
512,786
812,10
762,19
802,16
951,10
973,25
494,4
521,35
667,12
99,11
581,25
965,815
986,785
510,786
956,38
300,15
543,93
103,15
140,27
983,735
179,16
109,815
275,772
41,23
439,9
636,27
267,815
158,4
347,93
720,38
294,9
812,1
541,8
45,35
82,815
284,23
984,16
417,15
270,38
494,15
39,735
633,815
445,4
651,786
929,735
628,35
275,6
831,5
29,11
596,785
775,680
229,9
177,19
711,15
87,785
897,826
668,680
832,785
703,785
192,11
886,19
748,16
896,35
420,11
223,11
359,6
1005,815
457,10
702,785
209,826
411,735
139,815
599,38
413,826
250,38
658,1
608,22
607,38
312,8
130,19
594,25
26,826
390,10
340,11
893,11
416,38
254,10
698,11
790,38
798,38
84,16
195,15
414,815
417,25
328,23
821,826
331,2
702,23
887,9
692,9
529,22
803,6
532,5
606,4
186,12
761,93
929,23
286,35
54,15
1010,772
594,16
686,15
775,815
391,38
674,11
106,12
824,25
751,11
161,786
627,25
613,22
121,22
139,38
250,815
531,735
532,12
753,38
734,826
112,772
331,735
777,680
408,5
779,22
138,815
29,22
303,38
213,735
315,35
134,772
944,38
609,27
316,2
338,19
798,16
67,38
303,772
180,786
363,25
625,785
464,10
852,35
356,8
283,815
470,16
532,11
416,786
221,12
421,15
560,815
647,785
335,4
122,6
357,23
917,815
594,2
260,786
407,93
742,735
301,5
412,8
893,22
288,6
844,11
156,5
835,815
859,27
881,10
147,826
367,735
135,19
896,772
828,19
482,38
523,772
211,19
233,2
674,680
54,16
682,786
647,5
667,772
975,93
226,35
30,25
692,772
930,27
234,35
424,2
909,5
487,25
203,27
107,10
749,12
734,815
36,6
863,4
59,786
703,16
575,815
942,38
675,786
233,11
693,10
940,8
616,25
869,772
483,2
965,16
162,786
622,19
731,815
511,15
77,27
224,12
795,10
430,35
1002,23
983,27
894,25
640,680
111,785
810,8
846,785
591,27
995,12
924,16
28,93
856,785
567,2
971,23
147,2
614,27
485,93
875,6
693,19
915,9
917,826
422,11
922,93
841,11
325,815
163,19
201,785
990,19
573,25
649,38
904,826
767,786
988,93
453,785
292,15
845,15
663,8
95,15
685,27
870,25
746,27
48,826
638,5
987,680
821,38
586,23
897,11
475,35
831,93
579,12
429,35
430,772
692,735
490,19
533,8
555,23
422,2
740,25
854,1
484,735
692,785
783,15
435,735
829,786
701,93
919,10
706,8
580,786
249,6
341,35
21,11
774,12
685,735
478,786
411,93
472,93
789,22
539,786
406,815
703,15
246,19
467,815
914,680
330,22
1011,11
773,680
263,815
52,2
823,680
645,19
173,786
817,12
983,38
964,735
586,25
253,11
787,815
715,826
133,22
502,735
108,15
145,19
516,38
55,785
937,15
883,93
740,15
281,38
173,16
49,2
52,9
952,23
879,9
163,6
916,5
521,6
226,772
595,11
631,786
289,23
146,815
438,15
336,22
781,786
247,815
564,19
515,4
540,4
910,772
533,35
1011,25
173,9
802,4
395,19
472,735
805,9
370,2
462,25
299,2
64,19
139,22
546,1
771,6
899,93
756,5
834,772
29,38
925,785
658,35
290,9
897,23
401,10
700,23
516,815
478,8
80,2
944,22
636,15
654,15
214,93
969,735
269,19
552,6
476,38
846,93
386,785
83,786
959,680
858,826
220,35
3,8
719,11
223,22
728,1
124,12
89,22
324,1
200,15
593,19
525,4
176,8
981,23
253,22
808,8
500,4
195,815
950,23
256,15
330,10
94,35
537,772
562,772
136,735
968,786
148,786
494,2
719,16
188,19
963,25
50,12
682,12
756,11
557,38
189,12
408,35
335,93
7,5
985,815
359,785
361,5
90,6
805,680
833,25
170,772
503,22
216,5
343,2
306,785
587,22
609,680
936,680
59,4
81,23
120,22
724,786
762,16
997,1
984,10
123,35
87,25
945,27
987,23
0,27
531,8
1009,6
166,93
849,10
114,815
425,680
778,6
798,93
618,786
717,19
1012,786
276,815
389,8
834,785
608,25
240,35
537,19
919,680
226,10
581,826
982,8
565,16
266,27
158,5
415,35
678,785
343,27
898,27
170,8
206,785
886,25
778,772
563,38
284,16
488,22
752,93
205,785
683,826
260,25
121,2
285,15
124,25
272,12
695,25
698,815
606,27
535,5
593,6
560,772
414,11
732,2
643,786
201,11
584,25
123,826
216,19
451,2
498,27
81,1
923,6
192,12
45,27
343,815
159,23
531,22
53,785
553,5
862,25
494,23
852,23
357,735
321,22
191,93
912,735
72,22
695,22
953,38
239,735
961,38
118,680
125,15
52,785
143,15
201,12
757,15
744,12
893,735
730,35
254,11
609,8
883,12
169,785
994,25
904,785
834,5
319,735
17,786
421,785
759,93
887,8
356,27
196,23
270,826
783,680
532,6
238,35
1010,8
510,772
310,11
246,35
279,772
780,815
840,2
954,22
439,23
757,8
979,2
448,5
50,786
930,15
660,785
94,6
318,815
319,9
674,8
363,35
257,5
204,772
721,35
245,11
300,93
925,815
606,12
421,5
739,22
332,27
153,786
668,10
939,5
578,786
578,735
446,680
31,785
214,19
769,19
519,785
312,23
459,815
350,4
596,815
523,12
836,93
362,11
787,38
973,826
248,772
869,19
338,16
32,5
341,5
343,826
159,2
70,22
533,785
699,9
899,4
295,9
258,826
960,22
371,735
376,786
564,35
285,19
196,5
787,772
961,9
357,22
782,9
276,12
918,2
523,5
65,826
301,4
927,815
141,16
17,2
128,11
274,38
684,16
958,4
687,5
245,786
983,4
217,16
18,35
970,11
517,11
886,826
464,2
485,815
161,38
567,15
129,93
936,6
794,786
979,735
804,5
110,772
471,11
458,12
903,772
595,815
152,25
982,38
508,12
202,9
773,9
977,19
501,27
341,23
823,9
972,786
813,680
406,6
777,772
65,93
836,735
104,16
231,23
196,11
915,735
678,9
110,10
589,23
280,38
668,23
443,15
446,8
801,15
782,27
658,93
804,12
569,27
328,786
533,5
574,772
573,772
940,9
465,785
545,2
375,19
584,35
305,680
141,2
622,16
967,815
326,6
1007,35
191,22
284,815
711,735
341,16
181,12
921,10
856,786
104,23
14,25
144,8
1005,772
314,680
172,11
853,38
763,735
305,27
347,23
384,27
480,15
79,25
339,785
30,8
158,93
752,22
990,735
153,8
931,25
514,19
363,4
92,11
21,1
425,22
600,25
449,786
911,786
453,27
141,680
218,10
700,12
974,8
172,2
85,815
122,27
712,23
490,16
73,8
382,2
381,735
60,680
829,22
995,786
616,8
49,23
966,815
77,12
370,22
498,35
388,6
795,27
264,12
894,8
344,815
474,8
520,786
427,815
281,680
317,25
104,5
393,38
968,25
949,25
515,25
293,16
811,8
614,10
619,93
216,35
549,815
935,785
330,23
311,27
646,785
3,785
777,25
634,815
213,826
313,38
277,8
423,25
188,8
546,12
265,785
200,27
346,38
753,27
536,10
381,826
663,25
509,15
518,772
43,10
685,12
314,15
496,12
506,93
586,6
53,93
255,815
552,735
722,19
944,25
747,25
930,826
329,826
293,772
1011,19
558,19
727,680
466,27
216,815
876,5
287,27
163,9
573,35
830,25
462,23
617,25
