139,16
140,815
623,23
460,25
685,5
759,2
68,25
434,786
364,10
204,22
611,27
83,9
157,786
444,772
503,10
674,735
145,11
437,680
737,4
483,38
491,38
716,8
623,785
200,772
330,735
901,772
633,785
595,19
484,15
139,9
46,786
252,35
877,27
129,19
610,35
682,27
244,680
478,772
355,826
65,11
525,10
621,22
910,11
515,12
935,1
293,11
556,826
333,826
155,38
229,19
944,23
256,9
701,15
519,8
577,1
762,15
227,815
581,735
582,680
298,815
172,772
321,9
301,680
213,11
766,19
327,680
291,772
336,5
7,15
300,27
339,16
440,35
207,9
118,11
266,22
379,22
804,93
750,11
860,735
901,11
422,38
479,19
886,12
444,23
206,772
306,16
90,680
350,772
667,9
867,772
741,2
605,786
344,786
127,9
697,786
40,11
793,6
463,11
139,826
929,9
932,735
700,38
683,38
924,772
944,5
814,735
673,12
565,22
216,6
307,826
440,815
809,23
691,23
470,735
549,93
849,9
298,785
813,35
814,772
272,22
953,27
756,19
991,2
596,15
103,9
932,9
575,5
633,6
426,12
500,11
135,786
797,11
301,38
800,785
713,772
365,9
590,9
862,786
168,826
738,772
352,2
134,19
926,15
857,772
0,19
883,772
882,772
611,680
960,11
82,38
689,22
356,22
620,93
699,93
1010,23
647,815
596,22
463,25
1000,1
112,22
537,27
993,38
423,785
155,2
1001,38
412,38
602,786
606,826
402,12
834,11
392,10
250,680
160,38
514,35
899,16
63,1
542,38
401,93
939,22
483,735
524,786
29,2
621,680
140,11
436,4
350,27
279,5
779,785
305,93
180,1
609,15
612,12
498,19
443,772
835,826
655,16
17,785
380,19
309,25
664,8
789,815
260,8
741,38
998,10
393,22
269,785
567,35
310,8
368,15
421,27
795,735
26,6
618,9
433,8
368,772
846,25
41,8
152,5
633,25
651,93
797,22
65,815
214,786
694,93
17,23
476,25
920,10
538,12
427,10
501,15
415,772
862,8
664,15
220,22
521,93
598,93
502,38
582,785
199,2
539,826
792,680
26,1
196,772
804,16
807,5
314,772
976,15
870,785
1001,25
433,772
893,27
911,27
1004,2
473,11
509,786
720,4
424,22
649,8
958,2
501,8
156,8
875,826
750,826
514,12
896,10
934,27
960,23
445,38
67,815
763,23
653,12
714,10
453,38
715,735
755,785
885,35
978,826
335,6
465,35
286,19
912,25
807,2
458,2
1007,785
350,12
64,815
911,735
773,15
977,25
869,27
1002,35
646,93
542,2
653,5
640,6
381,23
628,8
665,2
332,10
26,19
579,27
335,15
690,10
450,93
912,16
1010,815
831,815
387,11
981,772
88,2
141,8
660,815
573,5
495,826
560,6
999,815
341,22
987,815
751,735
57,12
992,12
168,9
845,27
353,19
407,826
174,35
502,11
446,772
431,5
749,10
325,93
261,11
962,735
122,22
233,9
276,19
187,5
669,15
707,785
351,5
798,11
356,826
585,11
696,2
823,1
625,826
292,2
151,786
100,93
428,15
709,772
514,786
307,16
900,27
576,12
920,772
961,19
304,826
51,23
286,4
73,6
475,93
55,772
705,22
544,826
101,11
487,786
199,772
237,6
1012,38
116,19
64,9
524,10
706,15
835,772
292,9
702,35
685,25
336,35
449,785
376,815
428,6
33,5
897,9
109,680
293,22
898,815
925,6
394,5
433,38
288,815
1008,9
792,826
740,27
333,16
777,23
228,826
338,93
248,35
88,23
569,815
843,786
755,11
977,5
449,23
487,6
894,9
588,38
400,2
536,4
610,23
114,16
242,93
206,15
832,5
117,5
635,5
905,735
283,735
271,12
739,35
614,11
747,35
768,785
552,19
898,35
681,772
797,815
318,786
707,772
599,786
281,35
765,6
285,785
783,22
212,16
358,19
456,23
437,27
627,93
830,23
928,11
175,680
820,9
327,11
255,35
258,785
539,22
561,5
959,11
746,11
502,23
342,27
453,12
664,826
58,9
297,93
727,826
503,12
416,8
972,735
437,735
755,25
519,735
854,735
216,735
127,680
129,25
114,2
685,4
243,785
796,9
336,8
290,12
364,11
515,6
935,11
58,16
775,23
44,35
975,826
688,785
601,16
817,680
950,27
843,680
809,35
426,786
353,786
466,19
926,16
545,38
398,2
570,38
277,25
888,8
832,680
89,19
842,12
456,735
971,93
991,22
918,786
978,9
579,93
981,12
766,786
710,15
857,22
648,23
885,27
318,2
851,785
307,815
552,8
454,23
972,11
633,680
444,25
451,815
587,785
52,25
434,35
0,15
326,93
862,35
487,815
645,12
115,785
338,826
559,1
122,680
263,19
752,815
877,19
768,735
867,5
190,826
525,2
707,25
452,786
201,22
182,16
130,10
77,785
575,22
426,27
282,772
562,9
178,680
195,785
34,27
969,25
771,815
148,23
24,680
972,2
615,12
926,2
505,38
748,38
586,786
491,23
879,38
398,12
96,10
28,25
50,10
506,15
507,826
660,25
864,15
954,826
463,10
196,826
303,6
179,12
54,38
510,19
1010,680
884,772
44,8
174,785
376,19
1003,772
102,786
947,19
969,2
241,1
994,10
922,735
685,785
479,27
615,5
711,785
602,10
306,8
677,23
436,785
553,25
517,35
870,93
688,735
766,2
506,22
646,23
892,25
268,35
658,10
732,5
806,772
608,27
754,22
418,93
805,772
648,12
575,4
461,25
226,8
636,22
513,8
399,680
720,25
649,19
691,680
980,826
69,772
31,93
586,772
531,19
220,10
791,8
630,16
705,772
359,10
435,23
606,25
953,35
522,8
831,6
959,93
300,1
339,38
658,5
697,38
261,815
500,19
584,27
285,815
251,9
911,15
711,8
346,815
679,35
56,9
220,772
116,35
134,11
356,785
533,772
146,6
220,1
899,19
902,12
260,2
45,735
568,19
457,15
39,27
850,27
889,12
143,9
54,11
510,4
575,10
686,11
279,4
301,23
180,2
183,23
402,4
560,27
234,93
862,6
664,9
828,772
229,785
653,25
529,11
603,12
396,6
932,826
39,16
325,9
491,785
535,735
757,22
594,15
387,23
979,4
982,19
177,2
561,815
338,23
319,11
230,9
464,785
638,815
567,735
417,23
255,19
39,786
442,9
82,16
727,15
730,785
640,9
326,826
99,815
668,4
482,19
582,11
840,11
548,785
54,5
844,786
526,9
213,786
362,9
180,16
473,10
291,15
20,12
94,15
595,93
101,785
45,4
501,23
585,23
566,19
896,11
18,38
699,11
256,735
240,815
41,786
282,12
927,11
838,9
363,785
97,27
647,786
942,27
211,15
937,38
705,735
26,786
483,25
412,11
548,5
202,12
865,785
958,10
963,93
891,680
468,786
89,35
198,826
328,15
809,826
828,785
119,785
245,27
221,2
347,772
739,6
667,735
504,10
122,12
782,22
656,785
767,11
347,27
940,12
190,8
321,786
548,12
532,680
459,25
424,5
158,815
161,826
823,11
363,8
759,35
118,786
47,680
689,35
502,8
547,93
33,10
749,9
144,19
946,9
418,27
733,826
378,10
122,23
782,25
288,786
108,38
937,16
852,680
597,38
372,8
251,35
179,680
625,680
166,8
847,25
351,4
464,680
100,772
524,12
430,38
252,2
487,19
931,735
879,680
219,772
111,786
849,826
477,25
921,8
832,8
135,2
304,6
675,25
363,772
880,772
329,2
900,4
150,16
776,10
354,10
172,5
283,10
999,5
394,27
910,815
197,27
552,38
915,10
520,15
689,680
943,23
191,786
230,93
927,772
752,8
990,22
573,22
115,815
521,16
706,12
413,15
716,680
165,772
663,5
683,772
439,735
40,35
132,6
120,785
635,15
410,93
799,16
144,1
453,25
513,786
736,16
971,1
441,815
80,25
354,5
357,8
819,680
344,19
415,93
626,12
970,772
519,38
333,15
685,826
616,10
65,772
358,25
583,5
783,8
952,12
385,11
866,27
116,27
687,27
742,772
449,22
452,680
346,93
57,38
223,826
167,25
21,8
117,4
502,680
525,680
488,785
90,38
551,680
552,815
722,22
703,8
944,735
246,22
858,35
878,38
454,35
679,19
333,8
98,25
262,12
669,25
252,786
53,815
683,680
388,15
580,772
302,6
731,10
623,8
574,25
99,785
204,25
978,785
280,4
885,8
170,815
468,19
308,15
1007,826
55,786
24,9
480,22
410,826
804,815
287,5
879,10
990,11
385,5
595,12
252,38
966,16
74,735
860,786
476,735
184,680
438,2
43,5
7,27
228,15
512,12
801,815
586,15
878,815
426,22
688,786
357,35
747,16
639,6
108,1
148,2
353,785
688,23
615,25
716,10
916,15
645,2
521,12
504,680
142,4
877,25
753,11
646,35
704,38
904,680
45,786
816,826
265,4
265,735
29,35
147,735
207,2
999,38
394,38
516,23
699,785
59,11
812,16
709,93
691,11
714,735
345,16
989,680
630,12
188,23
223,19
672,785
858,680
140,735
987,785
127,2
806,22
660,19
572,826
756,15
176,11
892,4
953,786
83,25
653,786
451,16
676,735
589,735
366,680
94,38
441,10
886,2
688,5
997,5
81,19
160,19
531,4
345,25
380,9
642,1
534,19
556,4
222,735
926,772
232,16
32,93
50,11
914,23
199,35
236,815
951,772
225,23
189,9
389,12
599,23
782,38
179,15
550,2
608,5
957,4
942,93
750,16
861,19
294,735
994,11
158,735
951,6
331,19
938,9
539,93
648,815
424,826
459,38
651,785
321,25
272,8
953,25
75,22
349,22
264,786
374,6
981,38
340,772
550,5
475,23
459,772
426,10
155,15
871,6
484,772
698,5
402,19
862,735
94,16
728,735
642,19
331,8
494,19
449,815
266,815
728,25
285,12
272,15
128,772
788,680
509,35
596,16
618,5
411,1
250,27
840,23
967,12
1006,25
572,9
256,786
260,826
908,11
982,6
416,35
948,772
1004,23
551,23
43,772
870,680
192,15
356,786
553,10
681,93
242,19
745,786
67,826
506,25
53,25
990,815
78,19
388,786
903,38
137,22
143,8
754,9
510,5
954,10
905,25
301,22
982,25
251,1
1009,93
534,826
920,5
850,826
192,6
748,11
106,1
532,772
827,35
423,35
78,785
464,16
63,8
998,8
448,815
781,35
568,27
714,6
218,35
606,8
741,815
297,11
939,1
579,38
411,680
270,680
325,8
236,8
536,680
115,19
597,1
923,786
362,15
415,27
515,786
609,6
576,772
591,772
869,23
464,786
430,11
417,22
720,772
220,16
632,826
245,8
174,12
467,2
527,93
532,8
625,23
221,15
704,23
408,9
100,10
779,10
211,9
840,12
162,8
607,16
992,786
76,19
647,19
79,6
249,815
213,785
893,25
948,785
94,12
974,785
773,735
61,786
916,826
320,815
427,5
745,2
178,27
514,10
517,15
810,27
702,5
613,27
117,38
776,785
429,735
230,826
193,11
766,38
14,11
625,8
398,735
221,8
999,25
322,23
875,23
693,4
641,38
329,785
273,12
436,19
520,27
666,38
189,826
276,15
194,93
254,35
237,25
20,735
847,735
42,25
576,786
958,11
338,6
391,735
449,9
413,35
70,12
270,9
414,772
532,785
995,2
304,9
359,38
107,9
36,27
825,12
310,19
736,12
85,785
820,785
782,23
715,16
616,22
635,786
894,785
473,27
55,15
648,785
116,15
557,735
687,15
887,786
798,6
637,38
555,680
612,815
721,11
168,11
803,38
61,6
579,2
446,15
875,5
839,27
110,786
695,680
793,826
705,680
979,35
819,23
622,23
753,815
280,786
941,35
947,772
929,785
514,23
972,772
756,38
721,12
539,5
481,93
230,815
66,772
56,680
921,786
59,815
776,11
758,826
354,11
518,11
433,35
839,16
604,1
616,4
409,10
212,12
30,15
659,16
163,23
459,22
977,2
67,6
696,11
18,11
366,22
774,9
888,680
978,35
157,9
307,27
419,786
539,785
576,5
649,772
761,15
480,772
618,93
1008,11
793,772
1011,6
616,11
804,826
962,772
482,785
289,25
536,6
956,9
685,16
229,815
450,12
218,16
733,772
401,27
614,9
305,10
267,735
604,23
639,19
1009,735
202,815
737,15
590,38
98,22
558,15
463,786
710,826
437,25
370,12
64,25
462,19
854,785
891,25
380,680
239,680
669,826
907,19
746,9
710,19
857,10
92,785
473,785
789,27
935,12
80,8
480,786
318,22
1001,93
567,815
454,27
934,785
630,735
447,8
711,815
287,4
163,10
509,735
348,22
719,1
101,815
559,680
980,38
726,93
928,4
546,2
731,2
509,5
76,680
954,815
1012,826
796,11
857,19
434,785
715,93
475,10
115,35
885,16
98,815
601,22
712,15
950,25
111,23
64,786
395,23
0,10
716,11
347,680
556,23
756,772
997,680
820,25
966,8
553,815
236,826
932,786
791,680
574,8
796,2
981,735
672,16
621,19
648,25
445,786
105,2
654,19
715,35
739,786
901,15
926,25
710,815
802,27
345,23
879,27
1009,8
74,8
296,2
136,22
410,22
506,2
751,93
646,27
632,22
546,785
250,15
450,16
621,12
953,785
436,35
130,8
448,38
822,38
181,785
771,785
916,785
964,680
951,8
383,15
111,735
882,785
185,12
741,15
63,23
581,27
728,12
161,11
292,93
225,22
575,786
389,11
618,16
1000,22
439,15
636,25
871,8
908,22
673,1
490,680
419,35
402,25
994,735
847,35
577,16
479,5
306,6
171,38
392,772
670,12
908,815
376,680
799,93
284,735
272,9
435,16
554,38
704,12
831,27
506,785
214,11
179,23
806,826
1006,23
697,35
475,22
730,93
216,16
307,772
933,19
898,23
612,25
425,772
834,15
561,826
450,772
325,680
489,826
109,1
456,35
791,10
888,38
136,11
118,826
63,5
375,680
729,826
103,772
838,35
221,35
283,93
618,735
124,786
270,735
143,2
594,27
575,15
279,9
744,9
851,815
908,4
216,23
602,785
750,35
402,11
556,680
281,16
134,9
245,826
358,38
857,786
566,12
837,11
951,23
257,15
738,23
42,815
260,12
941,93
939,11
78,16
214,5
472,25
143,11
164,826
443,680
830,772
228,735
979,1
809,15
131,23
405,23
316,9
32,11
877,93
824,23
788,5
682,93
611,772
442,12
260,11
851,735
874,11
103,826
513,826
310,15
607,815
754,772
97,15
26,5
524,772
100,12
502,93
754,1
188,785
523,11
979,6
229,38
139,680
362,12
822,5
551,4
511,22
405,16
869,22
726,735
305,785
106,9
488,15
450,785
677,9
751,22
476,785
1009,38
995,23
960,19
171,2
927,12
583,772
489,16
469,735
832,93
742,5
248,735
690,23
446,27
582,9
929,35
804,19
715,680
273,10
165,12
937,35
502,786
86,680
340,38
86,93
936,826
61,785
706,38
70,10
295,5
776,786
80,826
985,22
714,9
453,35
381,27
310,25
579,23
544,19
446,2
729,25
51,5
767,12
458,1
611,93
422,27
55,826
521,735
372,4
647,11
152,22
108,815
381,680
609,23
773,12
133,786
316,22
958,8
67,735
674,22
1005,19
532,786
256,680
591,16
417,826
511,815
628,11
900,16
404,93
207,93
279,815
504,12
654,35
604,12
162,27
715,19
878,8
569,22
607,1
166,786
920,680
668,785
794,27
816,4
139,735
1001,8
876,38
659,5
91,16
866,12
591,786
775,785
32,23
859,23
14,785
533,815
382,826
771,35
973,35
993,826
900,786
168,12
997,786
924,22
174,38
675,735
747,826
231,19
882,680
131,785
26,25
668,19
579,5
912,10
418,735
833,815
461,38
262,25
943,8
138,27
162,815
313,23
42,8
758,25
153,11
447,786
194,786
178,5
894,2
327,25
737,786
992,6
242,38
477,23
782,680
268,22
911,785
36,10
628,25
921,785
989,786
465,11
925,10
670,680
801,4
33,772
912,1
197,25
877,785
73,11
184,2
829,25
704,680
409,9
389,680
410,815
563,680
437,22
404,735
439,680
703,815
906,15
854,772
619,826
891,10
252,27
324,35
610,27
685,22
724,23
63,93
104,2
543,786
968,22
589,5
475,38
329,9
664,815
789,8
935,25
61,23
996,25
945,826
379,9
555,10
740,6
262,11
248,38
447,5
323,11
783,10
89,826
238,815
830,19
941,735
413,6
933,735
533,826
759,8
448,785
675,9
182,11
492,93
935,22
477,815
505,772
382,9
519,25
333,6
409,27
941,786
176,826
49,12
123,5
362,93
215,38
595,9
462,16
210,25
191,9
581,38
781,25
46,772
782,786
403,25
685,8
425,735
338,735
172,93
139,786
450,4
312,93
935,15
204,27
115,93
333,772
851,772
601,12
33,815
32,785
434,93
145,22
516,35
441,680
647,93
63,735
944,786
101,35
247,4
89,772
914,815
534,12
667,38
355,680
28,15
926,785
200,6
753,16
970,93
771,4
520,772
427,785
925,680
68,5
910,4
664,772
935,4
679,772
722,6
393,786
798,772
808,772
897,735
574,815
519,15
426,785
425,815
120,6
320,19
138,38
598,815
713,23
845,93
666,785
136,16
545,735
50,23
31,11
697,772
953,4
632,16
463,1
981,9
710,2
414,16
715,815
204,9
445,785
376,8
191,680
654,16
225,680
466,9
67,93
195,16
456,15
862,38
719,22
938,5
928,19
302,25
766,23
767,826
877,16
127,12
509,22
348,815
460,11
959,35
154,16
618,22
374,10
782,93
621,11
658,23
414,27
492,815
401,6
475,27
993,23
957,9
280,27
833,27
321,815
470,786
416,16
183,12
59,2
392,25
0,25
883,826
459,35
630,5
813,38
670,10
506,10
75,19
40,15
682,9
389,10
65,25
409,785
910,25
135,785
545,93
908,23
102,785
982,10
216,10
343,25
576,826
333,35
868,680
923,15
120,27
319,16
284,22
926,8
123,38
230,735
531,15
662,680
862,16
744,826
410,25
357,680
232,25
323,815
604,785
272,10
660,35
793,19
80,93
100,16
485,15
103,5
584,786
624,815
510,25
954,6
628,815
846,8
719,826
957,27
404,27
497,4
118,25
296,815
47,23
584,23
129,772
259,680
616,93
134,23
559,786
601,815
464,815
180,772
146,10
168,35
149,15
331,10
208,735
136,12
321,16
927,16
988,2
457,11
631,12
208,25
943,815
103,2
140,8
840,25
368,735
95,772
279,8
744,10
213,772
451,9
88,35
787,22
202,23
239,772
541,27
602,27
837,10
624,4
508,93
951,22
664,5
350,680
574,93
702,22
557,785
998,23
356,25
838,27
363,815
568,22
788,772
457,12
596,25
351,680
802,680
143,10
954,8
572,2
594,19
26,772
816,25
444,826
797,25
619,25
66,5
713,826
515,815
933,4
70,25
255,23
455,10
242,8
535,22
903,25
890,735
779,23
719,785
298,735
226,16
942,785
800,826
982,22
783,35
141,25
133,815
723,12
778,826
585,19
970,2
476,786
899,2
791,16
613,16
834,735
727,8
211,772
714,15
72,9
678,25
416,785
39,10
332,16
885,38
631,27
460,93
316,826
7,93
211,11
68,93
782,11
397,23
610,786
656,27
548,25
397,786
180,19
473,15
825,815
75,786
330,93
20,15
684,22
649,12
906,735
962,93
983,10
699,12
149,35
39,772
832,38
264,680
135,16
690,786
603,680
788,785
147,680
211,16
999,27
582,1
504,6
693,2
878,6
384,11
79,9
545,11
912,786
486,5
676,93
694,35
326,9
642,93
113,9
958,9
371,826
119,23
674,23
417,38
749,786
591,19
82,1
744,772
193,2
636,786
803,35
362,785
678,11
878,772
647,772
335,11
194,35
214,38
256,93
572,38
438,735
222,38
276,16
314,786
101,5
237,16
719,38
116,9
150,680
249,680
360,16
160,93
452,11
987,93
968,815
366,10
810,11
613,11
151,785
924,23
600,16
394,786
678,2
825,27
112,815
727,786
286,1
235,785
840,35
824,680
970,785
98,11
372,11
465,735
605,35
273,826
313,22
459,19
667,93
524,15
709,5
610,1
832,11
317,2
428,11
566,735
169,27
150,23
558,735
543,19
357,12
925,9
507,38
754,93
779,815
669,4
840,815
274,12
755,6
666,826
527,11
1008,815
809,786
129,10
663,6
403,10
793,35
650,9
762,786
378,27
33,25
605,680
273,93
350,93
478,22
431,786
379,8
987,735
108,23
950,10
311,25
314,815
222,27
166,772
558,10
580,19
138,10
984,38
123,15
287,16
508,22
570,9
97,680
886,93
941,19
212,786
823,19
536,8
610,19
186,826
450,10
401,25
721,826
779,38
209,772
620,815
358,786
718,25
353,772
669,22
579,735
598,786
913,23
571,735
1009,27
497,772
370,10
299,10
266,772
302,5
929,826
696,27
92,22
918,772
724,38
910,2
512,8
1003,25
860,19
722,12
922,1
351,786
651,8
467,826
601,19
375,93
32,786
181,772
40,680
737,6
241,25
577,10
151,27
62,25
64,680
170,23
49,4
765,27
395,16
52,23
805,10
457,815
994,680
41,680
248,826
941,5
28,8
320,786
928,6
525,785
178,38
966,23
986,772
987,772
276,785
741,680
762,815
154,15
525,12
1000,35
446,815
564,25
910,5
968,12
697,5
329,35
517,786
242,785
993,4
650,815
204,19
562,19
376,2
83,12
158,19
587,25
73,38
454,16
751,815
901,4
133,735
959,786
818,815
983,93
642,10
716,5
788,93
664,35
591,93
719,8
3,9
657,4
89,23
842,8
550,786
759,22
599,2
411,38
450,23
950,680
608,10
130,15
648,27
957,15
44,22
351,735
944,12
322,93
343,735
714,772
552,12
59,12
812,19
558,38
192,38
873,11
984,2
624,25
605,25
888,19
637,680
139,5
877,15
864,12
384,785
663,35
991,27
629,772
682,15
423,735
339,23
215,786
364,680
223,680
648,2
540,16
118,12
318,9
908,25
587,23
626,38
59,5
615,8
602,15
930,93
750,785
733,93
517,38
612,786
223,5
559,10
445,11
581,25
506,11
161,9
877,8
359,16
238,9
1012,785
543,93
103,15
303,2
503,785
109,815
275,772
510,23
257,785
497,2
922,680
337,22
636,27
267,815
750,23
787,11
257,735
720,38
205,23
281,4
602,22
195,1
415,815
270,38
398,27
220,15
96,5
578,15
500,815
766,6
568,9
1010,25
793,735
275,6
62,680
985,826
414,10
475,735
775,680
633,9
874,680
88,93
897,826
883,4
210,93
105,735
566,11
531,23
74,35
494,22
223,11
760,680
82,35
251,815
124,23
568,16
695,23
346,9
457,10
238,27
917,9
828,15
813,786
704,5
250,38
112,11
404,35
26,826
942,772
415,22
609,9
402,9
187,680
996,735
405,12
945,15
417,25
921,38
171,22
818,93
232,8
310,10
936,16
831,11
742,9
903,35
618,11
729,4
983,785
767,19
202,786
865,15
594,16
251,735
183,19
541,19
482,680
356,772
674,11
566,5
751,11
242,9
442,10
995,16
121,22
186,23
739,23
297,8
813,772
446,22
138,815
105,93
33,680
125,2
54,6
347,8
76,23
647,23
669,38
190,27
673,35
375,5
662,15
94,8
538,9
483,786
524,735
501,10
909,19
32,4
217,8
454,815
625,785
995,25
282,1
356,8
174,19
864,38
221,12
149,735
779,15
125,27
436,23
954,27
686,25
407,93
301,5
30,22
412,8
566,786
326,23
346,772
844,11
91,4
341,15
485,735
125,680
1008,772
255,4
734,35
147,826
277,93
702,8
479,826
673,680
421,8
211,19
839,38
397,15
54,16
24,35
387,9
422,25
226,35
597,16
890,10
30,25
930,27
180,27
113,8
238,785
248,785
427,680
119,22
252,8
934,23
203,27
954,772
721,23
393,12
196,10
640,27
949,15
863,4
48,1
397,8
436,680
989,25
646,815
940,8
465,786
616,25
656,10
965,16
622,19
862,680
864,786
594,826
559,93
563,22
305,826
875,815
894,25
366,11
591,27
884,23
420,93
746,16
489,9
144,23
71,25
347,785
900,25
373,785
335,19
999,8
485,93
657,772
693,19
764,25
162,16
110,785
122,19
917,826
362,680
715,10
520,12
98,8
905,35
818,785
656,1
841,11
659,12
274,735
521,19
798,12
69,735
721,1
406,19
193,19
428,4
431,9
72,38
475,35
421,35
974,11
354,6
712,22
858,93
605,735
286,9
986,22
37,19
1011,2
422,2
962,15
943,19
780,10
602,38
123,9
752,12
952,9
551,35
459,11
1012,35
351,9
958,35
706,8
894,11
345,826
18,6
638,12
431,22
342,2
271,2
185,786
37,785
700,10
351,815
836,23
910,826
798,785
808,785
437,786
1011,11
173,23
212,22
324,815
163,1
823,680
570,22
388,12
173,786
45,93
891,5
983,38
991,38
222,826
846,735
995,35
302,772
801,785
253,11
897,5
715,826
295,735
996,2
602,815
145,19
737,12
555,5
972,27
292,680
519,27
685,815
49,2
638,785
163,6
879,9
792,11
350,786
370,11
719,5
462,22
907,785
127,19
734,9
78,38
99,680
228,12
653,93
950,735
364,9
80,11
280,8
925,19
909,772
108,6
861,11
183,35
220,815
222,10
519,16
562,786
997,22
173,9
505,22
86,735
395,19
913,15
436,826
370,2
670,23
891,19
781,16
536,23
771,6
756,5
632,11
7,23
525,11
29,38
799,11
910,10
953,772
678,38
827,815
516,815
475,15
404,1
993,27
978,772
654,15
801,38
451,38
621,786
992,680
809,38
834,38
916,11
420,16
166,35
259,735
220,35
595,25
373,16
1001,735
781,9
855,6
232,38
966,15
323,826
806,19
458,680
222,815
981,23
508,680
739,93
938,826
775,11
600,735
195,815
639,11
750,10
330,10
24,27
62,8
562,772
160,16
469,10
0,4
642,2
951,12
757,786
226,785
559,12
191,38
142,19
457,22
149,680
632,25
99,735
189,12
943,786
414,25
179,10
843,19
497,8
405,826
480,826
133,10
688,772
266,16
503,22
970,815
609,680
294,23
701,2
461,680
170,1
974,815
123,35
195,27
491,10
309,15
899,35
114,815
667,15
354,680
977,93
118,815
28,22
741,12
451,680
793,8
7,2
1000,25
325,16
843,8
500,10
390,25
407,35
266,27
912,826
673,6
158,5
362,23
505,815
812,2
886,25
318,826
747,735
624,8
752,93
914,785
739,735
611,786
940,785
297,785
893,815
53,19
571,23
717,12
560,772
561,93
707,10
29,735
31,826
638,93
414,11
325,25
668,826
633,8
957,25
445,826
158,12
880,10
291,22
130,786
614,735
760,826
444,35
192,12
951,27
53,785
257,11
230,786
232,2
695,22
218,93
953,38
39,25
884,93
813,785
386,23
100,25
905,785
779,27
466,786
118,680
653,680
433,16
986,38
52,785
754,10
130,16
683,10
66,8
980,735
893,735
673,16
933,25
169,785
560,25
834,5
17,786
624,6
517,16
60,10
759,93
763,6
856,815
838,25
783,680
988,27
113,826
554,23
78,23
189,16
264,772
246,35
889,23
729,11
438,826
629,93
562,38
486,22
930,15
17,16
538,15
318,815
377,735
430,4
309,680
862,11
517,25
591,6
295,16
353,9
995,19
245,11
107,38
474,815
440,93
39,15
668,10
411,19
466,772
782,6
807,10
76,16
644,35
596,815
633,35
155,22
104,772
505,93
237,35
662,12
684,25
649,9
227,680
501,9
7,772
637,23
13,93
586,826
489,786
896,9
146,680
507,680
353,2
760,9
650,735
637,786
376,786
448,826
174,16
727,10
196,5
418,11
511,826
221,11
554,25
97,5
26,11
668,1
782,9
32,680
413,772
783,815
569,9
682,735
276,12
497,38
79,2
905,15
717,786
113,22
722,680
391,23
270,10
514,6
788,22
257,23
464,2
467,15
1005,786
567,15
644,735
186,38
206,93
372,826
51,6
109,772
705,5
79,11
635,785
392,93
982,38
88,1
123,680
253,772
182,735
678,815
573,6
739,815
847,22
320,826
687,2
887,785
745,15
856,6
217,25
658,772
823,9
457,93
132,22
135,11
923,735
500,786
488,826
910,93
470,35
91,826
310,23
536,93
554,11
538,826
649,680
262,735
211,27
246,15
233,10
162,22
823,815
400,826
520,6
166,785
79,16
463,826
943,12
601,93
51,786
548,9
733,19
76,826
908,735
214,680
931,16
474,6
331,38
995,15
193,25
871,826
85,27
378,23
356,38
489,8
269,815
825,25
147,5
594,93
576,11
61,2
712,16
507,35
607,11
259,35
98,9
740,680
761,772
101,12
656,2
990,735
593,826
153,8
634,38
795,2
49,785
156,19
203,8
663,11
21,1
377,826
431,8
141,680
327,785
911,786
811,19
61,27
693,27
530,2
533,23
131,680
995,786
246,786
669,2
928,735
447,25
505,2
730,16
253,815
952,10
662,35
259,815
296,35
498,35
795,27
462,5
264,12
894,8
129,8
520,786
175,785
567,19
453,4
401,38
715,772
442,826
775,38
872,10
981,680
619,93
33,786
808,786
1008,15
37,27
533,16
629,12
646,785
333,10
558,8
669,27
780,2
213,826
508,16
901,786
830,22
795,16
762,680
854,786
891,4
31,25
604,826
699,35
663,25
314,15
295,35
832,27
759,5
132,10
707,35
690,815
233,680
675,10
531,785
552,735
240,1
700,2
722,19
105,19
677,680
1008,6
419,2
740,8
727,680
854,16
948,93
252,815
805,15
1009,25
534,8
521,5
481,11
706,27
191,10
