139,16
140,815
186,93
460,25
685,5
759,2
105,785
434,786
364,10
204,22
576,23
83,9
157,786
444,772
505,735
674,735
145,11
437,680
81,35
483,38
491,38
716,8
623,785
200,772
592,6
901,772
260,38
595,19
484,15
139,9
252,35
731,6
877,27
129,19
682,27
919,815
244,680
478,772
885,785
65,11
525,10
621,22
622,785
515,12
935,1
293,11
426,19
333,826
155,38
229,19
747,23
256,9
701,15
519,8
901,2
762,15
227,815
581,735
938,25
298,815
172,772
321,9
963,19
213,11
766,19
327,680
574,12
336,5
7,15
300,27
1006,6
440,35
207,9
118,11
394,35
379,22
804,93
750,11
441,4
901,11
422,38
479,19
886,12
355,1
206,772
306,16
396,735
350,772
667,9
867,772
546,16
605,786
344,786
127,9
769,826
40,11
793,6
463,11
103,16
929,9
932,735
700,38
404,16
924,772
944,5
814,735
105,15
565,22
216,6
307,826
536,772
809,23
691,23
470,735
805,35
849,9
298,785
813,35
53,9
272,22
953,27
756,19
189,4
596,15
103,9
932,9
633,6
595,772
500,11
135,786
797,11
375,35
426,12
800,785
933,22
365,9
590,9
862,786
168,826
170,9
352,2
134,19
486,680
857,772
0,19
883,772
973,16
611,680
960,11
82,38
999,735
356,22
620,93
699,93
496,38
647,815
596,22
463,25
472,15
112,22
537,27
993,38
797,4
155,2
1001,38
412,38
567,772
606,826
402,12
834,11
945,735
250,680
160,38
514,35
60,12
63,1
542,38
401,93
478,93
483,735
524,786
29,2
140,11
433,23
436,4
350,27
686,10
779,785
305,93
180,1
129,786
612,12
498,19
443,772
655,16
103,680
380,19
17,785
664,8
899,25
789,815
260,8
427,735
998,10
393,22
269,785
236,785
310,8
368,15
421,27
371,10
26,6
618,9
433,8
954,23
846,25
757,23
152,5
41,8
651,93
797,22
65,815
893,2
694,93
17,23
476,25
538,12
591,826
427,10
501,15
566,27
862,8
664,15
220,22
900,826
598,93
502,38
582,785
492,8
539,826
792,680
26,1
214,16
804,16
807,5
314,772
594,9
870,785
1001,25
433,772
911,27
362,8
1004,2
509,786
1007,23
720,4
424,22
649,8
80,680
501,8
156,8
875,826
514,12
489,785
896,10
934,27
82,10
445,38
67,815
763,23
229,772
714,10
453,38
715,735
221,10
885,35
978,826
335,6
744,680
286,19
912,25
807,2
458,2
520,25
350,12
64,815
717,785
773,15
977,25
869,27
363,16
646,93
542,2
653,5
307,2
381,23
628,8
665,2
443,9
26,19
579,27
335,15
687,815
450,93
912,16
1010,815
79,735
387,11
981,772
88,2
694,38
660,815
573,5
495,826
869,735
999,815
341,22
987,815
255,15
992,12
168,9
845,27
995,9
353,19
407,826
174,35
502,11
985,680
431,5
749,10
825,23
261,11
962,735
122,22
1008,27
276,19
187,5
669,15
55,10
351,5
798,11
356,826
931,19
696,2
823,1
625,826
60,38
151,786
100,93
428,15
727,16
514,786
307,16
900,27
920,772
150,19
961,19
304,826
530,8
286,4
73,6
475,93
994,93
705,22
544,826
101,11
199,772
770,23
237,6
1012,38
297,735
64,9
524,10
706,15
803,815
292,9
702,35
685,25
243,826
449,785
376,815
428,6
307,25
897,9
109,680
293,22
687,826
925,6
394,5
433,38
73,15
1008,9
792,826
740,27
760,772
228,826
338,93
248,35
88,23
432,815
569,815
843,786
77,11
977,5
449,23
487,6
252,23
588,38
400,2
536,4
807,772
114,16
242,93
206,15
724,19
635,5
905,735
283,735
361,38
271,12
739,35
614,11
344,25
768,785
552,19
898,35
443,735
797,815
318,786
707,772
281,35
926,38
765,6
212,16
783,22
358,19
752,5
456,23
437,27
187,815
830,23
928,11
175,680
770,815
327,11
255,35
258,785
80,785
561,5
959,11
746,11
160,815
342,27
453,12
664,826
441,826
297,93
727,826
503,12
879,11
951,35
437,735
755,25
972,735
854,735
216,735
127,680
919,785
114,2
685,4
243,785
336,8
635,19
290,12
364,11
932,22
935,11
58,16
775,23
44,35
540,6
688,785
601,16
468,25
950,27
843,680
809,35
777,10
353,786
466,19
926,16
410,772
398,2
570,38
277,25
1001,815
89,19
842,12
456,735
934,35
991,22
918,786
978,9
832,735
981,12
766,786
710,15
182,25
648,23
885,27
318,2
488,735
307,815
552,8
454,23
24,22
633,680
444,25
451,815
52,25
732,785
0,15
326,93
487,815
664,38
645,12
115,785
904,735
338,826
559,1
122,680
213,10
752,815
877,19
768,735
460,8
190,826
525,2
707,25
471,93
201,22
182,16
130,10
668,815
575,22
426,27
282,772
746,826
178,680
195,785
34,27
401,772
972,2
148,23
24,680
997,6
615,12
926,2
505,38
341,93
586,786
491,23
879,38
257,38
96,10
28,25
50,10
605,785
507,826
660,25
864,15
65,4
463,10
196,826
303,6
54,38
308,680
1010,680
510,19
648,5
44,8
174,785
376,19
1003,772
1002,772
947,19
969,2
352,12
922,735
685,785
994,10
997,15
479,27
711,785
602,10
624,19
677,23
436,785
553,25
973,22
870,93
688,735
766,2
677,786
646,23
892,25
268,35
234,735
550,4
608,27
754,22
806,772
805,772
648,12
575,4
667,815
226,8
636,22
513,8
365,8
720,25
649,19
691,680
69,772
379,826
31,93
586,772
309,22
220,10
791,8
630,16
529,25
359,10
435,23
606,25
849,772
522,8
831,6
959,93
1000,2
339,38
658,5
697,38
137,785
500,19
584,27
285,815
711,8
911,15
144,786
346,815
56,9
220,735
220,772
116,35
120,38
356,785
533,772
146,6
240,826
899,19
902,12
260,2
375,786
568,19
457,15
39,27
831,15
889,12
143,9
54,11
683,12
575,10
686,11
279,4
711,1
180,2
183,23
402,4
230,22
234,93
862,6
664,9
99,35
229,785
653,25
529,11
107,35
396,6
932,826
39,16
143,22
491,785
535,735
757,22
647,27
387,23
979,4
982,19
513,19
561,815
338,23
319,11
230,9
674,6
638,815
567,735
1005,35
255,19
39,786
442,9
651,826
727,15
730,785
640,9
550,815
99,815
668,4
482,19
395,680
840,11
548,785
54,5
350,10
526,9
213,786
362,9
473,10
326,19
291,15
20,12
810,785
595,93
101,785
45,4
563,4
585,23
566,19
896,11
788,9
699,11
256,735
240,815
778,35
282,12
927,11
838,9
51,735
97,27
647,786
942,27
286,16
937,38
705,735
26,786
962,38
412,11
548,5
202,12
576,785
958,10
963,93
891,680
89,35
126,786
198,826
328,15
497,680
828,785
119,785
245,27
221,2
258,12
739,6
667,735
504,10
945,785
782,22
656,785
971,785
347,27
940,12
190,8
819,15
548,12
532,680
459,25
67,25
158,815
161,826
823,11
896,25
759,35
118,786
47,680
689,35
304,15
547,93
946,9
749,9
144,19
453,23
418,27
378,10
727,785
122,23
782,25
288,786
607,12
937,16
852,680
597,38
412,25
251,35
179,680
625,680
847,25
424,12
351,4
464,680
524,12
563,27
430,38
252,2
604,815
879,680
219,772
111,786
849,826
663,12
921,8
477,25
924,19
135,2
304,6
675,25
880,772
678,6
329,2
900,4
150,16
351,826
354,10
172,5
999,5
394,27
726,786
910,815
471,27
915,10
552,38
520,15
101,10
943,23
191,786
230,93
126,2
752,8
990,22
573,22
277,4
521,16
706,12
413,15
734,27
165,772
663,5
683,772
539,27
40,35
132,6
120,785
635,15
835,10
799,16
144,1
453,25
71,19
736,16
971,1
478,19
80,25
354,5
357,8
712,25
344,19
415,93
626,12
629,1
519,38
333,15
685,826
65,772
358,25
583,5
126,5
952,12
385,11
866,27
958,38
687,27
742,772
449,22
200,22
346,93
57,38
223,826
21,8
1012,93
117,4
502,680
450,15
488,785
90,38
551,680
900,10
722,22
703,8
944,735
430,786
858,35
878,38
454,35
24,2
333,8
98,25
262,12
227,826
252,786
53,815
683,680
560,35
580,772
302,6
731,10
734,5
574,25
99,785
204,25
978,785
280,4
922,2
170,815
305,12
308,15
1007,826
55,786
98,16
480,22
410,826
804,815
181,680
879,10
990,11
385,5
670,19
252,38
966,16
74,735
734,12
476,735
184,680
438,2
117,22
7,27
228,15
512,12
361,23
586,15
878,815
426,22
155,35
357,35
747,16
639,6
57,786
148,2
353,785
688,23
287,2
716,10
916,15
645,2
834,93
504,680
142,4
877,25
953,6
646,35
704,38
904,680
65,9
265,4
265,735
816,826
697,9
147,735
207,2
999,38
145,2
516,23
699,785
59,11
138,35
709,93
691,11
714,735
916,22
989,680
630,12
188,23
673,815
672,785
858,680
140,735
142,15
127,2
806,22
660,19
40,6
756,15
176,11
892,4
204,6
83,25
653,786
451,16
787,1
589,735
366,680
94,38
975,22
81,19
688,5
997,5
528,9
160,19
531,4
345,25
380,9
951,9
534,19
556,4
595,35
926,772
232,16
32,93
859,93
951,772
199,35
236,815
386,9
225,23
189,9
389,12
818,4
782,38
179,15
550,2
189,772
957,4
942,93
750,16
699,815
294,735
994,11
158,735
789,786
331,19
938,9
539,93
96,2
424,826
459,38
651,785
768,19
272,8
953,25
75,22
743,735
264,786
374,6
981,38
472,10
550,5
475,23
459,772
118,27
155,15
871,6
484,772
626,93
698,5
402,19
862,735
317,815
728,735
642,19
331,8
924,35
449,815
266,815
728,25
272,15
128,772
435,22
509,35
629,786
596,16
618,5
411,1
303,23
840,23
967,12
1006,25
537,25
256,786
260,826
908,11
177,23
416,35
948,772
1004,23
649,27
43,772
870,680
192,15
984,27
553,10
681,93
242,19
637,772
67,826
506,25
53,25
828,11
78,19
388,786
903,38
374,16
143,8
754,9
510,5
370,680
905,25
301,22
982,25
127,772
1009,93
534,826
920,5
923,16
192,6
748,11
106,1
220,25
827,35
423,35
78,785
82,22
998,8
448,815
781,35
875,735
568,27
714,6
218,35
238,38
741,815
297,11
850,19
939,1
411,680
270,680
325,8
510,12
536,680
115,19
597,1
584,735
362,15
415,27
515,786
511,23
576,772
591,772
869,23
319,10
430,11
417,22
720,772
919,93
632,826
245,8
174,12
304,27
527,93
532,8
625,23
739,27
704,23
408,9
100,10
872,35
211,9
840,12
162,8
347,12
992,786
76,19
647,19
66,25
249,815
213,785
893,25
239,785
94,12
916,826
773,735
560,10
320,815
427,5
745,2
983,8
178,27
514,10
517,15
41,785
60,27
613,27
117,38
702,5
429,735
230,826
193,11
640,1
14,11
625,8
398,735
172,25
999,25
322,23
875,23
142,826
641,38
329,785
273,12
610,815
520,27
666,38
276,15
871,35
194,93
254,35
237,25
770,8
847,735
42,25
576,786
687,6
338,6
391,735
449,9
784,815
70,12
270,9
414,772
994,826
995,2
304,9
359,38
36,27
418,1
310,19
736,12
408,23
85,785
820,785
782,23
774,680
616,22
635,786
894,785
128,5
55,15
648,785
116,15
227,4
687,15
887,786
798,6
674,16
555,680
612,815
721,11
104,19
803,38
61,6
579,2
413,680
875,5
839,27
110,786
311,9
793,826
705,680
979,35
286,772
622,23
753,815
280,786
889,786
947,772
929,785
514,23
510,735
756,38
721,12
539,5
262,826
230,815
66,772
56,680
421,38
59,815
518,11
758,826
354,11
246,5
433,35
839,16
152,735
616,4
409,10
212,12
583,15
659,16
163,23
459,22
484,22
67,6
696,11
18,11
349,38
774,9
888,680
978,35
531,772
307,27
419,786
539,785
478,16
649,772
761,15
480,772
105,38
1008,11
793,772
1011,6
962,11
804,826
962,772
482,785
74,785
536,6
956,9
685,16
232,93
450,12
218,16
733,772
478,27
614,9
305,10
267,735
639,19
108,12
1009,735
202,815
629,9
3,786
98,22
558,15
590,38
710,826
437,25
370,12
64,25
869,38
854,785
891,25
291,735
239,680
669,826
907,19
262,815
710,19
857,10
92,785
897,25
789,27
935,12
80,8
779,93
318,22
1001,93
567,815
827,735
934,785
630,735
447,8
694,27
287,4
163,10
509,735
519,786
719,1
101,815
559,680
726,93
928,4
375,826
855,12
546,2
509,5
76,680
954,815
867,25
796,11
857,19
434,785
736,38
475,10
115,35
885,16
409,680
601,22
712,15
950,25
62,2
64,786
395,23
0,10
1009,23
347,680
556,23
756,772
528,785
820,25
966,8
553,815
953,5
932,786
791,680
574,8
389,25
981,735
672,16
621,19
542,815
445,786
105,2
654,19
552,10
739,786
901,15
926,25
802,27
713,25
345,23
879,27
74,8
37,735
296,2
136,22
432,23
506,2
751,93
646,27
707,27
546,785
250,15
450,16
179,9
953,785
436,35
130,8
229,25
822,38
181,785
771,785
441,9
964,680
951,8
383,15
111,735
738,10
185,12
741,15
852,6
581,27
728,12
161,11
95,93
225,22
575,786
389,11
1000,22
599,22
439,15
636,25
871,8
47,15
673,1
490,680
183,10
402,25
994,735
847,35
794,93
479,5
306,6
171,38
212,826
284,735
376,680
799,93
670,12
624,735
272,9
435,16
593,1
704,12
831,27
506,785
380,826
179,23
806,826
1006,23
843,12
475,22
730,93
216,16
91,38
933,19
898,23
612,25
923,5
834,15
561,826
450,772
713,12
489,826
109,1
456,35
349,680
888,38
136,11
118,826
814,786
375,680
729,826
103,772
199,16
221,35
283,93
618,735
214,2
270,735
143,2
594,27
757,2
279,9
744,9
851,815
251,11
216,23
602,785
750,35
701,16
556,680
281,16
134,9
945,9
837,11
857,786
566,12
914,772
146,4
257,15
738,23
951,23
260,12
941,93
939,11
140,6
214,5
472,25
143,11
845,786
387,16
830,772
228,735
443,680
809,15
131,23
405,23
319,12
32,11
877,93
824,23
383,35
682,93
611,772
442,12
82,23
851,735
874,11
103,826
988,23
310,15
607,815
754,772
668,15
524,772
100,12
544,5
26,5
754,1
188,785
523,11
797,680
229,38
139,680
362,12
291,8
551,4
511,22
405,16
726,735
377,22
106,9
488,15
639,735
217,10
305,785
677,9
476,785
751,22
995,23
960,19
856,826
927,12
583,772
489,16
776,16
832,93
742,5
248,735
690,23
727,772
582,9
929,35
36,680
715,680
273,10
165,12
227,786
502,786
86,680
340,38
953,680
936,826
61,785
706,38
664,25
295,5
776,786
80,826
231,680
714,9
453,35
381,27
524,826
544,19
446,2
579,23
875,22
51,5
767,12
458,1
611,93
422,27
864,735
902,785
372,4
647,11
152,22
108,815
937,815
609,23
773,12
133,786
758,15
958,8
67,735
674,22
860,826
532,786
256,680
591,16
567,11
511,815
628,11
900,16
443,10
207,93
279,815
504,12
875,15
604,12
162,27
715,19
878,8
989,27
607,1
166,786
920,680
79,23
794,27
816,4
526,25
1001,8
876,38
659,5
437,4
866,12
591,786
775,785
859,23
452,10
533,815
14,785
771,35
112,735
973,35
993,826
921,5
995,10
168,12
997,786
924,22
675,735
747,826
231,19
665,8
131,785
26,25
668,19
48,6
912,10
418,735
833,815
707,786
262,25
943,8
138,27
732,826
313,23
42,8
758,25
227,12
447,786
194,786
178,5
624,93
327,25
737,786
992,6
477,23
774,23
782,680
268,22
418,16
36,10
628,25
921,785
761,5
465,11
925,10
670,680
801,4
412,680
912,1
197,25
877,785
533,10
184,2
829,25
777,19
409,9
389,680
410,815
930,38
437,22
404,735
439,680
706,10
906,15
854,772
619,826
527,8
252,27
324,35
610,27
650,8
724,23
63,93
104,2
29,93
968,22
589,5
475,38
329,9
756,93
789,8
935,25
61,23
407,15
945,826
379,9
646,786
740,6
262,11
248,38
123,12
323,11
783,10
89,826
77,8
830,19
941,735
413,6
382,815
533,826
759,8
448,785
474,785
182,11
492,93
935,22
893,93
505,772
382,9
519,25
300,772
409,27
176,826
49,12
505,15
941,786
362,93
215,38
462,16
743,815
191,9
581,38
781,25
546,8
210,25
782,786
114,6
685,8
425,735
338,735
117,11
139,786
450,4
312,93
863,680
204,27
115,93
333,772
391,786
33,815
32,785
601,12
876,772
145,22
516,35
441,680
995,772
63,735
944,786
101,35
708,93
89,772
914,815
534,12
632,772
355,680
28,15
926,785
753,16
660,15
771,4
970,93
427,785
925,680
68,5
697,6
664,772
935,4
679,772
922,11
393,786
798,772
808,772
148,12
862,826
519,15
426,785
574,815
120,6
320,19
138,38
505,25
713,23
845,93
666,785
709,680
545,735
50,23
31,11
164,19
953,4
632,16
463,1
748,772
710,2
414,16
715,815
866,772
445,785
376,8
191,680
790,5
225,680
466,9
67,93
217,35
456,15
862,38
719,22
908,826
928,19
302,25
766,23
435,5
127,12
509,22
348,815
867,6
460,11
959,35
154,16
374,10
800,93
782,93
621,11
659,680
967,35
492,815
414,27
401,6
993,23
957,9
280,27
390,735
321,815
470,786
416,16
916,786
59,2
392,25
0,25
790,785
459,35
630,5
813,38
213,16
506,10
75,19
40,15
793,10
389,10
65,25
409,785
697,25
135,785
545,93
908,23
102,785
376,22
216,10
343,25
422,93
333,35
868,680
923,15
281,5
209,93
319,16
284,22
926,8
691,27
230,735
531,15
662,680
973,19
744,826
410,25
357,680
323,815
893,785
604,785
988,11
660,35
793,19
80,93
29,12
485,15
103,5
584,786
399,772
510,25
954,6
628,815
719,826
957,27
404,27
648,15
497,4
134,786
296,815
47,23
784,4
129,772
259,680
616,93
541,2
559,786
601,815
464,815
951,25
146,10
168,35
149,15
578,9
136,12
208,735
321,16
237,785
988,2
457,11
631,12
265,38
943,815
103,2
140,8
821,25
368,735
95,772
279,8
246,815
213,772
451,9
88,35
933,27
202,23
239,772
541,27
837,10
106,4
624,4
508,93
790,826
664,5
350,680
574,93
60,8
557,785
998,23
356,25
363,815
396,10
788,772
568,22
1010,10
596,25
351,680
802,680
510,11
954,8
572,2
594,19
226,25
816,25
444,826
797,25
1001,19
66,5
713,826
515,815
131,22
70,25
255,23
455,10
63,10
535,22
903,25
890,735
807,8
719,785
298,735
226,16
541,786
800,826
982,22
783,35
1007,10
133,815
723,12
778,826
713,38
970,2
476,786
899,2
721,38
613,16
834,735
727,8
14,6
714,15
416,785
678,25
628,6
39,10
332,16
885,38
631,27
903,22
7,93
211,11
485,35
68,93
782,11
397,23
147,93
656,27
548,25
397,786
87,826
473,15
128,9
844,10
75,786
330,93
538,19
825,815
649,12
684,22
962,93
983,10
699,12
477,11
39,772
832,38
264,680
690,786
157,35
603,680
788,785
152,786
211,16
999,27
582,1
964,15
693,2
878,6
384,11
686,35
545,11
912,786
486,5
676,93
622,11
326,9
642,93
133,785
958,9
371,826
600,772
674,23
417,38
749,786
539,9
82,1
744,772
193,2
636,735
803,35
362,785
678,11
739,11
647,772
335,11
194,35
344,1
256,93
572,38
438,735
222,38
386,826
314,786
101,5
554,815
719,38
116,9
150,680
1002,22
160,93
360,16
452,11
968,815
18,23
366,10
810,11
353,23
151,785
924,23
600,16
931,680
678,2
825,27
112,815
286,1
235,785
819,786
824,680
970,785
607,9
98,11
372,11
841,4
605,35
273,826
313,22
497,785
667,93
524,15
709,5
734,23
610,1
832,11
317,2
638,4
566,735
169,27
150,23
651,680
543,19
357,12
925,9
878,27
754,93
779,815
669,4
731,826
274,12
755,6
666,826
894,735
1008,815
809,786
129,10
663,6
956,12
793,35
650,9
378,27
395,772
605,680
33,25
350,93
478,22
431,786
987,735
986,16
950,10
108,23
314,815
222,27
918,35
166,772
580,19
320,15
138,10
984,38
397,815
287,16
508,22
570,9
277,10
886,93
941,19
212,786
255,38
536,8
610,19
186,826
621,38
401,25
721,826
779,38
394,8
620,815
358,786
718,25
689,735
669,22
579,735
598,786
694,6
571,735
1009,27
497,772
388,10
299,10
266,772
302,5
731,15
696,27
92,22
918,772
525,19
910,2
512,8
1003,25
515,5
80,10
922,1
351,786
722,12
467,826
601,19
375,93
34,10
181,772
40,680
737,6
699,772
207,772
151,27
62,25
577,10
170,23
49,4
765,27
714,680
52,23
805,10
457,815
442,93
41,680
248,826
941,5
373,8
84,93
928,6
320,786
178,38
966,23
986,772
525,785
81,772
741,680
762,815
154,15
907,10
525,12
796,5
564,25
910,5
968,12
838,93
697,5
329,35
242,785
993,4
204,19
207,6
562,19
376,2
83,12
527,772
587,25
73,38
454,16
629,25
901,4
133,735
959,786
468,735
983,93
642,10
716,5
789,772
591,93
719,8
664,35
670,25
657,4
89,23
842,8
40,2
759,22
599,2
411,38
769,38
950,680
608,10
130,15
461,735
957,15
44,22
351,735
376,9
322,93
343,735
714,772
676,6
59,12
812,19
558,38
411,785
873,11
984,2
624,25
132,93
888,19
637,680
139,5
879,735
864,12
384,785
663,35
991,27
756,10
682,15
423,735
394,93
215,786
364,680
223,680
831,786
540,16
118,12
318,9
984,772
587,23
626,38
59,5
410,786
602,15
930,93
750,785
534,22
517,38
612,786
223,5
373,680
445,11
581,25
506,11
359,16
877,8
931,38
238,9
991,735
543,93
103,15
303,2
571,786
109,815
275,772
510,23
648,9
922,680
497,2
337,22
840,785
267,815
750,23
787,11
347,93
720,38
205,23
281,4
602,22
68,785
415,815
270,38
274,93
220,15
96,5
578,15
430,93
766,6
568,9
1010,25
628,35
275,6
62,680
985,826
989,35
475,735
775,680
633,9
266,5
88,93
897,826
883,4
195,6
105,735
566,11
531,23
955,93
494,22
223,11
760,680
321,23
251,815
124,23
568,16
272,2
346,9
457,10
238,27
917,9
386,22
813,786
704,5
233,38
112,11
404,35
26,826
451,8
415,22
609,9
402,9
59,735
996,735
405,12
945,15
455,12
921,38
171,22
818,93
396,11
310,10
936,16
831,11
742,9
137,27
618,11
729,4
125,9
767,19
202,786
865,15
763,680
251,735
183,19
541,19
230,10
674,11
356,772
566,5
475,772
242,9
442,10
995,16
368,4
186,23
739,23
297,8
331,735
446,22
138,815
105,93
303,38
125,2
54,6
347,8
574,786
647,23
669,38
190,27
526,10
375,5
662,15
94,8
777,93
483,786
524,735
501,10
32,4
341,6
217,8
454,815
455,2
995,25
282,1
356,8
727,11
864,38
221,12
149,735
211,10
125,27
436,23
954,27
816,8
407,93
301,5
30,22
819,5
566,786
326,23
346,772
91,4
554,826
341,15
485,735
1008,772
255,4
970,10
734,35
277,93
702,8
367,735
479,826
1000,680
421,8
211,19
839,38
182,815
54,16
24,35
387,9
422,25
79,8
597,16
890,10
234,35
930,27
180,27
113,8
902,93
248,785
427,680
119,22
400,27
934,23
203,27
954,772
774,27
393,12
196,10
640,27
310,22
863,4
48,1
397,8
328,785
989,25
646,815
940,8
616,25
707,815
656,10
965,16
274,27
862,680
864,786
594,826
980,6
563,22
305,826
875,815
57,23
420,93
591,27
884,23
317,8
746,16
489,9
144,23
971,23
347,785
900,25
373,785
283,9
999,8
485,93
875,6
657,772
604,5
162,16
110,785
764,25
122,19
362,680
715,10
520,12
595,826
905,35
818,785
841,11
913,35
659,12
274,735
524,8
798,12
69,735
721,1
190,785
193,19
428,4
431,9
110,23
475,35
421,35
974,11
797,93
620,826
858,93
605,735
712,22
986,22
37,19
1011,2
262,22
962,15
943,19
780,10
123,9
730,19
752,12
952,9
988,786
459,11
1012,35
351,9
388,5
706,8
894,11
345,826
610,25
638,12
431,22
342,2
185,786
37,785
257,826
700,10
467,815
836,23
910,826
798,785
330,22
437,786
1011,11
173,23
263,815
324,815
163,1
823,680
385,15
388,12
173,786
45,93
527,19
983,38
991,38
222,826
759,735
995,35
302,772
801,785
291,680
897,5
715,826
295,735
541,815
602,815
145,19
737,12
555,5
111,2
519,27
685,815
854,19
49,2
638,785
163,6
201,772
792,11
350,786
370,11
938,22
462,22
907,785
127,19
644,785
78,38
99,680
228,12
950,735
515,4
364,9
80,11
996,9
925,19
909,772
108,6
533,35
537,826
183,35
220,815
222,10
562,786
997,22
173,9
505,22
802,4
395,19
913,15
24,786
370,2
670,23
891,19
200,8
536,23
771,6
756,5
978,11
7,23
525,11
29,38
339,8
910,10
953,772
678,38
516,815
935,6
404,1
958,680
993,27
978,772
654,15
801,38
158,16
621,786
992,680
809,38
716,6
916,11
420,16
166,35
220,35
223,22
595,25
373,16
728,1
781,9
855,6
232,38
640,93
323,826
806,19
458,680
46,25
981,23
508,680
739,93
116,786
775,11
600,735
195,815
711,35
750,10
330,10
24,27
562,772
120,15
160,16
469,10
0,4
109,19
951,12
757,786
79,826
559,12
191,38
142,19
384,786
149,680
632,25
99,735
463,8
943,786
414,25
179,10
401,4
497,8
405,826
480,826
390,38
688,772
266,16
503,22
771,786
609,680
294,23
701,2
461,680
612,22
974,815
123,35
984,10
491,10
309,15
899,35
630,27
667,15
354,680
849,10
118,815
670,8
977,93
741,12
451,680
189,5
7,2
1000,25
325,16
1006,19
500,10
390,25
407,35
581,826
912,826
158,5
505,815
362,23
880,19
812,2
886,25
975,27
747,735
624,8
752,93
734,93
739,735
611,786
940,785
260,25
893,815
53,19
571,23
917,15
560,772
561,93
707,10
979,826
31,826
638,93
414,11
273,35
668,826
633,8
957,25
871,2
158,12
880,10
291,22
42,38
614,735
760,826
444,35
343,815
951,27
53,785
257,11
357,735
232,2
695,22
218,93
239,735
39,25
884,93
813,785
189,23
100,25
905,785
779,27
466,786
411,5
138,826
433,16
653,680
986,38
754,10
130,16
868,6
66,8
980,735
893,735
362,25
933,25
169,785
560,25
230,16
17,786
624,6
517,16
423,38
759,93
763,6
856,815
714,27
783,680
988,27
113,826
97,11
78,23
189,16
264,772
544,1
889,23
729,11
438,826
757,8
562,38
486,22
930,15
720,12
538,15
318,815
377,735
179,772
309,680
862,11
517,25
721,35
295,16
353,9
995,19
300,93
107,38
474,815
440,93
371,16
668,10
411,19
466,772
535,815
807,10
76,16
644,35
480,680
633,35
155,22
104,772
486,9
237,35
662,12
684,25
248,772
227,680
501,9
7,772
983,15
13,93
586,826
489,786
896,9
382,772
507,680
353,2
650,735
136,35
924,4
637,786
376,786
448,826
174,16
196,5
254,680
511,826
221,11
554,25
795,785
26,11
668,1
782,9
32,680
196,735
783,815
569,9
516,93
276,12
497,38
79,2
274,38
717,786
113,22
722,680
233,826
270,10
514,6
788,22
631,680
464,2
467,15
1005,786
736,9
644,735
186,38
206,93
322,19
51,6
109,772
705,5
595,815
635,785
392,93
982,38
88,1
548,2
253,772
894,786
182,735
573,6
739,815
847,22
687,2
889,772
745,15
856,6
341,23
217,25
658,772
823,9
477,2
132,22
135,11
923,735
925,826
488,826
910,93
470,35
110,10
310,23
536,93
554,11
443,15
649,680
262,735
211,27
946,772
233,10
162,22
823,815
368,815
520,6
166,785
79,16
814,93
943,12
601,93
51,786
930,19
733,19
76,826
908,735
341,16
931,16
474,6
331,38
724,12
193,25
871,826
85,27
304,4
356,38
489,8
269,815
257,815
147,5
594,93
576,11
999,11
712,16
507,35
607,11
313,785
98,9
740,680
761,772
248,27
656,2
990,735
593,826
795,2
299,25
49,785
156,19
363,4
203,8
663,11
21,1
157,12
431,8
141,680
327,785
58,6
811,19
61,27
693,27
490,16
533,23
131,680
995,786
744,93
669,2
928,735
447,25
583,11
730,16
253,815
952,10
990,27
259,815
296,35
370,22
498,35
462,5
264,12
894,8
403,12
520,786
175,785
567,19
326,786
401,38
715,772
442,826
407,8
872,10
981,680
619,93
216,35
808,786
1008,15
37,27
437,785
629,12
646,785
333,10
523,38
669,27
780,2
213,826
881,93
901,786
830,22
795,16
579,786
854,786
891,4
31,25
291,785
699,35
663,25
314,15
518,772
832,27
132,10
707,35
543,772
690,815
233,680
675,10
53,93
552,735
240,1
700,2
564,786
105,19
677,680
1008,6
848,10
740,8
727,680
854,16
52,10
252,815
805,15
1009,25
645,27
521,5
832,680
706,27
