140,815
623,23
186,93
460,25
759,2
68,25
105,785
434,786
204,22
611,27
576,23
83,9
444,772
503,10
505,735
674,735
437,680
737,4
81,35
483,38
623,785
200,772
330,735
592,6
901,772
633,785
260,38
595,19
139,9
46,786
731,6
877,27
129,19
610,35
919,815
682,27
478,772
355,826
885,785
525,10
621,22
910,11
622,785
515,12
293,11
556,826
426,19
333,826
944,23
229,19
747,23
256,9
519,8
577,1
901,2
762,15
581,735
582,680
938,25
298,815
321,9
301,680
963,19
766,19
327,680
291,772
574,12
336,5
300,27
339,16
1006,6
440,35
118,11
266,22
394,35
379,22
750,11
860,735
441,4
422,38
886,12
444,23
355,1
206,772
306,16
90,680
396,735
350,772
867,772
741,2
546,16
605,786
127,9
697,786
769,826
40,11
463,11
139,826
103,16
929,9
700,38
683,38
404,16
924,772
814,735
673,12
105,15
565,22
307,826
440,815
536,772
809,23
470,735
549,93
805,35
849,9
813,35
814,772
53,9
272,22
756,19
991,2
189,4
596,15
932,9
575,5
633,6
595,772
426,12
797,11
301,38
375,35
800,785
713,772
933,22
365,9
862,786
168,826
738,772
170,9
352,2
926,15
486,680
857,772
883,772
882,772
973,16
611,680
82,38
689,22
999,735
356,22
699,93
1010,23
496,38
596,22
463,25
1000,1
472,15
112,22
993,38
423,785
797,4
155,2
412,38
602,786
567,772
606,826
834,11
392,10
945,735
160,38
514,35
899,16
60,12
542,38
401,93
939,22
478,93
524,786
29,2
621,680
433,23
140,11
350,27
279,5
686,10
779,785
180,1
609,15
129,786
612,12
443,772
835,826
655,16
103,680
17,785
309,25
899,25
789,815
260,8
741,38
427,735
998,10
269,785
567,35
236,785
310,8
421,27
795,735
371,10
26,6
433,8
368,772
954,23
41,8
757,23
152,5
633,25
65,815
797,22
214,786
893,2
694,93
476,25
920,10
591,826
538,12
501,15
415,772
566,27
862,8
220,22
521,93
900,826
598,93
582,785
199,2
492,8
539,826
26,1
196,772
214,16
804,16
314,772
976,15
594,9
870,785
433,772
893,27
362,8
1004,2
473,11
509,786
1007,23
720,4
649,8
958,2
80,680
501,8
875,826
750,826
489,785
896,10
934,27
960,23
82,10
445,38
763,23
653,12
229,772
714,10
715,735
755,785
221,10
978,826
335,6
465,35
744,680
912,25
807,2
1007,785
520,25
350,12
64,815
911,735
717,785
773,15
869,27
1002,35
363,16
646,93
653,5
640,6
307,2
381,23
665,2
332,10
443,9
26,19
335,15
687,815
690,10
450,93
1010,815
831,815
79,735
387,11
88,2
141,8
694,38
660,815
495,826
560,6
869,735
999,815
987,815
751,735
57,12
255,15
168,9
845,27
995,9
353,19
174,35
502,11
446,772
985,680
431,5
325,93
825,23
261,11
122,22
233,9
1008,27
276,19
669,15
707,785
55,10
351,5
356,826
585,11
931,19
696,2
625,826
292,2
60,38
151,786
428,15
709,772
727,16
514,786
900,27
576,12
150,19
920,772
304,826
51,23
530,8
286,4
475,93
55,772
994,93
705,22
101,11
487,786
770,23
237,6
1012,38
116,19
297,735
64,9
706,15
835,772
803,815
292,9
685,25
336,35
243,826
449,785
428,6
33,5
307,25
897,9
293,22
898,815
687,826
925,6
433,38
288,815
73,15
1008,9
740,27
333,16
777,23
760,772
248,35
228,826
432,815
569,815
843,786
755,11
77,11
977,5
487,6
894,9
252,23
400,2
536,4
610,23
807,772
114,16
206,15
832,5
117,5
724,19
905,735
283,735
361,38
271,12
614,11
747,35
344,25
768,785
898,35
681,772
443,735
281,35
707,772
599,786
926,38
212,16
285,785
783,22
358,19
752,5
437,27
627,93
187,815
830,23
175,680
820,9
770,815
255,35
258,785
539,22
80,785
959,11
746,11
502,23
160,815
342,27
664,826
58,9
441,826
297,93
503,12
416,8
879,11
951,35
755,25
972,735
519,735
854,735
127,680
129,25
919,785
114,2
243,785
796,9
635,19
336,8
932,22
364,11
515,6
58,16
775,23
975,826
540,6
688,785
601,16
817,680
468,25
843,680
809,35
426,786
777,10
353,786
545,38
926,16
410,772
570,38
277,25
888,8
1001,815
89,19
456,735
971,93
934,35
991,22
978,9
579,93
832,735
981,12
710,15
857,22
182,25
648,23
318,2
851,785
488,735
307,815
454,23
972,11
24,22
633,680
451,815
587,785
52,25
434,35
326,93
732,785
862,35
664,38
487,815
645,12
904,735
559,1
122,680
263,19
213,10
752,815
768,735
867,5
460,8
707,25
525,2
452,786
471,93
201,22
130,10
77,785
668,815
575,22
282,772
562,9
746,826
178,680
34,27
969,25
401,772
771,815
972,2
24,680
997,6
615,12
505,38
748,38
341,93
586,786
398,12
879,38
257,38
96,10
50,10
506,15
605,785
507,826
864,15
954,826
65,4
463,10
303,6
179,12
308,680
510,19
1010,680
884,772
648,5
44,8
376,19
102,786
1002,772
947,19
969,2
241,1
352,12
922,735
994,10
479,27
615,5
997,15
602,10
306,8
624,19
677,23
553,25
517,35
973,22
688,735
766,2
506,22
677,786
646,23
268,35
658,10
732,5
234,735
418,93
754,22
550,4
806,772
805,772
575,4
461,25
667,815
226,8
513,8
399,680
365,8
720,25
691,680
980,826
379,826
31,93
586,772
531,19
309,22
220,10
630,16
705,772
529,25
359,10
606,25
953,35
849,772
522,8
959,93
300,1
1000,2
339,38
697,38
261,815
137,785
500,19
285,815
251,9
144,786
711,8
346,815
679,35
220,735
56,9
116,35
134,11
120,38
356,785
146,6
220,1
240,826
899,19
260,2
45,735
375,786
568,19
39,27
850,27
831,15
889,12
54,11
510,4
683,12
575,10
279,4
301,23
711,1
180,2
402,4
560,27
230,22
234,93
664,9
828,772
99,35
653,25
529,11
603,12
107,35
396,6
39,16
325,9
143,22
491,785
757,22
594,15
647,27
387,23
982,19
177,2
513,19
561,815
464,785
319,11
230,9
674,6
638,815
417,23
1005,35
255,19
442,9
82,16
651,826
727,15
640,9
326,826
550,815
99,815
482,19
582,11
395,680
840,11
54,5
844,786
350,10
526,9
362,9
180,16
326,19
291,15
20,12
94,15
810,785
595,93
45,4
501,23
563,4
585,23
896,11
18,38
788,9
699,11
240,815
41,786
778,35
282,12
51,735
838,9
363,785
97,27
942,27
211,15
286,16
937,38
26,786
483,25
962,38
412,11
202,12
865,785
576,785
958,10
891,680
468,786
126,786
198,826
328,15
809,826
497,680
828,785
245,27
347,772
258,12
739,6
667,735
122,12
945,785
782,22
656,785
767,11
971,785
347,27
190,8
321,786
819,15
548,12
459,25
424,5
67,25
158,815
363,8
823,11
896,25
759,35
689,35
502,8
304,15
946,9
33,10
749,9
144,19
453,23
733,826
378,10
727,785
122,23
288,786
108,38
607,12
937,16
372,8
597,38
412,25
251,35
625,680
166,8
424,12
351,4
464,680
100,772
563,27
524,12
252,2
487,19
931,735
604,815
219,772
111,786
663,12
477,25
921,8
832,8
924,19
135,2
675,25
363,772
678,6
329,2
900,4
776,10
351,826
354,10
172,5
283,10
726,786
394,27
910,815
197,27
471,27
552,38
520,15
689,680
101,10
943,23
230,93
927,772
126,2
752,8
573,22
115,815
277,4
521,16
413,15
716,680
734,27
165,772
40,35
683,772
439,735
539,27
132,6
410,93
835,10
799,16
144,1
453,25
513,786
71,19
971,1
441,815
478,19
80,25
357,8
819,680
712,25
344,19
626,12
970,772
629,1
519,38
685,826
616,10
65,772
583,5
783,8
126,5
952,12
866,27
116,27
958,38
742,772
449,22
452,680
200,22
346,93
223,826
167,25
1012,93
21,8
502,680
525,680
450,15
488,785
551,680
552,815
900,10
722,22
944,735
246,22
430,786
858,35
454,35
679,19
24,2
98,25
262,12
669,25
227,826
252,786
683,680
388,15
560,35
580,772
731,10
623,8
734,5
574,25
204,25
978,785
885,8
922,2
170,815
468,19
305,12
308,15
55,786
24,9
98,16
480,22
804,815
287,5
181,680
879,10
385,5
595,12
670,19
966,16
74,735
860,786
734,12
184,680
438,2
43,5
117,22
7,27
512,12
801,815
361,23
586,15
426,22
688,786
155,35
357,35
639,6
108,1
57,786
148,2
688,23
615,25
287,2
716,10
645,2
521,12
834,93
504,680
877,25
753,11
953,6
646,35
904,680
45,786
65,9
265,4
29,35
816,826
697,9
147,735
999,38
394,38
145,2
516,23
59,11
812,16
138,35
691,11
714,735
345,16
916,22
989,680
223,19
188,23
673,815
672,785
140,735
987,785
142,15
127,2
660,19
572,826
40,6
756,15
892,4
953,786
204,6
83,25
451,16
676,735
787,1
589,735
94,38
441,10
975,22
886,2
81,19
997,5
528,9
160,19
380,9
642,1
951,9
534,19
556,4
222,735
595,35
926,772
32,93
50,11
859,93
914,23
951,772
236,815
386,9
225,23
389,12
599,23
818,4
782,38
550,2
608,5
189,772
957,4
750,16
861,19
699,815
994,11
158,735
951,6
789,786
96,2
938,9
539,93
648,815
424,826
459,38
321,25
768,19
272,8
75,22
349,22
743,735
264,786
981,38
340,772
472,10
550,5
459,772
426,10
118,27
155,15
484,772
626,93
698,5
862,735
94,16
317,815
728,735
331,8
494,19
924,35
449,815
728,25
285,12
435,22
128,772
788,680
509,35
629,786
596,16
411,1
250,27
303,23
840,23
1006,25
572,9
537,25
256,786
908,11
982,6
177,23
416,35
1004,23
551,23
649,27
43,772
192,15
356,786
984,27
553,10
242,19
745,786
637,772
67,826
53,25
990,815
828,11
78,19
903,38
137,22
374,16
143,8
510,5
954,10
370,680
905,25
982,25
251,1
127,772
1009,93
920,5
850,826
923,16
192,6
106,1
532,772
220,25
827,35
78,785
464,16
63,8
82,22
998,8
781,35
875,735
568,27
218,35
606,8
238,38
297,11
850,19
939,1
579,38
411,680
325,8
236,8
510,12
536,680
597,1
923,786
584,735
362,15
515,786
609,6
511,23
576,772
869,23
464,786
319,10
430,11
720,772
220,16
919,93
632,826
174,12
467,2
304,27
527,93
625,23
221,15
739,27
704,23
100,10
779,10
872,35
211,9
162,8
607,16
347,12
992,786
647,19
79,6
66,25
249,815
893,25
948,785
239,785
916,826
974,785
773,735
61,786
560,10
320,815
745,2
983,8
178,27
517,15
810,27
41,785
60,27
702,5
117,38
776,785
230,826
193,11
766,38
640,1
14,11
398,735
221,8
172,25
999,25
875,23
693,4
142,826
641,38
273,12
436,19
610,815
520,27
276,15
189,826
871,35
194,93
237,25
20,735
770,8
847,735
576,786
958,11
687,6
338,6
449,9
784,815
413,35
70,12
414,772
532,785
994,826
995,2
359,38
107,9
825,12
418,1
310,19
736,12
408,23
85,785
782,23
715,16
774,680
616,22
894,785
473,27
128,5
55,15
116,15
557,735
227,4
687,15
798,6
637,38
674,16
555,680
168,11
721,11
104,19
803,38
579,2
446,15
413,680
875,5
110,786
695,680
311,9
793,826
979,35
819,23
286,772
622,23
280,786
941,35
889,786
947,772
514,23
972,772
510,735
756,38
539,5
481,93
262,826
230,815
56,680
921,786
421,38
776,11
59,815
354,11
518,11
246,5
839,16
604,1
152,735
616,4
212,12
30,15
583,15
659,16
459,22
977,2
484,22
67,6
18,11
366,22
349,38
774,9
978,35
157,9
531,772
307,27
539,785
576,5
478,16
649,772
480,772
618,93
105,38
1008,11
1011,6
616,11
962,11
804,826
482,785
289,25
74,785
536,6
685,16
229,815
232,93
450,12
733,772
401,27
478,27
614,9
267,735
604,23
108,12
639,19
737,15
202,815
629,9
3,786
98,22
590,38
463,786
710,826
370,12
64,25
462,19
869,38
854,785
380,680
291,735
239,680
262,815
907,19
746,9
857,10
92,785
473,785
897,25
789,27
80,8
480,786
779,93
318,22
567,815
454,27
827,735
934,785
447,8
711,815
694,27
287,4
509,735
348,22
519,786
719,1
559,680
980,38
726,93
375,826
855,12
546,2
731,2
509,5
954,815
1012,826
867,25
796,11
434,785
715,93
736,38
475,10
885,16
98,815
409,680
601,22
950,25
111,23
62,2
64,786
0,10
716,11
1009,23
347,680
756,772
997,680
528,785
820,25
553,815
236,826
953,5
932,786
574,8
796,2
389,25
672,16
621,19
648,25
542,815
445,786
654,19
715,35
552,10
739,786
926,25
710,815
713,25
802,27
879,27
1009,8
37,735
74,8
136,22
410,22
432,23
506,2
646,27
632,22
707,27
546,785
450,16
621,12
179,9
953,785
130,8
448,38
229,25
822,38
771,785
916,785
441,9
964,680
111,735
882,785
738,10
185,12
741,15
63,23
852,6
728,12
161,11
292,93
95,93
225,22
389,11
618,16
599,22
1000,22
871,8
908,22
47,15
673,1
490,680
419,35
183,10
402,25
847,35
577,16
794,93
479,5
171,38
392,772
212,826
908,815
799,93
284,735
670,12
624,735
435,16
554,38
593,1
704,12
506,785
214,11
380,826
179,23
697,35
1006,23
843,12
475,22
216,16
307,772
91,38
933,19
612,25
425,772
923,5
561,826
450,772
325,680
713,12
489,826
456,35
791,10
349,680
888,38
118,826
63,5
814,786
375,680
103,772
838,35
199,16
221,35
618,735
124,786
214,2
270,735
594,27
575,15
757,2
279,9
851,815
908,4
251,11
602,785
750,35
402,11
701,16
556,680
134,9
245,826
945,9
358,38
837,11
566,12
914,772
146,4
951,23
738,23
42,815
260,12
939,11
78,16
140,6
214,5
143,11
164,826
845,786
387,16
443,680
228,735
979,1
809,15
405,23
316,9
319,12
32,11
824,23
788,5
383,35
682,93
442,12
260,11
82,23
851,735
103,826
513,826
988,23
310,15
754,772
97,15
668,15
100,12
544,5
26,5
502,93
754,1
523,11
979,6
797,680
139,680
362,12
822,5
291,8
551,4
405,16
869,22
377,22
639,735
488,15
450,785
217,10
305,785
677,9
751,22
476,785
1009,38
960,19
171,2
856,826
583,772
489,16
469,735
776,16
832,93
248,735
690,23
446,27
727,772
582,9
804,19
36,680
273,10
165,12
937,35
227,786
502,786
340,38
86,93
953,680
936,826
706,38
70,10
664,25
295,5
80,826
985,22
231,680
714,9
381,27
310,25
524,826
579,23
446,2
729,25
875,22
51,5
458,1
55,826
521,735
864,735
902,785
372,4
647,11
152,22
108,815
381,680
937,815
609,23
133,786
316,22
758,15
958,8
674,22
1005,19
860,826
532,786
591,16
417,826
567,11
511,815
900,16
404,93
443,10
207,93
504,12
654,35
875,15
604,12
569,22
878,8
989,27
607,1
166,786
920,680
668,785
79,23
794,27
139,735
526,25
1001,8
659,5
91,16
437,4
866,12
775,785
32,23
452,10
14,785
533,815
382,826
771,35
112,735
168,12
993,826
900,786
921,5
995,10
997,786
174,38
675,735
231,19
882,680
665,8
131,785
668,19
579,5
48,6
912,10
833,815
461,38
707,786
262,25
138,27
162,815
732,826
313,23
758,25
153,11
227,12
447,786
178,5
894,2
624,93
327,25
992,6
242,38
774,23
477,23
268,22
911,785
418,16
36,10
989,786
921,785
761,5
465,11
670,680
801,4
33,772
412,680
912,1
73,11
533,10
184,2
829,25
704,680
777,19
409,9
410,815
563,680
930,38
437,22
439,680
703,815
706,10
906,15
619,826
891,10
527,8
324,35
610,27
685,22
650,8
724,23
104,2
543,786
29,93
968,22
329,9
664,815
789,8
756,93
935,25
61,23
996,25
407,15
379,9
555,10
646,786
740,6
248,38
447,5
123,12
323,11
89,826
238,815
77,8
830,19
413,6
933,735
382,815
533,826
448,785
675,9
474,785
492,93
935,22
477,815
893,93
505,772
519,25
333,6
300,772
409,27
941,786
49,12
123,5
505,15
215,38
595,9
462,16
743,815
210,25
581,38
46,772
546,8
782,786
403,25
114,6
685,8
117,11
338,735
172,93
139,786
312,93
935,15
863,680
204,27
333,772
851,772
391,786
33,815
601,12
434,93
876,772
145,22
441,680
647,93
995,772
944,786
101,35
247,4
708,93
89,772
534,12
667,38
632,772
355,680
926,785
200,6
753,16
660,15
970,93
520,772
427,785
68,5
910,4
697,6
664,772
679,772
722,6
922,11
393,786
808,772
897,735
148,12
862,826
574,815
426,785
425,815
120,6
138,38
598,815
505,25
713,23
666,785
136,16
709,680
545,735
31,11
697,772
164,19
953,4
463,1
981,9
748,772
710,2
715,815
204,9
866,772
445,785
191,680
654,16
790,5
225,680
67,93
195,16
217,35
456,15
719,22
938,5
908,826
302,25
766,23
767,826
877,16
435,5
509,22
348,815
867,6
460,11
154,16
618,22
800,93
374,10
621,11
658,23
659,680
967,35
414,27
401,6
475,27
993,23
280,27
833,27
390,735
321,815
416,16
183,12
916,786
59,2
0,25
883,826
790,785
459,35
813,38
670,10
213,16
506,10
40,15
682,9
793,10
389,10
409,785
910,25
697,25
135,785
376,22
102,785
982,10
216,10
343,25
576,826
422,93
868,680
923,15
120,27
281,5
209,93
926,8
123,38
691,27
230,735
531,15
662,680
862,16
973,19
744,826
357,680
232,25
893,785
604,785
272,10
988,11
660,35
80,93
100,16
29,12
103,5
584,786
624,815
399,772
628,815
954,6
846,8
404,27
648,15
497,4
296,815
118,25
134,786
47,23
584,23
784,4
129,772
616,93
134,23
559,786
541,2
464,815
180,772
951,25
146,10
331,10
149,15
578,9
208,735
321,16
927,16
237,785
988,2
631,12
208,25
265,38
943,815
140,8
840,25
821,25
368,735
279,8
744,10
246,815
213,772
88,35
787,22
933,27
239,772
541,27
602,27
106,4
837,10
508,93
951,22
790,826
664,5
574,93
702,22
60,8
557,785
356,25
838,27
363,815
396,10
568,22
457,12
1010,10
351,680
802,680
143,10
510,11
572,2
594,19
26,772
226,25
816,25
797,25
66,5
619,25
1001,19
515,815
933,4
131,22
70,25
455,10
242,8
63,10
535,22
890,735
779,23
807,8
719,785
226,16
942,785
541,786
800,826
783,35
141,25
1007,10
133,815
778,826
585,19
713,38
970,2
899,2
791,16
721,38
613,16
727,8
211,772
14,6
72,9
416,785
678,25
628,6
39,10
885,38
460,93
316,826
903,22
7,93
211,11
485,35
782,11
397,23
610,786
147,93
656,27
397,786
180,19
87,826
128,9
844,10
75,786
330,93
20,15
538,19
825,815
684,22
906,735
962,93
699,12
149,35
477,11
832,38
264,680
135,16
157,35
603,680
788,785
147,680
152,786
211,16
504,6
582,1
964,15
693,2
384,11
79,9
686,35
545,11
486,5
676,93
694,35
622,11
642,93
113,9
133,785
958,9
371,826
119,23
600,772
674,23
749,786
591,19
539,9
82,1
193,2
636,786
636,735
803,35
678,11
878,772
739,11
647,772
194,35
214,38
344,1
438,735
572,38
276,16
386,826
314,786
101,5
237,16
554,815
719,38
150,680
249,680
1002,22
360,16
452,11
987,93
18,23
968,815
810,11
613,11
353,23
151,785
600,16
394,786
931,680
825,27
112,815
727,786
286,1
840,35
819,786
824,680
970,785
607,9
372,11
465,735
841,4
605,35
313,22
459,19
497,785
667,93
709,5
734,23
610,1
317,2
428,11
638,4
566,735
150,23
558,735
651,680
925,9
357,12
507,38
878,27
754,93
669,4
840,815
731,826
274,12
666,826
527,11
894,735
1008,815
129,10
403,10
956,12
793,35
650,9
762,786
378,27
395,772
33,25
273,93
350,93
431,786
379,8
986,16
108,23
950,10
311,25
222,27
918,35
166,772
558,10
320,15
138,10
984,38
123,15
397,815
287,16
570,9
97,680
277,10
886,93
212,786
823,19
255,38
536,8
186,826
450,10
621,38
401,25
779,38
209,772
394,8
620,815
718,25
353,772
689,735
669,22
598,786
913,23
694,6
571,735
497,772
370,10
388,10
299,10
302,5
929,826
731,15
696,27
918,772
724,38
525,19
512,8
1003,25
860,19
515,5
80,10
351,786
722,12
651,8
467,826
375,93
32,786
34,10
181,772
737,6
241,25
699,772
207,772
577,10
62,25
64,680
170,23
765,27
395,16
714,680
52,23
457,815
994,680
442,93
41,680
941,5
373,8
28,8
84,93
320,786
525,785
178,38
966,23
987,772
276,785
81,772
741,680
154,15
796,5
1000,35
907,10
446,815
564,25
910,5
838,93
697,5
329,35
517,786
993,4
204,19
650,815
207,6
562,19
83,12
158,19
527,772
587,25
454,16
751,815
629,25
901,4
959,786
818,815
468,735
983,93
716,5
788,93
789,772
591,93
3,9
664,35
670,25
657,4
842,8
550,786
40,2
759,22
411,38
450,23
769,38
608,10
130,15
648,27
461,735
957,15
351,735
944,12
376,9
322,93
714,772
676,6
552,12
59,12
558,38
192,38
411,785
873,11
624,25
605,25
132,93
888,19
139,5
877,15
879,735
864,12
682,15
663,35
991,27
629,772
756,10
339,23
394,93
215,786
223,680
648,2
831,786
540,16
318,9
908,25
984,772
587,23
59,5
615,8
410,786
602,15
750,785
733,93
534,22
517,38
223,5
559,10
373,680
445,11
506,11
161,9
931,38
359,16
238,9
1012,785
991,735
543,93
303,2
503,785
571,786
109,815
510,23
257,785
648,9
497,2
337,22
636,27
840,785
267,815
787,11
257,735
347,93
720,38
281,4
195,1
68,785
415,815
270,38
398,27
274,93
220,15
578,15
500,815
430,93
766,6
1010,25
793,735
628,35
275,6
985,826
414,10
989,35
475,735
633,9
874,680
266,5
88,93
883,4
210,93
195,6
105,735
531,23
74,35
955,93
494,22
760,680
82,35
321,23
251,815
568,16
695,23
272,2
346,9
238,27
917,9
828,15
386,22
704,5
250,38
233,38
112,11
26,826
942,772
451,8
415,22
402,9
187,680
59,735
405,12
945,15
417,25
455,12
921,38
818,93
232,8
396,11
936,16
831,11
903,35
137,27
618,11
729,4
983,785
125,9
767,19
865,15
594,16
763,680
251,735
541,19
482,680
230,10
356,772
566,5
751,11
475,772
242,9
995,16
121,22
368,4
186,23
331,735
297,8
813,772
446,22
105,93
33,680
303,38
125,2
347,8
76,23
574,786
647,23
190,27
673,35
526,10
375,5
94,8
538,9
777,93
524,735
501,10
909,19
341,6
32,4
454,815
625,785
455,2
995,25
356,8
174,19
727,11
864,38
149,735
779,15
211,10
125,27
954,27
686,25
816,8
407,93
30,22
412,8
819,5
566,786
91,4
346,772
844,11
554,826
485,735
125,680
1008,772
970,10
734,35
147,826
702,8
367,735
479,826
673,680
1000,680
421,8
839,38
397,15
182,815
54,16
422,25
387,9
226,35
79,8
597,16
30,25
234,35
930,27
113,8
238,785
902,93
427,680
119,22
252,8
400,27
934,23
954,772
721,23
774,27
393,12
640,27
949,15
310,22
863,4
397,8
436,680
328,785
989,25
940,8
465,786
707,815
616,25
965,16
622,19
274,27
864,786
594,826
559,93
980,6
563,22
875,815
894,25
57,23
366,11
420,93
884,23
317,8
746,16
144,23
71,25
971,23
347,785
373,785
335,19
283,9
999,8
764,25
657,772
693,19
875,6
162,16
604,5
122,19
917,826
362,680
715,10
98,8
595,826
905,35
818,785
656,1
913,35
659,12
274,735
521,19
524,8
798,12
721,1
406,19
190,785
428,4
431,9
72,38
110,23
475,35
974,11
354,6
797,93
620,826
286,9
605,735
712,22
986,22
1011,2
422,2
262,22
962,15
780,10
602,38
730,19
123,9
952,9
551,35
988,786
459,11
351,9
958,35
388,5
706,8
345,826
18,6
610,25
638,12
342,2
271,2
185,786
257,826
700,10
351,815
467,815
798,785
910,826
808,785
330,22
437,786
173,23
212,22
263,815
324,815
570,22
823,680
385,15
388,12
45,93
891,5
527,19
983,38
222,826
846,735
759,735
995,35
801,785
253,11
291,680
897,5
295,735
996,2
541,815
602,815
737,12
972,27
292,680
111,2
519,27
685,815
854,19
49,2
163,6
879,9
201,772
792,11
719,5
370,11
938,22
462,22
127,19
734,9
644,785
78,38
228,12
653,93
515,4
364,9
80,11
280,8
996,9
925,19
108,6
861,11
533,35
537,826
183,35
222,10
519,16
562,786
173,9
505,22
86,735
802,4
395,19
436,826
24,786
370,2
891,19
781,16
200,8
771,6
756,5
632,11
978,11
7,23
29,38
799,11
339,8
910,10
678,38
827,815
516,815
475,15
935,6
958,680
993,27
978,772
801,38
158,16
451,38
621,786
809,38
834,38
716,6
220,35
166,35
259,735
223,22
595,25
373,16
1001,735
728,1
232,38
855,6
323,826
966,15
640,93
458,680
222,815
46,25
981,23
739,93
938,826
116,786
775,11
195,815
639,11
711,35
750,10
24,27
62,8
120,15
562,772
469,10
642,2
109,19
951,12
757,786
226,785
79,826
559,12
142,19
457,22
384,786
149,680
99,735
189,12
463,8
943,786
179,10
843,19
401,4
497,8
133,10
480,826
390,38
688,772
503,22
970,815
771,786
609,680
701,2
612,22
170,1
974,815
123,35
195,27
984,10
491,10
899,35
114,815
354,680
630,27
849,10
118,815
28,22
670,8
977,93
741,12
793,8
189,5
7,2
325,16
843,8
1006,19
407,35
390,25
266,27
673,6
581,826
158,5
362,23
505,815
880,19
975,27
886,25
318,826
747,735
752,93
914,785
734,93
739,735
940,785
297,785
260,25
893,815
571,23
717,12
917,15
560,772
707,10
29,735
979,826
638,93
414,11
325,25
273,35
668,826
957,25
445,826
871,2
158,12
291,22
130,786
42,38
614,735
444,35
192,12
343,815
53,785
257,11
230,786
357,735
232,2
218,93
953,38
239,735
39,25
386,23
813,785
189,23
100,25
779,27
118,680
466,786
411,5
138,826
653,680
986,38
52,785
130,16
683,10
868,6
66,8
673,16
893,735
362,25
933,25
560,25
834,5
230,16
17,786
517,16
60,10
423,38
759,93
856,815
838,25
714,27
783,680
113,826
554,23
97,11
78,23
264,772
246,35
544,1
889,23
438,826
629,93
757,8
562,38
930,15
17,16
720,12
538,15
377,735
430,4
179,772
309,680
517,25
591,6
721,35
295,16
995,19
245,11
300,93
107,38
440,93
39,15
371,16
668,10
466,772
782,6
535,815
807,10
644,35
596,815
480,680
633,35
104,772
505,93
486,9
237,35
684,25
649,9
248,772
7,772
501,9
637,23
983,15
13,93
896,9
146,680
382,772
507,680
353,2
760,9
136,35
924,4
650,735
448,826
174,16
727,10
196,5
418,11
254,680
511,826
554,25
97,5
795,785
668,1
782,9
32,680
413,772
196,735
569,9
682,735
516,93
276,12
79,2
905,15
274,38
113,22
722,680
391,23
233,826
514,6
788,22
257,23
631,680
464,2
1005,786
567,15
736,9
644,735
206,93
372,826
322,19
51,6
705,5
79,11
595,815
635,785
982,38
123,680
548,2
253,772
894,786
182,735
678,815
573,6
847,22
320,826
889,772
887,785
745,15
856,6
341,23
658,772
823,9
457,93
477,2
132,22
923,735
500,786
925,826
488,826
470,35
91,826
110,10
536,93
554,11
538,826
443,15
649,680
246,15
211,27
946,772
233,10
823,815
400,826
368,815
520,6
79,16
463,826
814,93
943,12
51,786
548,9
930,19
733,19
908,735
214,680
341,16
931,16
331,38
995,15
724,12
193,25
356,38
85,27
378,23
304,4
489,8
825,25
257,815
147,5
576,11
61,2
999,11
712,16
607,11
259,35
313,785
740,680
761,772
101,12
248,27
656,2
593,826
153,8
634,38
299,25
795,2
156,19
363,4
203,8
21,1
377,826
157,12
431,8
911,786
327,785
58,6
811,19
693,27
530,2
490,16
533,23
995,786
246,786
744,93
669,2
447,25
505,2
583,11
730,16
952,10
662,35
990,27
296,35
370,22
498,35
795,27
462,5
894,8
129,8
403,12
520,786
567,19
453,4
326,786
715,772
442,826
775,38
407,8
872,10
619,93
33,786
216,35
808,786
533,16
37,27
437,785
646,785
333,10
558,8
523,38
669,27
213,826
508,16
881,93
901,786
795,16
762,680
579,786
854,786
31,25
604,826
291,785
699,35
314,15
295,35
518,772
759,5
132,10
707,35
543,772
690,815
675,10
531,785
53,93
552,735
700,2
722,19
564,786
105,19
1008,6
419,2
848,10
740,8
854,16
948,93
52,10
252,815
1009,25
534,8
645,27
521,5
481,11
706,27
191,10
