139,16
623,23
186,93
460,25
685,5
68,25
105,785
434,786
364,10
611,27
576,23
444,772
157,786
503,10
505,735
674,735
145,11
737,4
81,35
483,38
491,38
716,8
330,735
592,6
901,772
633,785
260,38
595,19
484,15
46,786
252,35
731,6
877,27
610,35
919,815
682,27
244,680
885,785
355,826
65,11
525,10
910,11
622,785
515,12
935,1
556,826
426,19
333,826
155,38
944,23
747,23
256,9
701,15
901,2
577,1
762,15
227,815
582,680
938,25
298,815
172,772
963,19
301,680
213,11
766,19
291,772
574,12
336,5
7,15
339,16
1006,6
440,35
207,9
266,22
394,35
379,22
804,93
860,735
441,4
901,11
422,38
479,19
444,23
355,1
206,772
90,680
396,735
350,772
667,9
741,2
546,16
605,786
344,786
697,786
769,826
40,11
793,6
139,826
103,16
929,9
932,735
683,38
404,16
924,772
944,5
673,12
105,15
565,22
216,6
440,815
536,772
809,23
691,23
549,93
805,35
849,9
298,785
814,772
53,9
272,22
953,27
991,2
189,4
596,15
103,9
575,5
595,772
426,12
500,11
135,786
301,38
375,35
800,785
713,772
933,22
365,9
590,9
738,772
170,9
352,2
134,19
926,15
486,680
857,772
0,19
882,772
973,16
611,680
960,11
689,22
999,735
356,22
620,93
1010,23
496,38
647,815
596,22
1000,1
472,15
112,22
537,27
423,785
797,4
155,2
1001,38
602,786
567,772
606,826
402,12
392,10
945,735
250,680
160,38
899,16
60,12
63,1
542,38
939,22
478,93
483,735
524,786
621,680
433,23
140,11
436,4
279,5
686,10
779,785
305,93
609,15
129,786
612,12
498,19
835,826
103,680
17,785
380,19
309,25
664,8
899,25
789,815
741,38
427,735
998,10
393,22
567,35
236,785
310,8
368,15
795,735
371,10
26,6
618,9
368,772
954,23
846,25
757,23
41,8
633,25
651,93
65,815
214,786
893,2
694,93
17,23
920,10
591,826
538,12
427,10
415,772
566,27
220,22
664,15
521,93
900,826
598,93
502,38
199,2
492,8
539,826
792,680
196,772
214,16
804,16
807,5
976,15
594,9
870,785
1001,25
893,27
911,27
362,8
473,11
1004,2
1007,23
720,4
424,22
958,2
80,680
501,8
156,8
750,826
514,12
489,785
896,10
960,23
82,10
445,38
67,815
653,12
229,772
714,10
453,38
755,785
221,10
885,35
978,826
465,35
744,680
286,19
912,25
458,2
1007,785
520,25
350,12
911,735
717,785
773,15
977,25
1002,35
363,16
646,93
542,2
640,6
307,2
381,23
628,8
332,10
443,9
26,19
579,27
687,815
690,10
450,93
912,16
831,815
79,735
387,11
981,772
141,8
694,38
660,815
573,5
560,6
869,735
999,815
341,22
751,735
57,12
992,12
255,15
845,27
995,9
353,19
407,826
446,772
985,680
431,5
749,10
325,93
825,23
261,11
962,735
233,9
1008,27
276,19
187,5
707,785
55,10
351,5
798,11
585,11
931,19
696,2
823,1
292,2
60,38
151,786
100,93
709,772
727,16
514,786
307,16
576,12
150,19
920,772
961,19
51,23
530,8
286,4
73,6
55,772
994,93
705,22
544,826
487,786
199,772
770,23
237,6
116,19
297,735
706,15
524,10
835,772
803,815
292,9
702,35
336,35
243,826
428,6
376,815
33,5
307,25
897,9
109,680
898,815
687,826
925,6
394,5
288,815
73,15
1008,9
792,826
333,16
777,23
760,772
228,826
338,93
88,23
432,815
569,815
755,11
77,11
977,5
449,23
894,9
252,23
588,38
400,2
610,23
807,772
242,93
114,16
832,5
117,5
724,19
635,5
905,735
361,38
271,12
739,35
747,35
344,25
768,785
552,19
681,772
443,735
797,815
318,786
281,35
599,786
926,38
765,6
285,785
212,16
358,19
752,5
456,23
627,93
187,815
830,23
928,11
820,9
770,815
327,11
255,35
539,22
80,785
561,5
959,11
502,23
160,815
342,27
453,12
58,9
441,826
297,93
727,826
416,8
879,11
951,35
437,735
972,735
519,735
854,735
216,735
129,25
919,785
114,2
685,4
336,8
796,9
635,19
290,12
515,6
932,22
935,11
58,16
540,6
44,35
975,826
688,785
817,680
468,25
950,27
843,680
426,786
777,10
353,786
466,19
545,38
410,772
398,2
570,38
888,8
1001,815
832,680
89,19
842,12
971,93
934,35
991,22
918,786
832,735
579,93
981,12
766,786
857,22
182,25
648,23
885,27
851,785
488,735
307,815
552,8
972,11
24,22
633,680
444,25
587,785
434,35
732,785
0,15
487,815
862,35
664,38
645,12
115,785
904,735
338,826
559,1
263,19
213,10
768,735
877,19
867,5
460,8
190,826
707,25
452,786
471,93
201,22
182,16
77,785
668,815
575,22
426,27
562,9
746,826
178,680
195,785
969,25
401,772
771,815
148,23
972,2
997,6
615,12
926,2
748,38
341,93
586,786
491,23
398,12
257,38
96,10
28,25
506,15
605,785
507,826
660,25
954,826
65,4
463,10
196,826
179,12
54,38
308,680
510,19
884,772
648,5
44,8
174,785
102,786
1003,772
1002,772
947,19
241,1
352,12
994,10
685,785
479,27
615,5
997,15
711,785
306,8
624,19
677,23
436,785
517,35
973,22
870,93
688,735
506,22
677,786
646,23
892,25
658,10
732,5
234,735
608,27
418,93
550,4
806,772
805,772
648,12
461,25
667,815
226,8
636,22
399,680
365,8
720,25
649,19
980,826
69,772
379,826
31,93
531,19
309,22
220,10
791,8
705,772
529,25
359,10
435,23
953,35
849,772
522,8
831,6
300,1
1000,2
339,38
658,5
261,815
137,785
500,19
584,27
251,9
711,8
911,15
144,786
56,9
679,35
220,735
220,772
134,11
120,38
356,785
533,772
220,1
240,826
899,19
902,12
45,735
375,786
568,19
457,15
850,27
831,15
889,12
143,9
510,4
683,12
575,10
686,11
301,23
711,1
180,2
183,23
560,27
230,22
234,93
862,6
828,772
99,35
229,785
653,25
603,12
107,35
396,6
932,826
325,9
143,22
491,785
535,735
594,15
647,27
387,23
979,4
177,2
513,19
561,815
338,23
464,785
674,6
638,815
567,735
417,23
1005,35
255,19
39,786
82,16
651,826
727,15
730,785
326,826
550,815
99,815
668,4
582,11
395,680
840,11
548,785
844,786
350,10
526,9
213,786
180,16
473,10
326,19
291,15
94,15
810,785
595,93
101,785
501,23
563,4
585,23
566,19
18,38
788,9
699,11
256,735
41,786
778,35
282,12
927,11
51,735
363,785
97,27
647,786
211,15
286,16
937,38
705,735
483,25
962,38
412,11
548,5
865,785
576,785
958,10
963,93
468,786
89,35
126,786
198,826
809,826
497,680
828,785
119,785
221,2
347,772
258,12
739,6
504,10
122,12
945,785
782,22
767,11
971,785
347,27
940,12
321,786
819,15
548,12
532,680
424,5
67,25
158,815
161,826
363,8
896,25
759,35
118,786
47,680
502,8
304,15
547,93
33,10
946,9
378,10
453,23
418,27
733,826
727,785
122,23
782,25
108,38
607,12
937,16
852,680
372,8
412,25
251,35
179,680
166,8
847,25
424,12
351,4
100,772
524,12
563,27
430,38
487,19
931,735
604,815
879,680
219,772
849,826
663,12
477,25
832,8
924,19
135,2
304,6
363,772
880,772
678,6
329,2
150,16
776,10
351,826
354,10
283,10
999,5
726,786
910,815
197,27
471,27
915,10
552,38
689,680
101,10
943,23
191,786
927,772
126,2
752,8
990,22
115,815
277,4
521,16
706,12
716,680
734,27
40,35
663,5
439,735
539,27
132,6
120,785
635,15
410,93
835,10
799,16
513,786
71,19
736,16
971,1
441,815
478,19
80,25
354,5
819,680
712,25
344,19
415,93
970,772
629,1
519,38
333,15
616,10
65,772
358,25
783,8
126,5
952,12
385,11
116,27
958,38
687,27
742,772
452,680
200,22
346,93
57,38
21,8
167,25
1012,93
117,4
525,680
450,15
488,785
90,38
552,815
900,10
722,22
703,8
246,22
430,786
858,35
878,38
679,19
24,2
333,8
98,25
669,25
227,826
252,786
53,815
388,15
560,35
580,772
302,6
623,8
734,5
574,25
99,785
885,8
280,4
922,2
170,815
468,19
305,12
308,15
1007,826
24,9
98,16
480,22
410,826
287,5
181,680
879,10
990,11
595,12
670,19
252,38
966,16
860,786
476,735
734,12
438,2
43,5
117,22
7,27
228,15
801,815
361,23
586,15
878,815
688,786
155,35
357,35
747,16
108,1
57,786
148,2
353,785
615,25
287,2
716,10
916,15
521,12
834,93
504,680
142,4
753,11
953,6
646,35
704,38
45,786
65,9
816,826
265,735
29,35
697,9
147,735
207,2
394,38
145,2
516,23
699,785
812,16
138,35
709,93
691,11
345,16
916,22
989,680
630,12
223,19
673,815
672,785
858,680
987,785
142,15
660,19
806,22
572,826
40,6
756,15
176,11
953,786
204,6
83,25
653,786
676,735
787,1
589,735
366,680
441,10
975,22
886,2
688,5
81,19
528,9
160,19
531,4
345,25
642,1
951,9
534,19
222,735
595,35
926,772
232,16
50,11
859,93
914,23
199,35
951,772
386,9
225,23
189,9
599,23
818,4
782,38
179,15
608,5
189,772
957,4
942,93
861,19
699,815
294,735
994,11
951,6
789,786
331,19
648,815
96,2
424,826
459,38
651,785
321,25
768,19
272,8
953,25
349,22
743,735
264,786
374,6
340,772
472,10
550,5
475,23
426,10
118,27
155,15
871,6
626,93
698,5
402,19
94,16
317,815
728,735
642,19
494,19
924,35
449,815
266,815
285,12
272,15
788,680
435,22
509,35
629,786
596,16
618,5
250,27
303,23
840,23
967,12
572,9
537,25
256,786
260,826
982,6
177,23
1004,23
948,772
551,23
649,27
43,772
870,680
356,786
984,27
553,10
681,93
745,786
637,772
67,826
506,25
990,815
828,11
78,19
388,786
137,22
374,16
143,8
754,9
954,10
370,680
905,25
301,22
251,1
127,772
1009,93
534,826
850,826
923,16
192,6
748,11
532,772
220,25
827,35
423,35
464,16
63,8
82,22
448,815
998,8
875,735
568,27
714,6
606,8
238,38
741,815
850,19
939,1
579,38
411,680
270,680
236,8
510,12
536,680
115,19
923,786
584,735
362,15
415,27
609,6
511,23
576,772
591,772
464,786
319,10
430,11
417,22
220,16
919,93
632,826
245,8
467,2
304,27
527,93
532,8
221,15
739,27
704,23
408,9
779,10
872,35
211,9
840,12
607,16
347,12
76,19
992,786
79,6
66,25
249,815
213,785
948,785
239,785
94,12
974,785
916,826
61,786
560,10
320,815
427,5
983,8
178,27
514,10
810,27
41,785
60,27
613,27
776,785
702,5
429,735
193,11
766,38
640,1
14,11
625,8
221,8
172,25
999,25
322,23
693,4
142,826
641,38
329,785
436,19
610,815
276,15
666,38
189,826
871,35
194,93
254,35
770,8
20,735
576,786
42,25
958,11
687,6
338,6
391,735
784,815
413,35
414,772
270,9
532,785
994,826
995,2
304,9
107,9
36,27
825,12
418,1
736,12
408,23
85,785
820,785
715,16
774,680
616,22
635,786
473,27
128,5
55,15
648,785
557,735
227,4
687,15
887,786
637,38
674,16
555,680
612,815
168,11
104,19
803,38
61,6
446,15
413,680
875,5
839,27
695,680
311,9
793,826
705,680
819,23
286,772
622,23
753,815
941,35
889,786
947,772
929,785
972,772
510,735
756,38
721,12
481,93
262,826
230,815
66,772
921,786
421,38
776,11
758,826
59,815
518,11
246,5
433,35
604,1
152,735
616,4
409,10
30,15
583,15
659,16
163,23
977,2
484,22
67,6
696,11
366,22
349,38
774,9
888,680
157,9
531,772
307,27
419,786
576,5
478,16
649,772
761,15
618,93
105,38
1008,11
793,772
616,11
962,11
804,826
962,772
289,25
74,785
536,6
956,9
229,815
232,93
450,12
218,16
401,27
478,27
614,9
305,10
639,19
604,23
108,12
1009,735
737,15
629,9
3,786
590,38
558,15
463,786
710,826
437,25
462,19
869,38
854,785
891,25
380,680
291,735
239,680
669,826
262,815
746,9
710,19
857,10
473,785
897,25
789,27
935,12
480,786
779,93
318,22
1001,93
454,27
827,735
934,785
630,735
711,815
694,27
287,4
163,10
348,22
519,786
719,1
101,815
980,38
375,826
928,4
855,12
546,2
731,2
509,5
76,680
1012,826
867,25
796,11
857,19
715,93
736,38
475,10
115,35
98,815
409,680
601,22
712,15
111,23
62,2
64,786
395,23
716,11
1009,23
347,680
556,23
997,680
528,785
820,25
966,8
236,826
953,5
932,786
791,680
796,2
389,25
981,735
672,16
648,25
542,815
445,786
105,2
715,35
552,10
739,786
901,15
710,815
713,25
802,27
345,23
74,8
1009,8
37,735
296,2
410,22
432,23
506,2
751,93
632,22
707,27
546,785
250,15
621,12
179,9
953,785
436,35
448,38
229,25
822,38
181,785
916,785
441,9
964,680
951,8
383,15
882,785
738,10
185,12
63,23
852,6
581,27
728,12
292,93
95,93
225,22
575,786
618,16
599,22
1000,22
439,15
636,25
908,22
47,15
673,1
419,35
183,10
402,25
994,735
577,16
794,93
479,5
306,6
392,772
212,826
908,815
376,680
284,735
670,12
624,735
272,9
554,38
593,1
704,12
831,27
214,11
380,826
179,23
806,826
697,35
843,12
475,22
730,93
307,772
91,38
933,19
898,23
425,772
923,5
834,15
561,826
325,680
713,12
489,826
109,1
791,10
349,680
888,38
136,11
63,5
814,786
375,680
729,826
838,35
199,16
221,35
283,93
124,786
214,2
270,735
143,2
757,2
575,15
279,9
744,9
908,4
251,11
216,23
602,785
402,11
701,16
556,680
281,16
245,826
945,9
358,38
857,786
837,11
914,772
146,4
257,15
42,815
951,23
260,12
941,93
78,16
140,6
214,5
472,25
164,826
845,786
387,16
830,772
443,680
979,1
809,15
131,23
316,9
319,12
32,11
877,93
788,5
383,35
682,93
611,772
260,11
82,23
851,735
874,11
513,826
988,23
310,15
607,815
97,15
668,15
524,772
544,5
26,5
502,93
754,1
188,785
979,6
797,680
229,38
139,680
822,5
291,8
551,4
511,22
869,22
726,735
377,22
106,9
450,785
639,735
217,10
305,785
677,9
1009,38
751,22
995,23
171,2
856,826
927,12
583,772
469,735
776,16
832,93
742,5
446,27
727,772
582,9
929,35
804,19
36,680
715,680
273,10
937,35
227,786
502,786
86,680
86,93
953,680
936,826
61,785
70,10
664,25
295,5
776,786
985,22
231,680
714,9
453,35
310,25
524,826
544,19
579,23
729,25
875,22
51,5
767,12
55,826
611,93
422,27
521,735
864,735
902,785
647,11
152,22
381,680
937,815
609,23
773,12
758,15
316,22
958,8
67,735
1005,19
860,826
532,786
256,680
417,826
567,11
511,815
628,11
404,93
443,10
207,93
279,815
654,35
875,15
604,12
162,27
715,19
569,22
989,27
607,1
668,785
79,23
794,27
816,4
139,735
526,25
1001,8
876,38
91,16
437,4
866,12
591,786
32,23
859,23
452,10
382,826
14,785
112,735
973,35
168,12
900,786
921,5
995,10
997,786
924,22
174,38
231,19
747,826
882,680
665,8
131,785
26,25
579,5
48,6
912,10
418,735
461,38
707,786
262,25
943,8
162,815
732,826
313,23
42,8
153,11
227,12
447,786
194,786
894,2
624,93
327,25
737,786
242,38
774,23
477,23
782,680
911,785
418,16
36,10
628,25
989,786
761,5
465,11
925,10
33,772
412,680
912,1
197,25
877,785
73,11
533,10
184,2
704,680
777,19
409,9
389,680
563,680
930,38
437,22
404,735
703,815
706,10
906,15
854,772
891,10
527,8
252,27
324,35
685,22
650,8
724,23
63,93
29,93
543,786
968,22
589,5
475,38
664,815
756,93
789,8
935,25
996,25
407,15
945,826
555,10
646,786
740,6
262,11
447,5
123,12
323,11
783,10
238,815
77,8
830,19
941,735
933,735
382,815
533,826
759,8
675,9
474,785
182,11
492,93
477,815
893,93
505,772
382,9
333,6
300,772
409,27
176,826
941,786
123,5
505,15
362,93
595,9
743,815
210,25
191,9
781,25
46,772
546,8
782,786
403,25
114,6
685,8
425,735
172,93
117,11
139,786
450,4
863,680
935,15
204,27
115,93
851,772
391,786
601,12
32,785
434,93
876,772
145,22
516,35
647,93
995,772
63,735
944,786
247,4
708,93
89,772
914,815
667,38
632,772
355,680
28,15
200,6
660,15
970,93
771,4
520,772
427,785
925,680
910,4
697,6
664,772
935,4
722,6
922,11
393,786
798,772
897,735
148,12
862,826
519,15
574,815
425,815
120,6
320,19
598,815
505,25
713,23
845,93
136,16
709,680
545,735
50,23
697,772
164,19
953,4
632,16
981,9
748,772
710,2
414,16
204,9
866,772
445,785
376,8
654,16
790,5
225,680
466,9
195,16
217,35
456,15
862,38
938,5
908,826
928,19
302,25
767,826
877,16
127,12
435,5
509,22
867,6
460,11
959,35
618,22
800,93
374,10
782,93
658,23
659,680
492,815
967,35
414,27
475,27
993,23
957,9
833,27
390,735
321,815
470,786
183,12
916,786
59,2
392,25
883,826
790,785
459,35
630,5
670,10
213,16
506,10
75,19
682,9
793,10
389,10
65,25
910,25
697,25
135,785
545,93
908,23
982,10
376,22
216,10
576,826
422,93
333,35
868,680
281,5
120,27
209,93
319,16
284,22
123,38
691,27
230,735
531,15
862,16
973,19
744,826
410,25
232,25
323,815
893,785
272,10
988,11
660,35
793,19
100,16
29,12
485,15
103,5
624,815
399,772
510,25
628,815
846,8
719,826
957,27
648,15
497,4
118,25
134,786
296,815
584,23
784,4
129,772
259,680
134,23
541,2
464,815
601,815
180,772
951,25
146,10
168,35
331,10
578,9
136,12
208,735
927,16
237,785
988,2
457,11
208,25
265,38
943,815
103,2
840,25
821,25
368,735
95,772
246,815
744,10
88,35
451,9
787,22
933,27
202,23
239,772
602,27
106,4
837,10
624,4
951,22
790,826
664,5
350,680
702,22
60,8
557,785
998,23
838,27
396,10
568,22
788,772
457,12
1010,10
596,25
351,680
143,10
510,11
954,8
572,2
26,772
226,25
816,25
444,826
66,5
619,25
1001,19
713,826
933,4
131,22
70,25
255,23
242,8
63,10
535,22
903,25
779,23
807,8
719,785
298,735
942,785
541,786
800,826
982,22
141,25
1007,10
133,815
723,12
585,19
713,38
970,2
476,786
791,16
721,38
613,16
834,735
211,772
14,6
714,15
72,9
416,785
628,6
39,10
332,16
460,93
631,27
316,826
903,22
7,93
485,35
68,93
782,11
610,786
147,93
656,27
548,25
180,19
473,15
87,826
128,9
20,15
844,10
538,19
825,815
649,12
684,22
906,735
962,93
983,10
149,35
39,772
477,11
832,38
135,16
690,786
157,35
603,680
147,680
152,786
211,16
999,27
504,6
964,15
693,2
878,6
79,9
686,35
545,11
912,786
694,35
622,11
326,9
642,93
113,9
133,785
371,826
119,23
600,772
674,23
417,38
591,19
539,9
82,1
744,772
636,786
636,735
803,35
362,785
878,772
739,11
647,772
335,11
214,38
344,1
256,93
438,735
222,38
276,16
386,826
314,786
237,16
554,815
719,38
116,9
249,680
1002,22
160,93
360,16
968,815
987,93
18,23
366,10
613,11
353,23
151,785
924,23
394,786
931,680
678,2
825,27
727,786
840,35
235,785
819,786
824,680
970,785
607,9
98,11
465,735
841,4
605,35
273,826
459,19
497,785
667,93
524,15
734,23
610,1
832,11
428,11
638,4
566,735
169,27
558,735
651,680
543,19
925,9
507,38
878,27
754,93
779,815
840,815
731,826
274,12
755,6
527,11
894,735
1008,815
809,786
663,6
403,10
956,12
793,35
762,786
395,772
33,25
605,680
273,93
350,93
478,22
379,8
987,735
986,16
108,23
311,25
314,815
918,35
166,772
558,10
580,19
320,15
138,10
123,15
397,815
287,16
508,22
97,680
277,10
886,93
941,19
823,19
255,38
536,8
610,19
450,10
621,38
401,25
721,826
209,772
394,8
620,815
358,786
353,772
689,735
669,22
579,735
913,23
694,6
571,735
1009,27
370,10
388,10
299,10
266,772
929,826
731,15
696,27
92,22
724,38
525,19
910,2
1003,25
860,19
515,5
80,10
922,1
722,12
651,8
467,826
601,19
32,786
34,10
181,772
40,680
699,772
241,25
207,772
151,27
577,10
64,680
170,23
49,4
395,16
714,680
52,23
805,10
994,680
442,93
41,680
248,826
373,8
28,8
84,93
928,6
320,786
525,785
987,772
986,772
276,785
81,772
741,680
762,815
796,5
525,12
1000,35
446,815
907,10
838,93
968,12
564,25
697,5
517,786
242,785
204,19
650,815
207,6
83,12
376,2
158,19
527,772
587,25
73,38
751,815
629,25
901,4
133,735
818,815
468,735
983,93
642,10
788,93
789,772
3,9
719,8
664,35
670,25
657,4
89,23
550,786
40,2
759,22
599,2
450,23
769,38
950,680
608,10
648,27
461,735
957,15
44,22
944,12
376,9
322,93
343,735
676,6
552,12
59,12
812,19
192,38
411,785
873,11
984,2
605,25
132,93
888,19
637,680
877,15
879,735
864,12
384,785
756,10
629,772
682,15
423,735
339,23
394,93
215,786
364,680
648,2
831,786
540,16
118,12
908,25
984,772
587,23
626,38
615,8
410,786
602,15
930,93
733,93
534,22
517,38
612,786
559,10
373,680
445,11
581,25
359,16
161,9
877,8
931,38
1012,785
991,735
543,93
103,15
503,785
571,786
109,815
275,772
257,785
648,9
922,680
497,2
636,27
840,785
267,815
750,23
257,735
347,93
720,38
205,23
602,22
195,1
68,785
415,815
398,27
274,93
220,15
96,5
500,815
430,93
766,6
568,9
628,35
793,735
275,6
62,680
414,10
989,35
475,735
775,680
874,680
266,5
88,93
897,826
210,93
195,6
105,735
566,11
74,35
955,93
494,22
223,11
82,35
321,23
251,815
124,23
695,23
272,2
346,9
457,10
828,15
386,22
813,786
704,5
250,38
233,38
112,11
404,35
942,772
451,8
415,22
609,9
187,680
59,735
996,735
405,12
417,25
455,12
921,38
171,22
232,8
396,11
310,10
936,16
903,35
742,9
137,27
618,11
983,785
125,9
767,19
202,786
594,16
763,680
251,735
183,19
482,680
230,10
674,11
356,772
751,11
475,772
242,9
442,10
121,22
368,4
186,23
739,23
813,772
331,735
446,22
138,815
33,680
303,38
125,2
54,6
76,23
574,786
647,23
669,38
673,35
526,10
375,5
662,15
538,9
777,93
483,786
524,735
909,19
341,6
32,4
217,8
625,785
455,2
995,25
282,1
174,19
727,11
864,38
221,12
779,15
211,10
125,27
436,23
686,25
816,8
407,93
301,5
412,8
819,5
566,786
326,23
91,4
844,11
554,826
341,15
125,680
970,10
255,4
734,35
147,826
277,93
367,735
479,826
673,680
1000,680
421,8
211,19
397,15
182,815
54,16
24,35
226,35
79,8
597,16
890,10
30,25
234,35
930,27
180,27
238,785
902,93
248,785
427,680
252,8
400,27
934,23
203,27
721,23
774,27
393,12
196,10
949,15
310,22
863,4
48,1
436,680
328,785
989,25
646,815
465,786
707,815
616,25
656,10
622,19
274,27
862,680
864,786
559,93
980,6
563,22
305,826
894,25
57,23
366,11
591,27
420,93
317,8
746,16
489,9
71,25
971,23
347,785
900,25
335,19
283,9
764,25
485,93
875,6
693,19
604,5
122,19
110,785
362,680
917,826
715,10
520,12
98,8
595,826
905,35
656,1
841,11
913,35
659,12
521,19
524,8
798,12
69,735
406,19
190,785
193,19
428,4
72,38
110,23
475,35
421,35
354,6
797,93
620,826
858,93
286,9
712,22
986,22
37,19
422,2
262,22
962,15
943,19
602,38
730,19
123,9
752,12
551,35
988,786
459,11
1012,35
958,35
388,5
706,8
894,11
18,6
610,25
638,12
431,22
271,2
257,826
37,785
700,10
351,815
467,815
836,23
798,785
808,785
330,22
437,786
1011,11
212,22
263,815
324,815
163,1
570,22
385,15
388,12
173,786
891,5
527,19
983,38
991,38
846,735
759,735
995,35
302,772
253,11
291,680
897,5
715,826
996,2
541,815
602,815
145,19
972,27
555,5
292,680
111,2
519,27
854,19
49,2
638,785
201,772
879,9
792,11
350,786
719,5
938,22
462,22
907,785
734,9
644,785
78,38
99,680
653,93
950,735
515,4
364,9
280,8
996,9
925,19
909,772
861,11
533,35
537,826
220,815
183,35
519,16
562,786
997,22
86,735
802,4
395,19
913,15
436,826
24,786
370,2
670,23
781,16
200,8
536,23
771,6
632,11
978,11
7,23
525,11
339,8
799,11
910,10
953,772
827,815
475,15
935,6
404,1
958,680
993,27
978,772
654,15
158,16
451,38
621,786
992,680
834,38
716,6
916,11
420,16
220,35
259,735
223,22
595,25
1001,735
728,1
781,9
232,38
323,826
966,15
640,93
806,19
222,815
46,25
981,23
508,680
938,826
116,786
775,11
600,735
639,11
711,35
750,10
330,10
62,8
120,15
562,772
160,16
0,4
642,2
109,19
951,12
226,785
79,826
559,12
191,38
457,22
384,786
149,680
632,25
189,12
463,8
943,786
414,25
843,19
401,4
497,8
405,826
133,10
390,38
688,772
266,16
970,815
771,786
609,680
294,23
612,22
461,680
170,1
974,815
195,27
984,10
491,10
309,15
114,815
667,15
630,27
849,10
977,93
28,22
670,8
741,12
451,680
793,8
189,5
7,2
1000,25
843,8
1006,19
500,10
407,35
266,27
912,826
673,6
581,826
158,5
505,815
880,19
812,2
975,27
318,826
747,735
624,8
914,785
734,93
739,735
611,786
260,25
297,785
893,815
53,19
717,12
917,15
560,772
561,93
979,826
29,735
31,826
638,93
325,25
273,35
957,25
633,8
445,826
871,2
158,12
880,10
130,786
42,38
614,735
760,826
192,12
343,815
951,27
53,785
230,786
357,735
232,2
695,22
953,38
239,735
39,25
884,93
386,23
189,23
100,25
905,785
118,680
411,5
138,826
653,680
433,16
986,38
52,785
754,10
683,10
868,6
66,8
980,735
673,16
362,25
933,25
169,785
834,5
230,16
17,786
624,6
60,10
423,38
759,93
763,6
838,25
714,27
783,680
988,27
554,23
97,11
78,23
189,16
889,23
246,35
544,1
729,11
629,93
757,8
562,38
486,22
17,16
720,12
538,15
318,815
430,4
179,772
309,680
862,11
591,6
721,35
295,16
353,9
245,11
300,93
107,38
474,815
39,15
371,16
668,10
411,19
782,6
535,815
644,35
76,16
596,815
480,680
633,35
155,22
505,93
486,9
237,35
662,12
649,9
248,772
227,680
7,772
637,23
983,15
13,93
586,826
489,786
146,680
382,772
507,680
760,9
650,735
136,35
924,4
637,786
376,786
727,10
196,5
418,11
254,680
554,25
221,11
97,5
795,785
26,11
668,1
413,772
196,735
783,815
569,9
682,735
516,93
276,12
497,38
905,15
274,38
717,786
113,22
391,23
233,826
270,10
514,6
257,23
631,680
464,2
467,15
567,15
736,9
644,735
186,38
372,826
322,19
51,6
109,772
79,11
595,815
635,785
392,93
88,1
123,680
548,2
894,786
678,815
253,772
573,6
739,815
320,826
687,2
887,785
889,772
745,15
341,23
217,25
658,772
457,93
477,2
132,22
135,11
500,786
925,826
488,826
910,93
91,826
110,10
310,23
554,11
538,826
443,15
649,680
262,735
246,15
946,772
233,10
162,22
400,826
368,815
520,6
166,785
463,826
814,93
943,12
601,93
548,9
930,19
733,19
76,826
214,680
341,16
931,16
474,6
995,15
724,12
356,38
871,826
304,4
378,23
489,8
269,815
825,25
257,815
147,5
594,93
61,2
999,11
712,16
507,35
259,35
98,9
313,785
761,772
101,12
248,27
656,2
990,735
153,8
634,38
299,25
49,785
795,2
363,4
203,8
663,11
377,826
157,12
431,8
141,680
911,786
58,6
811,19
61,27
530,2
490,16
533,23
131,680
246,786
744,93
669,2
928,735
505,2
583,11
730,16
253,815
662,35
259,815
990,27
370,22
296,35
795,27
462,5
264,12
129,8
403,12
520,786
175,785
453,4
326,786
401,38
715,772
775,38
407,8
872,10
981,680
33,786
216,35
808,786
1008,15
533,16
437,785
629,12
646,785
558,8
523,38
669,27
780,2
508,16
881,93
901,786
830,22
762,680
579,786
854,786
891,4
604,826
291,785
699,35
663,25
295,35
832,27
759,5
518,772
132,10
543,772
690,815
233,680
531,785
53,93
552,735
240,1
722,19
564,786
105,19
677,680
419,2
848,10
740,8
727,680
948,93
52,10
252,815
805,15
534,8
645,27
521,5
481,11
191,10
