139,16
140,815
623,23
186,93
460,25
685,5
759,2
68,25
105,785
434,786
364,10
204,22
611,27
576,23
444,772
157,786
83,9
503,10
505,735
674,735
145,11
437,680
737,4
81,35
483,38
491,38
200,772
330,735
592,6
901,772
716,8
623,785
633,785
260,38
595,19
484,15
139,9
46,786
731,6
877,27
252,35
129,19
610,35
919,815
682,27
244,680
478,772
355,826
885,785
525,10
65,11
621,22
910,11
622,785
515,12
935,1
293,11
556,826
426,19
333,826
155,38
229,19
944,23
747,23
256,9
701,15
519,8
577,1
901,2
762,15
227,815
581,735
582,680
938,25
298,815
172,772
321,9
301,680
963,19
766,19
213,11
327,680
291,772
574,12
336,5
7,15
300,27
339,16
1006,6
440,35
207,9
118,11
266,22
394,35
379,22
804,93
750,11
860,735
441,4
422,38
901,11
886,12
444,23
355,1
206,772
479,19
306,16
90,680
396,735
350,772
667,9
867,772
741,2
546,16
605,786
344,786
127,9
697,786
769,826
40,11
793,6
463,11
139,826
103,16
929,9
932,735
700,38
683,38
404,16
924,772
944,5
814,735
673,12
105,15
565,22
216,6
307,826
440,815
536,772
809,23
691,23
470,735
549,93
805,35
849,9
298,785
813,35
814,772
53,9
272,22
953,27
756,19
991,2
189,4
596,15
103,9
932,9
575,5
595,772
426,12
500,11
797,11
301,38
375,35
800,785
135,786
633,6
713,772
933,22
365,9
590,9
862,786
738,772
170,9
352,2
134,19
168,826
926,15
486,680
857,772
0,19
883,772
882,772
973,16
611,680
960,11
82,38
689,22
999,735
356,22
620,93
699,93
1010,23
496,38
596,22
647,815
463,25
1000,1
472,15
112,22
537,27
993,38
423,785
797,4
155,2
1001,38
412,38
602,786
567,772
606,826
402,12
834,11
392,10
945,735
160,38
250,680
514,35
899,16
60,12
542,38
63,1
401,93
939,22
478,93
524,786
483,735
29,2
621,680
433,23
140,11
436,4
350,27
279,5
686,10
779,785
305,93
180,1
609,15
129,786
612,12
498,19
443,772
835,826
103,680
17,785
380,19
655,16
309,25
899,25
789,815
664,8
260,8
741,38
427,735
998,10
393,22
269,785
567,35
236,785
310,8
368,15
421,27
795,735
371,10
26,6
618,9
433,8
368,772
954,23
41,8
846,25
152,5
633,25
757,23
65,815
651,93
797,22
214,786
893,2
694,93
17,23
476,25
920,10
591,826
538,12
427,10
501,15
415,772
566,27
220,22
664,15
862,8
521,93
900,826
598,93
502,38
582,785
199,2
492,8
539,826
792,680
26,1
196,772
214,16
804,16
807,5
314,772
976,15
594,9
870,785
1001,25
433,772
893,27
362,8
1004,2
911,27
509,786
473,11
1007,23
720,4
424,22
649,8
958,2
80,680
501,8
156,8
875,826
750,826
489,785
896,10
514,12
934,27
960,23
82,10
445,38
67,815
763,23
653,12
229,772
714,10
453,38
715,735
755,785
221,10
978,826
885,35
335,6
465,35
744,680
912,25
286,19
807,2
1007,785
520,25
350,12
458,2
64,815
911,735
717,785
773,15
977,25
869,27
1002,35
363,16
646,93
542,2
653,5
640,6
307,2
381,23
628,8
665,2
332,10
443,9
26,19
579,27
335,15
690,10
687,815
450,93
912,16
1010,815
831,815
79,735
387,11
981,772
88,2
141,8
694,38
660,815
573,5
495,826
560,6
869,735
999,815
341,22
987,815
751,735
255,15
845,27
992,12
168,9
57,12
995,9
353,19
407,826
174,35
446,772
985,680
431,5
749,10
502,11
325,93
825,23
261,11
962,735
122,22
233,9
1008,27
276,19
187,5
669,15
707,785
55,10
351,5
798,11
356,826
585,11
931,19
696,2
823,1
625,826
292,2
60,38
151,786
100,93
428,15
709,772
727,16
514,786
307,16
900,27
576,12
150,19
920,772
961,19
304,826
51,23
530,8
286,4
73,6
475,93
55,772
994,93
705,22
544,826
101,11
487,786
770,23
237,6
199,772
1012,38
116,19
297,735
706,15
524,10
64,9
835,772
803,815
292,9
702,35
685,25
336,35
243,826
428,6
376,815
449,785
33,5
307,25
897,9
109,680
293,22
898,815
687,826
925,6
394,5
433,38
288,815
73,15
1008,9
792,826
740,27
777,23
760,772
228,826
338,93
248,35
333,16
432,815
569,815
88,23
843,786
755,11
77,11
977,5
449,23
487,6
894,9
252,23
400,2
588,38
536,4
610,23
807,772
114,16
242,93
206,15
117,5
724,19
905,735
635,5
283,735
832,5
361,38
271,12
739,35
614,11
747,35
344,25
768,785
552,19
898,35
681,772
443,735
281,35
797,815
707,772
599,786
926,38
358,19
765,6
783,22
285,785
752,5
212,16
456,23
437,27
627,93
187,815
830,23
928,11
175,680
820,9
770,815
255,35
327,11
258,785
539,22
80,785
959,11
561,5
746,11
502,23
160,815
342,27
453,12
664,826
58,9
441,826
297,93
727,826
503,12
416,8
879,11
972,735
437,735
755,25
519,735
951,35
854,735
216,735
127,680
129,25
919,785
114,2
685,4
243,785
796,9
635,19
336,8
290,12
364,11
515,6
932,22
58,16
935,11
775,23
975,826
540,6
688,785
44,35
601,16
817,680
468,25
843,680
950,27
809,35
426,786
777,10
353,786
466,19
926,16
545,38
410,772
570,38
398,2
277,25
888,8
1001,815
89,19
842,12
456,735
971,93
934,35
991,22
918,786
978,9
579,93
832,735
981,12
766,786
710,15
857,22
182,25
648,23
885,27
318,2
851,785
488,735
307,815
552,8
454,23
972,11
24,22
633,680
444,25
451,815
587,785
732,785
487,815
0,15
52,25
434,35
664,38
645,12
115,785
326,93
862,35
904,735
559,1
338,826
122,680
263,19
213,10
768,735
877,19
752,815
867,5
460,8
707,25
190,826
525,2
452,786
471,93
201,22
182,16
130,10
77,785
668,815
575,22
426,27
282,772
562,9
746,826
178,680
195,785
34,27
969,25
401,772
972,2
148,23
24,680
771,815
997,6
615,12
926,2
505,38
748,38
341,93
586,786
491,23
879,38
398,12
257,38
96,10
28,25
50,10
506,15
605,785
507,826
660,25
864,15
954,826
65,4
463,10
196,826
303,6
179,12
308,680
510,19
54,38
1010,680
884,772
648,5
44,8
174,785
376,19
102,786
1002,772
947,19
1003,772
969,2
241,1
352,12
994,10
685,785
922,735
615,5
997,15
479,27
711,785
602,10
306,8
624,19
677,23
436,785
553,25
517,35
973,22
688,735
870,93
766,2
506,22
677,786
646,23
892,25
268,35
658,10
234,735
806,772
608,27
754,22
418,93
550,4
805,772
648,12
575,4
461,25
667,815
226,8
636,22
513,8
399,680
365,8
720,25
649,19
691,680
980,826
379,826
31,93
69,772
586,772
531,19
309,22
220,10
791,8
630,16
705,772
529,25
359,10
435,23
606,25
953,35
849,772
522,8
831,6
959,93
300,1
1000,2
339,38
658,5
697,38
261,815
137,785
500,19
584,27
285,815
251,9
144,786
711,8
911,15
346,815
679,35
220,735
56,9
220,772
116,35
134,11
120,38
356,785
533,772
146,6
220,1
240,826
899,19
902,12
260,2
45,735
375,786
568,19
457,15
39,27
850,27
831,15
889,12
143,9
54,11
510,4
683,12
575,10
686,11
279,4
301,23
711,1
180,2
183,23
402,4
560,27
230,22
234,93
862,6
664,9
828,772
99,35
653,25
229,785
529,11
603,12
107,35
396,6
932,826
39,16
325,9
143,22
491,785
535,735
757,22
594,15
647,27
387,23
979,4
982,19
177,2
513,19
561,815
338,23
319,11
464,785
674,6
638,815
567,735
230,9
417,23
1005,35
255,19
39,786
442,9
82,16
651,826
727,15
730,785
640,9
326,826
550,815
99,815
668,4
482,19
582,11
395,680
840,11
548,785
54,5
844,786
350,10
526,9
213,786
362,9
180,16
326,19
291,15
473,10
20,12
94,15
810,785
595,93
101,785
45,4
501,23
563,4
585,23
566,19
896,11
18,38
788,9
699,11
256,735
240,815
41,786
778,35
282,12
927,11
838,9
363,785
51,735
97,27
647,786
942,27
211,15
286,16
937,38
705,735
26,786
483,25
962,38
412,11
548,5
202,12
865,785
576,785
958,10
963,93
891,680
468,786
126,786
198,826
89,35
328,15
809,826
497,680
828,785
119,785
245,27
347,772
258,12
739,6
221,2
667,735
122,12
945,785
782,22
504,10
656,785
767,11
971,785
347,27
940,12
190,8
321,786
819,15
548,12
532,680
459,25
424,5
67,25
158,815
161,826
823,11
363,8
896,25
759,35
118,786
689,35
502,8
304,15
378,10
547,93
749,9
33,10
453,23
946,9
418,27
144,19
733,826
727,785
122,23
782,25
288,786
108,38
607,12
937,16
852,680
597,38
372,8
412,25
251,35
179,680
625,680
166,8
424,12
351,4
847,25
464,680
100,772
563,27
524,12
430,38
252,2
487,19
604,815
219,772
879,680
111,786
931,735
663,12
477,25
849,826
921,8
832,8
924,19
135,2
304,6
675,25
363,772
678,6
329,2
880,772
900,4
776,10
351,826
354,10
150,16
172,5
283,10
726,786
910,815
999,5
394,27
197,27
471,27
552,38
915,10
520,15
689,680
101,10
943,23
191,786
230,93
927,772
126,2
752,8
990,22
573,22
115,815
277,4
521,16
706,12
413,15
716,680
734,27
40,35
663,5
683,772
439,735
539,27
132,6
120,785
165,772
410,93
835,10
799,16
635,15
144,1
513,786
71,19
971,1
736,16
453,25
441,815
478,19
80,25
354,5
357,8
819,680
712,25
344,19
415,93
626,12
970,772
629,1
519,38
333,15
685,826
616,10
630,27
65,772
358,25
583,5
783,8
126,5
952,12
385,11
866,27
116,27
958,38
742,772
687,27
449,22
452,680
200,22
346,93
57,38
223,826
167,25
1012,93
21,8
117,4
502,680
525,680
450,15
488,785
90,38
551,680
552,815
900,10
722,22
703,8
944,735
246,22
430,786
858,35
878,38
454,35
679,19
24,2
98,25
333,8
262,12
669,25
227,826
252,786
53,815
683,680
388,15
560,35
580,772
302,6
731,10
623,8
734,5
574,25
99,785
204,25
885,8
922,2
170,815
280,4
978,785
468,19
305,12
308,15
1007,826
55,786
24,9
98,16
480,22
410,826
804,815
287,5
181,680
879,10
990,11
385,5
595,12
670,19
966,16
252,38
74,735
860,786
734,12
438,2
476,735
184,680
43,5
117,22
7,27
228,15
512,12
801,815
361,23
586,15
878,815
426,22
688,786
155,35
357,35
747,16
639,6
108,1
57,786
148,2
353,785
688,23
615,25
287,2
716,10
916,15
645,2
521,12
834,93
504,680
142,4
877,25
753,11
953,6
646,35
704,38
904,680
45,786
65,9
816,826
265,735
265,4
29,35
697,9
147,735
207,2
999,38
394,38
145,2
516,23
699,785
59,11
812,16
138,35
691,11
709,93
714,735
345,16
916,22
989,680
630,12
188,23
223,19
673,815
672,785
858,680
140,735
987,785
142,15
660,19
806,22
127,2
572,826
40,6
756,15
176,11
892,4
953,786
204,6
83,25
653,786
451,16
676,735
787,1
589,735
366,680
94,38
441,10
975,22
81,19
688,5
997,5
886,2
528,9
160,19
531,4
380,9
642,1
951,9
534,19
345,25
556,4
222,735
595,35
926,772
232,16
32,93
50,11
859,93
951,772
199,35
236,815
914,23
386,9
225,23
189,9
389,12
599,23
818,4
782,38
179,15
550,2
608,5
189,772
957,4
942,93
750,16
861,19
699,815
994,11
294,735
158,735
951,6
789,786
424,826
331,19
539,93
648,815
96,2
459,38
651,785
938,9
321,25
768,19
272,8
953,25
75,22
349,22
743,735
264,786
374,6
981,38
340,772
472,10
550,5
475,23
459,772
426,10
118,27
155,15
871,6
484,772
732,5
626,93
698,5
402,19
862,735
94,16
317,815
728,735
642,19
331,8
494,19
924,35
449,815
266,815
728,25
285,12
435,22
509,35
272,15
128,772
788,680
629,786
596,16
618,5
411,1
250,27
303,23
840,23
967,12
1006,25
572,9
537,25
256,786
260,826
908,11
982,6
177,23
1004,23
948,772
416,35
551,23
649,27
43,772
870,680
192,15
356,786
984,27
553,10
681,93
242,19
745,786
637,772
67,826
506,25
53,25
990,815
828,11
78,19
388,786
903,38
137,22
374,16
143,8
754,9
510,5
954,10
370,680
905,25
301,22
982,25
251,1
127,772
1009,93
534,826
920,5
850,826
923,16
192,6
748,11
106,1
532,772
220,25
827,35
423,35
78,785
464,16
82,22
998,8
448,815
781,35
63,8
875,735
568,27
714,6
218,35
606,8
238,38
939,1
741,815
297,11
579,38
850,19
411,680
270,680
325,8
236,8
510,12
536,680
115,19
597,1
923,786
584,735
362,15
415,27
515,786
609,6
511,23
576,772
591,772
869,23
464,786
319,10
430,11
417,22
720,772
220,16
919,93
632,826
245,8
174,12
467,2
304,27
527,93
532,8
625,23
221,15
739,27
704,23
408,9
100,10
779,10
872,35
211,9
840,12
162,8
607,16
347,12
992,786
76,19
647,19
79,6
66,25
249,815
213,785
893,25
948,785
239,785
916,826
94,12
773,735
61,786
560,10
320,815
427,5
745,2
974,785
983,8
178,27
514,10
517,15
810,27
41,785
702,5
613,27
117,38
776,785
60,27
193,11
429,735
230,826
766,38
640,1
14,11
625,8
398,735
221,8
172,25
999,25
322,23
875,23
693,4
142,826
641,38
329,785
273,12
436,19
610,815
276,15
666,38
520,27
189,826
871,35
194,93
254,35
237,25
20,735
770,8
576,786
42,25
847,735
958,11
687,6
338,6
391,735
449,9
413,35
784,815
414,772
270,9
70,12
532,785
994,826
995,2
304,9
359,38
107,9
418,1
736,12
36,27
310,19
825,12
408,23
85,785
820,785
782,23
715,16
774,680
616,22
635,786
894,785
473,27
128,5
55,15
648,785
116,15
557,735
227,4
687,15
887,786
798,6
637,38
674,16
555,680
612,815
721,11
168,11
104,19
803,38
61,6
579,2
446,15
413,680
875,5
839,27
110,786
695,680
311,9
793,826
705,680
979,35
819,23
286,772
622,23
753,815
280,786
941,35
889,786
947,772
929,785
514,23
972,772
510,735
756,38
721,12
539,5
481,93
262,826
230,815
66,772
56,680
921,786
421,38
59,815
758,826
354,11
776,11
246,5
518,11
433,35
839,16
604,1
152,735
616,4
409,10
212,12
30,15
583,15
659,16
163,23
459,22
977,2
484,22
67,6
696,11
18,11
366,22
349,38
774,9
888,680
978,35
157,9
531,772
307,27
419,786
539,785
576,5
478,16
649,772
761,15
480,772
618,93
105,38
1008,11
793,772
1011,6
616,11
962,11
804,826
962,772
482,785
289,25
74,785
536,6
956,9
685,16
229,815
232,93
450,12
218,16
733,772
401,27
478,27
614,9
305,10
267,735
604,23
108,12
639,19
1009,735
202,815
737,15
3,786
590,38
558,15
98,22
463,786
629,9
710,826
437,25
370,12
462,19
869,38
854,785
891,25
64,25
380,680
291,735
239,680
669,826
907,19
746,9
262,815
857,10
710,19
92,785
473,785
897,25
789,27
935,12
80,8
480,786
779,93
318,22
1001,93
567,815
454,27
827,735
934,785
630,735
447,8
711,815
694,27
287,4
163,10
509,735
348,22
519,786
719,1
101,815
559,680
980,38
375,826
546,2
928,4
726,93
731,2
855,12
509,5
76,680
954,815
1012,826
867,25
796,11
857,19
434,785
715,93
736,38
475,10
115,35
885,16
98,815
409,680
601,22
712,15
950,25
111,23
62,2
64,786
395,23
0,10
716,11
1009,23
347,680
556,23
756,772
997,680
528,785
820,25
966,8
553,815
236,826
953,5
932,786
791,680
574,8
796,2
389,25
672,16
981,735
621,19
648,25
542,815
445,786
105,2
654,19
715,35
552,10
739,786
901,15
926,25
710,815
713,25
802,27
345,23
879,27
1009,8
37,735
74,8
296,2
136,22
410,22
432,23
506,2
751,93
646,27
632,22
707,27
546,785
250,15
450,16
621,12
179,9
953,785
436,35
130,8
448,38
229,25
822,38
181,785
771,785
916,785
441,9
964,680
951,8
111,735
882,785
738,10
185,12
383,15
741,15
63,23
852,6
728,12
581,27
161,11
292,93
95,93
225,22
575,786
389,11
618,16
599,22
1000,22
439,15
871,8
908,22
47,15
673,1
636,25
490,680
419,35
183,10
402,25
994,735
847,35
577,16
794,93
479,5
306,6
171,38
392,772
212,826
284,735
376,680
799,93
908,815
624,735
670,12
272,9
435,16
554,38
593,1
704,12
831,27
506,785
214,11
380,826
179,23
806,826
1006,23
697,35
843,12
475,22
730,93
216,16
307,772
91,38
933,19
898,23
612,25
425,772
923,5
561,826
834,15
450,772
325,680
713,12
489,826
109,1
456,35
791,10
349,680
888,38
136,11
118,826
63,5
814,786
375,680
729,826
103,772
838,35
199,16
221,35
283,93
618,735
124,786
214,2
270,735
143,2
594,27
575,15
757,2
279,9
744,9
851,815
908,4
251,11
602,785
216,23
750,35
402,11
701,16
556,680
281,16
134,9
245,826
945,9
837,11
857,786
566,12
358,38
914,772
951,23
257,15
738,23
42,815
146,4
260,12
941,93
939,11
78,16
140,6
214,5
472,25
143,11
164,826
845,786
443,680
830,772
228,735
979,1
387,16
809,15
131,23
405,23
316,9
319,12
32,11
877,93
824,23
788,5
383,35
682,93
611,772
442,12
260,11
82,23
851,735
874,11
103,826
513,826
988,23
310,15
607,815
754,772
97,15
668,15
26,5
524,772
100,12
502,93
544,5
754,1
188,785
523,11
979,6
797,680
139,680
229,38
362,12
822,5
291,8
551,4
511,22
405,16
869,22
377,22
305,785
106,9
488,15
450,785
217,10
751,22
726,735
476,785
1009,38
639,735
677,9
995,23
960,19
171,2
856,826
583,772
927,12
489,16
469,735
776,16
832,93
742,5
248,735
446,27
727,772
582,9
929,35
690,23
804,19
36,680
273,10
715,680
165,12
937,35
227,786
502,786
86,680
340,38
86,93
953,680
936,826
61,785
706,38
70,10
664,25
295,5
776,786
80,826
985,22
231,680
714,9
453,35
381,27
310,25
524,826
579,23
544,19
446,2
729,25
875,22
51,5
767,12
458,1
55,826
864,735
647,11
611,93
372,4
521,735
902,785
152,22
422,27
108,815
381,680
937,815
609,23
773,12
133,786
316,22
758,15
958,8
67,735
674,22
1005,19
860,826
532,786
256,680
591,16
417,826
567,11
511,815
628,11
900,16
404,93
443,10
207,93
279,815
504,12
654,35
875,15
604,12
162,27
878,8
569,22
989,27
607,1
715,19
166,786
668,785
79,23
794,27
816,4
920,680
139,735
526,25
1001,8
876,38
659,5
91,16
437,4
866,12
591,786
775,785
32,23
452,10
14,785
859,23
533,815
382,826
112,735
168,12
973,35
993,826
900,786
921,5
997,786
924,22
771,35
174,38
995,10
231,19
747,826
675,735
882,680
665,8
131,785
26,25
668,19
579,5
48,6
912,10
418,735
833,815
461,38
707,786
262,25
943,8
138,27
162,815
732,826
313,23
42,8
758,25
153,11
227,12
447,786
194,786
178,5
894,2
624,93
327,25
737,786
992,6
242,38
774,23
477,23
782,680
268,22
911,785
418,16
36,10
628,25
921,785
989,786
761,5
465,11
925,10
670,680
33,772
412,680
912,1
197,25
801,4
73,11
533,10
184,2
877,785
829,25
704,680
777,19
409,9
389,680
410,815
563,680
930,38
437,22
404,735
439,680
703,815
706,10
906,15
854,772
619,826
891,10
527,8
324,35
252,27
610,27
685,22
650,8
724,23
63,93
104,2
543,786
29,93
968,22
589,5
329,9
664,815
756,93
789,8
475,38
61,23
996,25
407,15
935,25
945,826
379,9
555,10
646,786
740,6
262,11
248,38
447,5
123,12
323,11
783,10
89,826
238,815
77,8
830,19
941,735
413,6
933,735
382,815
533,826
759,8
448,785
675,9
474,785
492,93
182,11
935,22
477,815
893,93
505,772
382,9
519,25
333,6
300,772
941,786
176,826
49,12
123,5
505,15
409,27
362,93
215,38
595,9
743,815
210,25
191,9
581,38
46,772
546,8
782,786
781,25
462,16
403,25
114,6
685,8
425,735
338,735
172,93
117,11
139,786
450,4
312,93
935,15
863,680
204,27
115,93
333,772
851,772
391,786
601,12
32,785
33,815
434,93
876,772
145,22
516,35
441,680
647,93
995,772
944,786
63,735
101,35
247,4
708,93
89,772
914,815
534,12
667,38
632,772
355,680
28,15
926,785
200,6
660,15
970,93
771,4
753,16
520,772
128,9
427,785
925,680
68,5
910,4
697,6
664,772
935,4
679,772
722,6
922,11
393,786
798,772
808,772
897,735
148,12
574,815
519,15
426,785
425,815
862,826
120,6
320,19
138,38
598,815
505,25
713,23
845,93
666,785
136,16
709,680
545,735
50,23
31,11
697,772
164,19
953,4
632,16
463,1
981,9
748,772
710,2
414,16
715,815
204,9
866,772
445,785
376,8
191,680
654,16
790,5
225,680
466,9
67,93
195,16
217,35
456,15
862,38
719,22
938,5
908,826
302,25
928,19
766,23
767,826
435,5
509,22
127,12
348,815
877,16
867,6
460,11
959,35
154,16
618,22
800,93
374,10
782,93
621,11
658,23
967,35
414,27
492,815
401,6
475,27
659,680
993,23
957,9
280,27
833,27
390,735
321,815
470,786
416,16
183,12
916,786
59,2
392,25
0,25
883,826
790,785
459,35
630,5
813,38
670,10
213,16
506,10
75,19
40,15
682,9
793,10
389,10
65,25
409,785
910,25
697,25
135,785
545,93
102,785
982,10
376,22
216,10
908,23
343,25
576,826
422,93
868,680
333,35
923,15
120,27
281,5
230,735
284,22
926,8
123,38
691,27
531,15
319,16
662,680
862,16
973,19
744,826
410,25
357,680
232,25
893,785
764,25
323,815
604,785
272,10
988,11
660,35
793,19
80,93
100,16
29,12
103,5
485,15
584,786
624,815
399,772
628,815
510,25
954,6
846,8
648,15
497,4
957,27
404,27
118,25
134,786
296,815
719,826
47,23
584,23
784,4
129,772
259,680
616,93
134,23
541,2
464,815
601,815
559,786
180,772
951,25
146,10
168,35
149,15
331,10
578,9
208,735
136,12
321,16
927,16
237,785
988,2
457,11
631,12
208,25
265,38
943,815
103,2
140,8
840,25
821,25
368,735
95,772
279,8
744,10
246,815
88,35
451,9
213,772
787,22
933,27
239,772
202,23
541,27
602,27
106,4
837,10
624,4
508,93
951,22
790,826
664,5
350,680
574,93
702,22
60,8
557,785
998,23
356,25
838,27
396,10
568,22
788,772
363,815
457,12
1010,10
351,680
596,25
802,680
143,10
510,11
572,2
954,8
594,19
26,772
226,25
816,25
444,826
797,25
619,25
1001,19
66,5
713,826
515,815
933,4
131,22
70,25
255,23
455,10
242,8
63,10
535,22
903,25
890,735
779,23
807,8
719,785
298,735
226,16
942,785
541,786
800,826
982,22
783,35
141,25
1007,10
133,815
723,12
778,826
585,19
713,38
970,2
476,786
899,2
791,16
721,38
613,16
834,735
727,8
211,772
14,6
416,785
714,15
678,25
72,9
628,6
39,10
332,16
885,38
316,826
903,22
7,93
631,27
211,11
460,93
485,35
782,11
68,93
397,23
610,786
147,93
656,27
548,25
397,786
180,19
87,826
825,815
473,15
75,786
20,15
538,19
684,22
649,12
330,93
906,735
844,10
962,93
983,10
699,12
149,35
477,11
832,38
39,772
264,680
135,16
157,35
603,680
690,786
788,785
147,680
152,786
211,16
999,27
582,1
504,6
964,15
693,2
878,6
384,11
79,9
686,35
545,11
912,786
486,5
694,35
622,11
642,93
326,9
676,93
113,9
133,785
371,826
318,786
958,9
119,23
600,772
674,23
417,38
749,786
591,19
539,9
82,1
744,772
193,2
636,786
636,735
803,35
362,785
678,11
878,772
739,11
647,772
335,11
194,35
214,38
344,1
438,735
256,93
572,38
276,16
386,826
314,786
222,38
101,5
237,16
554,815
719,38
116,9
150,680
249,680
1002,22
360,16
160,93
452,11
987,93
18,23
968,815
366,10
810,11
613,11
353,23
151,785
924,23
600,16
394,786
931,680
825,27
678,2
112,815
727,786
819,786
824,680
235,785
286,1
840,35
607,9
970,785
98,11
372,11
465,735
841,4
605,35
273,826
313,22
459,19
497,785
667,93
524,15
709,5
481,11
734,23
610,1
832,11
317,2
428,11
638,4
566,735
169,27
150,23
558,735
651,680
925,9
543,19
357,12
507,38
878,27
754,93
779,815
669,4
840,815
731,826
274,12
755,6
666,826
527,11
894,735
1008,815
809,786
129,10
403,10
956,12
793,35
663,6
650,9
762,786
395,772
33,25
605,680
378,27
273,93
209,93
350,93
478,22
431,786
379,8
986,16
108,23
987,735
950,10
311,25
918,35
166,772
314,815
222,27
558,10
320,15
138,10
580,19
984,38
123,15
397,815
287,16
508,22
570,9
97,680
277,10
886,93
941,19
212,786
823,19
255,38
536,8
610,19
186,826
450,10
621,38
401,25
721,826
779,38
209,772
394,8
620,815
358,786
718,25
353,772
689,735
669,22
579,735
598,786
913,23
694,6
571,735
1009,27
497,772
370,10
388,10
299,10
266,772
302,5
929,826
731,15
696,27
92,22
918,772
724,38
525,19
1003,25
910,2
512,8
860,19
515,5
722,12
922,1
351,786
651,8
80,10
467,826
601,19
375,93
32,786
34,10
181,772
40,680
737,6
241,25
699,772
577,10
151,27
62,25
64,680
207,772
170,23
49,4
765,27
395,16
714,680
52,23
805,10
457,815
994,680
442,93
41,680
248,826
941,5
28,8
84,93
525,785
928,6
178,38
987,772
373,8
320,786
986,772
966,23
276,785
81,772
741,680
762,815
154,15
1000,35
907,10
564,25
525,12
910,5
446,815
796,5
697,5
968,12
329,35
517,786
838,93
204,19
242,785
993,4
650,815
207,6
83,12
376,2
562,19
158,19
527,772
587,25
73,38
454,16
751,815
629,25
901,4
133,735
959,786
818,815
468,735
983,93
642,10
716,5
788,93
789,772
664,35
719,8
591,93
3,9
670,25
657,4
89,23
842,8
550,786
40,2
759,22
599,2
411,38
450,23
769,38
608,10
950,680
130,15
648,27
461,735
957,15
44,22
351,735
944,12
376,9
322,93
343,735
714,772
552,12
676,6
59,12
812,19
558,38
192,38
411,785
873,11
984,2
624,25
605,25
132,93
888,19
637,680
139,5
877,15
879,735
864,12
384,785
663,35
629,772
756,10
682,15
423,735
991,27
339,23
394,93
215,786
364,680
223,680
648,2
831,786
540,16
118,12
318,9
908,25
984,772
587,23
626,38
59,5
615,8
410,786
602,15
930,93
750,785
733,93
534,22
517,38
612,786
223,5
559,10
373,680
445,11
581,25
506,11
161,9
931,38
359,16
877,8
238,9
1012,785
991,735
543,93
103,15
303,2
503,785
571,786
109,815
275,772
510,23
257,785
648,9
497,2
922,680
337,22
636,27
840,785
267,815
750,23
787,11
257,735
347,93
720,38
205,23
281,4
195,1
68,785
415,815
602,22
270,38
398,27
274,93
220,15
96,5
578,15
500,815
430,93
766,6
568,9
1010,25
793,735
628,35
275,6
62,680
985,826
414,10
989,35
475,735
775,680
633,9
874,680
266,5
88,93
897,826
883,4
210,93
195,6
105,735
566,11
531,23
74,35
955,93
494,22
223,11
760,680
82,35
321,23
251,815
124,23
568,16
695,23
272,2
346,9
457,10
917,9
828,15
386,22
704,5
813,786
238,27
250,38
233,38
112,11
404,35
26,826
942,772
451,8
415,22
609,9
402,9
187,680
59,735
405,12
996,735
945,15
417,25
455,12
921,38
171,22
818,93
232,8
396,11
936,16
310,10
831,11
903,35
137,27
618,11
742,9
729,4
983,785
125,9
767,19
202,786
865,15
594,16
763,680
251,735
183,19
541,19
482,680
230,10
356,772
674,11
566,5
751,11
475,772
242,9
442,10
995,16
121,22
368,4
186,23
739,23
297,8
813,772
331,735
446,22
138,815
105,93
33,680
303,38
125,2
54,6
347,8
76,23
574,786
647,23
669,38
190,27
673,35
526,10
375,5
662,15
94,8
538,9
777,93
524,735
483,786
501,10
909,19
341,6
32,4
217,8
454,815
625,785
455,2
995,25
282,1
356,8
174,19
727,11
864,38
221,12
149,735
779,15
211,10
125,27
436,23
954,27
686,25
816,8
407,93
301,5
30,22
412,8
819,5
566,786
326,23
346,772
844,11
554,826
91,4
341,15
485,735
125,680
970,10
734,35
255,4
1008,772
147,826
367,735
479,826
277,93
702,8
673,680
1000,680
421,8
211,19
839,38
397,15
182,815
54,16
24,35
387,9
226,35
79,8
597,16
890,10
422,25
30,25
234,35
930,27
180,27
113,8
238,785
902,93
427,680
248,785
119,22
252,8
400,27
934,23
203,27
954,772
721,23
774,27
393,12
196,10
640,27
949,15
310,22
863,4
48,1
397,8
436,680
328,785
989,25
646,815
940,8
465,786
707,815
616,25
656,10
965,16
622,19
274,27
864,786
862,680
594,826
559,93
980,6
563,22
305,826
875,815
894,25
57,23
420,93
591,27
884,23
366,11
317,8
746,16
489,9
144,23
71,25
971,23
347,785
900,25
373,785
335,19
283,9
122,19
485,93
657,772
693,19
875,6
362,680
110,785
999,8
917,826
604,5
715,10
520,12
162,16
98,8
595,826
905,35
47,680
818,785
656,1
913,35
659,12
841,11
274,735
521,19
524,8
798,12
69,735
721,1
406,19
190,785
428,4
193,19
431,9
72,38
110,23
475,35
421,35
974,11
354,6
797,93
712,22
858,93
605,735
286,9
620,826
986,22
37,19
1011,2
422,2
262,22
962,15
943,19
780,10
602,38
730,19
123,9
752,12
952,9
551,35
988,786
459,11
1012,35
351,9
958,35
388,5
706,8
894,11
345,826
18,6
610,25
638,12
431,22
342,2
271,2
257,826
700,10
37,785
185,786
351,815
467,815
798,785
836,23
910,826
808,785
330,22
437,786
1011,11
173,23
212,22
263,815
324,815
163,1
823,680
570,22
385,15
388,12
173,786
45,93
891,5
527,19
983,38
991,38
222,826
846,735
759,735
995,35
302,772
801,785
253,11
291,680
897,5
715,826
295,735
996,2
541,815
602,815
145,19
737,12
292,680
111,2
519,27
555,5
685,815
972,27
854,19
49,2
638,785
163,6
879,9
201,772
792,11
350,786
370,11
719,5
938,22
462,22
907,785
127,19
734,9
644,785
78,38
99,680
228,12
653,93
515,4
364,9
950,735
80,11
280,8
996,9
925,19
909,772
108,6
861,11
537,826
183,35
220,815
222,10
519,16
533,35
562,786
997,22
173,9
86,735
802,4
395,19
913,15
505,22
436,826
24,786
370,2
670,23
891,19
781,16
200,8
771,6
536,23
756,5
632,11
978,11
7,23
525,11
29,38
799,11
339,8
910,10
953,772
678,38
827,815
935,6
993,27
404,1
516,815
475,15
958,680
978,772
654,15
801,38
451,38
158,16
621,786
992,680
809,38
834,38
716,6
220,35
420,16
166,35
259,735
223,22
595,25
916,11
373,16
1001,735
728,1
232,38
781,9
855,6
966,15
640,93
323,826
806,19
458,680
222,815
46,25
981,23
508,680
739,93
938,826
116,786
775,11
600,735
195,815
639,11
711,35
750,10
330,10
24,27
62,8
120,15
562,772
160,16
469,10
642,2
109,19
951,12
0,4
757,786
226,785
79,826
559,12
191,38
142,19
457,22
384,786
149,680
632,25
99,735
189,12
463,8
943,786
414,25
179,10
843,19
401,4
497,8
405,826
480,826
133,10
390,38
688,772
266,16
503,22
970,815
771,786
609,680
294,23
701,2
170,1
612,22
974,815
461,680
123,35
195,27
984,10
491,10
309,15
899,35
114,815
849,10
741,12
667,15
118,815
28,22
670,8
977,93
451,680
354,680
793,8
189,5
7,2
1000,25
325,16
843,8
1006,19
407,35
500,10
390,25
266,27
581,826
158,5
912,826
362,23
673,6
880,19
505,815
812,2
886,25
318,826
975,27
747,735
624,8
752,93
914,785
734,93
739,735
611,786
940,785
297,785
260,25
893,815
53,19
571,23
717,12
917,15
560,772
561,93
707,10
29,735
979,826
638,93
31,826
414,11
325,25
273,35
957,25
633,8
668,826
445,826
871,2
158,12
880,10
291,22
130,786
42,38
614,735
760,826
444,35
192,12
343,815
53,785
951,27
257,11
230,786
357,735
232,2
695,22
218,93
953,38
239,735
39,25
884,93
813,785
386,23
189,23
100,25
905,785
779,27
118,680
411,5
653,680
433,16
466,786
52,785
138,826
986,38
754,10
130,16
683,10
868,6
66,8
980,735
893,735
673,16
362,25
933,25
169,785
560,25
834,5
230,16
17,786
624,6
517,16
60,10
423,38
759,93
763,6
856,815
838,25
714,27
783,680
988,27
113,826
554,23
97,11
78,23
189,16
264,772
246,35
544,1
889,23
729,11
438,826
629,93
757,8
562,38
486,22
930,15
17,16
720,12
538,15
318,815
377,735
430,4
179,772
309,680
862,11
517,25
591,6
721,35
295,16
353,9
995,19
245,11
300,93
107,38
474,815
440,93
39,15
371,16
668,10
411,19
466,772
782,6
535,815
644,35
76,16
807,10
596,815
480,680
633,35
155,22
104,772
505,93
486,9
237,35
662,12
684,25
649,9
248,772
7,772
227,680
501,9
637,23
983,15
13,93
586,826
896,9
146,680
382,772
507,680
489,786
353,2
760,9
136,35
650,735
637,786
448,826
727,10
924,4
196,5
376,786
174,16
418,11
254,680
554,25
221,11
511,826
97,5
795,785
668,1
26,11
782,9
413,772
196,735
569,9
783,815
32,680
682,735
516,93
276,12
497,38
79,2
905,15
274,38
113,22
717,786
722,680
391,23
233,826
514,6
270,10
788,22
257,23
631,680
464,2
467,15
1005,786
567,15
736,9
644,735
186,38
206,93
372,826
322,19
51,6
109,772
705,5
79,11
595,815
635,785
392,93
982,38
123,680
548,2
253,772
88,1
182,735
678,815
894,786
573,6
739,815
847,22
320,826
889,772
745,15
687,2
856,6
887,785
341,23
658,772
217,25
823,9
457,93
477,2
132,22
135,11
923,735
500,786
925,826
488,826
910,93
470,35
91,826
110,10
554,11
310,23
536,93
538,826
443,15
649,680
262,735
211,27
246,15
946,772
233,10
162,22
823,815
400,826
368,815
520,6
166,785
79,16
463,826
814,93
943,12
601,93
51,786
548,9
930,19
733,19
76,826
908,735
214,680
341,16
931,16
474,6
331,38
995,15
724,12
356,38
871,826
193,25
378,23
304,4
489,8
269,815
85,27
825,25
257,815
147,5
594,93
576,11
61,2
999,11
712,16
507,35
607,11
259,35
313,785
761,772
98,9
740,680
101,12
248,27
656,2
990,735
593,826
153,8
299,25
795,2
49,785
156,19
634,38
363,4
203,8
663,11
21,1
377,826
157,12
431,8
141,680
327,785
911,786
58,6
811,19
61,27
693,27
530,2
490,16
533,23
131,680
995,786
246,786
744,93
669,2
928,735
447,25
505,2
583,11
730,16
253,815
952,10
662,35
990,27
296,35
259,815
498,35
795,27
370,22
462,5
264,12
894,8
129,8
403,12
520,786
175,785
567,19
453,4
326,786
715,772
401,38
442,826
775,38
407,8
872,10
981,680
619,93
33,786
216,35
808,786
1008,15
37,27
533,16
437,785
646,785
629,12
333,10
558,8
523,38
669,27
780,2
213,826
508,16
881,93
901,786
830,22
795,16
762,680
579,786
854,786
891,4
31,25
604,826
291,785
699,35
663,25
314,15
295,35
518,772
132,10
832,27
707,35
759,5
543,772
690,815
233,680
675,10
531,785
53,93
552,735
240,1
700,2
722,19
564,786
105,19
677,680
1008,6
419,2
848,10
740,8
727,680
854,16
948,93
52,10
252,815
805,15
1009,25
534,8
645,27
521,5
832,680
706,27
191,10
