139,16
140,815
623,23
186,93
685,5
759,2
68,25
105,785
364,10
204,22
611,27
576,23
83,9
157,786
503,10
505,735
145,11
437,680
737,4
81,35
491,38
716,8
623,785
200,772
330,735
592,6
633,785
260,38
484,15
139,9
46,786
252,35
731,6
129,19
610,35
919,815
244,680
478,772
355,826
65,11
885,785
621,22
910,11
622,785
935,1
293,11
556,826
426,19
155,38
229,19
944,23
747,23
701,15
519,8
577,1
901,2
227,815
581,735
582,680
938,25
172,772
321,9
301,680
213,11
963,19
327,680
291,772
574,12
7,15
300,27
339,16
1006,6
207,9
118,11
266,22
394,35
804,93
750,11
860,735
441,4
901,11
479,19
886,12
444,23
355,1
306,16
90,680
396,735
667,9
867,772
741,2
546,16
344,786
127,9
697,786
769,826
793,6
463,11
139,826
103,16
932,735
700,38
683,38
404,16
944,5
814,735
673,12
105,15
216,6
307,826
440,815
536,772
691,23
470,735
549,93
805,35
298,785
813,35
814,772
53,9
953,27
756,19
991,2
189,4
103,9
932,9
575,5
633,6
595,772
500,11
135,786
797,11
301,38
375,35
713,772
933,22
590,9
862,786
168,826
738,772
170,9
134,19
926,15
486,680
0,19
883,772
882,772
973,16
960,11
82,38
689,22
999,735
620,93
699,93
1010,23
496,38
647,815
463,25
1000,1
472,15
537,27
993,38
423,785
797,4
1001,38
412,38
602,786
567,772
402,12
834,11
392,10
945,735
250,680
514,35
899,16
60,12
63,1
401,93
939,22
478,93
483,735
29,2
621,680
433,23
436,4
350,27
279,5
686,10
305,93
180,1
609,15
129,786
498,19
443,772
835,826
655,16
103,680
380,19
309,25
664,8
899,25
260,8
741,38
427,735
393,22
269,785
567,35
236,785
368,15
421,27
795,735
371,10
618,9
433,8
368,772
954,23
846,25
757,23
152,5
633,25
651,93
797,22
214,786
893,2
17,23
476,25
920,10
591,826
427,10
501,15
415,772
566,27
862,8
664,15
521,93
900,826
502,38
582,785
199,2
492,8
792,680
26,1
196,772
214,16
807,5
314,772
976,15
594,9
1001,25
433,772
893,27
911,27
362,8
473,11
509,786
1007,23
424,22
649,8
958,2
80,680
156,8
875,826
750,826
514,12
489,785
934,27
960,23
82,10
67,815
763,23
653,12
229,772
453,38
715,735
755,785
221,10
885,35
335,6
465,35
744,680
286,19
807,2
458,2
1007,785
520,25
64,815
911,735
717,785
977,25
869,27
1002,35
363,16
542,2
653,5
640,6
307,2
628,8
665,2
332,10
443,9
579,27
335,15
690,10
687,815
912,16
1010,815
831,815
79,735
981,772
88,2
141,8
694,38
573,5
495,826
560,6
869,735
341,22
987,815
751,735
57,12
992,12
168,9
255,15
995,9
407,826
174,35
502,11
446,772
985,680
749,10
325,93
825,23
962,735
122,22
233,9
1008,27
187,5
669,15
707,785
55,10
798,11
356,826
585,11
931,19
823,1
625,826
292,2
60,38
100,93
428,15
709,772
727,16
307,16
900,27
576,12
150,19
961,19
304,826
51,23
530,8
73,6
475,93
55,772
994,93
544,826
101,11
487,786
199,772
770,23
1012,38
116,19
297,735
64,9
524,10
835,772
803,815
702,35
685,25
336,35
243,826
449,785
376,815
33,5
307,25
109,680
293,22
898,815
687,826
394,5
433,38
288,815
73,15
792,826
740,27
333,16
777,23
760,772
338,93
248,35
88,23
432,815
843,786
755,11
77,11
449,23
487,6
894,9
252,23
588,38
536,4
610,23
807,772
242,93
206,15
832,5
117,5
635,5
724,19
283,735
361,38
739,35
614,11
747,35
344,25
552,19
898,35
681,772
443,735
797,815
318,786
707,772
599,786
926,38
765,6
285,785
783,22
752,5
456,23
437,27
627,93
187,815
928,11
175,680
820,9
770,815
327,11
258,785
539,22
80,785
561,5
746,11
502,23
160,815
453,12
664,826
58,9
441,826
727,826
503,12
416,8
879,11
951,35
437,735
755,25
519,735
216,735
127,680
129,25
919,785
685,4
243,785
796,9
635,19
290,12
364,11
515,6
932,22
935,11
775,23
44,35
975,826
540,6
601,16
817,680
468,25
950,27
809,35
426,786
777,10
466,19
926,16
545,38
410,772
398,2
277,25
888,8
832,680
1001,815
842,12
456,735
971,93
934,35
918,786
978,9
579,93
832,735
766,786
710,15
857,22
182,25
885,27
318,2
851,785
488,735
552,8
454,23
972,11
24,22
444,25
451,815
587,785
52,25
434,35
0,15
326,93
862,35
732,785
664,38
115,785
904,735
338,826
122,680
263,19
213,10
752,815
877,19
867,5
460,8
190,826
525,2
452,786
471,93
182,16
130,10
77,785
668,815
426,27
282,772
562,9
746,826
195,785
34,27
969,25
401,772
771,815
148,23
24,680
997,6
926,2
505,38
748,38
341,93
491,23
879,38
398,12
257,38
28,25
50,10
506,15
605,785
660,25
864,15
954,826
65,4
196,826
303,6
179,12
54,38
308,680
1010,680
884,772
648,5
174,785
376,19
1003,772
102,786
1002,772
969,2
241,1
352,12
922,735
685,785
615,5
997,15
711,785
602,10
306,8
624,19
436,785
553,25
517,35
973,22
870,93
766,2
506,22
677,786
892,25
268,35
658,10
732,5
234,735
608,27
754,22
418,93
550,4
648,12
575,4
461,25
667,815
636,22
513,8
399,680
365,8
649,19
691,680
980,826
69,772
379,826
586,772
531,19
309,22
791,8
630,16
705,772
529,25
435,23
606,25
953,35
849,772
831,6
959,93
300,1
1000,2
658,5
697,38
261,815
137,785
584,27
285,815
251,9
911,15
144,786
346,815
679,35
220,735
220,772
116,35
134,11
120,38
533,772
146,6
220,1
240,826
902,12
260,2
45,735
375,786
457,15
39,27
850,27
831,15
143,9
54,11
510,4
683,12
686,11
279,4
301,23
711,1
183,23
402,4
560,27
230,22
862,6
664,9
828,772
99,35
229,785
529,11
603,12
107,35
932,826
39,16
325,9
143,22
535,735
757,22
594,15
647,27
979,4
982,19
177,2
513,19
338,23
319,11
230,9
464,785
674,6
567,735
417,23
1005,35
39,786
442,9
82,16
651,826
730,785
640,9
326,826
550,815
668,4
482,19
582,11
395,680
548,785
54,5
844,786
350,10
213,786
362,9
180,16
473,10
326,19
20,12
94,15
810,785
101,785
45,4
501,23
563,4
566,19
896,11
18,38
788,9
256,735
240,815
41,786
778,35
927,11
838,9
363,785
51,735
647,786
942,27
211,15
286,16
705,735
26,786
483,25
962,38
548,5
202,12
865,785
576,785
963,93
891,680
468,786
89,35
126,786
328,15
809,826
497,680
119,785
245,27
221,2
347,772
258,12
667,735
504,10
122,12
945,785
656,785
767,11
971,785
940,12
190,8
321,786
819,15
532,680
459,25
424,5
67,25
161,826
823,11
363,8
896,25
118,786
47,680
689,35
502,8
547,93
33,10
749,9
144,19
304,15
418,27
733,826
453,23
727,785
782,25
288,786
108,38
607,12
852,680
597,38
372,8
412,25
179,680
625,680
166,8
847,25
424,12
464,680
100,772
563,27
430,38
252,2
487,19
931,735
879,680
604,815
111,786
849,826
663,12
921,8
832,8
924,19
304,6
675,25
363,772
880,772
678,6
900,4
150,16
776,10
351,826
172,5
283,10
999,5
394,27
726,786
197,27
471,27
915,10
520,15
689,680
101,10
191,786
230,93
927,772
126,2
990,22
573,22
115,815
277,4
706,12
413,15
716,680
734,27
165,772
663,5
683,772
439,735
539,27
120,785
635,15
410,93
835,10
144,1
453,25
513,786
736,16
71,19
441,815
478,19
354,5
357,8
819,680
712,25
415,93
626,12
970,772
629,1
333,15
685,826
616,10
358,25
583,5
783,8
126,5
385,11
866,27
116,27
958,38
687,27
449,22
452,680
200,22
57,38
223,826
167,25
1012,93
117,4
502,680
525,680
450,15
90,38
551,680
552,815
900,10
703,8
944,735
246,22
430,786
878,38
454,35
679,19
24,2
333,8
262,12
669,25
227,826
53,815
683,680
388,15
560,35
302,6
731,10
623,8
734,5
99,785
204,25
978,785
280,4
885,8
922,2
468,19
305,12
1007,826
55,786
24,9
98,16
410,826
804,815
287,5
181,680
990,11
385,5
595,12
670,19
252,38
74,735
860,786
476,735
184,680
734,12
43,5
117,22
228,15
512,12
801,815
361,23
878,815
426,22
688,786
155,35
747,16
639,6
108,1
57,786
353,785
688,23
615,25
287,2
916,15
645,2
521,12
834,93
142,4
877,25
753,11
953,6
704,38
904,680
45,786
65,9
265,4
265,735
29,35
697,9
207,2
999,38
394,38
145,2
699,785
59,11
812,16
138,35
709,93
714,735
345,16
916,22
630,12
188,23
223,19
673,815
858,680
140,735
987,785
142,15
127,2
806,22
572,826
40,6
176,11
892,4
953,786
204,6
653,786
451,16
676,735
787,1
366,680
94,38
441,10
975,22
886,2
688,5
997,5
528,9
531,4
345,25
380,9
642,1
951,9
556,4
222,735
595,35
232,16
32,93
50,11
859,93
914,23
199,35
236,815
386,9
189,9
389,12
599,23
818,4
179,15
550,2
608,5
189,772
942,93
750,16
861,19
699,815
294,735
158,735
951,6
789,786
331,19
938,9
539,93
648,815
96,2
651,785
321,25
768,19
953,25
75,22
349,22
743,735
374,6
981,38
340,772
472,10
475,23
459,772
426,10
118,27
871,6
484,772
626,93
402,19
862,735
94,16
317,815
642,19
331,8
494,19
924,35
266,815
728,25
285,12
272,15
128,772
788,680
435,22
629,786
618,5
411,1
250,27
303,23
967,12
1006,25
572,9
537,25
260,826
908,11
982,6
177,23
416,35
948,772
551,23
649,27
870,680
192,15
356,786
984,27
681,93
242,19
745,786
637,772
506,25
53,25
990,815
828,11
388,786
903,38
137,22
374,16
754,9
510,5
954,10
370,680
301,22
982,25
251,1
127,772
534,826
920,5
850,826
923,16
748,11
106,1
532,772
220,25
423,35
78,785
464,16
63,8
82,22
448,815
781,35
875,735
714,6
218,35
606,8
238,38
741,815
297,11
850,19
579,38
270,680
325,8
236,8
510,12
115,19
597,1
923,786
584,735
415,27
515,786
609,6
511,23
591,772
869,23
464,786
319,10
417,22
720,772
220,16
919,93
245,8
174,12
467,2
304,27
532,8
625,23
221,15
739,27
408,9
100,10
779,10
872,35
840,12
162,8
607,16
347,12
76,19
647,19
79,6
66,25
213,785
893,25
948,785
239,785
94,12
974,785
773,735
61,786
560,10
427,5
745,2
983,8
514,10
517,15
810,27
41,785
60,27
613,27
117,38
776,785
429,735
230,826
766,38
640,1
625,8
398,735
221,8
172,25
322,23
875,23
693,4
142,826
329,785
273,12
436,19
610,815
520,27
666,38
189,826
871,35
254,35
237,25
20,735
770,8
847,735
42,25
958,11
687,6
391,735
449,9
413,35
784,815
70,12
270,9
532,785
994,826
304,9
359,38
107,9
36,27
825,12
310,19
418,1
408,23
820,785
782,23
715,16
774,680
635,786
894,785
473,27
128,5
648,785
116,15
557,735
227,4
887,786
798,6
637,38
674,16
612,815
721,11
168,11
104,19
61,6
579,2
446,15
413,680
839,27
110,786
695,680
311,9
705,680
979,35
819,23
286,772
753,815
280,786
941,35
889,786
929,785
514,23
972,772
510,735
721,12
539,5
481,93
262,826
66,772
56,680
921,786
421,38
776,11
758,826
354,11
246,5
433,35
839,16
604,1
152,735
409,10
212,12
30,15
583,15
163,23
459,22
977,2
484,22
696,11
18,11
366,22
349,38
888,680
978,35
157,9
531,772
419,786
539,785
576,5
478,16
761,15
480,772
618,93
105,38
793,772
1011,6
616,11
962,11
962,772
482,785
289,25
74,785
956,9
685,16
229,815
232,93
218,16
733,772
401,27
478,27
305,10
267,735
604,23
108,12
1009,735
202,815
737,15
629,9
98,22
558,15
3,786
463,786
437,25
370,12
64,25
462,19
869,38
891,25
380,680
291,735
669,826
907,19
746,9
262,815
710,19
92,785
473,785
897,25
935,12
80,8
480,786
779,93
1001,93
567,815
454,27
827,735
630,735
447,8
711,815
694,27
163,10
509,735
348,22
519,786
101,815
559,680
980,38
726,93
928,4
375,826
855,12
731,2
76,680
954,815
1012,826
867,25
857,19
434,785
715,93
736,38
115,35
885,16
98,815
409,680
712,15
950,25
111,23
62,2
395,23
0,10
716,11
1009,23
556,23
756,772
997,680
528,785
966,8
553,815
236,826
953,5
791,680
574,8
796,2
389,25
981,735
621,19
648,25
542,815
105,2
654,19
715,35
552,10
901,15
926,25
710,815
713,25
345,23
879,27
1009,8
37,735
296,2
136,22
410,22
432,23
751,93
646,27
632,22
707,27
250,15
450,16
621,12
179,9
436,35
130,8
448,38
229,25
181,785
771,785
916,785
441,9
951,8
383,15
111,735
882,785
738,10
741,15
63,23
852,6
581,27
161,11
292,93
95,93
575,786
389,11
618,16
599,22
439,15
636,25
871,8
908,22
47,15
490,680
419,35
183,10
994,735
847,35
577,16
794,93
306,6
171,38
392,772
212,826
908,815
376,680
799,93
624,735
272,9
435,16
554,38
593,1
831,27
506,785
214,11
380,826
806,826
1006,23
697,35
843,12
730,93
216,16
307,772
91,38
898,23
612,25
425,772
923,5
834,15
450,772
325,680
713,12
109,1
456,35
791,10
349,680
136,11
118,826
63,5
814,786
729,826
103,772
838,35
199,16
283,93
618,735
124,786
214,2
143,2
594,27
575,15
757,2
744,9
851,815
908,4
251,11
216,23
750,35
402,11
701,16
281,16
134,9
245,826
945,9
358,38
857,786
566,12
914,772
146,4
257,15
738,23
42,815
941,93
939,11
78,16
140,6
472,25
143,11
164,826
845,786
387,16
830,772
228,735
979,1
131,23
405,23
316,9
319,12
877,93
824,23
788,5
383,35
611,772
442,12
260,11
82,23
874,11
103,826
513,826
988,23
607,815
754,772
97,15
668,15
524,772
100,12
544,5
502,93
188,785
523,11
979,6
797,680
229,38
362,12
822,5
291,8
511,22
405,16
869,22
726,735
377,22
106,9
488,15
450,785
639,735
217,10
476,785
1009,38
995,23
960,19
171,2
856,826
927,12
489,16
469,735
776,16
742,5
248,735
690,23
446,27
727,772
929,35
804,19
36,680
715,680
165,12
937,35
227,786
86,680
340,38
86,93
953,680
61,785
706,38
70,10
664,25
776,786
80,826
985,22
231,680
453,35
381,27
310,25
524,826
544,19
446,2
729,25
875,22
767,12
458,1
611,93
422,27
55,826
521,735
372,4
864,735
902,785
108,815
381,680
937,815
773,12
133,786
316,22
758,15
67,735
674,22
1005,19
860,826
256,680
591,16
417,826
567,11
628,11
900,16
404,93
443,10
279,815
504,12
654,35
875,15
162,27
715,19
878,8
569,22
989,27
166,786
920,680
668,785
79,23
816,4
139,735
526,25
876,38
659,5
91,16
437,4
591,786
775,785
32,23
859,23
452,10
533,815
382,826
771,35
112,735
973,35
993,826
900,786
921,5
995,10
924,22
174,38
675,735
747,826
882,680
665,8
26,25
668,19
579,5
48,6
418,735
833,815
461,38
707,786
943,8
138,27
162,815
732,826
42,8
758,25
153,11
227,12
194,786
178,5
894,2
624,93
737,786
992,6
242,38
774,23
782,680
268,22
911,785
418,16
628,25
921,785
989,786
761,5
925,10
670,680
801,4
33,772
412,680
197,25
877,785
73,11
533,10
829,25
704,680
777,19
389,680
410,815
563,680
930,38
404,735
439,680
703,815
706,10
854,772
619,826
891,10
527,8
252,27
610,27
685,22
650,8
63,93
104,2
543,786
29,93
589,5
475,38
329,9
664,815
756,93
61,23
996,25
407,15
945,826
379,9
555,10
646,786
262,11
248,38
447,5
123,12
783,10
89,826
238,815
77,8
941,735
413,6
933,735
382,815
759,8
448,785
675,9
474,785
182,11
935,22
477,815
893,93
382,9
519,25
333,6
300,772
176,826
49,12
123,5
505,15
362,93
215,38
595,9
462,16
743,815
191,9
581,38
781,25
46,772
546,8
403,25
114,6
425,735
338,735
172,93
117,11
450,4
312,93
935,15
863,680
115,93
333,772
851,772
391,786
33,815
32,785
434,93
876,772
516,35
441,680
647,93
995,772
63,735
101,35
247,4
708,93
914,815
534,12
667,38
632,772
28,15
926,785
200,6
753,16
660,15
771,4
520,772
925,680
68,5
910,4
697,6
935,4
679,772
722,6
922,11
798,772
808,772
897,735
148,12
862,826
519,15
426,785
425,815
320,19
138,38
598,815
505,25
845,93
666,785
136,16
709,680
50,23
31,11
697,772
164,19
632,16
463,1
981,9
748,772
414,16
715,815
204,9
866,772
376,8
191,680
654,16
790,5
466,9
67,93
195,16
217,35
862,38
719,22
938,5
908,826
928,19
766,23
767,826
877,16
127,12
435,5
348,815
867,6
959,35
154,16
618,22
800,93
782,93
621,11
658,23
659,680
492,815
967,35
401,6
475,27
957,9
280,27
833,27
390,735
470,786
416,16
183,12
916,786
392,25
0,25
883,826
790,785
630,5
813,38
670,10
213,16
75,19
40,15
682,9
793,10
65,25
409,785
910,25
697,25
545,93
908,23
102,785
982,10
376,22
343,25
576,826
422,93
333,35
923,15
120,27
281,5
319,16
284,22
926,8
123,38
209,93
691,27
662,680
862,16
973,19
410,25
357,680
232,25
323,815
893,785
604,785
272,10
988,11
793,19
80,93
100,16
29,12
485,15
584,786
624,815
399,772
510,25
954,6
846,8
719,826
957,27
404,27
648,15
118,25
134,786
47,23
584,23
784,4
259,680
616,93
134,23
559,786
601,815
541,2
180,772
951,25
168,35
149,15
331,10
578,9
136,12
321,16
927,16
237,785
457,11
631,12
208,25
265,38
103,2
140,8
840,25
821,25
95,772
279,8
744,10
246,815
213,772
451,9
787,22
933,27
202,23
541,27
602,27
106,4
624,4
508,93
951,22
790,826
350,680
574,93
702,22
60,8
998,23
356,25
838,27
363,815
396,10
788,772
457,12
1010,10
596,25
802,680
143,10
510,11
954,8
594,19
26,772
226,25
444,826
797,25
619,25
1001,19
713,826
515,815
933,4
131,22
255,23
455,10
242,8
63,10
903,25
890,735
779,23
807,8
298,735
226,16
942,785
541,786
982,22
783,35
141,25
1007,10
723,12
778,826
585,19
713,38
476,786
899,2
791,16
721,38
834,735
727,8
211,772
14,6
714,15
72,9
678,25
628,6
332,16
885,38
631,27
460,93
316,826
903,22
211,11
485,35
68,93
397,23
610,786
147,93
548,25
397,786
180,19
473,15
87,826
128,9
75,786
330,93
20,15
844,10
649,12
538,19
906,735
983,10
699,12
149,35
39,772
477,11
264,680
135,16
690,786
157,35
788,785
147,680
152,786
999,27
582,1
504,6
964,15
878,6
384,11
79,9
686,35
912,786
486,5
676,93
694,35
326,9
622,11
113,9
133,785
958,9
119,23
600,772
417,38
749,786
591,19
539,9
744,772
193,2
636,786
636,735
362,785
678,11
878,772
739,11
335,11
194,35
214,38
344,1
256,93
572,38
222,38
276,16
386,826
101,5
237,16
554,815
116,9
150,680
249,680
1002,22
160,93
452,11
987,93
18,23
366,10
810,11
613,11
353,23
924,23
600,16
394,786
931,680
678,2
112,815
727,786
286,1
235,785
840,35
819,786
607,9
98,11
372,11
465,735
841,4
273,826
313,22
459,19
497,785
524,15
709,5
734,23
832,11
317,2
428,11
638,4
169,27
150,23
558,735
651,680
543,19
357,12
507,38
878,27
779,815
669,4
840,815
731,826
755,6
666,826
527,11
894,735
809,786
129,10
663,6
403,10
956,12
650,9
762,786
378,27
395,772
605,680
273,93
478,22
431,786
379,8
987,735
986,16
950,10
311,25
314,815
222,27
918,35
558,10
580,19
320,15
984,38
123,15
397,815
508,22
570,9
97,680
277,10
941,19
212,786
823,19
255,38
610,19
186,826
450,10
621,38
721,826
779,38
209,772
394,8
358,786
718,25
353,772
689,735
579,735
598,786
913,23
694,6
1009,27
497,772
370,10
388,10
266,772
302,5
929,826
731,15
92,22
918,772
724,38
525,19
910,2
512,8
860,19
515,5
80,10
922,1
351,786
651,8
601,19
375,93
32,786
34,10
40,680
737,6
241,25
699,772
207,772
151,27
62,25
64,680
49,4
765,27
395,16
714,680
805,10
457,815
994,680
442,93
248,826
941,5
28,8
373,8
928,6
84,93
178,38
966,23
986,772
987,772
276,785
81,772
762,815
154,15
525,12
1000,35
446,815
796,5
910,5
968,12
907,10
838,93
329,35
517,786
242,785
993,4
650,815
207,6
562,19
376,2
158,19
527,772
73,38
454,16
751,815
629,25
133,735
959,786
818,815
468,735
642,10
716,5
788,93
789,772
591,93
719,8
3,9
670,25
89,23
842,8
550,786
40,2
599,2
411,38
450,23
769,38
950,680
130,15
648,27
461,735
44,22
351,735
944,12
376,9
343,735
714,772
552,12
676,6
812,19
558,38
192,38
411,785
984,2
624,25
605,25
132,93
637,680
139,5
877,15
879,735
384,785
663,35
991,27
629,772
756,10
423,735
339,23
394,93
364,680
223,680
648,2
831,786
118,12
318,9
908,25
984,772
626,38
59,5
615,8
410,786
930,93
750,785
733,93
534,22
612,786
223,5
559,10
373,680
581,25
506,11
161,9
877,8
931,38
238,9
1012,785
991,735
103,15
303,2
503,785
571,786
275,772
510,23
257,785
648,9
922,680
337,22
636,27
840,785
750,23
787,11
257,735
347,93
205,23
281,4
602,22
195,1
68,785
270,38
398,27
274,93
96,5
578,15
500,815
430,93
568,9
1010,25
793,735
628,35
62,680
985,826
414,10
989,35
775,680
633,9
874,680
266,5
897,826
883,4
210,93
195,6
566,11
531,23
74,35
955,93
223,11
760,680
82,35
321,23
124,23
568,16
695,23
272,2
457,10
238,27
917,9
828,15
813,786
386,22
250,38
233,38
404,35
26,826
942,772
451,8
609,9
402,9
187,680
59,735
996,735
945,15
417,25
455,12
171,22
818,93
232,8
396,11
310,10
831,11
742,9
903,35
137,27
729,4
983,785
125,9
202,786
865,15
594,16
763,680
183,19
541,19
482,680
230,10
674,11
566,5
751,11
475,772
442,10
995,16
121,22
368,4
739,23
297,8
813,772
331,735
138,815
105,93
33,680
303,38
54,6
347,8
76,23
574,786
669,38
190,27
673,35
526,10
662,15
94,8
538,9
777,93
483,786
501,10
909,19
341,6
217,8
454,815
625,785
455,2
282,1
356,8
174,19
727,11
221,12
149,735
779,15
211,10
436,23
954,27
686,25
816,8
301,5
30,22
412,8
819,5
326,23
346,772
844,11
554,826
341,15
485,735
125,680
1008,772
255,4
970,10
147,826
277,93
702,8
367,735
673,680
1000,680
211,19
839,38
397,15
182,815
24,35
387,9
422,25
226,35
79,8
890,10
30,25
234,35
180,27
113,8
238,785
902,93
248,785
119,22
252,8
400,27
203,27
954,772
721,23
774,27
196,10
640,27
949,15
310,22
48,1
397,8
436,680
328,785
646,815
940,8
465,786
707,815
656,10
965,16
622,19
274,27
862,680
594,826
559,93
980,6
305,826
875,815
894,25
57,23
366,11
591,27
884,23
317,8
489,9
144,23
71,25
971,23
900,25
373,785
335,19
283,9
999,8
485,93
657,772
693,19
875,6
162,16
110,785
604,5
917,826
520,12
98,8
595,826
818,785
656,1
841,11
913,35
274,735
521,19
524,8
69,735
721,1
406,19
190,785
193,19
431,9
72,38
110,23
421,35
974,11
354,6
797,93
620,826
858,93
605,735
286,9
37,19
1011,2
422,2
262,22
943,19
780,10
602,38
730,19
752,12
952,9
551,35
988,786
1012,35
351,9
958,35
388,5
894,11
345,826
18,6
610,25
431,22
342,2
271,2
185,786
37,785
257,826
351,815
467,815
836,23
910,826
808,785
330,22
1011,11
173,23
212,22
263,815
163,1
823,680
570,22
385,15
173,786
45,93
891,5
527,19
991,38
222,826
846,735
759,735
302,772
801,785
253,11
291,680
715,826
295,735
996,2
541,815
145,19
737,12
555,5
972,27
292,680
111,2
685,815
854,19
638,785
163,6
879,9
201,772
350,786
370,11
719,5
938,22
907,785
127,19
734,9
644,785
99,680
228,12
653,93
950,735
515,4
80,11
280,8
996,9
909,772
108,6
861,11
533,35
537,826
220,815
222,10
519,16
997,22
173,9
505,22
86,735
802,4
913,15
436,826
24,786
670,23
891,19
781,16
200,8
536,23
756,5
632,11
978,11
525,11
29,38
799,11
339,8
953,772
678,38
827,815
516,815
475,15
404,1
935,6
958,680
654,15
801,38
451,38
158,16
992,680
809,38
834,38
716,6
916,11
420,16
166,35
259,735
223,22
373,16
1001,735
728,1
781,9
855,6
966,15
640,93
806,19
458,680
222,815
46,25
508,680
739,93
938,826
116,786
600,735
195,815
639,11
711,35
330,10
24,27
62,8
120,15
160,16
469,10
0,4
642,2
109,19
757,786
226,785
79,826
191,38
142,19
457,22
384,786
632,25
99,735
189,12
463,8
414,25
179,10
843,19
401,4
405,826
480,826
133,10
390,38
266,16
503,22
970,815
771,786
294,23
701,2
461,680
170,1
612,22
123,35
195,27
984,10
309,15
899,35
114,815
667,15
354,680
630,27
118,815
28,22
849,10
670,8
451,680
793,8
189,5
1000,25
325,16
843,8
1006,19
500,10
390,25
266,27
912,826
673,6
581,826
362,23
880,19
812,2
886,25
318,826
975,27
624,8
752,93
914,785
734,93
611,786
940,785
297,785
260,25
53,19
571,23
717,12
917,15
561,93
707,10
29,735
979,826
31,826
414,11
325,25
273,35
668,826
633,8
445,826
871,2
880,10
291,22
130,786
42,38
760,826
444,35
192,12
343,815
951,27
257,11
230,786
357,735
695,22
218,93
953,38
239,735
884,93
813,785
386,23
189,23
905,785
779,27
466,786
118,680
411,5
433,16
138,826
52,785
754,10
130,16
683,10
868,6
980,735
893,735
673,16
362,25
169,785
560,25
834,5
230,16
624,6
517,16
60,10
423,38
763,6
856,815
838,25
714,27
988,27
113,826
554,23
97,11
189,16
264,772
246,35
544,1
729,11
438,826
629,93
757,8
486,22
930,15
17,16
720,12
318,815
377,735
430,4
179,772
862,11
517,25
591,6
721,35
353,9
995,19
245,11
300,93
474,815
440,93
39,15
371,16
411,19
466,772
782,6
535,815
807,10
76,16
596,815
480,680
155,22
104,772
505,93
486,9
662,12
684,25
649,9
248,772
227,680
501,9
637,23
983,15
586,826
489,786
896,9
146,680
382,772
353,2
760,9
136,35
924,4
637,786
376,786
448,826
174,16
727,10
418,11
254,680
511,826
221,11
97,5
795,785
26,11
782,9
32,680
413,772
783,815
196,735
682,735
516,93
497,38
79,2
905,15
274,38
717,786
722,680
391,23
233,826
270,10
788,22
257,23
631,680
467,15
1005,786
567,15
736,9
186,38
206,93
372,826
322,19
109,772
705,5
79,11
595,815
392,93
982,38
88,1
123,680
548,2
894,786
182,735
678,815
739,815
847,22
320,826
687,2
887,785
889,772
856,6
341,23
217,25
823,9
457,93
477,2
135,11
923,735
500,786
925,826
910,93
470,35
91,826
110,10
310,23
536,93
538,826
443,15
262,735
211,27
246,15
946,772
162,22
823,815
400,826
368,815
166,785
79,16
463,826
814,93
601,93
51,786
548,9
930,19
76,826
908,735
214,680
341,16
474,6
331,38
995,15
724,12
193,25
871,826
85,27
378,23
304,4
269,815
825,25
257,815
594,93
576,11
61,2
999,11
507,35
607,11
259,35
98,9
740,680
313,785
101,12
248,27
990,735
593,826
153,8
634,38
299,25
49,785
156,19
363,4
663,11
21,1
377,826
157,12
141,680
327,785
911,786
58,6
61,27
693,27
530,2
490,16
131,680
995,786
246,786
744,93
928,735
447,25
505,2
583,11
253,815
952,10
662,35
259,815
990,27
370,22
498,35
795,27
264,12
894,8
129,8
403,12
175,785
567,19
453,4
326,786
401,38
442,826
775,38
407,8
981,680
619,93
33,786
216,35
1008,15
37,27
533,16
437,785
629,12
333,10
558,8
523,38
780,2
213,826
508,16
881,93
830,22
795,16
762,680
579,786
891,4
31,25
604,826
291,785
663,25
314,15
295,35
832,27
759,5
518,772
707,35
543,772
233,680
675,10
531,785
53,93
240,1
700,2
722,19
564,786
677,680
1008,6
419,2
848,10
727,680
854,16
948,93
52,10
805,15
1009,25
534,8
645,27
481,11
706,27
191,10
