928,1
820,23
741,786
685,5
117,8
852,93
157,23
748,785
512,10
271,19
935,8
576,23
80,12
649,826
587,735
589,815
145,11
848,1
519,19
81,35
713,19
198,16
805,8
456,4
792,19
919,16
855,8
213,2
698,735
610,35
460,16
522,23
499,23
907,12
380,786
622,785
293,11
404,2
229,19
194,23
621,785
123,785
18,786
538,38
688,12
120,9
395,11
694,22
89,786
991,785
960,38
136,19
741,25
559,6
324,735
953,9
806,16
741,772
206,735
7,15
658,27
589,38
77,786
280,23
207,9
689,826
138,93
376,11
747,12
266,22
770,93
365,23
517,735
479,19
857,826
380,15
731,785
0,5
524,35
375,772
781,1
728,9
164,5
238,4
717,25
139,826
547,19
675,38
929,9
404,16
924,772
318,15
727,735
837,785
18,772
440,815
516,27
577,19
613,826
449,93
670,772
859,35
146,23
455,35
938,11
670,9
14,38
824,772
988,15
978,680
353,93
671,735
732,4
290,19
0,826
952,786
843,11
633,6
830,680
63,826
135,786
47,11
584,19
430,826
329,735
365,9
590,9
739,772
652,15
945,19
319,680
713,15
0,19
882,772
757,680
868,826
999,735
470,10
309,786
492,35
865,735
991,11
1011,786
316,785
196,815
892,23
90,9
769,15
754,16
37,815
134,785
567,772
652,6
156,35
160,38
531,25
60,12
334,8
778,9
824,786
951,785
199,12
401,93
346,23
939,22
29,2
964,22
214,6
52,786
917,786
594,23
905,27
281,785
800,815
673,23
584,1
180,1
437,35
458,786
771,735
296,680
133,826
904,786
834,2
103,680
328,25
970,680
113,680
883,786
960,25
427,735
393,22
567,35
1010,9
186,10
371,10
387,785
889,22
742,15
618,9
957,815
616,826
932,38
368,772
75,735
62,93
65,815
797,22
523,22
1001,16
502,772
486,23
844,23
591,826
498,10
390,772
764,785
319,8
430,5
106,10
230,8
862,8
494,38
521,93
852,38
598,93
871,785
304,25
489,19
939,4
850,12
742,6
942,19
964,4
214,16
369,25
1011,35
594,9
705,10
616,38
279,27
227,785
526,8
893,27
911,27
822,25
458,772
773,6
501,8
156,8
637,22
875,826
896,10
788,8
881,23
664,22
518,815
334,680
82,10
946,22
72,12
91,815
715,735
755,785
597,735
322,25
912,25
125,25
715,25
807,2
76,8
350,12
141,15
841,22
415,15
865,786
166,25
773,15
494,815
723,22
998,826
674,27
948,27
159,10
751,27
255,6
257,22
352,826
690,785
543,826
603,16
1005,785
258,15
665,2
776,27
495,19
922,38
264,826
279,786
544,23
504,9
103,35
450,93
530,22
215,735
1010,815
510,35
312,38
190,11
943,6
770,5
974,680
738,826
267,5
341,22
363,9
1005,15
168,9
613,15
724,6
762,772
407,826
174,35
466,680
985,680
638,25
467,23
236,680
825,23
233,9
912,23
197,19
140,38
288,785
1008,27
681,785
311,15
279,38
372,15
7,680
890,19
229,93
656,12
88,9
433,815
252,772
55,10
866,8
424,11
524,19
447,785
906,25
356,826
921,9
258,772
838,680
231,15
144,9
860,10
828,35
920,772
61,1
579,9
283,11
175,9
416,680
73,6
989,16
475,93
956,786
994,93
705,22
544,826
889,735
412,23
397,826
215,23
487,786
570,2
237,6
313,27
1012,38
297,735
706,15
264,6
891,9
896,22
179,735
132,5
45,815
561,11
979,772
376,815
33,5
512,38
440,1
98,772
657,680
305,19
433,38
839,15
197,5
286,15
267,785
555,9
466,38
583,10
876,16
694,11
494,93
496,785
351,11
630,35
894,9
823,23
737,815
21,9
242,93
774,2
813,93
870,22
708,735
925,772
621,735
881,815
974,16
739,35
33,785
468,11
382,10
918,38
456,23
627,93
437,27
842,785
224,19
850,772
946,93
175,680
749,680
685,11
206,22
979,786
525,23
895,19
860,23
897,27
993,15
540,15
374,93
429,19
361,786
195,826
358,785
333,2
832,826
320,25
123,25
363,93
163,8
534,9
972,735
521,4
370,9
734,15
40,23
206,25
650,38
300,38
748,786
506,680
658,38
290,12
54,93
884,815
722,11
1003,785
552,1
861,9
679,6
972,12
809,35
848,2
296,735
796,815
580,12
320,16
802,2
398,2
570,38
879,16
348,19
756,826
919,19
277,25
1001,815
551,786
992,38
21,735
334,815
978,9
389,27
707,16
838,826
512,2
1003,19
361,25
550,19
271,27
253,27
58,27
498,815
351,772
407,22
601,25
488,735
503,2
307,815
969,16
143,93
256,10
441,2
24,22
495,772
390,815
444,25
466,10
854,35
587,785
89,785
398,5
475,815
889,826
122,680
965,826
251,772
457,19
314,25
460,8
117,25
597,815
68,8
801,826
450,735
910,19
808,10
182,16
572,680
812,785
83,22
746,826
944,15
158,25
362,35
587,19
401,772
382,38
365,22
256,1
241,8
59,1
80,735
615,12
959,772
762,23
598,826
13,5
415,826
586,786
72,735
0,6
879,38
1007,93
398,12
556,11
205,680
136,27
891,35
1000,815
855,25
506,15
928,23
435,9
660,25
26,35
192,786
874,786
196,826
608,735
112,25
41,19
540,19
98,826
944,6
1003,772
969,2
1008,35
352,12
170,15
922,735
563,35
528,15
306,8
1009,4
938,8
223,6
849,8
741,10
445,8
28,16
673,826
581,6
1005,826
767,815
877,5
606,22
349,23
742,27
672,35
1000,27
103,8
512,23
414,6
234,735
290,16
658,10
661,15
313,735
866,786
633,5
740,815
636,22
399,680
419,38
57,815
701,25
997,8
559,785
379,826
638,826
966,680
677,16
640,815
136,9
581,15
546,35
529,25
250,785
714,23
199,22
550,826
554,35
275,11
849,772
20,785
354,93
707,12
863,826
807,25
957,23
137,785
390,22
144,786
969,12
220,735
498,25
120,38
637,10
677,25
751,6
896,38
986,680
47,826
380,735
272,5
551,815
371,4
152,826
850,27
631,8
527,680
767,23
967,10
754,8
510,4
41,6
315,22
133,680
765,93
415,19
844,25
183,680
498,16
173,93
377,15
234,93
695,786
229,785
603,12
255,785
128,785
236,786
310,9
374,735
31,735
983,786
379,93
1011,93
331,680
115,16
942,786
636,35
306,93
1004,4
180,9
56,23
862,772
94,4
316,6
154,786
45,11
249,93
674,6
654,735
452,19
677,11
255,19
245,9
446,735
727,15
532,15
538,815
668,4
211,6
1010,826
863,785
520,19
597,11
819,1
180,16
513,735
509,785
291,15
834,680
615,38
798,23
377,25
585,23
453,826
183,815
256,735
82,11
337,785
504,735
428,35
356,11
14,10
625,9
399,25
332,12
850,4
575,826
942,27
211,15
603,785
964,12
767,2
384,8
239,16
190,1
619,11
340,35
288,25
566,785
91,25
865,785
920,25
352,38
706,35
449,10
530,680
360,38
252,12
89,35
217,22
721,19
82,2
800,19
638,680
107,22
985,25
900,22
96,735
831,35
580,735
85,786
672,93
782,22
656,785
73,27
491,772
384,15
459,735
248,15
249,826
930,22
128,4
962,826
687,12
158,815
267,4
363,8
823,11
150,772
652,735
243,815
502,8
85,16
467,22
378,10
489,5
307,10
453,23
859,735
971,19
678,15
106,826
442,815
33,10
326,815
443,1
335,23
690,2
999,12
693,23
285,735
520,8
868,35
251,35
529,785
605,38
625,680
274,22
75,772
20,25
166,8
224,15
351,4
42,10
410,35
563,27
193,772
604,815
219,772
734,16
425,19
860,11
971,8
477,735
900,4
354,10
172,5
906,815
579,8
801,6
305,25
909,680
344,12
175,8
530,9
215,22
752,8
437,8
348,8
795,4
32,35
696,10
663,5
721,6
242,35
389,38
689,93
835,10
193,16
393,35
801,772
453,25
80,25
872,5
286,12
162,38
609,826
725,680
962,10
138,15
598,772
965,15
930,35
90,772
508,27
200,785
866,27
521,25
958,38
524,2
980,23
191,6
709,10
915,826
845,5
574,22
167,25
268,10
968,27
364,22
736,23
80,16
703,8
246,22
305,11
454,35
37,25
937,11
669,25
234,2
401,680
554,772
891,6
731,10
197,815
623,8
508,815
734,5
403,23
685,10
799,6
857,11
675,12
453,11
280,4
944,27
690,38
468,19
692,680
950,1
861,15
471,38
937,12
55,786
24,9
298,680
13,25
913,11
757,772
296,19
99,19
428,93
879,785
74,735
496,5
663,16
518,680
43,5
371,93
777,815
599,8
515,9
332,93
776,38
426,22
964,93
552,2
185,735
679,1
812,25
923,38
762,2
64,785
959,785
962,23
379,785
969,785
716,10
916,15
259,772
976,786
297,826
834,93
264,35
139,11
877,25
272,35
507,815
932,785
953,6
45,786
707,19
7,16
29,35
154,11
997,826
981,11
401,15
644,93
147,735
565,2
750,6
969,23
516,23
402,38
241,22
519,10
975,9
24,23
615,22
317,772
466,11
743,93
450,826
343,772
732,786
185,4
961,785
781,6
432,22
302,27
553,785
660,19
698,785
864,9
593,16
613,93
65,2
339,735
242,772
95,815
404,11
118,9
256,2
901,9
812,15
81,19
43,785
540,735
975,22
873,15
392,23
13,4
822,826
217,38
68,815
419,735
96,11
296,8
406,93
619,786
728,11
324,11
435,8
695,4
806,9
457,27
386,9
300,12
176,2
910,27
179,15
608,5
398,815
256,772
439,12
942,680
177,680
256,25
111,35
541,11
562,826
926,10
49,35
469,16
843,815
220,12
424,826
648,815
24,735
938,9
559,22
284,785
321,25
232,23
359,12
535,9
78,1
830,735
140,23
433,27
399,826
642,826
149,815
594,35
404,25
779,680
229,12
871,6
486,735
340,1
213,680
911,1
216,15
293,815
495,786
745,38
180,826
642,19
96,25
331,8
461,815
667,25
356,16
266,815
928,38
435,22
20,786
717,9
421,23
629,786
936,38
889,10
617,826
145,93
184,826
222,93
277,680
957,22
251,8
486,27
1004,23
180,4
753,785
130,785
649,27
408,680
498,22
428,826
637,9
68,772
377,5
824,15
346,735
846,815
758,93
704,772
887,12
230,785
637,772
881,680
990,815
848,772
742,10
374,16
466,785
657,735
853,680
982,772
507,10
754,9
318,38
448,1
963,815
984,680
590,25
94,2
441,38
830,93
745,16
230,23
784,826
566,6
677,1
474,38
331,6
242,10
902,4
245,15
852,25
377,785
356,6
232,12
689,6
964,786
532,1
218,35
238,38
368,1
385,680
297,11
446,19
48,25
270,680
732,19
661,25
439,16
779,735
851,826
548,16
269,38
343,35
930,10
76,785
883,22
42,23
958,25
427,12
637,27
566,25
217,11
948,23
751,23
970,4
220,16
328,2
898,735
122,735
800,6
304,27
527,93
485,826
628,4
332,22
408,9
985,785
989,10
76,19
705,8
249,815
486,12
893,25
627,680
720,6
202,735
560,10
156,10
983,8
341,2
514,10
161,815
970,15
934,25
257,19
132,35
82,8
263,93
746,35
393,6
48,786
67,785
429,735
927,10
398,735
311,735
137,9
799,826
875,23
30,785
142,826
610,815
713,815
822,22
56,38
809,680
511,5
237,25
869,25
413,35
859,680
532,785
847,785
477,6
558,785
613,735
887,16
135,15
748,826
567,8
825,12
736,12
418,1
900,23
773,815
703,23
906,826
616,785
942,35
233,6
125,16
397,11
898,93
369,9
774,680
138,19
375,23
908,38
339,772
490,815
894,785
473,27
128,5
437,5
937,785
648,785
795,9
335,815
887,786
637,38
32,22
892,735
31,38
802,93
900,785
406,5
467,25
378,11
567,1
715,786
645,680
868,93
51,16
533,2
915,4
626,27
347,19
520,9
480,11
979,35
248,23
818,786
943,9
285,772
416,93
677,93
841,6
987,35
166,9
350,826
388,19
869,11
194,680
429,772
947,772
270,27
590,826
510,735
756,38
543,735
971,11
863,9
518,11
59,815
758,826
740,785
801,5
861,35
207,815
65,735
372,16
923,93
876,27
434,2
718,786
202,38
775,772
82,93
891,11
856,23
126,772
970,35
474,12
292,11
721,5
793,93
353,35
478,815
799,19
638,9
231,6
110,27
147,15
557,93
480,735
523,815
184,8
419,25
555,11
829,19
246,785
262,10
323,8
108,735
695,815
274,9
916,680
645,22
187,735
962,772
482,785
335,826
861,680
200,23
623,2
793,38
229,815
488,786
675,6
219,735
734,772
218,16
401,27
538,786
614,9
510,93
202,815
740,12
765,4
638,786
395,25
750,680
350,815
208,772
462,19
691,826
380,680
734,10
759,6
431,27
280,5
480,786
761,25
779,93
62,27
541,38
173,12
358,8
987,15
400,680
916,1
348,22
74,6
188,2
299,1
47,786
125,815
496,6
21,25
336,10
599,11
304,35
710,735
950,772
789,735
993,6
497,25
426,23
318,25
944,19
105,25
527,826
57,785
455,826
383,786
792,785
777,8
297,680
501,93
340,93
585,93
713,16
434,38
272,815
645,1
296,27
423,8
888,10
188,25
213,15
236,826
956,22
201,19
163,785
843,25
262,680
407,735
562,12
654,19
105,2
711,38
256,12
972,5
627,815
259,9
901,15
847,93
837,23
451,785
802,27
710,815
913,4
383,6
385,22
719,23
645,10
943,735
672,786
309,772
756,8
154,19
463,15
232,815
176,12
70,786
932,6
1006,5
436,35
130,8
516,786
540,22
44,19
216,2
451,19
771,785
62,12
120,19
355,2
247,16
893,680
731,786
491,9
109,15
882,785
260,23
667,10
263,10
235,12
660,27
238,11
682,8
756,23
292,93
522,4
762,826
1000,22
621,5
821,8
287,785
1006,12
365,786
337,16
797,15
191,735
858,15
1002,735
587,10
162,93
516,6
183,10
294,11
206,786
163,38
309,11
494,9
407,772
799,93
855,16
196,38
893,786
956,35
704,12
335,38
300,4
100,23
339,35
964,35
411,11
214,11
380,826
506,785
643,785
843,12
368,786
303,9
163,772
188,772
744,2
797,8
301,35
83,38
340,2
898,23
294,2
612,25
192,9
655,15
824,9
489,826
578,8
689,11
121,6
213,35
729,826
435,25
199,16
717,8
457,4
232,772
618,2
106,680
639,93
661,22
130,680
77,826
633,12
911,9
108,93
787,23
1004,16
551,22
402,11
995,815
924,735
837,11
857,786
970,19
738,23
334,15
941,93
998,22
800,9
803,4
57,93
153,772
831,9
250,35
140,6
31,815
510,10
636,38
619,38
840,772
432,785
911,22
17,19
180,12
551,15
469,815
427,22
959,826
319,12
488,8
824,23
862,4
168,16
851,735
764,735
500,826
135,35
88,786
606,9
310,15
755,772
554,19
607,815
208,22
668,15
671,2
502,93
873,772
806,815
54,735
643,772
648,35
226,19
375,11
567,680
930,11
180,11
168,786
498,9
869,22
962,815
119,6
156,12
639,735
267,19
430,8
32,2
970,5
915,786
420,38
442,23
960,19
378,680
568,35
489,16
532,9
381,2
492,11
186,16
332,23
131,826
942,22
671,11
929,35
433,6
347,15
76,12
905,10
816,22
502,786
340,38
930,2
641,93
128,8
936,826
424,25
405,25
32,25
514,11
664,25
591,11
192,735
231,680
714,9
532,16
453,35
492,2
661,815
421,10
579,23
137,8
601,38
767,12
644,22
76,11
793,815
575,35
448,23
526,22
692,826
141,12
434,22
806,680
609,23
113,10
773,12
920,27
133,786
973,815
674,22
32,16
640,735
992,8
950,815
329,22
310,16
956,680
511,815
499,815
703,22
405,772
335,8
616,786
690,9
853,16
211,22
912,19
397,10
458,8
369,8
743,12
619,2
30,2
51,785
385,38
976,826
351,25
153,2
212,772
980,4
305,772
341,19
330,772
992,15
292,6
258,735
900,786
353,16
384,815
317,10
760,27
378,8
677,815
640,16
418,25
774,785
811,25
258,5
576,8
261,8
357,4
875,4
341,826
912,10
715,8
493,15
845,815
311,8
480,12
461,38
372,10
101,15
212,6
412,27
965,27
841,5
287,35
126,25
313,23
42,8
889,785
447,786
529,93
181,8
474,2
477,23
242,38
635,8
514,785
144,12
549,680
1010,35
295,815
628,25
740,786
670,680
33,772
73,11
533,10
629,6
422,12
817,786
563,680
410,815
325,735
215,16
159,93
570,1
805,16
274,15
703,815
728,35
18,8
403,11
95,10
439,786
421,93
482,93
997,772
543,786
875,680
218,22
789,8
614,23
407,15
279,826
194,15
86,1
305,16
629,15
573,786
323,11
487,772
0,38
879,6
238,815
385,9
866,25
114,786
742,826
309,815
861,786
823,735
516,680
828,93
496,9
295,38
43,9
117,2
228,27
746,15
675,9
860,27
811,12
689,786
465,5
194,6
394,11
285,680
345,735
179,93
626,5
330,19
262,2
300,772
669,23
409,27
694,1
805,2
311,786
388,9
227,35
210,25
836,680
66,680
782,786
92,680
71,772
114,6
867,19
190,772
525,735
450,4
507,93
414,38
169,15
503,9
676,23
641,680
434,93
145,22
58,785
76,93
790,11
247,4
528,38
447,11
234,11
990,9
114,772
667,38
481,15
100,826
373,9
172,786
909,93
200,6
623,19
660,15
578,93
818,25
599,10
621,25
431,35
182,5
664,772
775,16
797,35
798,772
861,6
37,9
723,93
580,15
138,38
598,815
395,22
843,826
845,93
666,785
792,23
192,93
545,735
50,23
730,815
302,22
142,10
56,786
660,22
164,19
733,680
349,9
297,35
120,815
780,786
766,785
303,680
642,815
477,826
866,772
204,9
66,38
376,8
747,11
32,815
201,680
972,6
536,826
975,11
834,35
599,826
84,680
488,38
198,15
273,785
719,22
556,15
963,23
525,772
89,25
329,93
593,22
349,2
460,11
959,35
52,826
679,826
280,27
44,12
540,23
673,15
947,15
470,786
614,815
355,5
420,4
738,11
559,11
213,16
675,93
14,35
203,38
460,2
278,25
463,23
409,785
843,22
135,785
871,11
584,16
216,10
451,27
254,27
241,6
868,680
577,23
209,93
230,735
984,15
602,9
624,22
146,19
899,38
367,772
171,25
232,25
803,25
604,785
877,2
341,735
253,35
399,772
90,10
426,8
249,785
784,4
362,16
440,826
990,93
555,93
540,815
945,23
748,23
180,772
160,35
370,35
260,6
960,15
778,10
745,815
124,22
949,35
75,1
457,11
208,25
265,38
943,815
165,16
898,786
595,785
688,93
905,22
744,735
746,786
51,815
451,9
911,8
17,25
56,12
437,38
720,19
538,6
42,35
773,23
205,10
45,22
449,35
728,680
144,735
624,4
508,93
883,785
667,16
557,785
464,27
356,25
374,680
529,23
363,815
218,38
532,4
113,772
457,12
535,25
386,16
276,826
831,8
816,735
1000,12
618,10
572,2
26,772
66,5
1001,19
858,25
678,772
183,16
441,735
188,93
430,6
13,38
970,27
994,815
578,27
334,23
689,4
502,35
985,11
1008,735
255,786
555,735
890,735
211,2
818,38
582,23
162,15
143,19
436,15
204,35
957,38
188,786
616,35
870,786
584,12
783,35
91,12
455,772
847,6
634,4
355,38
501,11
968,826
217,9
664,19
995,22
82,15
245,22
946,27
124,35
236,772
332,16
850,8
260,735
1002,680
549,772
569,11
989,8
276,2
152,16
633,38
890,2
286,785
397,786
753,826
1007,19
615,35
962,93
156,4
430,16
39,772
82,6
135,16
690,786
838,12
967,93
418,4
421,9
83,93
690,15
764,10
582,1
964,15
767,15
471,9
275,815
647,10
79,9
372,5
743,22
1001,6
215,4
415,11
326,9
133,785
351,19
100,785
674,23
252,15
126,785
823,15
57,15
462,93
193,2
636,735
211,786
665,6
258,11
132,785
999,16
983,826
451,93
628,785
555,38
157,680
659,4
91,19
199,786
319,35
527,5
752,786
142,93
132,19
151,785
317,9
997,785
727,23
543,815
431,1
946,4
734,785
110,15
955,680
776,6
61,4
579,4
286,1
162,19
940,6
30,735
967,735
583,16
96,93
313,22
459,19
116,16
585,15
481,11
749,772
181,23
453,786
203,22
403,5
477,22
978,38
378,16
512,35
586,22
566,735
678,5
110,22
882,23
863,11
621,815
358,735
286,8
986,9
641,15
736,785
754,93
259,38
817,785
843,785
952,8
274,12
464,93
264,10
580,785
634,35
527,11
413,12
456,786
400,15
403,10
921,22
425,25
650,9
394,772
420,772
350,93
168,735
939,93
333,785
924,815
836,22
305,23
379,8
344,22
314,815
918,35
222,27
317,680
176,772
123,15
88,27
323,10
309,35
842,786
385,8
459,1
224,16
886,93
617,735
373,6
64,4
553,826
753,680
258,786
132,8
117,1
43,8
228,4
613,38
502,16
635,25
106,786
875,93
471,815
679,785
611,16
80,19
779,38
446,38
86,25
197,10
533,27
113,93
222,2
812,38
523,93
669,22
62,22
876,11
148,772
916,4
302,5
360,12
918,772
978,19
672,4
981,6
450,5
253,5
860,19
453,8
37,772
722,12
351,786
957,680
80,10
86,16
416,12
714,786
790,8
848,15
313,815
207,772
505,23
876,2
913,8
714,680
919,22
868,772
521,8
189,735
324,25
768,10
91,680
536,22
314,19
460,22
956,25
635,23
981,15
446,815
160,826
925,786
475,12
917,93
95,826
775,19
376,2
527,772
784,25
328,826
81,38
688,10
634,826
466,15
287,15
508,35
916,10
534,4
264,38
670,25
212,815
874,35
303,826
820,27
129,22
956,16
978,5
759,22
853,93
367,19
461,735
116,785
922,19
596,772
562,10
133,2
194,16
947,9
430,735
180,35
329,815
382,35
701,10
385,785
62,11
961,680
198,12
605,25
593,786
741,4
462,735
637,680
987,786
879,735
384,785
630,772
629,772
423,735
374,11
671,35
413,815
910,23
179,11
827,826
537,11
993,22
775,1
118,12
266,19
784,23
441,15
994,15
81,16
101,93
959,735
410,786
321,735
894,815
420,5
612,786
538,93
521,35
494,4
373,680
53,11
146,735
1012,785
520,826
956,38
189,6
707,2
503,785
179,16
439,9
938,815
500,9
83,35
871,10
840,785
712,38
513,11
750,23
271,815
418,772
823,786
362,22
720,38
37,35
331,785
82,815
642,23
791,15
663,826
902,22
297,786
963,4
568,9
200,35
991,9
557,25
334,772
707,11
90,11
596,785
47,22
158,15
1004,27
880,9
291,23
534,815
668,680
703,785
289,93
328,16
455,23
41,826
349,785
251,815
359,6
714,19
146,772
382,680
275,15
702,785
386,22
741,826
482,2
905,786
742,22
140,9
143,12
607,38
594,25
575,9
137,680
816,680
728,826
893,11
513,5
415,22
254,10
787,25
551,16
770,35
556,93
612,2
834,4
230,19
637,6
696,93
627,16
899,23
205,772
171,22
63,12
445,22
689,2
529,22
989,826
186,12
631,4
761,93
729,4
964,19
54,15
863,815
556,786
794,5
940,735
686,15
301,19
66,2
375,12
893,4
627,735
627,786
811,785
131,25
649,1
316,11
427,8
230,10
860,815
439,826
39,785
777,786
393,25
174,8
232,15
396,2
803,15
532,12
399,23
917,27
112,772
297,8
78,25
777,680
671,12
142,815
968,93
273,23
574,786
646,826
940,35
134,772
286,815
982,23
548,19
144,772
91,15
551,6
933,12
56,27
291,10
316,2
245,735
338,19
67,38
32,4
180,786
587,815
82,12
356,8
376,785
85,1
964,772
416,786
714,12
36,16
773,826
648,93
371,22
647,785
617,786
243,35
48,19
122,6
203,772
239,23
742,735
301,5
566,786
239,786
311,826
844,11
316,25
227,27
360,35
267,10
178,22
859,27
485,735
970,10
881,10
734,35
536,38
477,10
760,15
118,772
67,786
378,4
911,772
739,5
579,25
211,19
319,786
839,38
771,680
148,93
422,25
458,15
226,35
372,6
965,23
341,8
929,772
879,93
934,23
292,25
576,735
884,8
317,15
763,35
193,1
946,10
640,27
107,10
734,815
471,735
806,93
717,35
515,35
258,8
210,785
48,1
563,815
1003,826
801,8
937,19
555,25
190,12
869,772
795,10
121,815
1002,23
875,815
31,35
57,23
845,22
810,8
317,8
281,735
104,22
946,5
268,25
513,772
860,8
147,2
900,25
564,772
263,680
530,10
804,10
273,680
626,22
915,9
644,6
422,11
975,35
922,93
659,12
952,2
316,38
208,786
299,38
49,786
156,735
363,5
845,15
630,815
95,15
663,8
597,772
190,785
635,10
567,27
165,93
221,16
628,27
833,35
799,786
121,735
429,35
357,11
73,9
1008,23
422,2
740,25
780,10
854,1
765,15
602,38
123,9
841,12
718,785
829,786
351,9
264,11
891,12
620,19
114,735
774,12
431,22
675,2
185,786
147,16
900,15
407,9
543,27
910,826
344,23
915,23
737,11
437,786
330,22
718,23
425,826
262,9
173,23
799,680
302,735
570,22
1006,786
681,9
792,4
77,6
866,23
64,5
891,5
964,735
875,786
413,4
572,786
386,38
846,735
995,35
959,9
265,680
301,772
1003,35
253,11
517,815
885,11
978,786
614,12
541,815
134,826
111,2
848,9
955,815
740,15
519,27
65,785
671,785
49,2
1005,93
990,4
350,786
349,826
79,815
423,23
462,22
869,35
941,11
226,772
657,9
345,772
531,93
933,785
327,6
663,23
223,815
225,15
781,786
247,815
48,815
52,815
714,93
271,16
145,785
791,772
993,2
354,19
83,6
577,9
541,35
173,9
691,1
913,15
198,19
716,15
385,25
521,15
423,12
64,19
462,25
854,815
906,38
267,93
659,815
384,772
704,35
460,23
525,11
700,23
293,12
280,15
83,15
137,93
601,27
982,680
360,786
969,735
971,815
552,6
256,8
111,16
975,12
355,25
120,8
345,19
423,5
835,93
124,12
200,15
753,15
953,10
629,826
222,815
336,4
389,6
525,4
729,38
766,680
1003,22
414,22
878,826
808,8
130,12
475,4
705,93
104,826
526,93
654,22
871,23
711,35
416,27
898,9
62,8
136,735
762,9
963,735
96,8
226,785
136,25
619,785
557,38
501,735
176,15
985,815
70,785
52,772
808,15
405,826
744,23
944,4
621,772
855,680
219,16
936,680
294,23
461,680
724,786
602,12
94,815
899,35
1009,6
976,772
630,27
612,680
534,23
77,35
670,8
728,15
161,8
276,815
189,5
843,8
537,19
41,22
648,10
577,786
390,25
85,735
266,27
840,786
784,15
673,6
587,15
880,19
886,25
318,826
837,6
306,5
309,8
455,25
739,735
331,23
763,8
998,27
893,815
359,8
396,22
235,6
606,27
275,9
114,35
277,826
278,22
261,38
522,10
979,826
29,10
892,22
178,785
398,826
757,6
957,25
390,16
428,680
17,38
348,93
42,38
494,786
701,735
923,6
321,680
565,735
159,23
531,22
146,8
148,815
185,35
1012,27
813,22
689,8
193,35
230,786
838,38
252,93
470,12
239,735
704,6
189,23
341,785
140,10
125,15
433,16
236,22
201,12
868,6
61,93
744,12
980,735
251,12
306,826
758,38
541,25
637,5
748,8
60,10
763,6
174,6
270,826
310,11
510,772
1010,8
544,1
547,12
398,772
438,826
41,9
976,23
204,38
686,12
390,2
923,785
490,93
933,2
511,735
338,25
121,786
751,10
862,11
455,4
591,6
442,11
446,786
486,815
838,16
322,772
381,6
881,786
474,815
853,2
411,19
671,15
782,6
769,19
365,93
807,10
644,35
368,826
135,680
463,815
375,4
180,22
511,19
94,9
795,38
45,6
377,27
103,735
658,786
533,785
788,15
760,9
353,2
174,16
448,826
568,38
418,11
221,11
754,826
905,772
783,815
162,4
569,9
76,15
276,12
408,786
705,12
816,9
214,815
17,2
36,826
128,11
76,772
405,38
722,680
64,35
906,22
909,11
413,38
178,23
70,9
417,35
514,6
881,9
900,815
282,9
856,772
393,10
85,9
473,815
73,786
535,38
372,826
194,38
322,19
471,11
109,772
954,35
595,815
300,735
462,815
195,93
609,735
166,19
739,815
977,19
869,5
687,2
524,27
501,27
947,826
252,9
658,772
363,22
89,38
457,93
477,2
132,22
278,93
724,5
923,735
836,735
65,93
925,826
603,22
307,8
470,35
787,786
310,23
554,11
443,15
280,38
407,680
122,9
233,10
693,9
166,785
634,786
706,826
176,785
326,6
743,772
284,815
341,16
938,23
474,6
790,735
934,15
168,15
995,15
613,9
856,786
85,27
272,93
147,5
221,22
576,11
471,25
384,27
635,815
30,8
730,9
819,27
634,38
696,8
809,815
992,25
377,826
600,25
303,93
897,10
971,15
665,22
576,2
172,2
246,25
197,6
986,23
382,2
683,93
942,826
358,27
876,23
913,27
253,815
437,19
459,10
277,15
817,10
249,5
856,27
728,38
21,10
427,815
326,786
715,772
761,19
816,93
429,27
379,10
751,786
533,16
437,785
333,10
409,23
463,785
190,38
548,38
592,8
792,5
556,38
991,826
462,12
687,38
891,4
966,27
753,27
509,15
992,23
496,12
663,25
832,27
561,6
228,6
502,22
450,8
233,680
516,826
601,8
84,815
783,785
329,826
259,22
228,815
854,16
805,15
719,4
521,5
423,22
867,785
