928,1
820,23
791,93
741,786
117,8
852,93
981,4
157,23
512,10
271,19
736,35
935,8
80,12
649,826
269,25
587,735
589,815
848,1
666,8
519,19
713,19
198,16
491,38
456,4
792,19
919,16
28,10
855,8
698,735
610,35
682,27
460,16
499,23
907,12
655,785
380,786
293,11
404,2
944,23
229,19
621,785
123,785
837,815
18,786
688,12
120,9
62,6
395,11
89,786
991,785
298,815
960,38
136,19
741,25
766,19
324,735
953,9
741,772
316,772
206,735
658,27
589,38
420,826
77,786
207,9
689,826
83,23
138,93
376,11
747,12
87,772
770,93
365,23
479,19
762,22
857,826
731,785
0,5
667,9
524,35
375,772
781,1
435,6
867,785
238,4
717,25
189,11
139,826
547,19
675,38
683,38
404,16
318,15
727,735
673,12
837,785
440,815
516,27
666,680
577,19
449,93
670,772
288,93
859,35
455,35
938,11
28,23
670,9
14,38
988,15
704,9
978,680
671,735
732,4
290,19
0,826
932,9
537,735
952,786
633,6
63,826
135,786
800,785
47,11
430,826
329,735
933,22
365,9
739,772
652,15
764,772
319,680
713,15
0,19
883,772
882,772
868,826
999,735
620,93
470,10
492,35
865,735
952,735
991,11
316,785
760,93
196,815
90,9
769,15
112,22
754,16
134,785
567,772
536,786
652,6
160,38
531,25
973,9
60,12
778,9
824,786
307,38
951,785
199,12
401,93
662,785
939,22
964,22
214,6
325,1
52,786
594,23
905,27
500,25
281,785
673,23
584,1
88,38
180,1
437,35
771,735
296,680
994,22
133,826
834,2
655,16
103,680
970,680
113,680
664,8
883,786
427,735
393,22
232,10
567,35
186,10
371,10
387,785
26,6
889,22
618,9
742,15
729,10
932,38
368,772
754,2
75,735
62,93
65,815
797,22
979,5
1001,16
486,23
571,680
844,23
498,10
390,772
923,23
764,785
319,8
430,5
106,10
566,27
494,38
521,93
245,10
852,38
871,785
304,25
502,38
489,19
850,12
742,6
779,8
942,19
214,16
369,25
1011,35
976,15
594,9
616,38
279,27
890,6
227,785
1001,25
893,27
911,27
458,772
773,6
97,826
501,8
637,22
875,826
822,786
896,10
788,8
664,22
168,27
518,815
82,10
946,22
85,15
72,12
91,815
755,785
261,25
597,735
912,25
125,25
878,2
715,25
76,8
350,12
393,815
141,15
415,15
865,786
202,15
166,25
494,815
723,22
392,38
998,826
948,27
159,10
1005,22
751,27
257,22
352,826
171,680
690,785
603,16
1005,785
36,25
258,15
665,2
776,27
443,9
264,826
279,786
504,9
103,35
582,4
450,93
215,735
550,93
1010,815
510,35
190,11
890,8
943,6
974,680
738,826
709,16
267,5
363,9
1005,15
737,772
168,9
724,6
762,772
542,5
377,815
466,680
985,680
407,826
638,25
236,680
825,23
774,786
233,9
912,23
197,19
589,785
1008,27
681,785
311,15
98,15
279,38
7,680
890,19
229,93
483,4
88,9
656,12
752,16
252,772
866,8
424,11
795,12
524,19
447,785
356,826
696,2
921,9
838,680
231,15
489,15
144,9
828,35
920,772
776,9
61,1
283,11
175,9
468,5
416,680
989,16
475,93
347,22
956,786
705,22
544,826
209,9
889,735
397,826
215,23
487,786
434,4
570,2
313,27
901,815
1012,38
706,15
264,6
980,15
891,9
896,22
132,5
685,25
45,815
561,11
376,815
690,826
33,5
440,1
98,772
616,772
657,680
433,38
839,15
197,5
108,27
286,15
555,9
222,23
466,38
876,16
694,11
0,35
494,93
496,785
351,11
210,35
894,9
737,815
21,9
956,15
242,93
813,93
870,22
636,826
708,735
925,772
881,815
900,9
974,16
33,785
468,11
876,786
382,10
456,23
627,93
592,9
437,27
224,19
850,772
908,786
946,93
175,680
749,680
956,6
685,11
979,786
525,23
895,19
622,772
860,23
993,15
722,16
540,15
429,19
361,786
712,6
195,826
333,2
832,826
101,38
320,25
363,93
163,8
608,785
534,9
521,4
370,9
741,22
734,15
206,25
650,38
150,826
300,38
748,786
658,38
72,93
290,12
884,815
722,11
83,8
1003,785
861,9
679,6
972,12
292,772
809,35
296,735
905,93
796,815
580,12
802,2
857,815
398,2
570,38
348,19
296,25
756,826
919,19
1001,815
855,11
551,786
21,735
334,815
278,8
978,9
707,16
838,826
892,12
512,2
1003,19
550,19
515,15
271,27
58,27
498,815
426,16
407,22
601,25
488,735
158,22
503,2
969,16
143,93
182,786
256,10
441,2
24,22
81,27
390,815
466,10
854,35
358,4
587,785
398,5
475,815
3,10
889,826
965,826
251,772
238,2
457,19
460,8
117,25
262,786
597,815
801,826
450,735
1003,8
910,19
808,10
572,680
276,93
812,785
83,22
746,826
800,772
158,25
587,19
401,772
145,4
365,22
256,1
241,8
441,11
59,1
615,12
959,772
339,826
598,826
13,5
415,826
380,8
586,786
491,23
879,38
1007,93
0,6
556,11
136,27
999,680
891,35
1000,815
855,25
506,15
198,772
660,25
26,35
120,826
192,786
196,826
608,735
308,680
112,25
540,19
977,772
98,826
1003,772
969,2
587,8
1008,35
170,15
922,735
335,680
563,35
306,8
1009,4
517,35
938,8
223,6
741,10
778,4
445,8
673,826
581,6
568,5
767,815
677,786
606,22
1005,826
349,23
672,35
1000,27
250,19
103,8
414,6
234,735
550,4
290,16
661,15
313,735
575,4
633,5
866,786
636,22
266,25
399,680
57,815
701,25
561,772
559,785
379,826
638,826
966,680
531,19
677,16
136,9
762,735
581,15
529,25
250,785
396,16
714,23
550,826
554,35
275,11
717,10
849,772
354,93
101,735
707,12
807,25
957,23
523,27
137,785
144,786
969,12
492,680
220,735
120,38
637,10
106,25
677,25
751,6
146,6
896,38
47,826
272,5
551,815
371,4
152,826
388,785
850,27
964,23
527,680
967,10
754,8
917,785
510,4
315,22
133,680
812,680
765,93
844,25
183,680
96,785
498,16
377,15
234,93
839,680
695,786
229,785
603,12
107,35
255,785
236,786
310,9
275,25
374,735
983,786
379,93
112,5
1011,93
331,680
942,786
190,23
636,35
548,23
1004,4
180,9
56,23
862,772
316,6
154,786
561,815
119,4
45,11
674,6
654,735
677,11
255,19
353,15
245,9
727,15
532,15
495,12
538,815
211,6
1010,826
682,815
863,785
597,11
819,1
982,735
180,16
509,785
291,15
810,785
834,680
798,23
377,25
836,785
585,23
183,815
256,735
404,680
82,11
504,735
428,35
653,11
356,11
625,9
399,25
936,1
332,12
575,826
942,27
48,22
211,15
603,785
767,2
1005,680
384,8
190,1
619,11
412,11
340,35
566,785
91,25
698,35
865,785
352,38
706,35
501,16
449,10
530,680
252,12
126,786
89,35
721,19
82,2
523,680
800,19
638,680
107,22
628,9
900,22
831,35
580,735
372,772
85,786
782,22
656,785
839,35
73,27
384,15
459,735
890,9
248,15
930,22
128,4
459,25
962,826
158,815
267,4
674,19
363,8
150,772
652,735
243,815
118,786
85,16
547,93
467,22
378,10
489,5
307,10
453,23
971,19
733,826
552,826
442,815
859,735
678,15
443,1
335,23
48,4
999,12
693,23
285,735
569,25
520,8
251,35
529,785
215,25
605,38
274,22
75,772
20,25
3,35
294,93
351,4
166,8
224,15
563,27
193,772
931,735
604,815
734,16
425,19
304,6
860,11
477,735
900,4
498,785
354,10
172,5
906,815
394,27
305,25
801,6
344,12
909,680
715,15
215,22
752,8
126,2
437,8
795,4
32,35
468,815
696,10
721,6
242,35
336,735
389,38
835,10
193,16
157,10
393,35
453,25
80,25
761,8
872,5
162,38
609,826
555,8
725,680
138,15
598,772
123,10
323,9
965,15
90,772
508,27
200,785
521,25
958,38
941,22
524,2
980,23
709,10
625,93
915,826
574,22
167,25
564,8
268,10
364,22
736,23
576,27
80,16
246,22
305,11
765,735
454,35
937,11
669,25
162,826
234,2
554,772
887,93
891,6
966,25
197,815
623,8
734,5
403,23
685,10
672,1
799,6
675,12
453,11
80,23
280,4
690,38
468,19
639,25
692,680
950,1
861,15
383,735
937,12
24,9
298,680
938,735
13,25
757,772
296,19
719,6
99,19
879,785
74,735
438,2
496,5
663,16
43,5
336,9
371,93
599,8
515,9
440,23
332,93
426,22
852,785
964,93
185,735
679,1
666,22
812,25
762,2
64,785
959,785
615,25
962,23
969,785
287,2
716,10
259,772
976,786
663,786
297,826
834,93
139,11
729,735
877,25
272,35
200,11
932,785
953,6
45,786
707,19
7,16
29,35
525,8
154,11
399,815
401,15
147,735
565,2
984,826
750,6
516,23
402,38
972,4
241,22
519,10
975,9
318,772
615,22
317,772
466,11
965,680
450,826
732,786
185,4
596,735
961,785
781,6
432,22
858,680
553,785
660,19
864,9
257,93
593,16
65,2
339,735
892,4
242,772
95,815
118,9
673,9
256,2
812,15
43,785
540,735
975,22
886,2
873,15
81,19
195,23
13,4
822,826
217,38
642,1
419,735
296,8
406,93
926,772
619,786
324,11
435,8
127,11
806,9
695,4
386,9
557,35
300,12
910,27
179,15
394,815
608,5
256,772
439,12
955,735
942,680
256,25
111,35
627,826
541,11
926,10
49,35
713,4
469,16
220,12
96,2
648,815
24,735
539,93
938,9
559,22
526,735
321,25
232,23
359,12
78,1
830,735
250,16
140,23
399,826
642,826
149,815
846,10
594,35
779,680
155,15
229,12
266,6
486,735
340,1
213,680
911,1
293,815
590,15
495,786
180,826
642,19
240,772
96,25
461,815
667,25
136,10
356,16
928,38
435,22
788,680
20,786
368,19
421,23
717,9
629,786
889,10
145,93
240,93
184,826
222,93
957,22
797,2
251,8
69,1
1004,23
180,4
753,785
649,27
408,680
134,8
498,22
428,826
984,27
68,772
637,9
346,735
846,815
79,786
704,772
887,12
230,785
174,2
637,772
990,815
848,772
481,826
742,10
466,785
657,735
322,10
982,772
507,10
754,9
686,8
318,38
963,815
984,680
127,772
590,25
441,38
830,93
634,680
745,16
784,826
566,6
159,25
677,1
331,6
242,10
702,27
902,4
464,16
852,25
377,785
356,6
265,815
232,12
964,786
532,1
238,38
368,1
421,25
385,680
446,19
48,25
340,785
270,680
661,25
439,16
300,826
851,826
548,16
269,38
288,12
343,35
76,785
883,22
538,10
42,23
427,12
637,27
305,786
566,25
217,11
751,23
970,4
220,16
71,826
328,2
338,785
122,735
304,27
527,93
446,785
485,826
332,22
408,9
779,10
985,785
76,19
705,8
597,10
249,815
486,12
627,680
220,786
720,6
560,10
156,10
912,680
983,8
514,10
161,815
970,15
896,12
934,25
132,35
760,12
82,8
263,93
746,35
393,6
48,786
529,4
107,16
67,785
398,735
137,9
799,826
28,680
875,23
142,826
610,815
872,815
713,815
56,38
809,680
310,826
511,5
869,25
413,35
396,93
859,680
847,785
477,6
424,772
558,785
887,16
135,15
193,12
748,826
825,12
736,12
554,15
418,1
773,815
703,23
906,826
172,16
616,785
233,6
507,22
397,11
898,93
369,9
276,22
774,680
138,19
375,23
908,38
583,25
894,785
473,27
128,5
326,2
437,5
648,785
116,15
795,9
887,786
637,38
32,22
892,735
449,2
31,38
496,680
900,785
467,25
378,11
675,19
567,1
645,680
868,93
446,15
51,16
533,2
915,4
609,815
520,9
480,11
979,35
483,6
818,786
248,23
584,38
285,772
416,93
677,93
841,6
738,93
350,826
388,19
869,11
980,2
429,772
947,772
270,27
18,16
590,826
756,38
543,735
89,93
971,11
518,11
59,815
900,5
758,826
801,5
861,35
57,680
207,815
65,735
372,16
411,826
876,27
718,786
202,38
348,9
775,772
891,11
856,23
527,9
126,772
474,12
292,11
919,772
721,5
353,35
478,815
502,27
799,19
638,9
110,27
789,9
147,15
480,735
523,815
697,93
184,8
555,11
829,19
613,785
246,785
323,8
108,735
694,9
695,815
916,680
645,22
296,38
187,735
462,8
482,785
335,826
861,680
200,23
793,38
615,772
229,815
675,6
219,735
734,772
733,772
218,16
538,786
723,680
614,9
202,815
740,12
891,735
765,4
638,786
750,680
508,19
350,815
462,19
691,826
304,93
380,680
759,6
431,27
473,785
280,5
480,786
779,93
318,22
62,27
173,12
358,8
472,785
987,15
400,680
916,1
553,35
348,22
299,1
47,786
213,6
125,815
496,6
336,10
389,16
599,11
710,735
950,772
182,4
789,735
497,25
426,23
852,786
318,25
105,25
527,826
145,8
57,785
455,826
792,785
170,16
777,8
501,93
340,93
585,93
395,23
713,16
272,815
383,25
645,1
423,8
888,10
997,680
188,25
236,826
956,22
339,12
201,19
163,785
262,680
304,735
407,735
654,19
562,12
711,38
269,15
972,5
627,815
20,93
259,9
901,15
837,23
451,785
802,27
13,10
710,815
716,2
383,6
385,22
719,23
848,735
943,735
309,772
756,8
26,38
154,19
635,35
232,815
176,12
70,786
1006,5
436,35
678,93
130,8
540,22
44,19
947,12
216,2
771,785
62,12
120,19
688,6
355,2
893,680
380,10
731,786
491,9
882,785
223,27
260,23
263,10
235,12
877,10
660,27
238,11
113,786
756,23
682,8
762,826
1000,22
599,22
621,5
287,785
1006,12
257,680
365,786
797,15
191,735
674,826
858,15
587,10
162,93
626,35
516,6
294,11
206,786
602,8
163,38
494,9
407,772
284,735
799,93
855,16
196,38
717,15
956,35
335,38
300,4
65,19
339,35
964,35
100,23
214,11
968,38
967,22
411,11
843,12
368,786
380,826
643,785
188,772
744,2
281,772
301,35
797,8
340,2
880,23
898,23
612,25
192,9
652,10
655,15
824,9
578,8
634,93
689,11
213,35
729,826
161,5
435,25
717,8
457,4
388,735
232,772
106,680
639,93
236,27
661,22
77,826
633,12
451,6
911,9
108,93
787,23
509,772
402,11
995,815
924,735
834,6
837,11
970,19
738,23
557,786
334,15
998,22
800,9
285,4
803,4
153,772
831,9
100,5
250,35
140,6
510,10
830,772
636,38
840,772
432,785
911,22
307,786
880,5
551,15
17,19
180,12
427,22
319,12
32,11
488,8
862,4
168,16
902,5
851,735
764,735
500,826
529,9
88,786
310,15
755,772
754,772
554,19
208,22
668,15
889,27
671,2
502,93
54,735
642,772
806,815
648,35
226,19
139,680
375,11
567,680
180,11
551,4
168,786
869,22
962,815
427,15
119,6
377,22
639,735
267,19
430,8
970,5
915,786
257,25
420,38
960,19
378,680
568,35
640,11
469,735
489,16
492,11
532,9
332,23
131,826
408,10
942,22
929,35
433,6
162,9
347,15
905,10
816,22
227,786
502,786
930,2
641,93
91,2
128,8
424,25
405,25
45,2
32,25
664,25
591,11
776,786
192,735
714,9
532,16
825,10
492,2
661,815
421,10
850,2
579,23
601,38
767,12
289,786
644,22
793,815
575,35
209,27
448,23
692,826
141,12
841,27
434,22
609,23
113,10
662,27
773,12
920,27
133,786
835,786
674,22
640,735
992,8
14,19
950,815
329,22
310,16
956,680
258,10
499,815
703,22
3,680
335,8
690,9
853,16
211,22
693,12
912,19
458,8
369,8
794,27
743,12
30,2
51,785
659,5
385,38
351,25
153,2
579,826
212,772
305,772
341,19
788,25
330,772
992,15
258,735
921,5
353,16
900,786
317,10
959,16
378,8
677,815
418,25
789,6
774,785
811,25
258,5
668,19
261,8
875,4
341,826
530,12
912,10
493,15
845,815
221,735
311,8
461,38
372,10
246,772
101,15
412,27
965,27
162,815
841,5
287,35
313,23
77,22
42,8
447,786
529,93
624,93
181,8
477,23
242,38
832,10
635,8
514,785
144,12
736,27
1010,35
295,815
740,786
465,11
670,680
73,11
533,10
222,19
629,6
817,786
563,680
410,815
412,735
215,16
325,735
570,1
163,22
274,15
703,815
941,27
728,35
403,11
95,10
477,16
439,786
482,93
997,772
428,1
543,786
218,22
789,8
974,12
614,23
279,826
194,15
1003,815
86,1
629,15
573,786
262,11
323,11
0,38
879,6
755,12
385,9
77,8
114,786
238,815
742,826
861,786
823,735
720,735
516,680
828,93
295,38
685,15
117,2
228,27
746,15
653,38
675,9
811,12
336,786
689,786
194,6
394,11
505,772
345,735
285,680
626,5
55,680
330,19
262,2
300,772
247,15
669,23
805,2
311,786
403,786
388,9
210,25
836,680
581,38
66,680
92,680
71,772
56,772
114,6
190,772
525,735
857,9
450,4
507,93
169,15
115,93
503,9
676,23
641,680
71,735
58,785
76,93
790,11
24,11
247,4
528,38
234,11
472,786
990,9
667,38
481,15
706,23
100,826
373,9
909,93
855,15
200,6
623,19
578,93
427,785
818,25
621,25
431,35
364,6
182,5
775,16
797,35
780,93
798,772
37,9
723,93
706,680
580,15
598,815
395,22
694,19
843,826
666,785
792,23
559,5
192,93
781,11
50,23
730,815
142,10
56,786
660,22
953,4
164,19
349,9
297,35
759,23
120,815
766,785
303,680
550,22
642,815
477,826
866,772
407,19
66,38
747,11
32,815
343,11
201,680
972,6
975,11
264,93
834,35
84,680
488,38
345,22
198,15
719,22
556,15
908,826
525,772
89,25
329,93
76,735
593,22
460,11
959,35
300,23
52,826
280,27
44,12
390,735
540,23
947,15
470,786
975,16
614,815
420,4
738,11
355,735
559,11
675,93
14,35
506,10
203,38
278,25
463,23
874,785
409,785
135,785
871,11
102,785
584,16
216,10
254,27
1008,38
241,6
868,680
209,93
745,35
230,735
984,15
624,22
803,786
146,19
367,772
171,25
445,5
232,25
604,785
877,2
496,35
341,735
253,35
399,772
537,22
426,8
784,4
362,16
36,772
440,826
555,93
540,815
923,4
945,23
748,23
180,772
309,19
370,35
960,15
778,10
63,4
745,815
949,35
75,1
917,10
457,11
265,38
943,815
290,38
165,16
595,785
688,93
118,16
744,735
746,786
51,815
214,772
451,9
17,25
56,12
609,10
437,38
538,6
42,35
994,27
773,23
45,22
449,35
602,27
728,680
624,4
508,93
55,93
883,785
557,785
464,27
171,23
356,25
529,23
363,815
567,38
218,38
113,772
457,12
535,25
186,15
386,16
831,8
351,680
816,735
1000,12
572,2
757,10
26,772
1001,19
858,25
362,2
678,772
441,735
188,93
688,35
430,6
970,27
994,815
591,4
578,27
689,4
502,35
174,11
985,11
1008,735
555,735
208,23
890,735
818,38
582,23
767,25
162,15
436,15
204,35
296,772
957,38
616,35
870,786
375,10
584,12
91,12
455,772
94,11
847,6
355,38
501,11
778,826
968,826
664,19
995,22
613,16
82,15
946,27
124,35
470,19
236,772
719,4
850,8
260,735
411,22
1002,680
569,11
989,8
572,16
276,2
633,38
890,2
66,23
286,785
753,826
1007,19
113,16
615,35
156,4
430,16
477,11
39,772
135,16
690,786
140,93
838,12
418,4
421,9
279,785
83,93
582,1
964,15
982,815
767,15
471,9
275,815
384,11
647,10
372,5
743,22
963,772
1001,6
676,93
415,11
326,9
133,785
100,785
674,23
140,786
252,15
823,15
57,15
442,38
462,93
636,735
211,786
474,826
665,6
258,11
999,16
194,35
983,826
628,785
555,38
79,22
157,680
91,19
199,786
55,9
319,35
752,786
142,93
731,35
132,19
317,9
997,785
724,2
727,23
543,815
431,1
489,10
734,785
955,680
776,6
740,735
61,4
286,1
162,19
878,16
940,6
30,735
967,735
952,1
96,93
313,22
116,16
524,15
585,15
270,25
181,23
453,786
203,22
477,22
978,38
448,772
378,16
586,22
566,735
714,35
678,5
882,23
863,11
283,15
621,815
286,8
986,9
913,735
736,785
754,93
259,38
29,826
817,785
843,785
274,12
278,826
464,93
264,10
580,785
856,25
527,11
456,786
400,15
496,19
403,10
425,25
650,9
395,772
394,772
350,93
168,735
939,93
81,735
333,785
836,22
598,680
305,23
344,22
314,815
166,772
918,35
317,680
176,772
854,27
123,15
88,27
309,35
681,10
842,786
259,786
459,1
224,16
886,93
617,735
373,6
413,5
553,826
258,786
132,8
117,1
43,8
228,4
206,19
502,16
832,25
613,38
621,38
106,786
471,815
611,16
80,19
689,785
779,38
86,25
197,10
288,826
533,27
222,2
812,38
353,772
523,93
669,22
876,11
967,785
148,772
302,5
360,12
346,35
918,772
672,4
981,6
857,8
450,5
860,19
453,8
218,25
37,772
722,12
351,786
957,680
540,11
416,12
714,786
679,5
790,8
313,815
207,772
837,35
505,23
876,2
913,8
24,785
919,22
868,772
521,8
670,22
324,25
91,680
536,22
593,27
314,19
460,22
635,23
302,785
981,15
446,815
160,826
733,735
475,12
95,826
775,19
725,735
376,2
527,772
328,826
98,38
81,38
634,826
466,15
469,2
287,15
916,10
534,4
630,8
264,38
670,25
249,35
874,35
303,826
129,22
956,16
888,785
978,5
853,93
367,19
459,786
461,735
116,785
922,19
44,22
562,10
596,772
947,9
927,680
430,735
329,815
382,35
184,38
701,10
62,11
961,680
858,772
198,12
593,786
741,4
997,735
462,735
987,786
879,735
238,6
384,785
629,772
423,735
463,9
374,11
413,815
910,23
621,10
179,11
537,11
993,22
903,826
775,1
266,19
784,23
861,23
441,15
81,16
101,93
959,735
780,35
410,786
894,815
146,25
420,5
612,786
538,93
521,35
667,12
53,11
146,735
989,815
1012,785
520,826
189,6
996,93
707,2
179,16
439,9
242,826
938,815
83,35
871,10
376,23
840,785
513,11
750,23
271,815
418,772
91,35
823,786
720,38
294,9
331,785
82,815
68,785
642,23
663,826
902,22
578,15
297,786
568,9
200,35
1010,25
991,9
557,25
707,11
859,785
90,11
47,22
158,15
513,12
1004,27
291,23
534,815
441,25
668,680
289,93
328,16
146,11
455,23
349,785
251,815
285,9
568,16
359,6
146,772
382,680
275,15
386,22
741,826
704,5
482,2
905,786
140,9
233,38
143,12
594,25
575,9
942,772
137,680
728,826
893,11
451,8
513,5
254,10
787,25
609,9
551,16
556,93
612,2
187,680
834,4
230,19
696,93
677,5
627,16
205,772
171,22
299,93
63,12
445,22
529,22
713,735
989,826
631,4
761,93
137,27
729,4
54,15
863,815
115,15
794,5
940,735
686,15
246,93
301,19
66,2
893,4
622,680
627,735
811,785
131,25
498,12
649,1
427,8
230,10
751,11
860,815
39,785
777,786
995,16
393,25
174,8
396,2
1004,815
532,12
399,23
917,27
1010,2
112,772
297,8
78,25
446,22
671,12
142,815
273,23
76,23
574,786
940,35
134,772
526,10
286,815
548,19
144,772
362,10
91,15
551,6
933,12
56,27
476,22
245,735
338,19
834,22
67,38
180,786
587,815
421,772
82,12
376,785
85,1
432,35
964,772
416,786
532,11
36,16
773,826
648,93
371,22
647,785
579,16
617,786
122,6
177,772
203,772
742,735
301,5
819,5
566,786
239,786
311,826
977,27
316,25
360,35
267,10
178,22
306,35
859,27
970,10
881,10
1008,772
734,35
477,10
760,15
464,1
118,772
378,4
911,772
567,12
739,5
211,19
319,786
782,19
839,38
771,680
422,25
387,9
226,35
372,6
965,23
856,5
341,8
879,93
934,23
292,25
992,10
576,735
317,15
500,785
763,35
946,10
640,27
949,15
107,10
734,815
806,93
717,35
754,815
258,8
210,785
942,38
48,1
1003,826
801,8
162,25
937,19
190,12
869,772
437,2
795,10
1002,23
875,815
217,680
31,35
845,22
810,8
204,815
317,8
104,22
946,5
378,22
268,25
860,8
147,2
518,23
900,25
263,680
530,10
912,12
804,10
626,22
915,9
607,8
644,6
975,35
922,93
434,6
659,12
316,38
208,786
906,2
299,38
156,735
363,5
453,785
845,15
630,815
95,15
60,35
597,772
190,785
567,27
825,35
165,93
221,16
833,35
797,93
799,786
121,735
429,35
108,25
73,9
422,2
740,25
409,15
780,10
765,15
602,38
783,15
841,12
718,785
829,786
1012,35
351,9
891,12
620,19
954,785
114,735
431,22
675,2
144,5
185,786
900,15
407,9
467,815
543,27
344,23
915,23
420,735
737,11
437,786
330,22
773,680
425,826
173,23
799,680
263,815
302,735
570,22
952,16
681,9
792,4
77,6
64,5
528,815
891,5
964,735
875,786
183,772
572,786
846,735
995,35
580,680
959,9
265,680
1003,35
586,25
253,11
885,11
978,786
150,38
614,12
541,815
111,2
55,785
1011,16
955,815
740,15
848,9
65,785
49,2
1005,93
342,680
990,4
349,826
79,815
423,23
462,22
631,786
869,35
941,11
781,23
345,772
531,93
289,23
933,785
663,23
223,815
888,772
225,15
247,815
48,815
710,22
52,815
271,16
145,785
935,9
791,772
354,19
83,6
369,35
577,9
173,9
691,1
395,19
913,15
716,15
385,25
663,785
423,12
64,19
462,25
691,772
854,815
267,93
659,815
809,772
384,772
704,35
525,11
440,27
700,23
280,15
83,15
944,22
137,93
982,680
360,786
468,38
969,735
971,815
256,8
809,38
111,16
355,25
120,8
324,772
345,19
835,93
124,12
200,15
56,735
753,15
629,826
888,786
222,815
389,6
525,4
46,25
729,38
1003,22
414,22
73,93
878,826
808,8
130,12
922,16
705,93
104,826
526,93
654,22
947,8
711,35
898,9
259,10
62,8
136,735
963,735
306,19
96,8
136,25
619,785
695,11
557,38
176,15
985,815
672,735
70,785
808,15
405,826
170,772
744,23
621,772
855,680
269,5
219,16
294,23
461,680
120,22
724,786
94,815
899,35
420,6
976,772
630,27
1009,6
99,10
612,680
670,8
728,15
432,1
161,8
189,5
843,8
608,25
537,19
648,10
577,786
390,25
155,10
85,735
840,786
784,15
947,22
266,27
880,19
170,8
886,25
837,6
306,5
752,93
309,8
739,735
331,23
63,25
763,8
893,815
359,8
568,10
396,22
606,27
275,9
368,16
114,35
278,22
261,38
335,35
979,826
29,10
892,22
638,93
178,785
757,6
957,25
226,5
390,16
17,38
348,93
536,785
42,38
494,786
923,6
834,10
321,680
159,23
531,22
970,23
146,8
185,35
1012,27
226,826
813,22
193,35
230,786
191,93
838,38
470,12
239,735
813,785
704,6
341,785
140,10
125,15
840,27
433,16
201,12
594,22
868,6
744,12
980,735
177,11
251,12
758,38
541,25
724,815
637,5
60,10
763,6
393,23
174,6
310,11
510,772
275,23
1010,8
547,12
398,772
510,9
438,826
41,9
976,23
461,6
686,12
390,2
490,93
180,15
933,2
338,25
121,786
363,35
751,10
862,11
591,6
846,826
442,11
486,815
838,16
107,38
322,772
381,6
881,786
440,93
853,2
411,19
782,6
31,785
769,19
365,93
807,10
644,35
629,38
463,815
375,4
505,93
180,22
94,9
795,38
248,772
45,6
103,735
658,786
586,826
533,785
760,9
353,2
136,35
174,16
568,38
418,11
769,785
221,11
905,772
783,815
930,772
162,4
76,15
276,12
350,15
408,786
816,9
214,815
141,16
17,2
128,11
76,772
405,38
758,11
722,680
906,22
430,22
413,38
178,23
70,9
417,35
270,10
514,6
900,815
295,6
282,9
393,10
85,9
237,680
473,815
535,38
372,826
544,22
194,38
471,11
109,772
607,5
954,35
300,735
462,815
962,35
195,93
166,19
739,815
847,22
977,19
687,2
524,27
391,12
501,27
252,9
658,772
1005,16
363,22
457,93
477,2
918,680
132,22
724,5
923,735
836,735
651,815
672,680
65,93
603,22
307,8
787,786
310,23
628,22
554,11
443,15
407,680
246,15
122,9
693,9
166,785
480,8
634,786
706,826
326,6
128,25
743,772
341,16
861,772
474,6
790,735
168,15
774,19
995,15
856,786
85,27
675,23
272,93
221,22
576,11
344,10
471,25
384,27
635,815
339,785
30,8
730,9
634,38
156,19
696,8
992,25
377,826
428,5
600,25
897,10
971,15
899,826
665,22
172,2
246,25
122,27
197,6
382,2
683,93
222,22
942,826
876,23
913,27
52,4
253,815
459,10
277,15
462,5
817,10
249,5
856,27
74,786
21,10
326,786
715,772
185,785
761,19
429,27
379,10
950,8
751,786
437,785
333,10
170,35
409,23
463,785
548,38
881,93
592,8
556,38
991,826
830,22
462,12
891,4
966,27
695,38
753,27
992,23
496,12
21,19
663,25
561,6
228,6
134,680
502,22
233,680
516,826
280,2
601,8
783,785
329,826
934,786
259,22
854,16
805,15
534,8
938,23
423,22
481,11
980,27
