928,1
820,23
791,93
685,5
117,8
852,93
981,4
748,785
512,10
271,19
736,35
576,23
80,12
649,826
269,25
589,815
145,11
848,1
666,8
81,35
713,19
198,16
491,38
805,8
792,19
919,16
28,10
213,2
698,735
610,35
682,27
522,23
499,23
907,12
655,785
622,785
293,11
404,2
944,23
194,23
621,785
123,785
837,815
538,38
688,12
120,9
62,6
694,22
89,786
991,785
298,815
960,38
136,19
559,6
766,19
953,9
806,16
741,772
316,772
7,15
658,27
589,38
420,826
280,23
207,9
689,826
83,23
138,93
266,22
747,12
87,772
365,23
517,735
479,19
762,22
380,15
731,785
0,5
667,9
375,772
781,1
728,9
435,6
164,5
238,4
717,25
189,11
547,19
675,38
929,9
683,38
924,772
318,15
727,735
673,12
18,772
440,815
516,27
666,680
613,826
449,93
670,772
288,93
146,23
455,35
938,11
28,23
14,38
824,772
988,15
704,9
353,93
671,735
732,4
290,19
0,826
932,9
537,735
843,11
830,680
63,826
135,786
800,785
584,19
430,826
329,735
933,22
590,9
739,772
652,15
764,772
945,19
713,15
0,19
883,772
757,680
868,826
999,735
620,93
309,786
492,35
865,735
952,735
1011,786
316,785
760,93
892,23
90,9
769,15
112,22
37,815
134,785
567,772
536,786
156,35
160,38
531,25
973,9
334,8
778,9
824,786
307,38
199,12
401,93
662,785
346,23
29,2
964,22
214,6
325,1
917,786
594,23
905,27
500,25
800,815
673,23
584,1
88,38
437,35
458,786
771,735
296,680
994,22
904,786
834,2
655,16
328,25
970,680
113,680
664,8
960,25
427,735
393,22
232,10
1010,9
186,10
371,10
387,785
26,6
957,815
618,9
616,826
729,10
932,38
368,772
754,2
62,93
65,815
797,22
979,5
523,22
502,772
486,23
571,680
591,826
498,10
390,772
923,23
764,785
230,8
106,10
566,27
862,8
494,38
521,93
245,10
598,93
871,785
304,25
502,38
939,4
850,12
742,6
779,8
964,4
214,16
369,25
1011,35
976,15
705,10
616,38
279,27
890,6
1001,25
526,8
893,27
822,25
458,772
773,6
97,826
156,8
637,22
875,826
822,786
788,8
881,23
664,22
168,27
334,680
82,10
946,22
85,15
91,815
715,735
755,785
261,25
322,25
912,25
125,25
878,2
807,2
76,8
350,12
393,815
841,22
415,15
865,786
202,15
773,15
494,815
723,22
392,38
674,27
948,27
159,10
1005,22
255,6
257,22
352,826
171,680
543,826
603,16
1005,785
36,25
258,15
495,19
776,27
443,9
922,38
279,786
544,23
504,9
103,35
582,4
530,22
215,735
550,93
1010,815
312,38
190,11
890,8
770,5
974,680
738,826
709,16
341,22
363,9
1005,15
737,772
613,15
724,6
762,772
542,5
377,815
466,680
985,680
174,35
467,23
236,680
825,23
774,786
140,38
912,23
197,19
288,785
589,785
681,785
311,15
98,15
372,15
7,680
890,19
229,93
483,4
88,9
433,815
752,16
55,10
866,8
424,11
795,12
906,25
447,785
356,826
696,2
258,772
838,680
231,15
489,15
860,10
828,35
920,772
776,9
579,9
283,11
175,9
468,5
73,6
989,16
475,93
347,22
994,93
705,22
544,826
209,9
412,23
397,826
215,23
487,786
434,4
237,6
313,27
901,815
297,735
706,15
264,6
980,15
896,22
179,735
132,5
685,25
45,815
979,772
376,815
690,826
512,38
440,1
98,772
616,772
305,19
433,38
839,15
197,5
108,27
267,785
555,9
222,23
583,10
876,16
694,11
0,35
496,785
351,11
630,35
210,35
823,23
737,815
21,9
956,15
774,2
813,93
870,22
636,826
708,735
621,735
881,815
900,9
739,35
33,785
468,11
876,786
918,38
456,23
627,93
592,9
842,785
224,19
850,772
908,786
175,680
749,680
956,6
206,22
979,786
525,23
895,19
622,772
897,27
993,15
722,16
374,93
429,19
361,786
712,6
358,785
333,2
832,826
101,38
123,25
363,93
163,8
608,785
972,735
521,4
370,9
741,22
40,23
206,25
650,38
150,826
748,786
506,680
658,38
72,93
54,93
884,815
722,11
83,8
552,1
861,9
679,6
972,12
292,772
848,2
296,735
905,93
580,12
320,16
802,2
857,815
398,2
879,16
348,19
296,25
756,826
277,25
1001,815
855,11
992,38
21,735
334,815
278,8
389,27
707,16
838,826
892,12
512,2
361,25
253,27
550,19
515,15
58,27
498,815
426,16
351,772
601,25
488,735
158,22
307,815
969,16
143,93
182,786
441,2
24,22
495,772
81,27
444,25
466,10
854,35
358,4
89,785
398,5
475,815
3,10
122,680
965,826
251,772
238,2
314,25
460,8
117,25
262,786
68,8
801,826
450,735
1003,8
808,10
182,16
572,680
276,93
83,22
746,826
800,772
944,15
362,35
587,19
401,772
145,4
365,22
382,38
241,8
441,11
80,735
615,12
959,772
339,826
762,23
13,5
415,826
380,8
72,735
491,23
879,38
1007,93
398,12
556,11
205,680
136,27
999,680
1000,815
928,23
506,15
198,772
435,9
660,25
26,35
120,826
874,786
196,826
608,735
308,680
41,19
540,19
977,772
944,6
1003,772
969,2
587,8
352,12
170,15
922,735
335,680
528,15
306,8
1009,4
517,35
223,6
849,8
741,10
778,4
28,16
673,826
581,6
568,5
767,815
677,786
606,22
877,5
742,27
672,35
1000,27
250,19
512,23
414,6
234,735
550,4
658,10
661,15
313,735
575,4
633,5
740,815
636,22
266,25
419,38
57,815
701,25
561,772
997,8
379,826
638,826
966,680
531,19
640,815
136,9
762,735
546,35
529,25
250,785
396,16
199,22
550,826
554,35
275,11
717,10
20,785
354,93
101,735
863,826
807,25
957,23
523,27
390,22
144,786
969,12
492,680
498,25
120,38
637,10
106,25
677,25
751,6
146,6
986,680
380,735
272,5
551,815
371,4
152,826
388,785
631,8
964,23
767,23
967,10
754,8
917,785
41,6
315,22
133,680
812,680
415,19
844,25
183,680
96,785
173,93
377,15
234,93
839,680
229,785
603,12
107,35
128,785
236,786
310,9
275,25
31,735
983,786
379,93
112,5
331,680
115,16
942,786
190,23
548,23
1004,4
180,9
306,93
862,772
94,4
316,6
154,786
561,815
119,4
249,93
674,6
452,19
677,11
255,19
353,15
446,735
727,15
532,15
495,12
668,4
211,6
1010,826
682,815
520,19
597,11
819,1
982,735
513,735
509,785
291,15
810,785
615,38
798,23
377,25
836,785
453,826
183,815
256,735
404,680
337,785
504,735
428,35
653,11
14,10
625,9
399,25
936,1
850,4
575,826
942,27
48,22
603,785
964,12
767,2
1005,680
239,16
190,1
619,11
412,11
288,25
566,785
91,25
698,35
920,25
352,38
706,35
501,16
530,680
360,38
252,12
126,786
217,22
721,19
82,2
523,680
638,680
107,22
985,25
628,9
96,735
831,35
580,735
372,772
672,93
782,22
656,785
839,35
491,772
384,15
459,735
890,9
249,826
930,22
128,4
459,25
687,12
158,815
267,4
674,19
823,11
150,772
652,735
243,815
118,786
502,8
85,16
547,93
467,22
378,10
489,5
307,10
453,23
971,19
733,826
552,826
442,815
33,10
326,815
335,23
48,4
690,2
693,23
285,735
569,25
868,35
251,35
529,785
215,25
625,680
274,22
75,772
20,25
3,35
294,93
351,4
42,10
410,35
563,27
193,772
931,735
219,772
734,16
425,19
304,6
971,8
477,735
900,4
498,785
172,5
906,815
579,8
394,27
305,25
175,8
344,12
530,9
715,15
215,22
752,8
126,2
348,8
795,4
32,35
468,815
663,5
721,6
242,35
336,735
689,93
835,10
193,16
157,10
801,772
453,25
106,826
80,25
761,8
286,12
162,38
609,826
555,8
962,10
138,15
598,772
123,10
323,9
930,35
90,772
508,27
866,27
521,25
958,38
941,22
980,23
191,6
709,10
625,93
845,5
574,22
167,25
564,8
968,27
364,22
736,23
576,27
703,8
246,22
305,11
765,735
37,25
937,11
669,25
162,826
401,680
554,772
887,93
966,25
197,815
623,8
731,10
508,815
403,23
685,10
672,1
857,11
675,12
453,11
80,23
944,27
690,38
468,19
639,25
950,1
861,15
471,38
383,735
55,786
24,9
298,680
938,735
913,11
757,772
296,19
719,6
428,93
879,785
74,735
438,2
496,5
518,680
43,5
336,9
777,815
599,8
515,9
440,23
776,38
426,22
852,785
552,2
185,735
679,1
666,22
923,38
762,2
64,785
959,785
615,25
379,785
969,785
287,2
916,15
259,772
976,786
663,786
834,93
264,35
139,11
729,735
507,815
272,35
200,11
932,785
45,786
707,19
7,16
29,35
525,8
997,826
981,11
399,815
644,93
147,735
565,2
984,826
969,23
516,23
402,38
972,4
519,10
975,9
24,23
318,772
615,22
743,93
466,11
965,680
343,772
732,786
185,4
596,735
781,6
432,22
858,680
302,27
660,19
698,785
864,9
257,93
613,93
65,2
339,735
892,4
242,772
404,11
118,9
673,9
901,9
812,15
43,785
540,735
975,22
886,2
873,15
392,23
195,23
68,815
822,826
217,38
642,1
96,11
296,8
406,93
926,772
728,11
324,11
435,8
127,11
806,9
457,27
386,9
557,35
176,2
910,27
179,15
394,815
398,815
256,772
439,12
955,735
177,680
256,25
111,35
627,826
562,826
926,10
49,35
713,4
843,815
220,12
96,2
648,815
24,735
539,93
424,826
526,735
321,25
232,23
284,785
535,9
78,1
830,735
250,16
433,27
399,826
642,826
149,815
846,10
404,25
779,680
155,15
871,6
266,6
486,735
340,1
216,15
911,1
293,815
590,15
745,38
180,826
642,19
240,772
331,8
461,815
667,25
136,10
266,815
928,38
435,22
788,680
20,786
368,19
421,23
936,38
889,10
617,826
145,93
240,93
222,93
277,680
957,22
797,2
486,27
69,1
1004,23
180,4
130,785
649,27
408,680
134,8
428,826
984,27
68,772
377,5
824,15
346,735
846,815
79,786
758,93
887,12
230,785
174,2
881,680
990,815
848,772
481,826
374,16
466,785
657,735
322,10
853,680
507,10
754,9
686,8
448,1
963,815
984,680
127,772
94,2
441,38
830,93
634,680
230,23
784,826
566,6
159,25
474,38
331,6
242,10
702,27
464,16
852,25
377,785
356,6
265,815
245,15
964,786
689,6
218,35
238,38
368,1
421,25
297,11
446,19
48,25
340,785
732,19
661,25
439,16
300,826
779,735
548,16
269,38
288,12
930,10
76,785
883,22
538,10
958,25
427,12
637,27
305,786
948,23
217,11
751,23
970,4
220,16
71,826
898,735
338,785
800,6
304,27
527,93
446,785
628,4
332,22
408,9
779,10
989,10
76,19
705,8
597,10
486,12
893,25
627,680
220,786
202,735
560,10
156,10
912,680
341,2
514,10
161,815
970,15
896,12
257,19
132,35
760,12
263,93
746,35
393,6
48,786
529,4
107,16
429,735
927,10
311,735
137,9
799,826
28,680
30,785
142,826
610,815
872,815
822,22
56,38
809,680
310,826
237,25
869,25
413,35
396,93
532,785
847,785
477,6
424,772
613,735
887,16
135,15
193,12
567,8
825,12
736,12
554,15
900,23
773,815
703,23
906,826
172,16
942,35
233,6
507,22
125,16
898,93
369,9
276,22
339,772
375,23
908,38
583,25
490,815
894,785
473,27
128,5
326,2
937,785
648,785
116,15
335,815
887,786
637,38
32,22
892,735
449,2
802,93
496,680
406,5
467,25
378,11
675,19
715,786
645,680
868,93
446,15
533,2
915,4
626,27
609,815
347,19
480,11
979,35
483,6
818,786
943,9
584,38
285,772
416,93
677,93
987,35
738,93
166,9
388,19
869,11
980,2
194,680
947,772
270,27
18,16
510,735
756,38
543,735
89,93
863,9
518,11
59,815
900,5
740,785
801,5
861,35
57,680
65,735
372,16
923,93
411,826
434,2
718,786
202,38
348,9
82,93
891,11
856,23
527,9
970,35
474,12
292,11
919,772
793,93
353,35
478,815
502,27
638,9
231,6
110,27
789,9
557,93
480,735
523,815
697,93
419,25
555,11
829,19
613,785
262,10
323,8
108,735
694,9
274,9
916,680
645,22
296,38
462,8
482,785
335,826
962,772
861,680
623,2
793,38
615,772
488,786
675,6
219,735
734,772
733,772
401,27
538,786
723,680
510,93
202,815
740,12
891,735
638,786
395,25
750,680
508,19
208,772
462,19
691,826
304,93
734,10
759,6
431,27
473,785
480,786
761,25
779,93
318,22
541,38
173,12
358,8
472,785
400,680
916,1
553,35
74,6
188,2
299,1
47,786
213,6
496,6
21,25
336,10
389,16
304,35
710,735
950,772
182,4
993,6
497,25
426,23
852,786
944,19
105,25
527,826
145,8
455,826
383,786
792,785
170,16
297,680
501,93
340,93
585,93
395,23
434,38
272,815
383,25
296,27
423,8
888,10
997,680
213,15
236,826
956,22
339,12
201,19
843,25
262,680
304,735
654,19
105,2
711,38
269,15
256,12
972,5
627,815
20,93
259,9
847,93
837,23
451,785
802,27
13,10
913,4
716,2
385,22
719,23
848,735
645,10
672,786
309,772
756,8
26,38
635,35
232,815
176,12
463,15
932,6
1006,5
436,35
678,93
516,786
540,22
44,19
947,12
451,19
771,785
62,12
120,19
688,6
247,16
893,680
380,10
491,9
109,15
882,785
223,27
667,10
263,10
235,12
877,10
238,11
113,786
756,23
292,93
522,4
762,826
1000,22
599,22
821,8
287,785
1006,12
257,680
337,16
797,15
191,735
674,826
1002,735
587,10
162,93
626,35
183,10
294,11
206,786
602,8
309,11
494,9
407,772
284,735
855,16
196,38
893,786
717,15
704,12
335,38
300,4
65,19
339,35
964,35
506,785
214,11
968,38
967,22
303,9
843,12
368,786
163,772
188,772
744,2
281,772
301,35
83,38
340,2
880,23
294,2
612,25
192,9
652,10
824,9
489,826
578,8
634,93
121,6
213,35
729,826
161,5
199,16
717,8
457,4
388,735
618,2
106,680
639,93
236,27
130,680
77,826
633,12
451,6
1004,16
108,93
787,23
509,772
551,22
995,815
924,735
834,6
857,786
970,19
738,23
557,786
941,93
998,22
800,9
285,4
57,93
153,772
831,9
100,5
140,6
31,815
510,10
830,772
619,38
840,772
432,785
911,22
307,786
880,5
551,15
469,815
427,22
959,826
319,12
32,11
824,23
862,4
168,16
902,5
851,735
764,735
135,35
529,9
606,9
310,15
755,772
754,772
607,815
208,22
668,15
889,27
671,2
873,772
54,735
642,772
643,772
648,35
226,19
139,680
567,680
930,11
180,11
551,4
498,9
869,22
962,815
427,15
156,12
377,22
639,735
267,19
32,2
970,5
915,786
257,25
442,23
960,19
378,680
568,35
640,11
469,735
381,2
492,11
186,16
332,23
131,826
408,10
671,11
929,35
433,6
162,9
76,12
905,10
816,22
227,786
340,38
930,2
641,93
91,2
936,826
424,25
405,25
45,2
514,11
664,25
591,11
776,786
231,680
714,9
532,16
825,10
453,35
661,815
421,10
850,2
137,8
601,38
767,12
289,786
76,11
793,815
575,35
209,27
526,22
692,826
141,12
841,27
806,680
609,23
113,10
662,27
773,12
973,815
133,786
835,786
32,16
640,735
992,8
14,19
950,815
511,815
956,680
258,10
499,815
703,22
3,680
335,8
405,772
690,9
853,16
616,786
693,12
397,10
458,8
369,8
794,27
619,2
30,2
51,785
659,5
976,826
351,25
153,2
579,826
980,4
305,772
341,19
788,25
292,6
992,15
384,815
258,735
921,5
353,16
760,27
317,10
959,16
677,815
640,16
418,25
789,6
774,785
811,25
576,8
668,19
357,4
875,4
341,826
530,12
715,8
493,15
845,815
221,735
480,12
461,38
372,10
246,772
212,6
412,27
965,27
162,815
841,5
126,25
313,23
77,22
889,785
447,786
529,93
624,93
474,2
477,23
242,38
832,10
514,785
144,12
549,680
736,27
628,25
295,815
740,786
465,11
33,772
73,11
533,10
222,19
422,12
817,786
563,680
410,815
412,735
215,16
159,93
570,1
163,22
805,16
703,815
941,27
18,8
403,11
95,10
477,16
421,93
482,93
997,772
428,1
875,680
218,22
789,8
974,12
407,15
279,826
194,15
1003,815
305,16
629,15
573,786
262,11
487,772
0,38
879,6
755,12
385,9
77,8
114,786
866,25
309,815
861,786
823,735
720,735
828,93
496,9
295,38
685,15
43,9
228,27
746,15
653,38
860,27
811,12
336,786
465,5
194,6
394,11
505,772
345,735
179,93
626,5
55,680
262,2
300,772
247,15
409,27
694,1
805,2
311,786
403,786
227,35
210,25
836,680
581,38
782,786
92,680
71,772
56,772
867,19
190,772
525,735
857,9
507,93
414,38
169,15
115,93
676,23
641,680
434,93
71,735
145,22
76,93
790,11
24,11
528,38
447,11
234,11
472,786
114,772
667,38
481,15
706,23
100,826
172,786
909,93
855,15
200,6
660,15
578,93
427,785
599,10
621,25
431,35
364,6
664,772
775,16
797,35
780,93
861,6
37,9
723,93
706,680
138,38
598,815
395,22
694,19
845,93
666,785
792,23
559,5
781,11
50,23
730,815
545,735
302,22
56,786
660,22
953,4
733,680
349,9
297,35
759,23
780,786
766,785
303,680
550,22
477,826
866,772
204,9
407,19
376,8
747,11
32,815
343,11
972,6
536,826
975,11
264,93
599,826
84,680
488,38
345,22
273,785
719,22
556,15
908,826
963,23
89,25
329,93
76,735
349,2
460,11
959,35
300,23
679,826
280,27
44,12
390,735
673,15
947,15
470,786
975,16
355,5
420,4
738,11
355,735
213,16
675,93
14,35
506,10
460,2
278,25
463,23
874,785
843,22
135,785
871,11
102,785
216,10
451,27
254,27
1008,38
868,680
577,23
209,93
745,35
984,15
602,9
624,22
803,786
899,38
367,772
171,25
445,5
803,25
604,785
877,2
496,35
253,35
399,772
90,10
537,22
249,785
784,4
362,16
36,772
990,93
555,93
540,815
923,4
748,23
180,772
160,35
309,19
260,6
960,15
778,10
63,4
124,22
949,35
75,1
917,10
208,25
265,38
943,815
290,38
898,786
595,785
688,93
118,16
905,22
746,786
51,815
214,772
911,8
17,25
56,12
609,10
720,19
538,6
42,35
994,27
205,10
45,22
449,35
602,27
144,735
624,4
508,93
55,93
667,16
557,785
464,27
171,23
374,680
529,23
363,815
567,38
532,4
113,772
457,12
535,25
186,15
276,826
831,8
351,680
1000,12
618,10
572,2
757,10
66,5
1001,19
858,25
362,2
183,16
441,735
188,93
688,35
13,38
970,27
994,815
591,4
334,23
689,4
502,35
174,11
1008,735
255,786
555,735
208,23
211,2
818,38
582,23
767,25
143,19
436,15
204,35
296,772
188,786
616,35
870,786
375,10
783,35
91,12
455,772
94,11
634,4
355,38
501,11
778,826
217,9
664,19
995,22
613,16
245,22
946,27
124,35
470,19
332,16
850,8
260,735
411,22
549,772
569,11
989,8
572,16
152,16
633,38
890,2
66,23
397,786
753,826
1007,19
113,16
962,93
156,4
430,16
477,11
82,6
135,16
690,786
140,93
967,93
418,4
421,9
279,785
690,15
764,10
582,1
964,15
982,815
471,9
275,815
384,11
79,9
372,5
743,22
963,772
676,93
415,11
326,9
215,4
351,19
100,785
674,23
140,786
126,785
823,15
57,15
442,38
193,2
636,735
211,786
474,826
665,6
132,785
999,16
194,35
451,93
628,785
555,38
79,22
659,4
91,19
199,786
55,9
527,5
752,786
142,93
731,35
151,785
317,9
997,785
724,2
727,23
946,4
431,1
489,10
110,15
955,680
776,6
740,735
579,4
286,1
162,19
878,16
30,735
967,735
583,16
952,1
96,93
459,19
116,16
524,15
270,25
181,23
453,786
749,772
403,5
477,22
978,38
448,772
512,35
586,22
566,735
714,35
110,22
882,23
863,11
283,15
358,735
286,8
986,9
913,735
641,15
754,93
259,38
29,826
843,785
952,8
274,12
278,826
464,93
264,10
634,35
856,25
413,12
456,786
400,15
496,19
921,22
425,25
650,9
395,772
420,772
350,93
168,735
939,93
81,735
924,815
836,22
598,680
379,8
344,22
314,815
166,772
222,27
317,680
176,772
854,27
88,27
323,10
309,35
681,10
259,786
459,1
224,16
385,8
617,735
373,6
64,4
413,5
753,680
258,786
132,8
117,1
43,8
228,4
206,19
502,16
832,25
635,25
621,38
875,93
679,785
611,16
80,19
689,785
446,38
86,25
197,10
288,826
113,93
222,2
812,38
353,772
62,22
669,22
876,11
967,785
916,4
302,5
360,12
346,35
978,19
672,4
981,6
857,8
253,5
860,19
453,8
218,25
80,10
351,786
957,680
540,11
86,16
416,12
714,786
679,5
848,15
313,815
207,772
837,35
876,2
913,8
714,680
24,785
919,22
868,772
189,735
670,22
768,10
91,680
536,22
593,27
956,25
460,22
635,23
302,785
446,815
160,826
925,786
733,735
917,93
95,826
775,19
725,735
527,772
784,25
328,826
98,38
688,10
634,826
466,15
469,2
508,35
916,10
534,4
630,8
670,25
249,35
874,35
212,815
820,27
129,22
956,16
888,785
759,22
853,93
367,19
459,786
116,785
922,19
44,22
562,10
133,2
194,16
947,9
927,680
180,35
329,815
382,35
184,38
385,785
62,11
961,680
858,772
605,25
593,786
741,4
997,735
637,680
987,786
879,735
238,6
630,772
629,772
423,735
463,9
671,35
413,815
910,23
621,10
827,826
537,11
993,22
903,826
118,12
266,19
784,23
861,23
994,15
81,16
101,93
959,735
780,35
321,735
894,815
146,25
612,786
494,4
521,35
667,12
373,680
53,11
146,735
989,815
520,826
956,38
189,6
996,93
503,785
179,16
439,9
242,826
500,9
83,35
871,10
376,23
712,38
513,11
750,23
271,815
418,772
91,35
362,22
720,38
294,9
37,35
82,815
68,785
791,15
663,826
902,22
578,15
963,4
568,9
200,35
1010,25
557,25
334,772
707,11
859,785
596,785
47,22
158,15
513,12
880,9
291,23
534,815
441,25
703,785
289,93
328,16
146,11
41,826
349,785
251,815
285,9
568,16
714,19
146,772
382,680
702,785
386,22
741,826
704,5
742,22
905,786
140,9
233,38
607,38
594,25
575,9
942,772
816,680
728,826
893,11
451,8
415,22
254,10
787,25
609,9
770,35
556,93
612,2
187,680
230,19
637,6
696,93
677,5
899,23
205,772
171,22
299,93
63,12
689,2
529,22
713,735
186,12
631,4
761,93
137,27
964,19
54,15
863,815
115,15
794,5
556,786
686,15
246,93
301,19
375,12
893,4
622,680
627,786
811,785
131,25
498,12
316,11
427,8
230,10
751,11
439,826
39,785
777,786
995,16
393,25
232,15
396,2
1004,815
803,15
399,23
917,27
1010,2
297,8
78,25
777,680
446,22
142,815
968,93
273,23
76,23
646,826
940,35
134,772
526,10
982,23
548,19
144,772
362,10
551,6
933,12
291,10
476,22
316,2
245,735
338,19
834,22
32,4
180,786
587,815
421,772
356,8
376,785
85,1
432,35
416,786
532,11
36,16
714,12
773,826
243,35
371,22
647,785
579,16
48,19
122,6
177,772
239,23
742,735
301,5
819,5
239,786
311,826
844,11
977,27
227,27
360,35
267,10
178,22
306,35
485,735
970,10
881,10
1008,772
536,38
477,10
760,15
464,1
67,786
378,4
911,772
567,12
579,25
211,19
319,786
782,19
771,680
148,93
422,25
387,9
458,15
372,6
965,23
856,5
929,772
879,93
934,23
292,25
992,10
884,8
317,15
500,785
193,1
946,10
640,27
949,15
107,10
471,735
806,93
717,35
754,815
515,35
210,785
942,38
563,815
1003,826
801,8
162,25
555,25
190,12
869,772
437,2
121,815
1002,23
875,815
217,680
57,23
845,22
810,8
204,815
281,735
104,22
946,5
378,22
513,772
860,8
147,2
518,23
564,772
263,680
530,10
912,12
273,680
626,22
915,9
607,8
422,11
975,35
922,93
434,6
952,2
316,38
208,786
906,2
49,786
156,735
363,5
453,785
630,815
95,15
60,35
663,8
597,772
635,10
567,27
825,35
221,16
628,27
833,35
797,93
121,735
429,35
357,11
108,25
1008,23
422,2
740,25
409,15
854,1
765,15
602,38
783,15
123,9
718,785
829,786
1012,35
264,11
891,12
620,19
954,785
774,12
431,22
675,2
144,5
147,16
900,15
407,9
467,815
910,826
344,23
915,23
420,735
737,11
437,786
718,23
773,680
262,9
173,23
799,680
263,815
570,22
952,16
681,9
1006,786
77,6
866,23
64,5
528,815
964,735
875,786
413,4
183,772
386,38
846,735
995,35
580,680
265,680
301,772
1003,35
586,25
517,815
885,11
978,786
150,38
541,815
134,826
111,2
55,785
1011,16
955,815
740,15
519,27
671,785
49,2
1005,93
342,680
350,786
349,826
79,815
423,23
462,22
631,786
226,772
781,23
657,9
345,772
531,93
289,23
327,6
663,23
223,815
888,772
781,786
247,815
48,815
710,22
714,93
271,16
145,785
935,9
993,2
354,19
83,6
369,35
541,35
173,9
691,1
395,19
198,19
716,15
385,25
663,785
521,15
64,19
462,25
691,772
906,38
267,93
659,815
809,772
704,35
460,23
525,11
440,27
293,12
280,15
83,15
944,22
601,27
982,680
360,786
468,38
971,815
552,6
256,8
809,38
975,12
355,25
120,8
324,772
423,5
835,93
124,12
200,15
56,735
953,10
629,826
888,786
336,4
389,6
525,4
46,25
766,680
1003,22
414,22
73,93
878,826
475,4
130,12
922,16
104,826
526,93
654,22
947,8
871,23
416,27
898,9
259,10
136,735
762,9
963,735
306,19
226,785
136,25
619,785
695,11
501,735
176,15
985,815
672,735
52,772
808,15
405,826
170,772
944,4
621,772
855,680
269,5
936,680
294,23
461,680
120,22
602,12
94,815
899,35
420,6
976,772
630,27
534,23
99,10
77,35
670,8
728,15
432,1
276,815
189,5
843,8
608,25
41,22
648,10
577,786
390,25
155,10
673,6
840,786
784,15
947,22
587,15
880,19
170,8
318,826
837,6
306,5
752,93
455,25
739,735
331,23
63,25
998,27
893,815
359,8
568,10
235,6
606,27
275,9
368,16
277,826
278,22
261,38
335,35
522,10
29,10
892,22
638,93
398,826
757,6
957,25
226,5
428,680
17,38
348,93
536,785
42,38
701,735
923,6
834,10
565,735
159,23
531,22
970,23
148,815
185,35
1012,27
226,826
689,8
193,35
230,786
191,93
252,93
470,12
239,735
813,785
189,23
341,785
140,10
125,15
840,27
236,22
201,12
594,22
61,93
744,12
980,735
177,11
306,826
758,38
541,25
724,815
748,8
60,10
763,6
393,23
270,826
310,11
510,772
275,23
544,1
547,12
398,772
510,9
41,9
976,23
204,38
461,6
390,2
923,785
490,93
180,15
511,735
338,25
121,786
363,35
862,11
455,4
591,6
846,826
446,786
486,815
838,16
107,38
381,6
881,786
474,815
440,93
411,19
671,15
782,6
31,785
368,826
807,10
644,35
629,38
135,680
463,815
375,4
505,93
511,19
94,9
795,38
248,772
377,27
103,735
658,786
586,826
788,15
760,9
353,2
136,35
448,826
568,38
418,11
769,785
754,826
905,772
783,815
930,772
569,9
76,15
276,12
350,15
705,12
816,9
214,815
141,16
36,826
128,11
76,772
405,38
758,11
64,35
906,22
430,22
413,38
909,11
70,9
417,35
270,10
881,9
900,815
295,6
856,772
393,10
85,9
237,680
73,786
535,38
372,826
544,22
322,19
471,11
109,772
607,5
595,815
300,735
462,815
962,35
609,735
166,19
739,815
847,22
869,5
687,2
524,27
391,12
947,826
252,9
658,772
1005,16
89,38
457,93
477,2
918,680
278,93
724,5
923,735
836,735
651,815
672,680
925,826
603,22
470,35
787,786
310,23
628,22
443,15
280,38
407,680
246,15
233,10
693,9
166,785
480,8
634,786
176,785
326,6
128,25
284,815
341,16
861,772
790,735
934,15
168,15
774,19
613,9
856,786
85,27
675,23
147,5
221,22
576,11
344,10
384,27
635,815
339,785
819,27
730,9
634,38
156,19
809,815
992,25
377,826
428,5
303,93
897,10
971,15
899,826
576,2
172,2
246,25
122,27
986,23
382,2
683,93
222,22
358,27
876,23
913,27
52,4
437,19
459,10
277,15
462,5
249,5
856,27
728,38
74,786
427,815
326,786
715,772
185,785
816,93
429,27
379,10
950,8
533,16
437,785
333,10
170,35
409,23
190,38
548,38
881,93
792,5
556,38
991,826
830,22
687,38
891,4
966,27
695,38
509,15
992,23
496,12
21,19
832,27
561,6
228,6
134,680
450,8
233,680
516,826
280,2
84,815
783,785
329,826
934,786
228,815
854,16
805,15
534,8
938,23
521,5
423,22
481,11
980,27
