928,1
791,93
741,786
685,5
117,8
981,4
157,23
748,785
512,10
736,35
935,8
576,23
80,12
269,25
587,735
589,815
145,11
666,8
519,19
81,35
713,19
491,38
456,4
805,8
792,19
28,10
855,8
213,2
698,735
682,27
460,16
522,23
499,23
655,785
380,786
622,785
293,11
944,23
229,19
194,23
621,785
837,815
18,786
538,38
688,12
62,6
395,11
694,22
89,786
298,815
741,25
136,19
559,6
766,19
324,735
953,9
806,16
316,772
206,735
7,15
658,27
420,826
77,786
280,23
207,9
83,23
138,93
376,11
266,22
87,772
770,93
365,23
517,735
762,22
857,826
380,15
731,785
667,9
524,35
375,772
728,9
435,6
164,5
238,4
189,11
139,826
929,9
675,38
683,38
404,16
924,772
318,15
673,12
837,785
18,772
440,815
666,680
577,19
613,826
449,93
288,93
859,35
146,23
455,35
28,23
670,9
14,38
824,772
704,9
978,680
353,93
671,735
932,9
0,826
952,786
537,735
843,11
633,6
830,680
63,826
800,785
47,11
584,19
430,826
933,22
365,9
590,9
739,772
764,772
319,680
945,19
713,15
883,772
882,772
757,680
868,826
620,93
470,10
309,786
492,35
952,735
991,11
1011,786
760,93
196,815
892,23
90,9
112,22
754,16
37,815
134,785
536,786
652,6
156,35
160,38
973,9
60,12
334,8
778,9
307,38
951,785
346,23
401,93
662,785
939,22
29,2
964,22
325,1
52,786
917,786
594,23
500,25
281,785
800,815
673,23
88,38
180,1
437,35
458,786
296,680
994,22
133,826
904,786
655,16
103,680
328,25
970,680
883,786
664,8
960,25
427,735
232,10
567,35
1010,9
186,10
26,6
889,22
742,15
618,9
957,815
729,10
616,826
932,38
754,2
75,735
523,22
65,815
797,22
979,5
1001,16
502,772
571,680
844,23
591,826
498,10
923,23
764,785
319,8
430,5
230,8
566,27
862,8
494,38
245,10
852,38
598,93
871,785
502,38
489,19
939,4
850,12
779,8
942,19
964,4
214,16
369,25
976,15
594,9
705,10
616,38
890,6
227,785
1001,25
526,8
911,27
822,25
458,772
97,826
501,8
156,8
637,22
822,786
896,10
788,8
881,23
168,27
518,815
334,680
82,10
85,15
72,12
91,815
715,735
261,25
597,735
322,25
912,25
878,2
715,25
807,2
76,8
393,815
141,15
841,22
415,15
202,15
166,25
773,15
494,815
392,38
998,826
674,27
948,27
1005,22
751,27
255,6
257,22
171,680
690,785
543,826
603,16
36,25
665,2
495,19
776,27
443,9
922,38
264,826
279,786
544,23
103,35
582,4
450,93
530,22
550,93
1010,815
510,35
312,38
890,8
943,6
770,5
974,680
709,16
267,5
341,22
363,9
737,772
168,9
613,15
724,6
542,5
377,815
407,826
466,680
638,25
174,35
467,23
236,680
774,786
233,9
140,38
197,19
288,785
589,785
1008,27
681,785
98,15
279,38
372,15
7,680
483,4
656,12
88,9
433,815
752,16
252,772
55,10
866,8
795,12
524,19
447,785
906,25
696,2
921,9
258,772
838,680
489,15
144,9
860,10
828,35
776,9
61,1
579,9
283,11
468,5
416,680
73,6
989,16
347,22
956,786
994,93
705,22
209,9
889,735
412,23
397,826
434,4
487,786
570,2
237,6
901,815
1012,38
297,735
706,15
980,15
891,9
896,22
179,735
685,25
45,815
561,11
979,772
690,826
33,5
512,38
440,1
616,772
657,680
305,19
433,38
839,15
108,27
286,15
267,785
222,23
466,38
583,10
876,16
0,35
494,93
630,35
351,11
210,35
894,9
823,23
737,815
956,15
242,93
774,2
813,93
636,826
708,735
925,772
621,735
900,9
974,16
739,35
33,785
876,786
382,10
918,38
456,23
437,27
592,9
842,785
224,19
908,786
946,93
175,680
956,6
685,11
206,22
979,786
895,19
622,772
860,23
897,27
722,16
540,15
374,93
429,19
712,6
195,826
358,785
333,2
101,38
320,25
123,25
363,93
608,785
534,9
972,735
521,4
741,22
734,15
40,23
206,25
150,826
300,38
748,786
506,680
72,93
290,12
54,93
884,815
83,8
1003,785
552,1
861,9
292,772
809,35
848,2
296,735
905,93
796,815
580,12
320,16
857,815
398,2
570,38
879,16
296,25
756,826
919,19
277,25
855,11
551,786
992,38
21,735
278,8
978,9
389,27
707,16
892,12
512,2
1003,19
361,25
253,27
515,15
271,27
58,27
351,772
426,16
407,22
601,25
503,2
158,22
307,815
969,16
182,786
256,10
441,2
495,772
81,27
390,815
444,25
466,10
358,4
587,785
89,785
398,5
3,10
889,826
122,680
965,826
238,2
457,19
314,25
460,8
262,786
597,815
68,8
801,826
1003,8
910,19
808,10
182,16
276,93
812,785
83,22
800,772
944,15
158,25
362,35
587,19
145,4
382,38
256,1
241,8
441,11
59,1
80,735
615,12
762,23
339,826
598,826
13,5
72,735
380,8
586,786
491,23
879,38
0,6
398,12
556,11
205,680
999,680
891,35
1000,815
855,25
928,23
198,772
435,9
660,25
120,826
192,786
874,786
196,826
308,680
112,25
41,19
977,772
98,826
944,6
1003,772
587,8
1008,35
352,12
170,15
335,680
563,35
528,15
306,8
517,35
938,8
223,6
849,8
778,4
445,8
28,16
673,826
568,5
677,786
1005,826
606,22
877,5
349,23
742,27
672,35
250,19
103,8
512,23
414,6
658,10
550,4
290,16
661,15
866,786
575,4
633,5
740,815
266,25
399,680
419,38
57,815
561,772
559,785
997,8
379,826
966,680
531,19
677,16
640,815
762,735
581,15
546,35
529,25
396,16
714,23
199,22
550,826
717,10
275,11
849,772
20,785
101,735
707,12
863,826
807,25
523,27
137,785
390,22
144,786
492,680
220,735
498,25
120,38
106,25
896,38
751,6
146,6
986,680
47,826
380,735
272,5
388,785
152,826
850,27
631,8
964,23
527,680
767,23
967,10
917,785
510,4
41,6
315,22
812,680
765,93
415,19
844,25
96,785
498,16
173,93
377,15
839,680
695,786
229,785
107,35
255,785
128,785
236,786
275,25
374,735
31,735
983,786
112,5
1011,93
331,680
115,16
190,23
636,35
548,23
1004,4
306,93
56,23
862,772
94,4
154,786
561,815
119,4
45,11
249,93
654,735
452,19
677,11
353,15
245,9
446,735
727,15
495,12
538,815
668,4
211,6
863,785
682,815
520,19
597,11
982,735
180,16
513,735
509,785
810,785
834,680
615,38
798,23
836,785
585,23
453,826
183,815
404,680
82,11
337,785
504,735
653,11
356,11
14,10
625,9
936,1
332,12
850,4
575,826
48,22
211,15
603,785
964,12
1005,680
384,8
239,16
190,1
412,11
340,35
288,25
566,785
698,35
865,785
920,25
352,38
501,16
449,10
530,680
360,38
126,786
89,35
217,22
721,19
523,680
800,19
638,680
985,25
628,9
900,22
96,735
831,35
372,772
85,786
672,93
782,22
839,35
73,27
491,772
384,15
890,9
248,15
249,826
930,22
459,25
962,826
687,12
158,815
674,19
363,8
823,11
150,772
652,735
118,786
502,8
85,16
547,93
106,826
859,735
307,10
453,23
733,826
552,826
678,15
33,10
442,815
326,815
443,1
335,23
48,4
999,12
690,2
693,23
569,25
520,8
868,35
251,35
215,25
605,38
625,680
274,22
3,35
294,93
166,8
351,4
224,15
42,10
410,35
563,27
931,735
604,815
219,772
734,16
304,6
860,11
971,8
477,735
498,785
354,10
172,5
579,8
394,27
801,6
909,680
344,12
175,8
715,15
530,9
215,22
126,2
437,8
348,8
795,4
468,815
696,10
663,5
721,6
336,735
389,38
689,93
835,10
393,35
157,10
801,772
453,25
761,8
872,5
286,12
162,38
555,8
725,680
962,10
138,15
123,10
323,9
965,15
90,772
930,35
200,785
866,27
521,25
941,22
524,2
980,23
191,6
625,93
915,826
845,5
574,22
564,8
268,10
968,27
364,22
576,27
80,16
703,8
246,22
765,735
454,35
37,25
937,11
162,826
234,2
401,680
554,772
887,93
891,6
966,25
197,815
731,10
508,815
734,5
403,23
672,1
799,6
857,11
675,12
80,23
280,4
944,27
690,38
639,25
692,680
950,1
471,38
383,735
937,12
55,786
24,9
938,735
13,25
913,11
757,772
719,6
99,19
428,93
879,785
438,2
496,5
663,16
518,680
371,93
336,9
777,815
599,8
440,23
332,93
776,38
852,785
964,93
552,2
185,735
666,22
812,25
923,38
762,2
64,785
615,25
962,23
379,785
287,2
716,10
916,15
259,772
663,786
297,826
834,93
264,35
729,735
877,25
272,35
200,11
953,6
507,815
45,786
707,19
525,8
154,11
997,826
981,11
399,815
401,15
644,93
147,735
984,826
750,6
969,23
516,23
972,4
241,22
24,23
975,9
318,772
317,772
743,93
466,11
965,680
450,826
343,772
732,786
596,735
961,785
302,27
432,22
858,680
553,785
660,19
698,785
257,93
593,16
613,93
65,2
892,4
242,772
95,815
404,11
673,9
256,2
901,9
812,15
886,2
81,19
392,23
873,15
195,23
13,4
68,815
217,38
642,1
419,735
96,11
296,8
926,772
619,786
728,11
324,11
695,4
127,11
806,9
457,27
557,35
300,12
176,2
910,27
394,815
608,5
398,815
256,772
955,735
942,680
177,680
256,25
627,826
541,11
562,826
926,10
713,4
469,16
843,815
220,12
96,2
648,815
539,93
938,9
424,826
559,22
526,735
321,25
284,785
359,12
535,9
78,1
250,16
140,23
433,27
399,826
149,815
846,10
594,35
404,25
155,15
229,12
266,6
486,735
871,6
213,680
911,1
216,15
590,15
495,786
745,38
180,826
240,772
96,25
331,8
461,815
136,10
356,16
266,815
928,38
788,680
717,9
368,19
421,23
629,786
936,38
889,10
617,826
240,93
184,826
222,93
277,680
797,2
251,8
69,1
1004,23
486,27
753,785
130,785
649,27
498,22
134,8
428,826
984,27
637,9
377,5
824,15
346,735
79,786
704,772
887,12
758,93
637,772
174,2
881,680
990,815
481,826
742,10
374,16
466,785
322,10
853,680
982,772
507,10
686,8
318,38
448,1
963,815
127,772
590,25
94,2
441,38
634,680
745,16
230,23
784,826
159,25
677,1
474,38
331,6
702,27
902,4
464,16
852,25
377,785
245,15
265,815
232,12
689,6
532,1
218,35
238,38
421,25
385,680
297,11
446,19
340,785
270,680
732,19
661,25
300,826
851,826
779,735
548,16
288,12
343,35
930,10
76,785
538,10
42,23
958,25
427,12
305,786
566,25
217,11
948,23
328,2
71,826
220,16
898,735
338,785
122,735
800,6
304,27
446,785
485,826
628,4
332,22
779,10
985,785
989,10
76,19
597,10
249,815
486,12
893,25
202,735
220,786
720,6
560,10
912,680
983,8
341,2
514,10
161,815
896,12
934,25
257,19
760,12
82,8
67,785
746,35
393,6
529,4
429,735
107,16
927,10
398,735
311,735
137,9
28,680
875,23
30,785
142,826
872,815
713,815
822,22
56,38
237,25
310,826
511,5
869,25
396,93
859,680
532,785
847,785
424,772
558,785
613,735
887,16
193,12
748,826
567,8
825,12
418,1
554,15
900,23
773,815
906,826
172,16
616,785
942,35
507,22
397,11
125,16
898,93
276,22
774,680
138,19
375,23
339,772
583,25
490,815
894,785
326,2
128,5
437,5
937,785
116,15
795,9
335,815
887,786
449,2
892,735
31,38
802,93
496,680
900,785
406,5
467,25
675,19
567,1
715,786
645,680
446,15
51,16
533,2
626,27
347,19
609,815
520,9
480,11
483,6
818,786
248,23
584,38
943,9
416,93
841,6
987,35
738,93
350,826
166,9
388,19
980,2
429,772
194,680
947,772
18,16
590,826
510,735
756,38
89,93
971,11
863,9
518,11
900,5
758,826
740,785
801,5
57,680
207,815
65,735
923,93
411,826
876,27
434,2
718,786
348,9
775,772
82,93
891,11
527,9
126,772
970,35
474,12
919,772
721,5
793,93
353,35
502,27
799,19
638,9
231,6
789,9
147,15
557,93
480,735
697,93
184,8
419,25
555,11
613,785
246,785
262,10
323,8
694,9
695,815
274,9
916,680
296,38
187,735
462,8
482,785
962,772
861,680
200,23
623,2
615,772
229,815
488,786
675,6
219,735
733,772
218,16
401,27
723,680
614,9
510,93
202,815
891,735
765,4
638,786
395,25
508,19
350,815
208,772
462,19
304,93
380,680
734,10
759,6
473,785
280,5
480,786
761,25
318,22
62,27
541,38
173,12
472,785
987,15
553,35
916,1
348,22
74,6
188,2
299,1
213,6
125,815
496,6
21,25
389,16
599,11
304,35
710,735
182,4
789,735
993,6
497,25
852,786
318,25
944,19
105,25
145,8
57,785
455,826
383,786
170,16
777,8
297,680
501,93
585,93
395,23
713,16
434,38
383,25
645,1
296,27
423,8
188,25
997,680
213,15
236,826
339,12
201,19
163,785
843,25
407,735
304,735
562,12
654,19
105,2
269,15
256,12
972,5
20,93
259,9
901,15
847,93
837,23
13,10
710,815
913,4
716,2
383,6
385,22
645,10
848,735
943,735
672,786
309,772
26,38
154,19
635,35
232,815
463,15
70,786
932,6
1006,5
678,93
130,8
516,786
540,22
947,12
216,2
451,19
771,785
688,6
120,19
355,2
247,16
380,10
731,786
491,9
109,15
223,27
260,23
667,10
263,10
877,10
660,27
238,11
113,786
682,8
292,93
522,4
762,826
599,22
621,5
821,8
287,785
257,680
365,786
337,16
797,15
674,826
858,15
1002,735
587,10
626,35
516,6
183,10
294,11
602,8
163,38
309,11
494,9
284,735
799,93
893,786
196,38
717,15
956,35
704,12
335,38
65,19
100,23
339,35
411,11
506,785
303,9
968,38
967,22
380,826
843,12
643,785
163,772
188,772
281,772
797,8
83,38
340,2
880,23
898,23
294,2
612,25
652,10
655,15
824,9
489,826
634,93
689,11
121,6
213,35
161,5
435,25
199,16
717,8
388,735
232,772
618,2
106,680
236,27
661,22
130,680
77,826
451,6
911,9
1004,16
787,23
509,772
551,22
402,11
995,815
834,6
837,11
857,786
970,19
557,786
334,15
941,93
998,22
285,4
803,4
57,93
153,772
100,5
250,35
140,6
31,815
830,772
636,38
619,38
840,772
307,786
17,19
880,5
551,15
180,12
469,815
427,22
959,826
32,11
488,8
824,23
862,4
902,5
851,735
500,826
135,35
529,9
88,786
606,9
310,15
754,772
554,19
607,815
208,22
889,27
671,2
502,93
873,772
806,815
642,772
643,772
648,35
139,680
375,11
567,680
930,11
551,4
168,786
498,9
869,22
427,15
119,6
156,12
377,22
639,735
430,8
32,2
970,5
257,25
420,38
442,23
960,19
568,35
640,11
469,735
489,16
532,9
381,2
186,16
332,23
408,10
942,22
671,11
929,35
162,9
347,15
76,12
905,10
227,786
502,786
340,38
930,2
91,2
128,8
936,826
424,25
45,2
32,25
514,11
664,25
776,786
192,735
231,680
714,9
453,35
825,10
492,2
661,815
850,2
579,23
137,8
601,38
289,786
644,22
76,11
793,815
209,27
448,23
526,22
692,826
841,27
434,22
806,680
609,23
662,27
920,27
973,815
133,786
835,786
674,22
32,16
640,735
14,19
950,815
329,22
310,16
258,10
3,680
499,815
703,22
511,815
405,772
616,786
690,9
211,22
693,12
912,19
397,10
458,8
794,27
743,12
619,2
30,2
659,5
385,38
976,826
351,25
579,826
212,772
980,4
305,772
788,25
330,772
992,15
292,6
384,815
921,5
900,786
760,27
317,10
959,16
378,8
677,815
640,16
789,6
258,5
811,25
576,8
668,19
261,8
357,4
875,4
530,12
912,10
715,8
493,15
221,735
311,8
480,12
461,38
246,772
101,15
212,6
412,27
162,815
841,5
287,35
126,25
77,22
42,8
889,785
447,786
624,93
181,8
474,2
477,23
832,10
635,8
549,680
144,12
736,27
1010,35
295,815
628,25
465,11
670,680
33,772
73,11
222,19
629,6
422,12
817,786
563,680
412,735
325,735
215,16
159,93
163,22
805,16
274,15
941,27
728,35
18,8
403,11
477,16
439,786
421,93
482,93
428,1
543,786
875,680
218,22
974,12
614,23
407,15
279,826
1003,815
86,1
305,16
629,15
262,11
323,11
487,772
0,38
755,12
385,9
77,8
238,815
866,25
742,826
309,815
861,786
720,735
516,680
828,93
496,9
685,15
117,2
43,9
228,27
653,38
675,9
860,27
336,786
689,786
465,5
194,6
505,772
345,735
285,680
179,93
55,680
330,19
262,2
669,23
247,15
409,27
694,1
805,2
403,786
388,9
227,35
210,25
581,38
66,680
782,786
92,680
56,772
114,6
867,19
190,772
857,9
450,4
507,93
414,38
115,93
503,9
676,23
434,93
145,22
71,735
58,785
76,93
24,11
247,4
528,38
447,11
472,786
990,9
114,772
667,38
706,23
100,826
373,9
172,786
855,15
200,6
623,19
660,15
427,785
818,25
599,10
621,25
364,6
182,5
664,772
775,16
780,93
798,772
861,6
37,9
706,680
580,15
138,38
598,815
694,19
843,826
845,93
666,785
559,5
192,93
781,11
50,23
545,735
302,22
142,10
56,786
953,4
164,19
733,680
349,9
759,23
120,815
780,786
766,785
550,22
642,815
204,9
866,772
407,19
66,38
376,8
747,11
343,11
201,680
972,6
536,826
264,93
834,35
599,826
84,680
345,22
198,15
273,785
719,22
908,826
525,772
963,23
89,25
76,735
593,22
349,2
460,11
300,23
52,826
679,826
280,27
540,23
390,735
673,15
947,15
975,16
614,815
355,5
420,4
355,735
559,11
213,16
675,93
506,10
203,38
460,2
278,25
409,785
874,785
843,22
135,785
102,785
584,16
216,10
451,27
1008,38
241,6
868,680
577,23
745,35
230,735
984,15
602,9
803,786
146,19
899,38
367,772
445,5
232,25
803,25
604,785
496,35
341,735
90,10
399,772
537,22
426,8
249,785
784,4
36,772
440,826
990,93
555,93
923,4
945,23
160,35
180,772
309,19
370,35
260,6
960,15
745,815
63,4
124,22
949,35
457,11
917,10
208,25
265,38
290,38
165,16
898,786
595,785
905,22
118,16
744,735
746,786
214,772
451,9
911,8
17,25
609,10
437,38
720,19
538,6
994,27
773,23
205,10
45,22
728,680
602,27
144,735
624,4
55,93
883,785
667,16
557,785
171,23
356,25
374,680
529,23
567,38
218,38
532,4
113,772
457,12
186,15
386,16
276,826
351,680
816,735
1000,12
618,10
757,10
26,772
66,5
1001,19
362,2
678,772
183,16
441,735
688,35
430,6
13,38
970,27
591,4
578,27
334,23
689,4
174,11
985,11
1008,735
255,786
208,23
890,735
211,2
818,38
767,25
162,15
143,19
436,15
296,772
957,38
188,786
616,35
375,10
584,12
783,35
91,12
94,11
847,6
634,4
355,38
778,826
968,826
217,9
664,19
613,16
82,15
245,22
946,27
470,19
236,772
332,16
850,8
411,22
1002,680
549,772
569,11
572,16
276,2
152,16
633,38
66,23
286,785
397,786
753,826
113,16
615,35
962,93
156,4
477,11
39,772
82,6
135,16
140,93
838,12
967,93
418,4
279,785
83,93
690,15
582,1
764,10
982,815
767,15
471,9
384,11
647,10
79,9
372,5
963,772
1001,6
676,93
415,11
215,4
133,785
351,19
100,785
140,786
252,15
126,785
823,15
442,38
462,93
193,2
636,735
474,826
665,6
258,11
132,785
194,35
983,826
451,93
628,785
79,22
157,680
659,4
91,19
55,9
319,35
527,5
752,786
731,35
132,19
151,785
317,9
724,2
727,23
543,815
946,4
489,10
734,785
110,15
955,680
740,735
61,4
579,4
286,1
878,16
940,6
583,16
967,735
952,1
96,93
313,22
459,19
524,15
585,15
270,25
181,23
749,772
203,22
403,5
477,22
448,772
378,16
512,35
586,22
714,35
678,5
110,22
882,23
283,15
621,815
358,735
286,8
913,735
736,785
641,15
754,93
29,826
817,785
843,785
952,8
278,826
580,785
264,10
634,35
856,25
527,11
413,12
456,786
496,19
403,10
921,22
425,25
395,772
394,772
420,772
350,93
168,735
81,735
333,785
924,815
598,680
305,23
379,8
344,22
918,35
166,772
222,27
317,680
854,27
123,15
88,27
323,10
842,786
681,10
259,786
459,1
385,8
886,93
617,735
64,4
413,5
553,826
753,680
258,786
206,19
117,1
832,25
228,4
613,38
635,25
106,786
621,38
875,93
471,815
679,785
611,16
689,785
779,38
446,38
86,25
288,826
533,27
113,93
222,2
353,772
523,93
669,22
62,22
967,785
148,772
916,4
302,5
346,35
918,772
978,19
672,4
857,8
450,5
253,5
860,19
218,25
37,772
722,12
351,786
540,11
80,10
86,16
416,12
679,5
790,8
848,15
313,815
837,35
505,23
876,2
714,680
24,785
919,22
521,8
189,735
670,22
324,25
768,10
91,680
593,27
314,19
460,22
956,25
302,785
981,15
446,815
925,786
733,735
475,12
917,93
95,826
725,735
376,2
527,772
784,25
98,38
81,38
688,10
634,826
469,2
287,15
508,35
916,10
630,8
264,38
670,25
249,35
212,815
303,826
820,27
129,22
888,785
978,5
759,22
853,93
459,786
461,735
116,785
44,22
596,772
562,10
133,2
194,16
927,680
430,735
180,35
329,815
184,38
701,10
385,785
62,11
858,772
198,12
605,25
593,786
997,735
462,735
637,680
987,786
238,6
384,785
630,772
629,772
463,9
374,11
671,35
413,815
621,10
179,11
827,826
537,11
903,826
775,1
118,12
266,19
861,23
441,15
994,15
81,16
101,93
780,35
410,786
321,735
146,25
420,5
612,786
538,93
494,4
667,12
373,680
53,11
989,815
1012,785
520,826
956,38
996,93
707,2
503,785
179,16
242,826
938,815
500,9
83,35
376,23
840,785
712,38
513,11
362,22
271,815
418,772
91,35
823,786
37,35
294,9
331,785
68,785
642,23
791,15
663,826
578,15
297,786
963,4
568,9
1010,25
991,9
557,25
334,772
859,785
90,11
596,785
47,22
513,12
1004,27
880,9
291,23
441,25
668,680
703,785
289,93
146,11
455,23
41,826
349,785
285,9
359,6
568,16
714,19
146,772
275,15
702,785
386,22
704,5
482,2
905,786
742,22
233,38
143,12
607,38
594,25
942,772
137,680
816,680
728,826
451,8
513,5
415,22
254,10
551,16
609,9
770,35
556,93
187,680
834,4
230,19
637,6
677,5
627,16
899,23
205,772
299,93
63,12
445,22
689,2
713,735
989,826
186,12
631,4
137,27
729,4
964,19
54,15
115,15
940,735
556,786
686,15
246,93
301,19
66,2
375,12
622,680
627,735
627,786
811,785
498,12
649,1
316,11
427,8
751,11
860,815
439,826
39,785
995,16
393,25
174,8
232,15
803,15
1004,815
532,12
399,23
1010,2
112,772
297,8
777,680
446,22
671,12
142,815
968,93
76,23
574,786
646,826
940,35
526,10
286,815
982,23
548,19
362,10
91,15
551,6
56,27
291,10
476,22
316,2
245,735
834,22
67,38
32,4
180,786
421,772
82,12
356,8
376,785
432,35
964,772
416,786
532,11
714,12
648,93
243,35
371,22
579,16
617,786
48,19
122,6
177,772
203,772
239,23
742,735
819,5
566,786
239,786
844,11
977,27
316,25
227,27
360,35
267,10
306,35
859,27
485,735
970,10
1008,772
734,35
536,38
477,10
464,1
118,772
67,786
378,4
567,12
739,5
579,25
211,19
782,19
839,38
771,680
148,93
458,15
387,9
226,35
372,6
856,5
341,8
929,772
879,93
934,23
992,10
576,735
884,8
500,785
763,35
193,1
946,10
640,27
949,15
734,815
471,735
806,93
515,35
754,815
258,8
942,38
48,1
563,815
1003,826
162,25
937,19
555,25
190,12
437,2
795,10
121,815
1002,23
31,35
217,680
57,23
845,22
204,815
317,8
281,735
104,22
378,22
268,25
513,772
860,8
518,23
900,25
564,772
263,680
912,12
804,10
273,680
626,22
607,8
644,6
422,11
975,35
434,6
659,12
952,2
316,38
299,38
906,2
49,786
156,735
453,785
845,15
663,8
95,15
60,35
597,772
190,785
635,10
825,35
165,93
221,16
628,27
797,93
799,786
121,735
357,11
108,25
73,9
1008,23
422,2
409,15
780,10
854,1
765,15
123,9
783,15
841,12
718,785
1012,35
351,9
264,11
891,12
954,785
114,735
774,12
431,22
144,5
185,786
147,16
900,15
467,815
543,27
910,826
344,23
420,735
737,11
330,22
718,23
773,680
425,826
262,9
173,23
302,735
263,815
570,22
952,16
1006,786
792,4
77,6
866,23
528,815
891,5
964,735
413,4
183,772
572,786
386,38
846,735
580,680
959,9
265,680
301,772
586,25
253,11
517,815
885,11
150,38
614,12
541,815
134,826
55,785
1011,16
848,9
740,15
519,27
65,785
671,785
49,2
342,680
990,4
350,786
349,826
226,772
631,786
462,22
869,35
941,11
781,23
657,9
345,772
289,23
933,785
327,6
663,23
888,772
225,15
781,786
247,815
710,22
52,815
714,93
271,16
935,9
791,772
993,2
354,19
369,35
577,9
541,35
173,9
395,19
913,15
198,19
716,15
663,785
423,12
521,15
64,19
906,38
691,772
854,815
267,93
809,772
384,772
704,35
460,23
440,27
700,23
293,12
280,15
944,22
137,93
601,27
982,680
468,38
969,735
971,815
552,6
809,38
111,16
975,12
355,25
324,772
345,19
423,5
835,93
200,15
56,735
753,15
953,10
222,815
888,786
336,4
389,6
46,25
729,38
766,680
1003,22
73,93
808,8
475,4
130,12
922,16
705,93
104,826
526,93
871,23
947,8
711,35
416,27
259,10
62,8
136,735
762,9
306,19
96,8
226,785
136,25
695,11
557,38
501,735
176,15
672,735
70,785
52,772
808,15
170,772
744,23
944,4
621,772
269,5
219,16
936,680
294,23
120,22
724,786
602,12
94,815
420,6
1009,6
612,680
630,27
534,23
99,10
77,35
728,15
432,1
161,8
276,815
189,5
608,25
537,19
41,22
648,10
155,10
85,735
266,27
840,786
947,22
673,6
587,15
880,19
170,8
886,25
318,826
837,6
752,93
309,8
455,25
739,735
63,25
763,8
998,27
893,815
568,10
396,22
235,6
606,27
368,16
114,35
277,826
278,22
522,10
335,35
979,826
29,10
638,93
178,785
398,826
757,6
226,5
390,16
428,680
17,38
536,785
42,38
494,786
701,735
834,10
321,680
565,735
159,23
970,23
146,8
148,815
185,35
226,826
813,22
689,8
193,35
191,93
838,38
252,93
470,12
813,785
704,6
189,23
341,785
840,27
433,16
236,22
201,12
594,22
868,6
61,93
744,12
177,11
251,12
306,826
758,38
724,815
637,5
748,8
60,10
393,23
174,6
270,826
310,11
275,23
1010,8
544,1
547,12
510,9
438,826
204,38
976,23
461,6
686,12
390,2
923,785
180,15
933,2
511,735
338,25
363,35
751,10
862,11
455,4
846,826
442,11
446,786
486,815
322,772
107,38
381,6
474,815
440,93
853,2
411,19
671,15
31,785
769,19
365,93
807,10
368,826
629,38
135,680
463,815
505,93
180,22
511,19
94,9
248,772
45,6
377,27
103,735
586,826
533,785
788,15
760,9
136,35
174,16
448,826
568,38
769,785
221,11
754,826
905,772
930,772
162,4
569,9
76,15
350,15
408,786
705,12
816,9
141,16
17,2
36,826
128,11
405,38
758,11
722,680
64,35
430,22
413,38
178,23
70,9
270,10
514,6
909,11
881,9
295,6
282,9
856,772
393,10
237,680
473,815
73,786
535,38
544,22
194,38
322,19
471,11
607,5
954,35
595,815
300,735
962,35
195,93
609,735
166,19
847,22
977,19
869,5
687,2
501,27
391,12
947,826
252,9
89,38
1005,16
363,22
457,93
918,680
132,22
278,93
724,5
651,815
836,735
672,680
65,93
925,826
307,8
470,35
787,786
554,11
628,22
443,15
280,38
246,15
122,9
233,10
693,9
480,8
634,786
706,826
176,785
128,25
743,772
284,815
341,16
861,772
474,6
790,735
934,15
774,19
995,15
613,9
856,786
675,23
272,93
147,5
221,22
344,10
471,25
384,27
339,785
30,8
730,9
819,27
156,19
696,8
809,815
992,25
428,5
600,25
303,93
897,10
899,826
665,22
576,2
172,2
122,27
197,6
986,23
382,2
222,22
942,826
358,27
876,23
52,4
253,815
437,19
459,10
462,5
817,10
728,38
856,27
74,786
21,10
427,815
326,786
185,785
761,19
816,93
429,27
950,8
751,786
533,16
437,785
170,35
409,23
463,785
190,38
881,93
592,8
792,5
556,38
830,22
462,12
687,38
891,4
695,38
753,27
509,15
992,23
21,19
663,25
832,27
561,6
134,680
502,22
450,8
233,680
280,2
601,8
84,815
783,785
934,786
259,22
228,815
854,16
534,8
719,4
521,5
423,22
867,785
980,27
