928,1
820,23
791,93
741,786
685,5
117,8
852,93
981,4
157,23
748,785
512,10
271,19
736,35
935,8
576,23
80,12
649,826
269,25
587,735
145,11
589,815
848,1
666,8
519,19
81,35
713,19
198,16
491,38
456,4
805,8
792,19
919,16
28,10
855,8
213,2
698,735
610,35
682,27
460,16
522,23
499,23
907,12
655,785
380,786
622,785
293,11
404,2
944,23
229,19
194,23
621,785
123,785
837,815
18,786
538,38
688,12
120,9
62,6
395,11
694,22
89,786
991,785
298,815
741,25
559,6
136,19
960,38
766,19
324,735
806,16
953,9
741,772
316,772
206,735
7,15
658,27
589,38
420,826
77,786
280,23
207,9
689,826
83,23
376,11
266,22
138,93
747,12
87,772
770,93
517,735
365,23
479,19
762,22
857,826
380,15
731,785
0,5
667,9
524,35
728,9
375,772
781,1
435,6
867,785
164,5
238,4
717,25
189,11
139,826
929,9
675,38
547,19
683,38
404,16
924,772
318,15
727,735
673,12
837,785
18,772
440,815
516,27
666,680
577,19
613,826
449,93
670,772
288,93
859,35
146,23
455,35
938,11
28,23
670,9
824,772
14,38
988,15
704,9
978,680
353,93
671,735
732,4
932,9
952,786
843,11
0,826
290,19
537,735
633,6
830,680
63,826
135,786
800,785
47,11
584,19
430,826
329,735
933,22
365,9
590,9
739,772
652,15
764,772
319,680
945,19
713,15
0,19
883,772
882,772
757,680
868,826
999,735
620,93
470,10
309,786
492,35
865,735
952,735
991,11
1011,786
307,10
316,785
760,93
196,815
892,23
90,9
769,15
112,22
754,16
37,815
134,785
567,772
536,786
652,6
156,35
160,38
531,25
973,9
60,12
334,8
778,9
824,786
307,38
951,785
346,23
401,93
199,12
662,785
939,22
29,2
964,22
214,6
325,1
52,786
917,786
594,23
905,27
500,25
281,785
800,815
673,23
584,1
88,38
180,1
458,786
437,35
771,735
994,22
133,826
904,786
296,680
834,2
655,16
103,680
328,25
970,680
113,680
664,8
883,786
960,25
427,735
393,22
232,10
567,35
1010,9
186,10
371,10
26,6
889,22
616,826
618,9
387,785
729,10
742,15
957,815
932,38
368,772
754,2
75,735
523,22
65,815
62,93
979,5
1001,16
502,772
797,22
486,23
571,680
844,23
591,826
498,10
390,772
923,23
319,8
230,8
764,785
106,10
566,27
430,5
862,8
494,38
521,93
245,10
852,38
598,93
871,785
304,25
502,38
489,19
939,4
850,12
742,6
779,8
942,19
964,4
214,16
1011,35
976,15
594,9
705,10
616,38
279,27
890,6
227,785
526,8
369,25
893,27
1001,25
911,27
822,25
458,772
773,6
97,826
501,8
156,8
637,22
875,826
822,786
896,10
881,23
788,8
664,22
168,27
518,815
334,680
82,10
946,22
85,15
72,12
715,735
91,815
755,785
261,25
597,735
322,25
912,25
125,25
878,2
715,25
807,2
76,8
350,12
393,815
141,15
841,22
415,15
865,786
202,15
166,25
773,15
494,815
723,22
392,38
998,826
674,27
948,27
159,10
1005,22
751,27
255,6
257,22
352,826
171,680
690,785
543,826
603,16
1005,785
36,25
665,2
495,19
776,27
258,15
443,9
264,826
544,23
279,786
504,9
582,4
450,93
530,22
103,35
215,735
550,93
510,35
312,38
1010,815
190,11
890,8
943,6
770,5
974,680
738,826
709,16
267,5
341,22
363,9
1005,15
737,772
168,9
613,15
724,6
762,772
377,815
407,826
467,23
466,680
985,680
542,5
638,25
174,35
236,680
825,23
774,786
233,9
140,38
197,19
912,23
589,785
1008,27
288,785
681,785
311,15
98,15
279,38
372,15
7,680
229,93
483,4
656,12
433,815
88,9
890,19
752,16
252,772
55,10
866,8
424,11
795,12
524,19
906,25
447,785
356,826
696,2
921,9
258,772
838,680
231,15
489,15
144,9
860,10
828,35
920,772
776,9
61,1
579,9
283,11
175,9
468,5
416,680
73,6
989,16
475,93
347,22
956,786
994,93
705,22
544,826
209,9
889,735
412,23
397,826
215,23
434,4
570,2
237,6
487,786
313,27
901,815
1012,38
297,735
706,15
264,6
980,15
891,9
179,735
896,22
132,5
685,25
561,11
979,772
45,815
376,815
690,826
33,5
512,38
440,1
98,772
616,772
657,680
305,19
433,38
197,5
108,27
286,15
267,785
839,15
555,9
222,23
466,38
583,10
876,16
694,11
0,35
494,93
630,35
351,11
496,785
210,35
894,9
823,23
737,815
21,9
956,15
242,93
774,2
813,93
870,22
636,826
925,772
621,735
708,735
881,815
900,9
974,16
739,35
33,785
468,11
876,786
382,10
918,38
456,23
627,93
592,9
437,27
842,785
224,19
850,772
908,786
946,93
72,735
175,680
749,680
956,6
685,11
206,22
979,786
525,23
622,772
860,23
897,27
895,19
993,15
722,16
540,15
374,93
429,19
361,786
712,6
195,826
358,785
333,2
832,826
101,38
320,25
123,25
363,93
163,8
608,785
534,9
972,735
521,4
370,9
741,22
734,15
40,23
206,25
650,38
150,826
300,38
506,680
748,786
658,38
72,93
290,12
54,93
884,815
722,11
83,8
1003,785
552,1
861,9
679,6
292,772
809,35
848,2
296,735
972,12
905,93
796,815
320,16
580,12
802,2
857,815
570,38
879,16
398,2
348,19
296,25
919,19
277,25
756,826
1001,815
855,11
551,786
992,38
21,735
334,815
278,8
978,9
389,27
707,16
838,826
892,12
1003,19
361,25
512,2
550,19
515,15
271,27
253,27
58,27
498,815
426,16
407,22
351,772
601,25
488,735
158,22
503,2
307,815
969,16
143,93
182,786
256,10
495,772
441,2
24,22
81,27
390,815
444,25
466,10
854,35
358,4
587,785
89,785
398,5
475,815
3,10
889,826
122,680
965,826
251,772
238,2
457,19
314,25
460,8
117,25
262,786
597,815
68,8
801,826
450,735
1003,8
910,19
182,16
808,10
572,680
276,93
812,785
944,15
83,22
746,826
800,772
158,25
362,35
587,19
401,772
145,4
256,1
382,38
241,8
365,22
441,11
59,1
80,735
615,12
959,772
339,826
598,826
762,23
13,5
415,826
380,8
586,786
398,12
879,38
1007,93
491,23
0,6
205,680
556,11
136,27
999,680
891,35
928,23
1000,815
506,15
198,772
855,25
435,9
660,25
26,35
120,826
192,786
874,786
196,826
608,735
308,680
112,25
41,19
499,815
540,19
977,772
98,826
944,6
1003,772
969,2
587,8
1008,35
352,12
170,15
922,735
335,680
563,35
528,15
306,8
1009,4
517,35
938,8
849,8
223,6
741,10
778,4
445,8
28,16
673,826
581,6
568,5
1005,826
877,5
606,22
767,815
677,786
349,23
742,27
672,35
1000,27
250,19
103,8
512,23
414,6
234,735
550,4
290,16
658,10
661,15
313,735
575,4
866,786
740,815
633,5
636,22
266,25
399,680
419,38
57,815
701,25
561,772
559,785
997,8
379,826
638,826
531,19
677,16
640,815
966,680
136,9
762,735
581,15
546,35
529,25
250,785
396,16
714,23
199,22
550,826
554,35
717,10
849,772
20,785
275,11
354,93
101,735
707,12
863,826
807,25
957,23
523,27
137,785
390,22
144,786
969,12
492,680
220,735
498,25
120,38
637,10
106,25
896,38
986,680
751,6
677,25
146,6
47,826
380,735
272,5
551,815
388,785
850,27
631,8
152,826
371,4
964,23
527,680
767,23
967,10
754,8
917,785
510,4
41,6
315,22
133,680
812,680
765,93
415,19
844,25
183,680
96,785
498,16
173,93
377,15
234,93
839,680
695,786
292,6
229,785
603,12
107,35
255,785
128,785
236,786
310,9
275,25
374,735
31,735
983,786
379,93
112,5
1011,93
115,16
331,680
942,786
190,23
636,35
306,93
1004,4
180,9
548,23
56,23
94,4
862,772
316,6
561,815
45,11
249,93
154,786
674,6
119,4
654,735
452,19
677,11
255,19
353,15
245,9
446,735
727,15
532,15
495,12
538,815
668,4
211,6
1010,826
682,815
863,785
520,19
597,11
819,1
982,735
180,16
513,735
509,785
291,15
810,785
834,680
615,38
798,23
377,25
836,785
585,23
453,826
183,815
256,735
404,680
82,11
337,785
504,735
428,35
653,11
356,11
14,10
625,9
399,25
936,1
332,12
850,4
575,826
942,27
48,22
211,15
964,12
603,785
767,2
1005,680
384,8
239,16
190,1
619,11
412,11
340,35
288,25
566,785
91,25
698,35
865,785
920,25
352,38
706,35
501,16
449,10
360,38
530,680
252,12
126,786
89,35
217,22
721,19
82,2
523,680
800,19
985,25
638,680
107,22
628,9
900,22
96,735
831,35
580,735
372,772
85,786
672,93
782,22
656,785
839,35
73,27
491,772
384,15
459,735
890,9
248,15
249,826
930,22
128,4
459,25
962,826
687,12
158,815
267,4
674,19
363,8
823,11
150,772
243,815
118,786
100,23
502,8
85,16
378,10
547,93
859,735
33,10
453,23
467,22
733,826
678,15
106,826
442,815
489,5
552,826
443,1
326,815
335,23
971,19
48,4
999,12
690,2
693,23
285,735
569,25
520,8
868,35
251,35
529,785
215,25
605,38
625,680
274,22
75,772
3,35
224,15
42,10
351,4
20,25
294,93
166,8
410,35
563,27
193,772
931,735
604,815
219,772
734,16
425,19
304,6
860,11
971,8
477,735
900,4
498,785
354,10
579,8
172,5
906,815
394,27
801,6
530,9
344,12
305,25
715,15
909,680
175,8
215,22
752,8
126,2
437,8
348,8
795,4
32,35
468,815
696,10
663,5
721,6
242,35
336,735
389,38
689,93
835,10
193,16
157,10
393,35
801,772
453,25
80,25
761,8
872,5
286,12
162,38
609,826
555,8
725,680
962,10
138,15
598,772
123,10
965,15
930,35
90,772
508,27
323,9
200,785
866,27
521,25
958,38
941,22
524,2
191,6
980,23
709,10
625,93
915,826
845,5
574,22
167,25
564,8
268,10
968,27
364,22
736,23
576,27
80,16
703,8
246,22
305,11
765,735
454,35
37,25
937,11
669,25
162,826
234,2
401,680
554,772
964,35
887,93
891,6
731,10
197,815
623,8
966,25
734,5
508,815
403,23
685,10
672,1
799,6
857,11
675,12
453,11
80,23
280,4
944,27
690,38
468,19
639,25
692,680
471,38
950,1
861,15
383,735
937,12
55,786
24,9
298,680
938,735
13,25
913,11
757,772
296,19
719,6
99,19
428,93
879,785
74,735
438,2
663,16
518,680
496,5
43,5
336,9
371,93
777,815
599,8
515,9
440,23
332,93
776,38
652,735
426,22
852,785
964,93
552,2
185,735
679,1
666,22
812,25
923,38
762,2
959,785
615,25
962,23
379,785
64,785
969,785
287,2
716,10
916,15
259,772
976,786
663,786
297,826
264,35
834,93
139,11
729,735
877,25
507,815
272,35
932,785
200,11
953,6
997,826
45,786
7,16
525,8
154,11
981,11
707,19
29,35
399,815
401,15
644,93
147,735
565,2
984,826
750,6
969,23
516,23
402,38
972,4
241,22
24,23
975,9
519,10
318,772
317,772
743,93
466,11
615,22
965,680
450,826
343,772
732,786
185,4
596,735
961,785
302,27
432,22
781,6
858,680
553,785
698,785
660,19
864,9
257,93
593,16
613,93
65,2
339,735
892,4
95,815
404,11
242,772
118,9
673,9
256,2
901,9
812,15
43,785
886,2
81,19
392,23
873,15
540,735
195,23
13,4
68,815
217,38
822,826
642,1
419,735
96,11
296,8
406,93
926,772
619,786
728,11
324,11
435,8
127,11
695,4
457,27
806,9
386,9
557,35
300,12
176,2
910,27
179,15
394,815
608,5
398,815
256,772
439,12
955,735
942,680
177,680
256,25
111,35
627,826
541,11
562,826
926,10
49,35
713,4
469,16
843,815
220,12
975,22
96,2
938,9
424,826
648,815
24,735
539,93
559,22
284,785
321,25
232,23
526,735
359,12
535,9
78,1
830,735
250,16
140,23
433,27
399,826
642,826
846,10
594,35
404,25
149,815
779,680
155,15
229,12
871,6
486,735
340,1
266,6
213,680
216,15
911,1
293,815
590,15
495,786
745,38
180,826
642,19
240,772
96,25
331,8
461,815
667,25
136,10
356,16
266,815
928,38
435,22
788,680
717,9
936,38
421,23
20,786
368,19
629,786
617,826
889,10
145,93
240,93
184,826
277,680
222,93
957,22
797,2
251,8
486,27
1004,23
180,4
69,1
753,785
130,785
649,27
408,680
134,8
498,22
377,5
428,826
68,772
984,27
637,9
824,15
346,735
846,815
79,786
704,772
758,93
887,12
230,785
174,2
637,772
881,680
990,815
848,772
481,826
742,10
374,16
466,785
657,735
322,10
982,772
853,680
507,10
754,9
686,8
318,38
448,1
963,815
984,680
127,772
590,25
94,2
441,38
830,93
634,680
745,16
230,23
784,826
566,6
159,25
677,1
474,38
331,6
242,10
702,27
902,4
245,15
852,25
356,6
464,16
232,12
689,6
377,785
964,786
265,815
532,1
218,35
238,38
368,1
421,25
385,680
297,11
446,19
48,25
340,785
270,680
732,19
661,25
439,16
300,826
851,826
779,735
548,16
269,38
288,12
343,35
930,10
76,785
883,22
538,10
42,23
958,25
427,12
637,27
305,786
566,25
948,23
217,11
751,23
71,826
328,2
898,735
220,16
970,4
338,785
122,735
800,6
304,27
527,93
446,785
485,826
628,4
332,22
408,9
779,10
985,785
989,10
76,19
705,8
597,10
249,815
893,25
486,12
627,680
220,786
720,6
202,735
560,10
156,10
912,680
983,8
341,2
514,10
970,15
896,12
934,25
257,19
161,815
132,35
760,12
82,8
429,735
746,35
263,93
529,4
67,785
927,10
393,6
48,786
107,16
398,735
311,735
137,9
799,826
28,680
875,23
30,785
142,826
610,815
872,815
713,815
822,22
56,38
809,680
310,826
511,5
237,25
869,25
413,35
396,93
859,680
532,785
847,785
477,6
424,772
558,785
613,735
887,16
135,15
193,12
748,826
567,8
825,12
736,12
554,15
418,1
900,23
773,815
703,23
172,16
616,785
942,35
906,826
233,6
507,22
397,11
125,16
898,93
369,9
276,22
774,680
339,772
375,23
908,38
583,25
138,19
490,815
894,785
473,27
326,2
437,5
937,785
128,5
648,785
116,15
795,9
335,815
887,786
637,38
449,2
31,38
802,93
892,735
32,22
496,680
900,785
406,5
467,25
378,11
675,19
567,1
715,786
645,680
868,93
446,15
51,16
626,27
533,2
915,4
609,815
520,9
347,19
480,11
979,35
483,6
248,23
943,9
818,786
285,772
584,38
841,6
987,35
416,93
677,93
738,93
350,826
166,9
388,19
869,11
980,2
429,772
194,680
947,772
270,27
18,16
590,826
510,735
756,38
543,735
89,93
971,11
863,9
518,11
59,815
900,5
758,826
740,785
801,5
861,35
57,680
207,815
923,93
65,735
372,16
411,826
876,27
434,2
718,786
202,38
348,9
775,772
82,93
891,11
856,23
527,9
126,772
970,35
474,12
292,11
919,772
721,5
793,93
353,35
478,815
502,27
799,19
231,6
638,9
110,27
789,9
147,15
557,93
480,735
523,815
697,93
184,8
419,25
555,11
829,19
613,785
246,785
262,10
323,8
108,735
694,9
695,815
274,9
916,680
645,22
296,38
187,735
962,772
482,785
335,826
462,8
200,23
623,2
861,680
793,38
615,772
229,815
488,786
675,6
734,772
733,772
218,16
401,27
219,735
538,786
723,680
614,9
510,93
202,815
740,12
891,735
765,4
395,25
638,786
750,680
508,19
350,815
208,772
462,19
691,826
304,93
380,680
734,10
759,6
431,27
473,785
280,5
761,25
480,786
779,93
318,22
62,27
541,38
173,12
358,8
472,785
987,15
74,6
916,1
400,680
553,35
348,22
188,2
299,1
47,786
213,6
125,815
21,25
496,6
336,10
389,16
599,11
304,35
710,735
950,772
182,4
789,735
993,6
497,25
426,23
852,786
318,25
944,19
105,25
527,826
145,8
57,785
383,786
455,826
792,785
170,16
777,8
297,680
501,93
340,93
395,23
713,16
434,38
585,93
272,815
383,25
645,1
296,27
423,8
888,10
997,680
188,25
213,15
236,826
956,22
339,12
163,785
843,25
201,19
262,680
304,735
407,735
105,2
654,19
711,38
269,15
562,12
256,12
972,5
627,815
20,93
901,15
847,93
259,9
451,785
13,10
710,815
913,4
837,23
802,27
716,2
383,6
645,10
385,22
719,23
848,735
943,735
672,786
309,772
756,8
26,38
154,19
463,15
232,815
176,12
635,35
70,786
932,6
1006,5
436,35
678,93
130,8
516,786
540,22
44,19
947,12
216,2
451,19
771,785
62,12
688,6
355,2
247,16
120,19
893,680
380,10
731,786
109,15
491,9
882,785
223,27
260,23
667,10
263,10
235,12
877,10
660,27
292,93
238,11
756,23
113,786
682,8
522,4
762,826
1000,22
599,22
621,5
821,8
287,785
1006,12
257,680
365,786
337,16
797,15
191,735
674,826
858,15
1002,735
587,10
162,93
626,35
516,6
183,10
294,11
206,786
602,8
163,38
309,11
494,9
407,772
284,735
799,93
893,786
196,38
855,16
717,15
956,35
704,12
335,38
300,4
65,19
411,11
506,785
339,35
214,11
968,38
380,826
303,9
843,12
368,786
967,22
643,785
163,772
188,772
744,2
281,772
797,8
83,38
340,2
301,35
880,23
898,23
294,2
612,25
192,9
652,10
655,15
489,826
824,9
578,8
634,93
689,11
121,6
213,35
729,826
161,5
435,25
199,16
717,8
457,4
388,735
232,772
618,2
106,680
639,93
236,27
661,22
130,680
77,826
633,12
451,6
911,9
1004,16
787,23
108,93
509,772
402,11
551,22
995,815
924,735
834,6
837,11
857,786
970,19
738,23
557,786
334,15
941,93
998,22
800,9
285,4
803,4
57,93
153,772
831,9
100,5
250,35
31,815
140,6
510,10
830,772
636,38
619,38
840,772
432,785
307,786
17,19
469,815
551,15
911,22
880,5
180,12
959,826
427,22
319,12
32,11
488,8
824,23
862,4
168,16
902,5
500,826
135,35
851,735
764,735
529,9
88,786
606,9
310,15
755,772
754,772
554,19
607,815
208,22
668,15
889,27
502,93
873,772
671,2
54,735
642,772
806,815
643,772
648,35
226,19
139,680
375,11
930,11
567,680
180,11
551,4
168,786
498,9
869,22
962,815
427,15
119,6
156,12
639,735
267,19
377,22
430,8
32,2
970,5
915,786
257,25
420,38
442,23
960,19
378,680
640,11
489,16
381,2
568,35
492,11
469,735
532,9
186,16
332,23
131,826
408,10
942,22
671,11
929,35
433,6
162,9
347,15
76,12
905,10
816,22
227,786
502,786
340,38
930,2
641,93
91,2
128,8
936,826
424,25
405,25
45,2
32,25
514,11
664,25
591,11
776,786
192,735
231,680
714,9
532,16
825,10
492,2
453,35
661,815
421,10
850,2
579,23
137,8
601,38
767,12
289,786
644,22
76,11
793,815
575,35
209,27
448,23
526,22
692,826
141,12
841,27
434,22
806,680
609,23
113,10
662,27
920,27
973,815
133,786
773,12
835,786
674,22
32,16
640,735
992,8
14,19
329,22
511,815
950,815
956,680
258,10
310,16
405,772
703,22
335,8
3,680
211,22
616,786
690,9
853,16
693,12
912,19
397,10
458,8
369,8
794,27
743,12
619,2
30,2
51,785
659,5
385,38
976,826
351,25
153,2
579,826
212,772
980,4
305,772
341,19
788,25
330,772
384,815
992,15
258,735
921,5
900,786
760,27
317,10
353,16
959,16
378,8
640,16
677,815
418,25
789,6
258,5
576,8
811,25
774,785
668,19
261,8
357,4
875,4
341,826
530,12
912,10
715,8
493,15
845,815
221,735
311,8
480,12
461,38
372,10
246,772
101,15
212,6
412,27
965,27
162,815
287,35
126,25
841,5
313,23
77,22
42,8
889,785
447,786
529,93
624,93
181,8
474,2
477,23
242,38
832,10
635,8
549,680
144,12
514,785
736,27
1010,35
628,25
295,815
740,786
465,11
670,680
33,772
73,11
533,10
222,19
629,6
422,12
817,786
410,815
412,735
325,735
159,93
563,680
570,1
163,22
274,15
805,16
215,16
703,815
941,27
728,35
18,8
403,11
95,10
477,16
439,786
421,93
482,93
997,772
428,1
543,786
875,680
218,22
789,8
974,12
614,23
407,15
279,826
194,15
1003,815
86,1
305,16
629,15
573,786
262,11
323,11
487,772
0,38
879,6
755,12
238,815
866,25
385,9
114,786
77,8
742,826
309,815
861,786
823,735
720,735
516,680
496,9
828,93
295,38
685,15
117,2
43,9
228,27
746,15
653,38
675,9
860,27
360,35
811,12
336,786
689,786
465,5
194,6
394,11
505,772
285,680
179,93
345,735
626,5
55,680
330,19
409,27
262,2
300,772
247,15
669,23
694,1
805,2
311,786
403,786
388,9
227,35
210,25
836,680
581,38
66,680
782,786
92,680
71,772
56,772
114,6
867,19
190,772
525,735
857,9
450,4
414,38
507,93
169,15
115,93
503,9
434,93
676,23
641,680
71,735
58,785
145,22
76,93
790,11
24,11
247,4
447,11
528,38
234,11
472,786
990,9
114,772
667,38
481,15
706,23
373,9
172,786
100,826
909,93
855,15
623,19
660,15
200,6
578,93
427,785
818,25
599,10
621,25
431,35
364,6
182,5
664,772
775,16
797,35
780,93
798,772
861,6
37,9
723,93
706,680
580,15
138,38
598,815
395,22
694,19
843,826
845,93
666,785
792,23
559,5
192,93
545,735
50,23
730,815
781,11
142,10
302,22
56,786
660,22
953,4
164,19
733,680
349,9
297,35
759,23
120,815
780,786
766,785
303,680
550,22
642,815
204,9
866,772
477,826
407,19
66,38
376,8
747,11
32,815
343,11
201,680
536,826
972,6
975,11
264,93
834,35
599,826
84,680
488,38
345,22
198,15
273,785
719,22
556,15
908,826
525,772
963,23
89,25
329,93
76,735
593,22
349,2
460,11
959,35
300,23
52,826
679,826
280,27
44,12
390,735
540,23
673,15
947,15
470,786
975,16
614,815
355,5
420,4
738,11
355,735
559,11
213,16
675,93
14,35
506,10
203,38
460,2
278,25
463,23
874,785
409,785
843,22
135,785
871,11
102,785
584,16
451,27
216,10
254,27
1008,38
241,6
577,23
868,680
209,93
745,35
230,735
602,9
984,15
624,22
803,786
146,19
899,38
367,772
171,25
445,5
232,25
803,25
604,785
877,2
496,35
341,735
90,10
399,772
253,35
537,22
426,8
249,785
784,4
362,16
36,772
440,826
990,93
555,93
540,815
923,4
945,23
160,35
180,772
748,23
309,19
370,35
260,6
960,15
778,10
63,4
745,815
124,22
949,35
75,1
917,10
457,11
208,25
265,38
943,815
290,38
165,16
898,786
595,785
688,93
118,16
744,735
905,22
746,786
51,815
214,772
451,9
911,8
17,25
56,12
609,10
437,38
720,19
538,6
42,35
994,27
773,23
205,10
45,22
449,35
602,27
728,680
144,735
624,4
508,93
55,93
883,785
667,16
557,785
464,27
171,23
356,25
374,680
529,23
363,815
567,38
218,38
532,4
113,772
535,25
186,15
386,16
276,826
457,12
831,8
351,680
816,735
618,10
1000,12
572,2
757,10
26,772
66,5
1001,19
858,25
362,2
678,772
183,16
441,735
188,93
688,35
430,6
13,38
970,27
994,815
591,4
578,27
334,23
689,4
502,35
174,11
985,11
255,786
1008,735
555,735
208,23
890,735
211,2
818,38
582,23
767,25
162,15
143,19
436,15
204,35
296,772
957,38
188,786
616,35
870,786
375,10
584,12
783,35
91,12
455,772
94,11
847,6
634,4
355,38
501,11
778,826
968,826
217,9
664,19
995,22
613,16
82,15
245,22
946,27
124,35
470,19
236,772
332,16
850,8
260,735
411,22
1002,680
549,772
569,11
989,8
572,16
276,2
152,16
633,38
890,2
66,23
286,785
397,786
753,826
1007,19
113,16
615,35
962,93
156,4
430,16
477,11
39,772
82,6
135,16
690,786
140,93
838,12
967,93
418,4
421,9
279,785
83,93
690,15
582,1
964,15
982,815
767,15
764,10
471,9
275,815
384,11
647,10
79,9
372,5
743,22
963,772
1001,6
215,4
415,11
326,9
676,93
133,785
351,19
100,785
674,23
140,786
252,15
126,785
823,15
57,15
442,38
462,93
193,2
636,735
211,786
474,826
258,11
132,785
665,6
999,16
194,35
983,826
451,93
628,785
555,38
79,22
157,680
659,4
91,19
199,786
55,9
319,35
527,5
752,786
142,93
731,35
132,19
151,785
317,9
997,785
724,2
543,815
946,4
727,23
431,1
489,10
734,785
110,15
955,680
776,6
740,735
61,4
579,4
286,1
162,19
878,16
940,6
583,16
967,735
30,735
952,1
313,22
459,19
96,93
116,16
524,15
585,15
749,772
181,23
453,786
270,25
203,22
403,5
477,22
978,38
448,772
378,16
512,35
586,22
566,735
714,35
678,5
110,22
882,23
863,11
283,15
621,815
358,735
286,8
986,9
913,735
736,785
641,15
754,93
259,38
29,826
817,785
952,8
843,785
274,12
278,826
580,785
634,35
264,10
464,93
856,25
527,11
413,12
456,786
400,15
496,19
403,10
921,22
425,25
650,9
395,772
394,772
420,772
350,93
939,93
81,735
333,785
924,815
168,735
836,22
598,680
305,23
379,8
344,22
314,815
166,772
918,35
222,27
317,680
176,772
854,27
123,15
323,10
88,27
309,35
681,10
842,786
385,8
459,1
224,16
259,786
886,93
64,4
617,735
373,6
413,5
553,826
753,680
258,786
43,8
206,19
613,38
635,25
228,4
132,8
832,25
106,786
875,93
117,1
502,16
621,38
471,815
679,785
611,16
80,19
689,785
779,38
446,38
86,25
197,10
288,826
533,27
113,93
222,2
812,38
353,772
523,93
62,22
669,22
876,11
967,785
148,772
916,4
302,5
360,12
346,35
918,772
978,19
672,4
981,6
857,8
450,5
253,5
860,19
453,8
218,25
37,772
80,10
351,786
957,680
540,11
722,12
86,16
416,12
714,786
679,5
790,8
848,15
313,815
207,772
837,35
505,23
714,680
876,2
913,8
24,785
521,8
189,735
919,22
868,772
670,22
324,25
768,10
91,680
536,22
593,27
314,19
956,25
460,22
635,23
302,785
981,15
925,786
446,815
160,826
733,735
475,12
917,93
95,826
775,19
725,735
376,2
784,25
527,772
328,826
98,38
81,38
688,10
634,826
466,15
469,2
287,15
508,35
916,10
534,4
630,8
264,38
212,815
670,25
874,35
249,35
303,826
820,27
129,22
956,16
888,785
978,5
759,22
853,93
367,19
459,786
461,735
133,2
116,785
922,19
44,22
596,772
194,16
562,10
947,9
927,680
430,735
180,35
329,815
382,35
184,38
701,10
385,785
62,11
961,680
858,772
198,12
605,25
593,786
741,4
997,735
462,735
637,680
987,786
879,735
238,6
384,785
630,772
629,772
423,735
463,9
374,11
671,35
413,815
910,23
621,10
179,11
827,826
537,11
993,22
903,826
775,1
118,12
266,19
784,23
861,23
441,15
994,15
81,16
959,735
780,35
410,786
321,735
101,93
894,815
146,25
420,5
494,4
612,786
521,35
667,12
538,93
373,680
53,11
146,735
989,815
1012,785
956,38
520,826
189,6
996,93
707,2
503,785
179,16
439,9
242,826
938,815
500,9
83,35
871,10
376,23
840,785
712,38
513,11
750,23
91,35
823,786
37,35
271,815
720,38
294,9
331,785
362,22
418,772
82,815
68,785
642,23
791,15
663,826
902,22
578,15
297,786
963,4
568,9
200,35
1010,25
991,9
334,772
557,25
707,11
859,785
90,11
596,785
47,22
158,15
513,12
1004,27
880,9
291,23
534,815
441,25
668,680
703,785
289,93
328,16
146,11
455,23
41,826
349,785
251,815
285,9
359,6
714,19
146,772
382,680
568,16
275,15
702,785
386,22
741,826
704,5
482,2
742,22
905,786
140,9
233,38
143,12
607,38
594,25
575,9
942,772
137,680
816,680
728,826
893,11
451,8
513,5
415,22
254,10
787,25
609,9
551,16
770,35
556,93
612,2
187,680
834,4
637,6
230,19
696,93
677,5
627,16
899,23
205,772
171,22
299,93
445,22
689,2
63,12
529,22
713,735
989,826
186,12
631,4
761,93
137,27
729,4
964,19
54,15
863,815
115,15
940,735
556,786
686,15
794,5
246,93
66,2
375,12
301,19
893,4
622,680
627,735
627,786
811,785
131,25
498,12
649,1
316,11
427,8
230,10
751,11
860,815
439,826
39,785
777,786
995,16
174,8
232,15
393,25
396,2
1004,815
532,12
803,15
399,23
917,27
1010,2
112,772
777,680
297,8
78,25
446,22
671,12
968,93
142,815
273,23
76,23
574,786
646,826
940,35
134,772
526,10
286,815
982,23
548,19
144,772
362,10
91,15
291,10
551,6
933,12
476,22
56,27
316,2
245,735
338,19
834,22
67,38
32,4
180,786
587,815
421,772
82,12
356,8
376,785
85,1
432,35
964,772
714,12
416,786
36,16
532,11
648,93
243,35
371,22
647,785
579,16
617,786
48,19
122,6
773,826
177,772
203,772
239,23
742,735
301,5
819,5
566,786
844,11
239,786
311,826
977,27
316,25
227,27
267,10
178,22
306,35
859,27
485,735
970,10
881,10
1008,772
734,35
536,38
477,10
760,15
464,1
118,772
67,786
378,4
911,772
567,12
739,5
579,25
211,19
319,786
782,19
839,38
148,93
771,680
422,25
387,9
226,35
458,15
372,6
965,23
856,5
341,8
929,772
879,93
292,25
992,10
576,735
884,8
934,23
317,15
500,785
763,35
193,1
946,10
107,10
949,15
734,815
471,735
640,27
717,35
754,815
258,8
515,35
806,93
210,785
942,38
48,1
563,815
1003,826
801,8
162,25
937,19
555,25
190,12
869,772
437,2
795,10
121,815
1002,23
875,815
217,680
31,35
57,23
845,22
810,8
204,815
317,8
281,735
104,22
946,5
378,22
268,25
513,772
860,8
147,2
518,23
900,25
564,772
263,680
530,10
912,12
804,10
273,680
626,22
915,9
607,8
644,6
422,11
975,35
922,93
434,6
659,12
952,2
316,38
208,786
906,2
299,38
49,786
156,735
363,5
453,785
845,15
663,8
95,15
630,815
60,35
190,785
635,10
597,772
567,27
825,35
165,93
628,27
221,16
833,35
797,93
799,786
357,11
121,735
429,35
108,25
73,9
1008,23
422,2
740,25
409,15
780,10
854,1
765,15
602,38
783,15
841,12
123,9
718,785
829,786
1012,35
351,9
264,11
891,12
620,19
954,785
114,735
774,12
431,22
675,2
144,5
185,786
147,16
900,15
407,9
467,815
543,27
910,826
344,23
915,23
420,735
330,22
718,23
737,11
437,786
773,680
425,826
262,9
173,23
799,680
263,815
302,735
1006,786
570,22
681,9
952,16
792,4
866,23
77,6
64,5
528,815
891,5
413,4
964,735
875,786
183,772
572,786
386,38
846,735
995,35
580,680
959,9
301,772
265,680
1003,35
586,25
253,11
517,815
885,11
978,786
150,38
614,12
134,826
541,815
111,2
55,785
848,9
519,27
740,15
955,815
1011,16
65,785
671,785
49,2
1005,93
342,680
990,4
350,786
349,826
79,815
631,786
869,35
226,772
462,22
423,23
781,23
941,11
657,9
345,772
531,93
289,23
933,785
327,6
663,23
223,815
888,772
225,15
781,786
247,815
48,815
710,22
52,815
714,93
271,16
145,785
935,9
791,772
993,2
354,19
83,6
369,35
577,9
541,35
173,9
691,1
395,19
913,15
198,19
716,15
385,25
663,785
423,12
521,15
64,19
462,25
691,772
854,815
906,38
267,93
659,815
809,772
384,772
460,23
704,35
525,11
440,27
700,23
293,12
280,15
83,15
944,22
137,93
601,27
982,680
360,786
468,38
969,735
552,6
971,815
256,8
809,38
111,16
975,12
355,25
120,8
324,772
345,19
423,5
835,93
124,12
56,735
753,15
953,10
200,15
629,826
888,786
222,815
336,4
389,6
525,4
46,25
729,38
766,680
1003,22
414,22
73,93
808,8
475,4
130,12
878,826
922,16
705,93
871,23
104,826
654,22
947,8
711,35
416,27
526,93
898,9
259,10
62,8
762,9
136,735
963,735
306,19
96,8
226,785
136,25
619,785
695,11
557,38
501,735
176,15
985,815
672,735
70,785
52,772
808,15
405,826
170,772
744,23
944,4
621,772
855,680
269,5
219,16
936,680
294,23
461,680
120,22
724,786
602,12
94,815
899,35
420,6
612,680
77,35
630,27
976,772
99,10
1009,6
534,23
728,15
670,8
432,1
161,8
276,815
189,5
843,8
608,25
537,19
41,22
648,10
577,786
155,10
85,735
673,6
840,786
784,15
947,22
266,27
587,15
880,19
390,25
170,8
886,25
318,826
837,6
306,5
752,93
309,8
455,25
739,735
331,23
63,25
763,8
998,27
893,815
359,8
568,10
396,22
235,6
606,27
275,9
368,16
114,35
277,826
278,22
261,38
335,35
979,826
522,10
29,10
892,22
638,93
178,785
398,826
757,6
957,25
226,5
390,16
428,680
17,38
348,93
536,785
494,786
701,735
42,38
923,6
834,10
321,680
565,735
159,23
531,22
970,23
146,8
148,815
185,35
1012,27
226,826
813,22
689,8
193,35
230,786
191,93
838,38
252,93
470,12
239,735
813,785
704,6
189,23
341,785
140,10
840,27
433,16
236,22
201,12
125,15
594,22
868,6
61,93
744,12
980,735
177,11
251,12
306,826
758,38
541,25
724,815
637,5
748,8
60,10
763,6
393,23
174,6
270,826
310,11
510,772
275,23
1010,8
544,1
547,12
398,772
510,9
438,826
204,38
976,23
41,9
461,6
686,12
923,785
390,2
490,93
180,15
933,2
511,735
338,25
121,786
363,35
751,10
455,4
862,11
591,6
846,826
442,11
446,786
486,815
838,16
107,38
322,772
474,815
381,6
881,786
440,93
853,2
671,15
411,19
782,6
31,785
769,19
368,826
807,10
644,35
629,38
365,93
135,680
463,815
375,4
505,93
180,22
511,19
94,9
795,38
248,772
45,6
377,27
103,735
658,786
586,826
533,785
788,15
760,9
353,2
136,35
174,16
448,826
568,38
418,11
769,785
221,11
754,826
905,772
783,815
930,772
162,4
569,9
76,15
276,12
350,15
408,786
705,12
816,9
214,815
141,16
17,2
36,826
128,11
76,772
758,11
722,680
64,35
405,38
906,22
430,22
178,23
909,11
70,9
417,35
270,10
514,6
881,9
413,38
900,815
295,6
282,9
856,772
393,10
85,9
237,680
473,815
73,786
535,38
372,826
544,22
194,38
322,19
471,11
109,772
607,5
954,35
595,815
300,735
462,815
962,35
195,93
609,735
166,19
739,815
847,22
977,19
869,5
687,2
524,27
391,12
501,27
947,826
252,9
658,772
1005,16
363,22
89,38
457,93
477,2
918,680
132,22
278,93
724,5
923,735
651,815
65,93
925,826
836,735
603,22
672,680
307,8
470,35
787,786
310,23
628,22
554,11
280,38
443,15
407,680
246,15
122,9
233,10
693,9
166,785
480,8
706,826
176,785
634,786
326,6
128,25
743,772
284,815
341,16
938,23
861,772
474,6
934,15
790,735
168,15
774,19
995,15
613,9
856,786
85,27
675,23
272,93
147,5
221,22
576,11
344,10
471,25
922,38
384,27
635,815
339,785
30,8
819,27
730,9
634,38
156,19
696,8
809,815
992,25
377,826
428,5
600,25
303,93
897,10
971,15
899,826
665,22
576,2
172,2
246,25
122,27
197,6
986,23
382,2
683,93
222,22
942,826
358,27
876,23
913,27
52,4
253,815
437,19
459,10
277,15
462,5
817,10
728,38
856,27
249,5
74,786
21,10
427,815
326,786
715,772
185,785
761,19
816,93
429,27
379,10
950,8
751,786
533,16
437,785
333,10
170,35
463,785
190,38
409,23
548,38
881,93
592,8
792,5
556,38
991,826
830,22
462,12
687,38
891,4
966,27
695,38
753,27
509,15
992,23
496,12
21,19
663,25
832,27
561,6
228,6
134,680
502,22
450,8
233,680
516,826
280,2
601,8
84,815
783,785
329,826
934,786
259,22
228,815
854,16
805,15
534,8
719,4
521,5
423,22
481,11
980,27
