820,23
791,93
741,786
685,5
852,93
981,4
157,23
748,785
271,19
736,35
935,8
576,23
649,826
269,25
587,735
145,11
848,1
666,8
519,19
81,35
198,16
491,38
456,4
805,8
919,16
28,10
855,8
213,2
610,35
682,27
460,16
522,23
907,12
655,785
380,786
622,785
404,2
944,23
229,19
194,23
123,785
837,815
18,786
538,38
62,6
120,9
395,11
694,22
991,785
298,815
960,38
741,25
559,6
766,19
324,735
806,16
741,772
316,772
206,735
7,15
589,38
420,826
77,786
280,23
689,826
83,23
376,11
266,22
747,12
87,772
770,93
517,735
479,19
762,22
857,826
380,15
0,5
667,9
524,35
728,9
781,1
435,6
164,5
717,25
189,11
139,826
547,19
929,9
683,38
404,16
924,772
727,735
673,12
837,785
18,772
516,27
666,680
577,19
613,826
670,772
288,93
859,35
146,23
938,11
28,23
670,9
824,772
988,15
704,9
978,680
353,93
732,4
290,19
932,9
952,786
537,735
843,11
633,6
830,680
135,786
800,785
47,11
584,19
329,735
933,22
365,9
590,9
652,15
764,772
319,680
945,19
0,19
883,772
882,772
757,680
999,735
620,93
470,10
309,786
952,735
865,735
991,11
1011,786
316,785
760,93
196,815
892,23
769,15
112,22
754,16
37,815
567,772
536,786
652,6
156,35
531,25
973,9
60,12
334,8
824,786
307,38
951,785
199,12
346,23
662,785
939,22
29,2
214,6
325,1
52,786
917,786
905,27
500,25
281,785
800,815
584,1
88,38
180,1
458,786
771,735
994,22
133,826
904,786
834,2
655,16
103,680
328,25
113,680
664,8
883,786
960,25
393,22
232,10
567,35
1010,9
371,10
387,785
26,6
889,22
742,15
957,815
729,10
616,826
368,772
754,2
75,735
62,93
979,5
523,22
502,772
1001,16
486,23
571,680
844,23
591,826
390,772
923,23
319,8
230,8
430,5
106,10
566,27
862,8
521,93
245,10
852,38
598,93
502,38
304,25
489,19
939,4
742,6
779,8
942,19
964,4
1011,35
976,15
594,9
705,10
279,27
890,6
227,785
1001,25
526,8
893,27
911,27
822,25
773,6
97,826
501,8
156,8
875,826
822,786
896,10
881,23
664,22
168,27
518,815
334,680
946,22
85,15
72,12
715,735
755,785
261,25
597,735
322,25
125,25
878,2
715,25
807,2
350,12
393,815
141,15
841,22
865,786
202,15
166,25
773,15
723,22
392,38
998,826
674,27
159,10
1005,22
751,27
255,6
352,826
171,680
690,785
543,826
1005,785
36,25
258,15
665,2
495,19
443,9
922,38
264,826
544,23
504,9
582,4
450,93
530,22
215,735
550,93
510,35
312,38
190,11
890,8
943,6
770,5
738,826
709,16
267,5
341,22
1005,15
737,772
168,9
613,15
762,772
542,5
377,815
407,826
174,35
985,680
638,25
467,23
825,23
774,786
233,9
912,23
140,38
288,785
589,785
1008,27
311,15
98,15
279,38
372,15
890,19
229,93
483,4
656,12
433,815
752,16
252,772
55,10
424,11
795,12
524,19
906,25
356,826
696,2
921,9
258,772
231,15
489,15
144,9
860,10
920,772
776,9
61,1
579,9
175,9
468,5
416,680
73,6
347,22
475,93
956,786
994,93
544,826
209,9
889,735
412,23
215,23
434,4
570,2
237,6
313,27
901,815
1012,38
297,735
264,6
980,15
891,9
179,735
132,5
685,25
561,11
979,772
376,815
690,826
33,5
512,38
98,772
616,772
657,680
305,19
286,15
197,5
108,27
267,785
555,9
222,23
466,38
583,10
694,11
0,35
494,93
496,785
630,35
210,35
894,9
823,23
21,9
956,15
242,93
774,2
870,22
636,826
925,772
621,735
881,815
900,9
974,16
739,35
468,11
876,786
382,10
918,38
842,785
627,93
592,9
437,27
850,772
908,786
946,93
749,680
956,6
685,11
206,22
525,23
622,772
860,23
897,27
993,15
722,16
540,15
374,93
361,786
712,6
195,826
358,785
832,826
101,38
320,25
123,25
163,8
608,785
534,9
972,735
370,9
741,22
734,15
40,23
650,38
150,826
300,38
506,680
658,38
72,93
290,12
54,93
722,11
83,8
1003,785
552,1
679,6
972,12
292,772
809,35
848,2
905,93
796,815
320,16
802,2
857,815
570,38
879,16
348,19
296,25
919,19
277,25
1001,815
855,11
551,786
992,38
334,815
278,8
978,9
389,27
838,826
892,12
1003,19
361,25
253,27
550,19
515,15
271,27
498,815
426,16
407,22
351,772
488,735
158,22
503,2
307,815
143,93
182,786
256,10
495,772
24,22
81,27
390,815
444,25
854,35
358,4
587,785
89,785
475,815
3,10
889,826
122,680
251,772
238,2
457,19
314,25
117,25
262,786
597,815
68,8
450,735
1003,8
910,19
182,16
572,680
276,93
812,785
944,15
746,826
800,772
158,25
362,35
401,772
145,4
365,22
256,1
382,38
441,11
59,1
80,735
959,772
762,23
339,826
598,826
415,826
380,8
586,786
491,23
0,6
1007,93
72,735
398,12
205,680
136,27
999,680
891,35
928,23
855,25
506,15
198,772
435,9
26,35
120,826
192,786
874,786
608,735
308,680
112,25
41,19
540,19
977,772
98,826
944,6
969,2
587,8
1008,35
352,12
922,735
335,680
563,35
528,15
1009,4
517,35
938,8
849,8
741,10
778,4
445,8
28,16
581,6
568,5
767,815
677,786
1005,826
877,5
349,23
742,27
1000,27
250,19
103,8
512,23
658,10
234,735
550,4
290,16
313,735
575,4
866,786
740,815
636,22
266,25
399,680
419,38
701,25
561,772
559,785
997,8
638,826
531,19
677,16
640,815
136,9
762,735
581,15
546,35
250,785
396,16
714,23
199,22
554,35
717,10
849,772
20,785
354,93
101,735
707,12
863,826
957,23
523,27
137,785
390,22
969,12
492,680
220,735
498,25
637,10
106,25
677,25
896,38
146,6
986,680
47,826
380,735
551,815
371,4
388,785
850,27
631,8
964,23
527,680
767,23
754,8
917,785
510,4
41,6
133,680
812,680
765,93
415,19
183,680
96,785
498,16
173,93
234,93
839,680
695,786
603,12
107,35
255,785
128,785
310,9
275,25
374,735
31,735
379,93
112,5
1011,93
115,16
942,786
190,23
636,35
548,23
306,93
180,9
56,23
94,4
316,6
561,815
119,4
45,11
249,93
674,6
654,735
452,19
255,19
353,15
245,9
446,735
532,15
495,12
538,815
668,4
1010,826
682,815
863,785
520,19
819,1
982,735
180,16
513,735
291,15
810,785
834,680
615,38
836,785
377,25
585,23
453,826
256,735
404,680
82,11
337,785
428,35
653,11
356,11
14,10
399,25
936,1
332,12
850,4
942,27
48,22
211,15
964,12
767,2
1005,680
384,8
239,16
619,11
412,11
340,35
288,25
91,25
698,35
865,785
920,25
706,35
501,16
449,10
360,38
252,12
126,786
89,35
217,22
82,2
523,680
800,19
985,25
107,22
628,9
900,22
96,735
580,735
372,772
85,786
672,93
656,785
839,35
73,27
491,772
459,735
890,9
248,15
249,826
128,4
459,25
962,826
687,12
267,4
674,19
363,8
823,11
243,815
118,786
502,8
467,22
378,10
547,93
489,5
859,735
106,826
733,826
971,19
552,826
678,15
33,10
326,815
443,1
48,4
999,12
690,2
285,735
569,25
520,8
868,35
529,785
215,25
605,38
625,680
75,772
20,25
3,35
294,93
166,8
224,15
42,10
410,35
193,772
931,735
604,815
219,772
425,19
304,6
860,11
971,8
900,4
498,785
354,10
906,815
579,8
394,27
305,25
801,6
909,680
175,8
715,15
530,9
752,8
126,2
437,8
348,8
32,35
468,815
696,10
663,5
242,35
336,735
389,38
689,93
193,16
393,35
157,10
801,772
80,25
761,8
872,5
286,12
609,826
555,8
725,680
962,10
598,772
123,10
323,9
965,15
930,35
508,27
200,785
866,27
958,38
941,22
524,2
191,6
709,10
625,93
915,826
845,5
167,25
564,8
268,10
968,27
736,23
576,27
80,16
703,8
305,11
765,735
454,35
37,25
669,25
162,826
234,2
401,680
887,93
891,6
966,25
731,10
623,8
508,815
734,5
685,10
672,1
799,6
857,11
453,11
80,23
280,4
944,27
468,19
639,25
692,680
471,38
861,15
383,735
937,12
55,786
938,735
298,680
13,25
913,11
296,19
719,6
99,19
428,93
74,735
438,2
663,16
518,680
43,5
336,9
371,93
777,815
515,9
440,23
332,93
776,38
426,22
852,785
964,93
552,2
679,1
666,22
812,25
923,38
959,785
615,25
962,23
379,785
969,785
287,2
716,10
916,15
976,786
663,786
297,826
264,35
139,11
729,735
877,25
200,11
507,815
932,785
953,6
7,16
154,11
525,8
29,35
997,826
981,11
399,815
401,15
644,93
565,2
984,826
750,6
969,23
402,38
972,4
241,22
519,10
24,23
318,772
615,22
317,772
743,93
965,680
450,826
343,772
185,4
596,735
961,785
781,6
858,680
302,27
553,785
698,785
864,9
257,93
593,16
613,93
339,735
892,4
95,815
404,11
118,9
673,9
256,2
901,9
540,735
43,785
975,22
886,2
81,19
392,23
195,23
13,4
822,826
68,815
642,1
419,735
96,11
406,93
926,772
619,786
728,11
435,8
127,11
695,4
457,27
386,9
557,35
300,12
176,2
394,815
179,15
608,5
398,815
439,12
955,735
942,680
177,680
111,35
627,826
541,11
562,826
49,35
713,4
469,16
843,815
96,2
24,735
539,93
938,9
424,826
559,22
526,735
284,785
232,23
359,12
535,9
830,735
250,16
140,23
433,27
642,826
846,10
594,35
404,25
779,680
155,15
229,12
266,6
340,1
871,6
213,680
216,15
293,815
590,15
495,786
745,38
642,19
240,772
96,25
331,8
667,25
136,10
356,16
266,815
435,22
788,680
20,786
368,19
717,9
629,786
936,38
617,826
145,93
240,93
184,826
277,680
957,22
797,2
251,8
69,1
486,27
180,4
753,785
130,785
408,680
498,22
134,8
637,9
984,27
68,772
377,5
824,15
846,815
79,786
704,772
758,93
230,785
174,2
637,772
881,680
848,772
481,826
742,10
374,16
853,680
657,735
322,10
982,772
754,9
686,8
318,38
448,1
984,680
127,772
590,25
94,2
830,93
634,680
745,16
230,23
566,6
159,25
677,1
474,38
242,10
702,27
902,4
464,16
245,15
356,6
689,6
265,815
232,12
964,786
532,1
218,35
368,1
421,25
385,680
297,11
48,25
340,785
270,680
732,19
439,16
300,826
851,826
779,735
288,12
269,38
343,35
930,10
883,22
538,10
42,23
958,25
637,27
305,786
566,25
948,23
751,23
970,4
71,826
328,2
898,735
338,785
122,735
800,6
446,785
527,93
485,826
628,4
408,9
779,10
985,785
989,10
705,8
597,10
249,815
893,25
627,680
220,786
720,6
202,735
156,10
912,680
983,8
341,2
896,12
970,15
934,25
257,19
132,35
760,12
82,8
263,93
67,785
48,786
529,4
429,735
107,16
927,10
398,735
311,735
799,826
28,680
875,23
30,785
610,815
872,815
713,815
822,22
237,25
809,680
310,826
511,5
413,35
396,93
859,680
532,785
424,772
477,6
558,785
613,735
135,15
193,12
748,826
567,8
418,1
736,12
554,15
900,23
703,23
172,16
616,785
942,35
233,6
507,22
397,11
125,16
369,9
276,22
774,680
138,19
908,38
339,772
583,25
490,815
473,27
326,2
437,5
937,785
648,785
116,15
795,9
335,815
637,38
32,22
449,2
31,38
802,93
496,680
900,785
406,5
378,11
675,19
567,1
715,786
868,93
446,15
51,16
915,4
626,27
347,19
609,815
520,9
979,35
483,6
248,23
943,9
584,38
285,772
841,6
677,93
987,35
738,93
350,826
166,9
869,11
980,2
429,772
194,680
270,27
18,16
590,826
510,735
543,735
89,93
971,11
863,9
900,5
59,815
758,826
740,785
861,35
57,680
207,815
372,16
923,93
411,826
876,27
434,2
202,38
348,9
775,772
82,93
856,23
527,9
126,772
970,35
292,11
919,772
721,5
793,93
478,815
502,27
799,19
231,6
110,27
789,9
147,15
557,93
523,815
697,93
184,8
419,25
829,19
613,785
246,785
262,10
108,735
694,9
695,815
274,9
645,22
296,38
187,735
462,8
335,826
962,772
200,23
623,2
793,38
615,772
229,815
488,786
734,772
733,772
218,16
401,27
538,786
723,680
614,9
510,93
740,12
891,735
765,4
395,25
750,680
508,19
350,815
208,772
691,826
304,93
380,680
734,10
431,27
473,785
280,5
761,25
779,93
318,22
62,27
541,38
358,8
472,785
987,15
400,680
553,35
348,22
74,6
188,2
47,786
213,6
125,815
21,25
336,10
389,16
599,11
304,35
950,772
182,4
789,735
993,6
426,23
852,786
318,25
944,19
527,826
145,8
57,785
383,786
792,785
170,16
777,8
297,680
340,93
395,23
713,16
434,38
272,815
383,25
645,1
296,27
188,25
888,10
997,680
213,15
956,22
339,12
163,785
843,25
262,680
304,735
407,735
562,12
105,2
711,38
269,15
256,12
20,93
627,815
901,15
847,93
451,785
802,27
13,10
710,815
913,4
716,2
383,6
645,10
719,23
848,735
943,735
672,786
756,8
26,38
154,19
635,35
463,15
176,12
70,786
932,6
436,35
678,93
130,8
516,786
44,19
947,12
216,2
451,19
62,12
688,6
355,2
247,16
893,680
380,10
731,786
109,15
882,785
223,27
260,23
667,10
235,12
877,10
660,27
113,786
682,8
756,23
292,93
522,4
1000,22
599,22
621,5
821,8
1006,12
257,680
365,786
337,16
191,735
674,826
858,15
1002,735
162,93
626,35
516,6
183,10
206,786
602,8
163,38
309,11
407,772
284,735
799,93
855,16
893,786
717,15
956,35
704,12
100,23
300,4
65,19
411,11
964,35
506,785
214,11
968,38
967,22
380,826
643,785
368,786
303,9
163,772
744,2
281,772
301,35
797,8
83,38
880,23
898,23
294,2
192,9
652,10
655,15
489,826
578,8
634,93
689,11
121,6
729,826
161,5
435,25
199,16
457,4
388,735
232,772
618,2
639,93
236,27
661,22
130,680
633,12
451,6
911,9
108,93
1004,16
509,772
551,22
402,11
924,735
834,6
837,11
857,786
738,23
557,786
334,15
941,93
800,9
285,4
803,4
57,93
831,9
100,5
250,35
31,815
510,10
830,772
636,38
619,38
432,785
911,22
307,786
880,5
17,19
180,12
469,815
959,826
319,12
32,11
488,8
824,23
168,16
902,5
500,826
764,735
135,35
529,9
88,786
606,9
755,772
754,772
554,19
607,815
668,15
889,27
502,93
873,772
806,815
54,735
642,772
643,772
226,19
139,680
375,11
930,11
180,11
551,4
168,786
498,9
962,815
427,15
119,6
156,12
377,22
267,19
430,8
32,2
915,786
257,25
420,38
442,23
378,680
640,11
469,735
489,16
532,9
492,11
381,2
186,16
131,826
408,10
942,22
671,11
433,6
162,9
347,15
76,12
816,22
227,786
502,786
340,38
641,93
91,2
128,8
936,826
405,25
45,2
32,25
514,11
591,11
776,786
192,735
231,680
532,16
825,10
492,2
453,35
421,10
850,2
579,23
137,8
767,12
289,786
644,22
76,11
575,35
209,27
448,23
526,22
141,12
841,27
434,22
806,680
113,10
662,27
773,12
920,27
973,815
835,786
674,22
32,16
992,8
14,19
329,22
310,16
511,815
956,680
258,10
3,680
405,772
335,8
616,786
853,16
211,22
693,12
912,19
397,10
369,8
794,27
743,12
619,2
51,785
659,5
385,38
976,826
153,2
579,826
212,772
980,4
341,19
788,25
330,772
292,6
384,815
258,735
921,5
353,16
900,786
959,16
760,27
378,8
640,16
418,25
789,6
774,785
258,5
576,8
668,19
261,8
357,4
341,826
530,12
912,10
715,8
845,815
221,735
311,8
480,12
372,10
246,772
101,15
212,6
965,27
162,815
287,35
126,25
313,23
77,22
42,8
889,785
529,93
624,93
181,8
474,2
242,38
832,10
635,8
514,785
549,680
736,27
1010,35
628,25
740,786
465,11
670,680
33,772
533,10
222,19
629,6
422,12
410,815
412,735
325,735
159,93
570,1
163,22
274,15
805,16
703,815
941,27
728,35
18,8
421,93
95,10
477,16
439,786
997,772
428,1
543,786
875,680
789,8
974,12
614,23
407,15
194,15
1003,815
86,1
305,16
573,786
262,11
323,11
487,772
879,6
755,12
238,815
77,8
114,786
866,25
742,826
309,815
823,735
720,735
516,680
496,9
295,38
685,15
117,2
43,9
746,15
653,38
675,9
860,27
811,12
336,786
689,786
465,5
394,11
505,772
285,680
179,93
626,5
55,680
330,19
300,772
669,23
247,15
409,27
694,1
311,786
403,786
388,9
227,35
836,680
581,38
66,680
782,786
56,772
71,772
114,6
867,19
525,735
857,9
450,4
414,38
169,15
115,93
503,9
641,680
434,93
145,22
71,735
58,785
790,11
24,11
247,4
447,11
234,11
472,786
990,9
114,772
481,15
706,23
373,9
172,786
909,93
855,15
623,19
660,15
578,93
427,785
818,25
599,10
431,35
364,6
182,5
664,772
797,35
780,93
798,772
861,6
723,93
706,680
580,15
138,38
395,22
694,19
843,826
845,93
792,23
559,5
192,93
781,11
730,815
545,735
302,22
142,10
660,22
953,4
164,19
733,680
297,35
759,23
120,815
780,786
303,680
550,22
642,815
477,826
204,9
407,19
66,38
376,8
32,815
343,11
201,680
536,826
975,11
264,93
834,35
599,826
488,38
345,22
198,15
273,785
556,15
908,826
525,772
963,23
329,93
76,735
593,22
349,2
959,35
300,23
52,826
679,826
540,23
44,12
390,735
673,15
470,786
975,16
614,815
355,5
738,11
355,735
559,11
213,16
506,10
14,35
203,38
460,2
463,23
874,785
409,785
843,22
871,11
102,785
584,16
451,27
254,27
1008,38
241,6
577,23
209,93
745,35
230,735
602,9
624,22
803,786
146,19
899,38
171,25
445,5
232,25
803,25
877,2
496,35
341,735
253,35
90,10
537,22
426,8
249,785
362,16
36,772
440,826
990,93
540,815
923,4
945,23
748,23
160,35
309,19
370,35
260,6
778,10
63,4
745,815
124,22
75,1
917,10
457,11
208,25
943,815
290,38
165,16
898,786
688,93
118,16
744,735
905,22
51,815
214,772
451,9
911,8
56,12
609,10
437,38
720,19
773,23
42,35
994,27
205,10
449,35
602,27
728,680
144,735
508,93
55,93
883,785
667,16
171,23
464,27
356,25
374,680
363,815
567,38
218,38
532,4
535,25
186,15
386,16
276,826
831,8
351,680
816,735
618,10
572,2
757,10
26,772
66,5
858,25
362,2
678,772
183,16
188,93
688,35
430,6
13,38
994,815
591,4
578,27
334,23
502,35
174,11
985,11
255,786
555,735
208,23
890,735
211,2
582,23
767,25
162,15
143,19
204,35
296,772
957,38
188,786
870,786
375,10
584,12
783,35
455,772
94,11
847,6
634,4
501,11
778,826
968,826
217,9
995,22
613,16
82,15
245,22
124,35
470,19
236,772
332,16
260,735
411,22
1002,680
549,772
989,8
572,16
276,2
152,16
890,2
66,23
286,785
397,786
1007,19
113,16
615,35
962,93
430,16
477,11
39,772
82,6
690,786
140,93
838,12
967,93
421,9
279,785
83,93
690,15
964,15
764,10
982,815
767,15
275,815
384,11
647,10
79,9
743,22
963,772
1001,6
676,93
215,4
326,9
133,785
351,19
674,23
140,786
252,15
126,785
57,15
442,38
462,93
193,2
211,786
474,826
258,11
132,785
999,16
194,35
983,826
451,93
555,38
79,22
157,680
659,4
199,786
55,9
319,35
527,5
731,35
142,93
132,19
151,785
997,785
724,2
543,815
946,4
431,1
489,10
734,785
110,15
776,6
740,735
61,4
579,4
162,19
878,16
940,6
30,735
583,16
952,1
313,22
459,19
116,16
524,15
585,15
481,11
270,25
749,772
453,786
203,22
403,5
978,38
448,772
378,16
512,35
566,735
714,35
678,5
110,22
863,11
283,15
621,815
358,735
986,9
913,735
736,785
641,15
259,38
29,826
817,785
952,8
274,12
278,826
464,93
580,785
634,35
856,25
527,11
413,12
400,15
496,19
403,10
921,22
650,9
395,772
394,772
420,772
939,93
81,735
333,785
924,815
836,22
598,680
305,23
379,8
314,815
166,772
918,35
222,27
176,772
854,27
123,15
323,10
309,35
681,10
842,786
259,786
224,16
385,8
886,93
64,4
373,6
413,5
553,826
753,680
132,8
43,8
206,19
832,25
613,38
635,25
502,16
106,786
621,38
875,93
471,815
679,785
80,19
689,785
779,38
446,38
197,10
288,826
533,27
113,93
812,38
353,772
523,93
62,22
876,11
967,785
148,772
916,4
360,12
346,35
918,772
978,19
981,6
857,8
450,5
253,5
453,8
218,25
37,772
722,12
957,680
540,11
80,10
86,16
714,786
679,5
790,8
848,15
207,772
837,35
505,23
714,680
913,8
24,785
521,8
868,772
189,735
670,22
324,25
768,10
536,22
593,27
314,19
956,25
635,23
302,785
981,15
925,786
160,826
733,735
475,12
917,93
775,19
725,735
376,2
784,25
328,826
98,38
81,38
688,10
466,15
469,2
287,15
508,35
534,4
630,8
264,38
212,815
249,35
874,35
303,826
820,27
956,16
888,785
978,5
759,22
367,19
459,786
461,735
922,19
44,22
596,772
133,2
194,16
947,9
927,680
430,735
180,35
382,35
184,38
701,10
385,785
961,680
858,772
198,12
605,25
741,4
997,735
462,735
637,680
879,735
238,6
384,785
630,772
423,735
463,9
374,11
671,35
910,23
621,10
179,11
827,826
993,22
903,826
775,1
118,12
784,23
861,23
441,15
994,15
959,735
780,35
410,786
321,735
894,815
146,25
420,5
494,4
538,93
521,35
667,12
373,680
146,735
989,815
1012,785
956,38
189,6
996,93
707,2
503,785
439,9
242,826
938,815
500,9
871,10
376,23
840,785
712,38
362,22
750,23
91,35
823,786
37,35
720,38
294,9
331,785
82,815
68,785
642,23
791,15
902,22
578,15
297,786
963,4
200,35
1010,25
991,9
334,772
707,11
859,785
90,11
596,785
158,15
513,12
1004,27
880,9
534,815
441,25
668,680
703,785
328,16
146,11
455,23
41,826
251,815
285,9
568,16
359,6
382,680
714,19
275,15
702,785
741,826
704,5
482,2
742,22
140,9
233,38
143,12
607,38
575,9
942,772
137,680
816,680
893,11
451,8
513,5
415,22
787,25
551,16
609,9
770,35
187,680
612,2
834,4
637,6
696,93
677,5
627,16
899,23
171,22
299,93
445,22
689,2
529,22
713,735
989,826
186,12
761,93
137,27
729,4
964,19
863,815
115,15
794,5
940,735
556,786
246,93
66,2
375,12
893,4
622,680
627,735
627,786
131,25
498,12
649,1
316,11
230,10
751,11
860,815
439,826
777,786
995,16
174,8
232,15
396,2
1004,815
532,12
803,15
917,27
1010,2
112,772
78,25
777,680
446,22
671,12
968,93
273,23
76,23
574,786
646,826
134,772
526,10
286,815
982,23
144,772
362,10
91,15
933,12
56,27
291,10
476,22
316,2
834,22
338,19
67,38
32,4
587,815
421,772
82,12
356,8
85,1
432,35
964,772
714,12
532,11
36,16
773,826
648,93
243,35
647,785
579,16
617,786
48,19
177,772
203,772
239,23
301,5
819,5
566,786
311,826
844,11
977,27
316,25
227,27
178,22
306,35
859,27
485,735
1008,772
881,10
734,35
536,38
760,15
464,1
118,772
67,786
911,772
567,12
739,5
579,25
319,786
782,19
839,38
148,93
458,15
422,25
387,9
226,35
965,23
856,5
341,8
929,772
292,25
992,10
576,735
884,8
317,15
500,785
763,35
193,1
107,10
949,15
734,815
471,735
515,35
717,35
754,815
258,8
210,785
942,38
48,1
563,815
801,8
162,25
937,19
555,25
869,772
437,2
795,10
121,815
875,815
217,680
31,35
57,23
810,8
204,815
317,8
281,735
946,5
378,22
268,25
513,772
147,2
518,23
900,25
564,772
530,10
912,12
804,10
273,680
915,9
607,8
644,6
422,11
922,93
434,6
659,12
952,2
208,786
299,38
906,2
49,786
363,5
453,785
845,15
630,815
663,8
60,35
190,785
635,10
567,27
825,35
165,93
628,27
833,35
797,93
799,786
429,35
357,11
108,25
73,9
1008,23
740,25
409,15
780,10
854,1
602,38
123,9
783,15
841,12
829,786
1012,35
351,9
264,11
620,19
954,785
114,735
774,12
675,2
144,5
185,786
147,16
407,9
467,815
543,27
910,826
915,23
420,735
330,22
437,786
718,23
773,680
425,826
262,9
799,680
263,815
302,735
952,16
1006,786
681,9
792,4
866,23
64,5
528,815
891,5
875,786
413,4
183,772
572,786
386,38
995,35
580,680
959,9
301,772
1003,35
586,25
253,11
517,815
978,786
150,38
614,12
134,826
111,2
55,785
1011,16
955,815
848,9
519,27
65,785
671,785
1005,93
342,680
990,4
350,786
79,815
423,23
631,786
869,35
941,11
226,772
781,23
657,9
531,93
289,23
933,785
327,6
223,815
888,772
225,15
781,786
48,815
710,22
52,815
714,93
145,785
935,9
791,772
993,2
83,6
369,35
577,9
541,35
691,1
395,19
913,15
198,19
385,25
663,785
423,12
521,15
462,25
906,38
691,772
854,815
659,815
809,772
384,772
460,23
525,11
440,27
700,23
293,12
83,15
944,22
137,93
601,27
360,786
468,38
969,735
552,6
256,8
809,38
111,16
975,12
120,8
324,772
345,19
423,5
124,12
56,735
753,15
953,10
629,826
888,786
222,815
336,4
525,4
46,25
729,38
766,680
414,22
73,93
878,826
808,8
475,4
922,16
705,93
871,23
654,22
947,8
711,35
416,27
898,9
259,10
62,8
762,9
963,735
306,19
96,8
226,785
619,785
695,11
557,38
501,735
672,735
985,815
70,785
52,772
405,826
170,772
744,23
944,4
855,680
269,5
219,16
936,680
461,680
120,22
724,786
602,12
1009,6
899,35
420,6
976,772
612,680
534,23
99,10
77,35
670,8
432,1
161,8
276,815
843,8
608,25
537,19
41,22
577,786
390,25
155,10
85,735
266,27
784,15
947,22
673,6
587,15
170,8
886,25
318,826
306,5
752,93
309,8
455,25
331,23
63,25
763,8
998,27
359,8
568,10
396,22
235,6
275,9
368,16
114,35
277,826
522,10
261,38
335,35
979,826
892,22
638,93
178,785
398,826
957,25
226,5
390,16
428,680
348,93
536,785
494,786
701,735
923,6
834,10
321,680
565,735
531,22
970,23
146,8
148,815
1012,27
226,826
813,22
689,8
230,786
191,93
838,38
252,93
239,735
813,785
704,6
189,23
140,10
840,27
125,15
433,16
236,22
594,22
868,6
61,93
980,735
177,11
251,12
306,826
541,25
724,815
637,5
748,8
763,6
393,23
174,6
270,826
510,772
275,23
1010,8
544,1
398,772
510,9
438,826
41,9
204,38
461,6
686,12
923,785
490,93
180,15
933,2
511,735
121,786
363,35
751,10
455,4
591,6
846,826
442,11
446,786
838,16
107,38
322,772
881,786
474,815
440,93
853,2
671,15
782,6
31,785
769,19
365,93
644,35
368,826
629,38
135,680
375,4
505,93
180,22
511,19
795,38
248,772
45,6
377,27
658,786
586,826
533,785
788,15
353,2
136,35
174,16
448,826
418,11
769,785
221,11
754,826
783,815
930,772
162,4
569,9
276,12
350,15
408,786
705,12
214,815
141,16
17,2
36,826
76,772
758,11
722,680
64,35
906,22
430,22
178,23
909,11
417,35
270,10
514,6
881,9
900,815
295,6
282,9
856,772
85,9
237,680
473,815
73,786
372,826
544,22
194,38
322,19
109,772
607,5
954,35
595,815
462,815
962,35
195,93
609,735
739,815
847,22
977,19
869,5
524,27
501,27
391,12
947,826
89,38
658,772
1005,16
363,22
477,2
918,680
132,22
278,93
923,735
651,815
672,680
65,93
925,826
603,22
307,8
470,35
310,23
628,22
554,11
280,38
407,680
246,15
122,9
233,10
166,785
480,8
706,826
176,785
326,6
128,25
743,772
284,815
938,23
861,772
474,6
934,15
168,15
774,19
995,15
613,9
85,27
675,23
272,93
147,5
576,11
344,10
471,25
635,815
339,785
30,8
819,27
634,38
156,19
696,8
809,815
377,826
428,5
600,25
303,93
971,15
899,826
665,22
576,2
246,25
122,27
197,6
986,23
683,93
222,22
942,826
358,27
913,27
52,4
253,815
437,19
277,15
462,5
817,10
249,5
728,38
74,786
21,10
427,815
715,772
185,785
761,19
816,93
379,10
950,8
751,786
533,16
333,10
170,35
463,785
190,38
548,38
881,93
592,8
792,5
991,826
830,22
462,12
687,38
966,27
695,38
753,27
509,15
496,12
21,19
663,25
832,27
228,6
134,680
502,22
450,8
516,826
280,2
601,8
84,815
329,826
934,786
259,22
228,815
805,15
534,8
719,4
521,5
867,785
980,27
