1713,1673
181,96
1123,109
1820,29
1981,1641
1766,107
1788,1673
939,60
1645,16
1991,36
710,23
1636,1785
1838,1641
861,1807
473,1654
1010,75
1546,1667
814,17
1015,1680
1139,1670
1263,84
166,1666
524,94
362,67
220,37
810,69
1326,31
1664,84
1684,31
1390,56
395,99
1190,638
1825,71
1610,61
1572,1630
1134,61
1171,53
1602,1673
1787,1657
1865,73
1575,100
732,1666
1211,1233
1743,104
641,105
1194,1
989,1667
506,1092
1858,56
1537,1667
548,1670
802,28
1872,132
570,32
499,1678
245,36
268,93
147,190
542,85
228,51
1388,109
1096,119
359,109
1984,1670
935,62
1987,233
794,36
1274,132
1789,77
476,62
741,1680
1735,1658
1856,1658
388,82
1839,23
1042,1659
1684,190
338,1233
1491,106
978,107
980,1659
1724,68
1067,101
240,1092
1968,1668
1788,233
1841,638
206,109
1403,77
1778,19
1723,638
1317,1659
693,1675
1009,1680
418,69
1603,196
1398,638
725,26
943,87
1774,31
712,33
359,1670
795,68
6,87
1312,106
1352,17
1905,109
30,89
1726,109
896,87
759,1680
176,1673
691,132
1821,1676
1075,42
801,95
325,31
843,1630
1037,1092
1529,83
794,54
1643,1641
629,1693
795,633
1940,71
348,71
422,80
246,1698
883,1233
227,73
928,36
1563,1672
285,633
894,89
1356,28
1856,66
805,1630
742,29
782,50
1103,60
1214,17
475,106
611,60
1989,59
472,1642
1049,112
826,59
0,1679
977,61
728,111
72,1641
712,190
325,239
677,26
896,37
127,87
181,37
918,1632
773,1693
1120,154
144,63
791,119
225,36
579,63
602,196
576,65
1492,87
1058,51
851,1693
416,56
1320,64
702,138
1441,42
49,80
1958,1797
955,84
334,19
1939,132
634,1667
1005,1680
567,35
732,98
1637,111
18,70
1549,83
1932,93
1454,233
1340,638
402,1676
1877,1693
1204,29
1615,103
566,104
1066,26
1177,53
989,1785
1085,1668
937,70
1184,65
800,1654
417,16
1074,1680
539,1233
227,1693
1334,28
268,119
1619,190
275,31
314,1659
832,90
467,1693
946,1666
1705,131
1020,105
342,69
1283,53
1601,82
1985,1797
1910,196
305,79
287,75
455,111
348,43
171,1672
1815,32
1363,97
1180,633
334,29
136,36
192,1654
362,1668
1216,1657
1413,71
169,60
1457,53
526,96
1778,41
1703,106
950,42
1837,1760
1433,60
578,1639
1436,31
1757,19
526,19
468,95
587,35
681,42
1379,95
738,77
1716,70
1538,24
318,1785
1533,100
377,35
752,1677
413,37
1592,1807
1595,70
1121,1807
1045,105
225,64
724,110
1682,84
1172,108
1182,93
1917,32
1192,103
1465,79
1034,1760
915,106
695,1656
1380,94
153,61
1755,58
619,1642
743,96
483,108
1708,1632
1373,41
1980,119
1873,75
931,106
146,100
1938,1673
746,23
293,100
496,112
1329,28
561,106
266,70
1703,24
250,67
231,1668
1764,26
684,112
1861,54
577,42
1014,1
1701,1693
229,93
526,1656
1847,20
1395,77
400,20
399,196
1820,58
771,39
774,16
1224,99
546,83
271,62
1051,108
935,103
828,35
1071,97
1967,1670
1428,1672
1887,131
857,1667
1344,1
814,101
1387,101
1535,37
1155,107
1081,1676
270,109
1215,1785
673,1642
321,43
267,51
1262,104
413,1659
568,84
931,24
1148,87
796,60
11,54
1154,32
457,1668
1285,96
957,239
1036,60
1717,109
561,100
1744,69
1547,1672
1929,85
25,1657
956,1667
417,93
1787,86
1969,79
427,100
751,63
1602,65
881,1663
1230,24
420,77
734,29
593,53
1248,1693
1023,33
1302,1666
1347,109
1289,1679
118,1807
1229,1797
711,1668
1904,71
1535,43
1541,1668
1194,1671
1786,119
1045,1642
1427,35
568,98
625,87
716,106
1765,97
1345,1666
1221,105
411,84
874,68
1961,1698
418,62
1524,62
1643,64
907,110
1266,1663
1280,638
1799,1641
258,1660
1183,50
1244,60
1542,1663
1615,95
255,91
1730,109
168,93
920,66
906,61
285,80
1924,93
828,80
637,1642
1297,63
653,91
307,1807
1908,233
1964,75
1304,23
1361,26
1058,26
524,1698
1105,29
1216,56
1880,79
981,1092
1132,132
930,1666
1426,1663
1816,97
55,103
1711,58
1490,1654
1957,1642
45,77
601,1233
820,31
1045,1660
217,70
492,56
1235,98
1417,75
502,97
378,51
490,1667
222,96
1329,42
1776,1693
1225,233
1001,73
893,107
1261,69
1318,20
620,1663
1794,84
1412,89
1141,1797
1947,638
1396,70
1345,106
1879,1659
979,638
398,638
1236,1630
1934,109
601,1639
1647,1660
430,79
1519,233
1418,66
405,633
335,86
228,60
1139,58
12,1671
916,1665
329,41
1475,28
261,90
1367,26
1990,1659
380,1658
575,103
1593,1656
1064,106
1410,106
1360,91
1194,1659
1508,35
1491,109
1970,114
1551,1673
578,56
1420,23
1276,71
1204,1678
1378,1673
1413,112
21,54
1694,131
170,1680
186,119
317,53
1167,1
1305,98
1485,1630
1375,1630
903,1693
1292,1660
705,84
597,110
1348,1660
801,633
1272,1670
400,190
237,1679
1069,26
990,87
792,1678
672,1680
1763,154
164,190
185,23
1292,1698
611,239
427,190
46,190
1496,103
484,37
1466,1693
731,108
1520,93
1886,1672
1581,16
1119,79
1447,1630
667,190
265,56
197,67
895,60
609,131
1489,73
170,103
1235,1671
1612,1785
1535,108
1890,109
1782,39
1086,1680
734,1797
1604,85
1037,42
46,1693
1538,1639
1445,1663
1141,86
1103,1667
591,53
1553,20
351,90
1557,1630
1620,36
1983,64
1031,1693
1128,68
1895,1678
530,56
1929,28
1804,114
1788,111
725,43
88,32
1854,70
259,99
1493,54
1955,119
1683,90
1706,89
1338,95
1609,1668
1952,73
1291,111
481,32
157,1807
1189,190
1796,106
1637,1670
265,42
986,36
1982,638
1900,53
504,1673
1111,68
1223,1678
1135,66
1961,79
1465,50
1009,94
1802,83
642,1665
773,19
422,67
1681,56
153,32
796,1632
1266,62
1117,1658
570,633
1360,71
958,1676
1215,75
314,85
1016,1233
948,190
1232,1
864,43
628,60
684,1680
334,131
998,154
340,1658
1312,24
118,111
1278,61
47,33
34,54
366,131
1915,98
1933,1663
1878,106
1572,107
1848,41
412,1675
380,43
1874,111
845,111
573,106
559,43
1496,67
1975,239
889,1665
1267,42
366,1673
1837,138
1506,36
319,1671
942,16
1813,97
1978,32
882,71
1732,119
500,104
1809,1680
602,70
251,28
859,1673
972,84
1401,36
1518,59
1173,638
602,1797
452,26
1983,23
1182,1630
445,37
1394,1760
876,1807
1855,41
1235,26
1221,19
1576,62
1580,1630
1303,1659
1436,24
280,73
262,41
173,1666
1001,1
1868,59
1689,1092
151,1673
519,83
1308,66
10,33
691,64
1153,61
606,109
1296,1673
1591,28
467,17
639,239
1007,1675
929,63
1082,239
1065,109
180,119
1710,1663
1911,1680
1732,101
1456,1630
1239,23
1018,1673
1811,1678
549,1785
88,1656
787,54
254,37
1488,89
1508,20
612,33
1185,95
1739,1680
1016,20
1684,119
527,56
927,104
180,1657
1179,633
1174,1679
1252,17
1845,36
1977,84
1026,98
583,1675
450,1797
1050,108
226,70
561,105
1439,82
907,69
303,62
343,87
475,71
1197,28
644,26
614,1666
1225,1663
1905,91
1830,154
1480,16
1337,1641
34,90
419,1698
330,75
1184,110
525,154
600,101
343,1641
285,75
1689,109
768,43
1631,1654
1855,1666
1368,106
727,19
396,33
1407,1639
1799,33
238,196
1932,1670
1165,1671
123,132
174,154
1048,1
1085,132
661,1676
312,53
996,1675
194,1693
305,106
1979,1656
592,28
1454,58
558,111
1015,58
1012,86
303,95
1245,96
1452,1642
1774,119
1575,66
654,54
836,43
1653,20
1463,94
124,1663
1033,111
1383,1659
1498,1673
876,17
1429,75
789,1670
774,112
498,33
886,94
1398,1630
1223,53
1740,97
1020,190
1170,67
1407,1668
1784,59
406,41
1331,108
1495,79
851,1654
1153,138
1887,99
1324,1673
643,110
1549,1666
1917,82
861,54
1914,62
575,66
167,1233
248,43
1651,43
982,64
1541,1667
92,100
145,1673
591,66
887,93
1974,1679
1081,58
696,24
827,104
884,111
1146,1670
135,105
557,80
1989,83
276,1693
564,1642
1300,1672
1962,119
718,29
940,239
1365,84
1911,41
1288,41
1452,82
1278,196
6,1639
1844,1657
403,28
1271,1233
495,1666
1739,73
1461,1641
1304,24
953,110
493,93
298,93
1310,82
1537,62
690,33
1738,1641
908,104
679,1
1930,71
221,233
1599,1668
1202,68
1701,110
1390,79
1084,96
459,51
904,132
706,16
136,110
1331,1673
1543,1658
1283,1654
983,1660
1745,93
141,633
1711,1630
1909,1672
386,1632
482,99
1635,1658
361,24
550,16
1989,69
1238,109
468,33
661,100
718,111
1493,17
1539,1639
672,1667
1537,1665
1170,20
1706,98
1409,98
1390,1675
1726,97
1912,29
899,54
1746,1785
1588,66
1918,87
600,79
1655,58
660,19
643,61
403,42
280,1675
832,98
1442,93
1371,33
582,50
512,26
1837,196
535,104
956,131
1497,1659
484,1676
395,1807
1101,73
1596,1671
480,59
1424,196
1386,1671
1829,43
1394,36
1074,60
1242,80
564,68
860,69
736,91
21,53
78,62
425,98
961,80
1026,42
1731,1641
273,54
1403,60
526,43
1635,1785
1335,69
215,80
880,31
296,96
1436,86
1555,24
876,107
1540,1656
553,24
1096,24
1095,64
1719,16
1777,41
542,58
1203,1670
1796,101
438,1807
518,67
1200,54
1260,16
286,633
913,1659
184,73
1431,51
1108,1656
1594,93
1651,100
1008,1760
419,41
1108,19
1735,1642
1473,1642
385,1693
1664,131
393,1656
1424,50
1386,1673
1194,1642
950,1654
574,84
1990,96
676,1676
1249,60
22,1760
1738,104
750,1680
381,233
608,19
516,100
735,112
1124,1807
1650,1693
411,1642
1516,1233
584,28
1619,84
1412,62
933,29
1396,91
1915,87
1552,107
977,51
3,1676
944,132
1035,20
1530,42
1884,39
1388,60
1921,43
1872,1639
584,1092
1341,82
1035,101
889,19
265,41
504,239
1136,60
748,1092
1789,111
421,1666
1330,84
1350,19
1779,41
1853,104
1471,79
901,109
1551,1663
1387,26
780,196
708,633
469,43
572,1676
955,86
1292,111
300,97
1262,51
1101,1785
1534,1666
1521,75
1359,1
1896,41
772,109
1127,37
424,1693
425,94
1535,638
290,58
1467,96
644,39
464,233
913,66
674,1632
1157,239
832,190
151,70
1113,35
1120,59
1461,1679
768,64
1669,68
1874,108
40,65
591,638
646,97
1384,1760
1183,154
946,29
160,1642
1193,36
1711,1092
1178,1680
401,1680
1170,1632
691,1663
1314,70
562,77
1020,107
552,75
882,68
254,1693
21,638
377,1678
1940,101
1445,1665
583,1654
1022,1092
311,1671
1030,37
1130,1797
901,95
208,1680
405,26
777,65
337,1760
469,61
1873,95
1141,41
716,82
1252,108
685,51
1477,23
1918,1671
568,41
860,63
1157,63
608,64
401,70
934,104
864,58
1346,104
1078,1807
1332,43
1579,26
1929,63
1369,42
1497,29
88,61
437,60
1144,80
1554,1233
6,35
1296,1659
1294,26
319,56
748,112
1706,58
1445,86
1578,1693
1449,19
771,59
1894,101
664,31
1163,71
671,1672
1348,73
140,90
1729,100
1006,77
1485,80
1856,1670
1622,233
1690,633
453,190
661,1657
1142,66
922,87
248,16
229,1671
1705,28
1105,86
385,39
331,85
595,106
1404,70
1960,110
527,59
1063,85
14,106
824,50
1433,1092
749,119
126,96
1876,66
592,190
1787,633
557,1092
888,79
635,112
1225,112
625,58
280,41
1610,101
465,19
374,119
1214,61
1359,138
222,43
1244,90
876,28
674,1668
677,93
271,1676
678,1092
1052,63
48,1673
373,54
728,91
689,1693
1541,109
602,1698
1351,1654
1561,42
161,53
202,1675
1307,24
1932,1671
596,65
671,1807
1478,35
322,96
511,1666
1360,1678
1051,31
900,1675
1222,36
1226,43
1724,1680
1484,1657
1711,32
294,85
1437,1
320,1642
1098,97
1577,68
1878,1698
874,80
804,1679
1586,29
1646,67
502,138
526,66
1540,638
1460,196
1067,1092
846,69
167,1676
279,54
815,96
1740,19
567,1641
788,70
515,1670
1130,67
1169,239
191,1
218,97
1200,29
1661,1760
512,63
493,106
167,233
1290,98
318,111
1544,43
1105,33
1305,1785
683,87
1498,112
910,1672
398,54
405,64
1477,108
1845,1698
749,91
142,59
1852,104
492,196
78,35
1915,1698
1895,1654
1649,1678
1221,87
618,60
1890,1680
1786,1659
737,1654
1524,56
1035,1641
354,20
1936,98
1389,28
362,1659
1744,53
861,1785
1710,84
1841,1679
1609,71
1062,29
1004,77
508,42
1106,59
437,98
774,99
901,1657
1080,1656
1352,71
450,239
1800,69
1585,1233
1894,51
242,77
1149,104
157,20
821,61
1601,111
328,638
130,54
447,1667
1846,33
1594,70
1557,50
45,58
1350,85
49,63
1226,79
706,17
355,101
304,75
1741,23
1444,105
493,1657
1494,105
1443,83
1022,196
1989,68
1093,31
903,85
840,75
181,1641
1130,20
1811,119
1757,89
159,1760
306,20
1911,62
1894,82
1530,23
1038,36
634,64
57,65
721,90
812,1693
1877,1233
761,67
938,1654
1260,35
136,1668
801,66
1925,1673
201,20
1683,1679
1115,39
237,73
291,103
662,106
1752,106
1532,68
412,75
1005,68
844,70
810,50
1384,83
428,75
401,111
1178,111
1255,79
556,1659
1460,63
964,36
729,51
1228,51
678,84
743,1672
913,101
198,233
34,16
1436,87
209,94
1479,19
1355,1
1945,33
641,233
879,41
862,19
664,54
1041,1672
1928,54
577,1668
1526,69
1310,60
938,1656
282,94
908,190
1408,36
875,53
590,1666
533,1677
147,62
700,56
1615,1630
642,1677
1111,33
1900,80
1441,29
1920,62
49,91
1705,70
1757,1785
1227,1670
449,43
1912,638
457,1632
1802,62
1053,104
506,31
535,1760
1549,94
722,85
371,1
835,1678
1956,32
1168,1233
696,1630
175,91
1443,79
1317,1642
1922,112
695,138
364,96
789,65
222,66
350,23
1053,138
1936,1672
1592,196
1976,99
1611,1658
1737,1675
1690,71
1821,1657
1621,1233
1565,239
755,84
1197,85
1053,1233
1462,91
896,56
368,1693
1432,154
1357,1659
650,1807
1861,1785
977,67
1162,1659
261,154
1790,63
781,41
1392,56
1045,82
252,89
127,33
1697,1785
519,1807
653,111
710,96
1463,1698
1799,94
1971,119
1347,39
1462,638
839,1667
1269,96
1467,1678
938,80
1880,59
352,19
102,67
1943,1678
1600,138
1583,51
25,28
1349,105
992,1678
76,1639
401,75
1450,70
1855,37
1514,59
1721,65
1720,1666
502,93
1393,16
1764,97
1032,1668
1278,35
1222,1675
587,54
1177,58
419,1672
1548,31
491,1665
1090,131
1456,79
1059,58
580,95
1120,60
235,80
805,196
1123,89
1251,108
1329,1660
1075,154
1459,1233
395,1658
1209,1632
1697,1675
1352,1668
1974,35
1246,32
1171,1670
809,1679
717,132
1051,50
1608,63
669,33
726,1092
713,95
1634,1807
592,50
471,1671
1344,87
887,101
1209,69
30,1666
18,36
1213,1675
682,79
1078,1693
445,35
1555,1632
762,1639
139,82
857,35
1909,51
1103,108
1643,1797
1880,1233
317,105
1026,1
1941,1630
641,37
343,67
354,1666
1090,98
134,90
1113,131
1700,65
729,138
485,190
306,77
1962,62
363,132
1323,1630
1862,1665
1075,1233
1701,1657
1705,638
13,82
768,95
1681,1233
671,1675
1779,1680
1581,100
1127,1668
497,66
1938,233
524,1675
264,1671
1152,100
1085,112
1971,83
652,77
783,63
1320,63
1216,112
1880,23
1933,51
136,70
283,233
1496,1760
1002,41
415,1642
126,97
1681,1671
263,82
598,101
253,98
954,71
1112,1675
266,69
819,233
516,79
447,23
168,100
1454,1660
1217,1667
427,107
1062,65
346,73
459,1678
389,59
1628,96
1867,114
935,96
1735,1807
885,59
1587,1639
1740,1639
137,35
1847,1693
747,54
785,1663
432,1659
180,71
1911,1632
1240,1665
613,1665
1119,1675
1518,106
362,107
1873,41
1155,108
516,1672
1273,19
1879,119
1921,1679
1131,93
1296,54
213,106
1930,131
517,98
1899,80
1221,100
998,39
176,106
72,43
1731,1665
55,1672
704,1670
526,67
1686,65
718,17
205,66
836,1672
597,54
688,100
652,1671
1133,36
893,53
344,132
1483,61
1958,1667
367,1092
817,1659
728,42
1203,1630
1170,65
285,91
1851,96
1328,35
1571,97
1203,59
1404,1672
821,42
1850,1668
1139,35
1964,80
445,1660
1739,42
214,77
1870,94
415,68
237,100
1340,87
1330,29
1829,53
1221,1632
466,28
783,19
1337,53
1084,108
1483,633
416,99
1016,50
428,96
1266,68
574,31
478,112
1935,132
45,233
1849,67
176,24
1560,138
11,89
914,64
973,1657
1275,111
1593,70
1228,1797
1798,633
822,82
1569,61
1035,1785
886,63
1156,83
1431,1233
902,53
47,1660
617,29
762,104
670,17
1476,90
1866,1656
1257,77
741,100
1025,87
681,1673
808,31
1825,1672
1685,108
379,28
1156,638
770,71
860,1663
1711,86
1162,43
483,42
1047,110
1434,17
1108,104
521,50
1326,35
945,68
1838,190
1252,37
186,96
547,105
843,24
1431,1659
1989,67
150,638
613,638
1514,101
1133,119
122,59
102,1673
1278,26
590,56
718,109
44,1656
994,119
1052,1679
338,1673
464,63
1884,93
743,1659
604,1641
366,58
996,85
174,87
852,1233
1635,56
1763,79
1122,93
1564,100
1485,23
443,50
1777,1665
325,1678
140,1092
1910,29
1487,196
972,61
1839,19
422,90
733,1785
1789,58
709,68
166,95
1553,31
818,1680
1168,59
1150,1663
1376,1092
1686,1675
1501,89
197,1659
1339,1654
1070,54
1608,1785
1812,1657
411,53
1460,56
968,32
678,85
1033,42
1292,1663
828,1678
337,23
1776,1678
1133,105
1189,1667
1605,101
1915,91
577,23
560,105
1828,196
319,16
235,119
921,1672
1162,1654
1918,71
727,100
1685,1658
1267,83
1749,65
1951,1797
721,75
1806,56
177,131
1020,65
1391,50
436,50
1766,154
1036,1667
1417,1671
791,1092
409,80
1083,1656
382,87
1947,19
1601,1807
187,71
1470,1642
244,28
1593,1679
1134,131
1226,96
413,1679
1815,24
1009,50
958,1665
1073,1641
1424,67
1853,1642
527,64
489,60
1741,58
1856,70
1638,1666
1413,111
900,54
1509,1632
722,82
668,58
969,1671
1600,91
1599,61
537,31
1490,79
1972,97
1353,1641
526,59
299,1632
197,1679
687,108
1027,1667
910,1797
1912,59
734,73
1220,26
852,28
817,1667
970,99
1378,100
1637,1667
1435,23
1381,233
1919,1641
1169,71
227,1760
1118,98
878,109
308,75
204,36
975,71
281,111
637,1678
1350,17
1478,90
952,94
55,37
592,69
1987,86
442,154
1473,1658
1074,79
1553,106
797,138
469,41
1859,16
1292,105
1798,1673
182,91
772,111
944,86
501,233
374,105
1172,1672
1636,85
1451,1679
1467,98
838,1654
384,61
1640,16
846,29
367,58
1493,84
407,69
1278,32
836,83
1187,99
1156,132
570,99
1854,119
1275,132
778,84
1555,54
1775,1641
1784,20
516,138
627,31
1469,60
707,87
1209,1639
949,62
1413,1679
1860,56
1472,1667
960,131
747,77
572,16
1590,112
1701,83
1774,1659
908,50
323,1660
331,89
960,1693
260,107
7,1632
509,84
914,1668
793,71
1733,1785
1383,94
504,1656
356,1785
463,1671
181,1678
1235,31
1143,196
206,95
1439,105
1575,91
1922,85
547,33
1021,106
1707,99
715,29
861,1665
601,86
1562,111
397,97
715,1092
590,112
1348,36
409,1671
400,26
771,61
1181,1658
356,61
140,84
896,1632
162,1670
640,26
1070,1670
1260,100
629,51
1170,633
194,82
1722,58
1518,89
982,1807
163,107
402,1233
298,1656
355,93
263,60
1229,1663
206,62
1946,62
971,20
1768,50
594,95
1825,29
1808,51
668,108
1610,99
415,1675
286,1
343,80
257,1657
152,101
266,1785
523,54
785,89
551,1654
308,1668
701,69
1719,37
430,1785
25,1677
875,111
1392,83
359,86
1251,1678
1149,51
342,101
352,95
1059,1668
407,1671
530,1632
1782,98
284,85
230,35
655,70
588,43
1450,154
2,1666
1198,66
1405,1670
1353,59
214,1677
1558,1654
1717,105
816,91
1080,98
1192,1660
933,66
883,85
1602,42
1911,84
47,1641
266,1658
1720,33
52,1233
1706,28
1924,107
488,90
326,132
1526,109
386,41
1544,94
1250,99
474,132
1606,1676
1864,69
1976,1663
1122,41
1930,80
1842,1668
1437,96
1920,70
466,29
1691,63
1195,50
1751,89
223,33
1741,99
1745,96
1306,66
1756,1632
1539,112
303,110
1786,1657
495,56
1754,65
407,28
583,103
1100,83
215,73
1177,64
698,101
1854,1680
1804,43
47,1678
708,94
341,1785
1615,91
1189,1663
566,84
1768,1698
573,62
835,85
1495,233
1099,26
1638,91
1290,131
1496,62
211,82
1368,1693
1264,42
440,26
753,1665
1611,20
1024,106
1044,101
1303,82
1333,1
983,1672
15,138
881,66
1512,1672
1292,80
1755,104
193,64
900,83
665,68
1019,1657
1168,93
445,106
800,71
175,65
1026,87
1959,51
1208,68
936,1671
789,43
1358,1678
575,1630
972,1760
1767,77
1143,61
1920,1680
744,1693
1121,1641
1945,85
989,1807
189,1659
1681,1807
1790,1
650,69
191,39
249,36
1267,68
842,51
453,1678
1850,77
512,29
1519,90
409,69
390,1642
1044,107
1742,70
622,91
861,23
1273,79
777,56
1702,1658
1762,29
1795,1676
334,56
227,94
1131,54
267,65
1262,26
803,19
310,33
628,36
1721,43
1081,196
1873,1660
1521,61
1764,1233
1824,1670
243,239
540,111
1244,109
989,1680
607,65
646,1671
1042,56
30,66
765,63
1338,73
1161,1642
165,1785
1435,1797
481,42
1133,138
430,93
1338,56
842,37
403,61
885,65
1574,53
1314,33
1374,31
312,1
199,1675
848,83
480,93
581,233
1535,104
359,239
1245,1672
398,1671
1091,62
244,29
1313,104
483,73
230,24
931,71
266,1092
1205,91
597,1654
807,1657
665,32
1417,107
561,87
779,24
1332,82
800,99
374,28
1775,1668
1906,75
1467,87
789,79
133,1797
694,68
55,1632
1982,31
1473,61
151,77
687,111
820,1676
1173,26
255,105
680,1665
205,154
1224,94
1682,1670
1206,82
1307,35
168,1092
847,1676
1367,69
1169,70
1314,51
1710,1639
1050,1641
1525,99
440,196
1472,17
1527,1667
1607,37
703,77
320,1668
541,1678
747,239
1651,119
1369,1679
1802,95
76,111
1571,1676
1145,1668
541,19
1394,71
1568,1670
720,1654
857,1658
149,16
352,132
941,84
598,95
1977,60
1559,36
1617,101
1484,84
1414,1671
628,56
21,86
169,53
1606,1
579,638
1335,53
1889,19
752,154
769,28
1416,91
1490,62
1311,60
1298,35
1712,1667
511,16
1143,23
1955,105
1059,60
1894,110
1967,1656
1496,71
602,1660
1502,61
399,28
498,233
724,101
1189,61
750,75
1839,87
1568,154
497,39
740,101
298,16
999,1670
1829,109
123,109
1687,131
642,67
55,58
1215,20
171,1679
1987,1233
709,41
213,84
1838,132
504,1657
524,1092
118,1639
732,77
1892,95
806,90
648,68
495,17
478,59
564,1676
836,51
1703,97
1389,67
731,1807
1742,1785
363,233
658,101
1895,83
78,154
1258,20
962,633
10,90
1777,154
873,50
1939,119
1486,60
1069,108
920,29
1898,196
459,1797
11,1672
1441,1659
1545,1673
1761,196
791,33
1309,1678
1385,56
1297,100
213,633
268,98
603,23
976,99
591,1632
1438,93
140,36
1408,16
1106,1663
661,1670
147,106
1590,67
1407,103
1604,1679
1105,75
1826,1665
25,77
479,86
1202,61
1556,70
263,63
1374,633
288,131
139,66
1831,77
303,85
435,69
1033,16
1607,1680
495,39
403,1677
1221,1
1205,1676
1166,1666
711,73
1214,32
461,36
1868,37
1979,42
1317,1679
1211,132
1268,83
533,112
1419,1679
731,59
123,1678
40,32
171,96
1884,20
1243,132
825,35
811,16
1527,638
1587,1641
1425,1670
263,1807
673,87
303,638
506,1654
821,87
1741,1658
790,100
1127,1797
812,638
1537,71
1221,1660
407,1670
1281,1665
1725,80
254,91
163,24
1802,101
1343,71
1074,98
685,131
1455,633
763,89
284,86
1741,112
566,1678
528,66
487,1657
1316,59
2,1667
1913,97
1627,73
445,69
870,16
1225,103
1349,61
1026,112
1228,20
1942,66
165,70
952,1233
1988,1668
1606,95
1550,1671
961,239
27,109
1744,58
124,1659
520,58
926,32
511,58
1291,90
923,196
1445,119
1338,19
260,1673
710,31
1082,28
1850,1666
272,65
240,1659
336,1658
1112,65
212,1679
1535,65
52,154
551,64
203,1092
720,68
1954,75
1458,36
1830,1632
374,1797
159,77
270,64
527,1671
221,1656
345,1
491,1807
1822,82
1163,633
116,110
1613,87
527,24
199,59
1876,97
550,1663
203,60
1070,24
3,638
1053,32
1087,112
405,190
1026,66
1336,108
1906,50
175,1678
74,1673
276,77
520,89
1127,110
1439,50
451,33
1211,51
1362,61
614,1698
258,1657
1365,80
10,96
1740,60
1443,132
856,64
417,98
1536,1679
232,63
1516,51
1851,112
1427,1656
159,1676
845,51
1881,99
1475,132
1796,28
821,58
711,1760
1729,87
1417,1641
797,33
965,85
1393,1676
1155,61
1048,97
143,83
180,37
1601,29
183,56
1054,91
1573,95
1648,16
301,77
1935,1666
159,51
270,82
473,70
1087,17
1644,100
432,19
643,1679
1104,1675
1252,39
186,110
654,103
547,107
759,1658
593,1677
189,100
284,1676
1613,1663
211,638
1703,41
1504,53
590,62
4,1233
1258,108
1476,59
545,1679
1890,633
474,71
1911,59
1912,33
1148,1785
1237,24
997,105
1811,233
1918,1807
1595,20
606,41
845,37
232,1672
1176,53
1432,95
440,41
1146,85
225,131
350,1658
797,51
124,233
1447,89
1640,1673
865,83
426,1659
1129,132
1772,16
1410,103
1319,99
473,80
950,1656
459,37
1243,1657
1168,61
1245,33
696,56
1306,1675
736,95
1450,97
722,94
632,32
1314,1658
165,108
115,59
262,84
1701,633
1885,98
1579,85
1318,59
826,51
1085,1658
919,196
1720,93
1186,1673
1161,1641
1603,1630
1934,64
369,1657
463,105
1211,1641
966,112
1817,28
1072,101
1200,42
480,239
1901,132
1756,23
1242,1693
912,60
767,108
1269,1092
1824,233
1903,1797
541,111
379,58
700,1630
272,1092
754,98
241,61
1108,31
1309,106
102,84
284,111
1763,1641
341,106
288,106
15,233
1202,1675
867,1092
1476,1660
1515,132
1521,93
1067,73
588,108
1363,56
408,56
796,97
1956,35
1246,1785
1322,41
1011,82
1271,94
651,37
6,59
1533,90
1740,86
1979,96
1908,58
383,39
420,51
280,1660
1934,82
896,1670
161,19
1696,67
1735,98
1170,1642
959,65
1193,79
365,100
439,23
976,23
478,1693
372,42
1718,41
161,1671
841,101
972,35
1125,99
834,28
160,51
1943,87
275,1678
1481,1673
1623,85
1536,95
1539,58
527,80
1553,138
303,33
1463,99
658,112
1334,1641
839,51
950,82
1020,1679
510,1663
520,17
1403,1672
1669,63
343,63
491,1666
847,1663
1460,1760
745,29
324,1654
292,20
1357,1642
1787,35
512,89
1820,67
456,1663
457,60
1916,1666
885,36
1091,1673
322,24
515,69
184,105
1803,138
575,39
1937,42
1441,77
177,62
591,103
1950,94
174,1673
1355,1680
1027,79
582,1092
1815,62
1067,36
1298,1677
934,29
509,82
1843,1671
921,56
850,110
800,17
1984,233
465,37
1043,60
1026,28
1814,109
1104,190
346,1660
1770,1679
1382,99
226,32
395,1679
677,87
1429,50
1357,1675
1184,1665
1312,154
1077,1632
923,1807
657,43
1686,154
768,82
641,196
1850,1660
1178,1663
791,32
546,1679
1595,1672
615,1654
1478,154
674,132
965,1667
1894,1668
532,26
828,43
1877,32
1988,101
1652,138
750,90
1448,104
720,89
1364,68
194,1668
338,106
1817,638
676,70
1566,233
331,73
538,99
901,77
595,110
1262,96
1372,1760
1852,64
14,110
733,132
753,112
1360,24
1913,86
1694,77
1751,36
1862,105
742,82
709,1663
765,1663
1161,42
21,105
1643,90
1071,1693
1697,104
44,62
320,132
193,138
1001,101
1521,1680
165,36
148,108
334,1663
650,1092
761,1233
1190,62
1961,1642
1318,67
698,62
1899,1656
560,51
670,56
546,1665
1368,1667
124,65
1374,69
515,16
1068,42
1346,1668
922,50
1075,104
1682,64
1240,41
1741,1657
720,87
1662,1675
824,85
1047,71
1007,1658
1910,85
1259,37
126,1698
927,69
473,154
924,103
618,54
1956,20
1747,233
492,97
1231,56
1123,1667
1896,119
421,43
1865,86
1137,85
1376,101
1249,233
1746,1663
846,73
134,69
1646,54
708,106
1244,36
548,1641
1923,1667
1551,97
1348,26
1719,53
289,29
1285,1693
1766,112
167,20
1588,26
1096,66
527,638
1800,42
1010,80
204,31
918,1693
1116,1760
249,1666
915,31
281,37
708,1668
501,1666
1461,104
1541,1678
609,73
183,90
1570,24
519,1654
1309,36
1933,84
264,58
894,58
489,91
1430,54
1255,39
1167,43
1613,39
1543,1680
1336,109
772,33
1824,1660
1127,105
297,71
242,1642
1403,23
697,1676
832,1233
424,94
1538,89
413,100
489,1656
1281,32
1688,1760
863,1642
288,1667
1834,54
1973,1665
176,638
1978,131
1227,35
697,154
1586,1680
1054,190
1472,1630
959,62
1863,86
1017,35
1867,19
467,62
1320,1092
1652,77
1705,1632
1378,60
572,107
1864,1665
1351,633
1240,1632
613,1698
479,42
1626,633
558,29
1908,1785
123,20
1155,77
1047,107
25,58
1478,1657
617,1630
257,95
1529,1693
1795,138
693,1666
1969,131
262,91
229,28
1778,107
1100,67
1008,43
1197,109
1473,87
646,1675
1683,68
1294,39
391,1656
579,1630
637,96
340,96
734,80
627,54
862,37
1911,58
797,1670
1669,138
1136,1642
859,91
768,26
1196,58
1824,109
1881,108
1519,1672
512,31
1065,31
1379,1671
201,24
1286,79
1568,98
1414,16
467,1641
872,109
691,1673
409,75
547,1665
1752,110
459,87
1822,60
1434,1675
1528,1656
1684,69
1280,131
605,16
1506,1639
888,28
1057,87
1896,50
1284,1654
1400,1675
796,108
1738,99
1134,1666
1333,1639
782,43
1517,54
367,35
1717,93
465,95
1446,77
1545,196
419,1680
143,1678
148,36
1197,95
611,132
152,95
1186,1670
1709,196
478,1654
1587,1666
171,26
1647,1672
1847,90
1206,70
752,1785
1267,84
146,1642
1931,39
801,80
590,1670
1468,66
898,96
1968,32
1967,104
773,154
243,1667
1186,101
602,108
565,24
1872,1676
626,86
861,103
1769,20
865,108
207,1657
1694,1673
1111,61
562,132
888,42
1276,83
135,41
1262,42
1617,105
113,1639
1883,1092
348,633
1033,89
456,1797
1110,89
1080,28
1633,26
1022,1667
197,1676
911,1630
1619,91
1288,105
1609,17
1513,132
249,85
1203,1642
1230,43
1730,93
1802,638
272,1680
956,94
122,1632
980,84
1684,638
781,37
403,77
761,99
946,1675
797,101
905,1639
1705,154
379,90
694,1657
610,1660
1472,19
1310,1673
1219,84
1111,66
372,43
1811,1656
1611,32
1024,70
1354,91
1580,75
398,67
1359,1092
1163,1677
174,1660
1260,1679
870,233
528,106
340,1698
1005,36
1801,1641
1764,1659
774,1657
1164,95
276,1660
635,107
267,111
749,31
1857,1666
1255,111
1093,80
1635,1675
364,82
1710,33
240,64
10,86
1848,64
397,108
1049,75
1379,86
1161,239
1001,1654
617,73
1153,37
1190,98
235,84
1449,36
74,90
571,1672
1783,33
1327,79
1004,1678
1894,1675
1626,1641
144,1679
1189,59
858,71
549,1632
1543,54
237,138
1583,239
504,1693
1293,77
429,1698
1478,75
516,1680
1380,87
1879,111
558,85
1776,110
561,1659
1076,1668
709,23
953,1675
734,1658
521,79
442,26
850,111
1755,82
1739,1641
670,1666
310,29
853,19
1849,138
1889,35
145,60
220,1680
1309,1642
957,53
1526,1680
601,1671
158,80
1616,26
1653,1797
556,67
667,64
464,107
1918,1
728,82
691,70
657,42
165,1677
1055,1676
442,1630
356,56
221,28
1754,1678
1274,84
1075,29
1149,62
1000,107
1702,138
912,23
1961,28
547,638
419,105
1712,96
815,1679
908,35
802,1680
1465,80
1579,1642
1650,1233
1903,107
1019,39
1984,73
482,71
1919,107
514,1660
1890,1673
1299,70
985,100
182,58
704,1676
796,84
1060,131
610,1092
1303,1671
661,56
1485,1632
688,106
893,63
1961,1641
1723,1670
1784,196
308,1671
8,1693
1969,86
1717,1642
1823,119
1473,233
427,111
1851,86
768,33
1837,87
1433,1675
1713,73
1163,104
1508,1679
393,60
1628,1672
1172,138
434,1680
1857,60
1302,1675
1470,633
1917,90
1607,104
1846,94
1495,36
1540,39
503,62
414,1679
1707,1668
432,1663
511,1673
1758,1233
288,36
894,190
752,633
362,87
1373,131
1772,79
156,107
1279,41
341,33
113,1630
437,638
1596,108
621,42
1743,239
531,190
1549,98
1452,1632
1865,85
1521,1665
367,105
1733,86
1844,111
1737,19
526,1698
9,1671
1633,66
585,1760
1004,84
835,104
563,111
319,91
1516,63
1718,1641
548,1785
1981,131
630,85
1756,63
1556,633
1523,132
1735,1785
1550,91
133,20
1735,37
1425,1654
446,37
1030,101
1982,1670
975,56
1293,99
890,1760
1422,633
221,1654
645,26
1512,1693
1256,39
1508,54
817,59
1242,70
1477,87
1209,119
585,39
568,105
1749,1679
1178,20
371,90
1605,1671
813,79
578,94
15,1675
1082,1630
1707,33
971,53
1036,41
776,37
1936,103
1426,35
1743,98
990,98
424,95
1382,62
573,59
902,41
746,1675
191,50
318,1678
430,68
1616,131
413,20
470,239
1581,37
1192,1675
199,633
457,106
1159,83
1931,58
1987,1670
428,1693
615,1675
1250,112
1030,196
1749,26
753,1670
1740,1671
504,58
415,54
1525,43
385,1675
227,196
851,20
301,75
1115,93
1758,91
549,1673
1462,1698
945,239
1944,93
844,77
38,28
955,50
758,1679
1224,1641
1114,1797
1424,91
431,71
1968,1678
1212,154
133,1693
958,1656
794,1785
1255,84
296,1678
776,68
300,20
209,1641
1171,61
586,1639
1942,108
897,110
735,26
495,75
1386,20
725,16
708,56
122,71
1534,100
88,75
840,112
805,1668
293,132
25,1630
148,23
1436,94
1298,91
488,42
313,65
1345,28
1042,84
157,112
302,29
285,59
341,1657
892,1663
842,62
1006,1797
453,1675
1570,1630
762,233
1260,24
343,1678
144,90
825,79
935,54
1535,103
1786,35
1769,41
1125,77
1880,36
993,132
1530,1673
375,1678
616,83
412,64
1280,132
395,56
469,17
1980,71
398,23
345,99
535,1656
1306,50
1074,54
1588,1676
462,112
1720,1660
263,1
1283,1642
14,39
472,154
76,1656
903,1797
964,33
1026,36
840,239
786,87
1600,65
364,111
607,61
1821,29
1969,1632
354,53
1311,69
27,89
429,1807
601,108
1514,83
324,1677
1083,42
6,79
1794,1668
1183,31
1298,77
657,83
1338,84
883,1693
722,1659
1737,138
463,107
356,23
1776,1632
1425,86
969,1092
1520,84
892,1677
1857,75
775,1666
1808,1671
1988,29
635,1659
1664,1679
503,1693
1718,93
1320,90
1814,1632
1236,86
1793,1677
248,91
1812,1
160,39
716,36
1053,99
521,82
1687,94
894,65
1138,77
554,42
863,36
1512,1654
756,98
1053,20
614,64
1336,24
1252,1656
418,111
1767,29
983,138
711,1
434,111
1712,1672
1030,1663
1288,106
1090,138
1055,54
1223,106
1374,1092
1358,29
1787,23
1699,1807
1017,95
877,1807
1800,20
1178,1672
642,1654
818,43
1136,50
1310,1678
421,1676
706,190
1101,103
1853,98
415,24
471,1676
1914,112
1987,90
541,16
1405,1659
1410,73
1141,33
274,69
631,105
1114,69
156,1807
1183,1656
1935,1639
766,62
1174,1
1049,1660
243,95
1879,190
1571,633
1720,1671
464,1668
52,1663
1269,1672
607,17
1838,91
1768,105
1565,75
580,53
1222,1676
1080,43
1972,1679
748,233
1187,103
1261,20
1690,82
570,111
1507,108
973,1678
13,91
1061,1657
624,54
168,28
1452,16
224,1672
1348,65
161,35
996,1807
1740,1656
1459,239
1799,75
1141,1671
1949,1670
1165,1
942,138
1701,95
676,82
1030,31
1792,42
1039,1673
1002,32
14,98
807,1673
1090,1641
1383,90
1494,59
1977,83
1852,35
1892,90
897,37
21,101
332,638
1772,1630
1932,75
866,1656
668,26
1544,1785
1216,1760
812,71
1132,1656
1847,233
1355,65
1318,87
1779,1657
0,95
609,1639
1936,1656
1901,54
1538,16
983,31
1210,65
1689,100
1052,86
956,99
773,1785
1628,111
161,61
141,233
399,111
292,107
403,104
1917,1233
214,58
1544,53
415,111
734,1233
612,89
574,1680
851,109
1018,1680
288,23
88,1663
770,29
1694,32
1752,39
193,110
581,77
1783,1658
4,66
1842,104
1849,42
1791,1675
324,73
568,61
1191,239
492,109
772,79
1289,99
497,1665
1569,1679
408,100
1829,1657
485,90
1335,26
1744,79
450,1679
347,105
734,1671
1969,196
630,190
1369,62
1636,196
148,1665
1727,239
1069,91
313,26
1503,1233
1454,1665
1951,77
663,1632
492,1698
1031,35
1023,1670
1877,79
781,1678
941,633
1297,75
763,633
1905,190
359,82
895,108
532,42
1381,59
673,84
1478,37
639,107
1548,1665
666,61
1623,1693
1590,80
1039,1660
528,54
230,84
1798,109
844,42
1699,1668
187,131
1933,32
723,53
580,1660
588,39
1818,1660
388,1659
1198,70
1040,32
870,23
1902,64
1060,35
1573,154
1781,39
182,53
1916,100
1261,89
1138,1678
1393,33
1499,1670
347,103
1069,60
222,31
819,107
1079,103
1446,132
1247,43
553,59
511,39
226,1641
1109,86
634,54
198,1667
1578,79
285,86
181,101
1230,96
1985,71
795,1663
1702,36
1724,1630
197,101
1763,86
1564,29
147,26
1917,107
1739,33
446,42
1495,53
1023,190
1122,37
516,638
422,51
1387,75
636,107
784,190
1135,131
55,105
1194,1679
868,1658
117,1668
830,31
1490,1660
891,31
1081,67
729,1660
305,1092
1363,19
78,37
1109,1659
1935,131
236,63
863,98
127,1666
1012,1092
1767,91
1143,43
1804,39
1841,1665
1115,1680
178,83
215,58
363,85
326,91
1466,1665
970,70
1784,80
1035,64
228,54
1331,67
1185,1671
503,108
1763,1680
177,154
1962,1693
1416,633
1431,36
1213,1233
1418,43
447,1673
1557,60
1850,54
1303,110
128,1675
1104,1632
793,1679
686,84
962,110
743,93
1019,99
1795,1666
1212,36
1010,1654
1451,190
1842,1797
978,110
1084,1666
1289,56
874,1666
1224,1785
1171,60
1360,131
1433,83
222,104
1814,43
932,1675
1981,1680
1201,104
1369,100
1205,1632
142,1668
1598,87
1913,1639
1808,1659
1699,70
344,1642
1924,75
325,131
859,93
349,29
1574,63
238,1807
184,66
1607,61
261,66
942,93
1373,1233
1614,17
642,105
1471,80
1259,96
1360,83
955,67
441,1693
1591,638
193,86
695,29
1509,1657
1399,131
961,41
1314,1657
1704,17
682,1641
1467,93
680,1657
441,1663
1248,108
1049,109
424,60
447,42
1143,1680
735,1671
1217,58
539,82
171,28
1225,1673
821,1092
1979,196
1338,196
1806,61
596,16
204,1672
1682,119
1850,91
1886,239
1789,86
868,26
851,66
616,51
871,63
301,29
1036,1807
1694,1679
1404,43
1684,85
1205,54
126,93
1067,61
1360,65
274,80
1859,41
1292,112
813,19
1815,132
1104,70
1046,67
492,20
1507,131
1417,111
78,19
179,98
626,1673
240,84
347,62
1271,91
1201,59
1072,1677
1613,1632
1976,105
1558,89
237,1657
937,67
277,1672
1531,1233
1063,1642
1466,16
1375,190
954,1670
573,80
1810,35
1357,154
842,1807
519,1797
277,1642
207,71
459,1659
1239,154
1118,103
308,80
1069,1675
1809,106
1614,109
569,109
311,90
1163,1679
116,50
1424,39
1563,1760
92,43
1876,53
38,43
1487,84
331,63
774,1663
1608,1675
885,1660
193,50
1959,112
681,1797
1515,1642
506,154
287,1641
240,66
1201,53
1737,75
482,131
562,1641
1972,1672
217,1666
1372,58
1426,104
664,233
995,1785
795,59
1827,86
320,89
1099,73
566,16
1726,54
573,98
1844,1673
835,17
1114,1670
1502,33
436,108
1571,42
1326,1657
1740,1657
1848,1807
1690,638
1155,233
1431,108
1401,67
1492,110
483,24
247,83
194,93
301,1
730,59
1236,107
405,35
706,32
10,1659
1333,69
1298,1672
1603,1233
1380,32
1843,1672
521,77
1755,84
941,66
1198,154
22,1671
1184,138
390,91
1956,66
1814,96
1500,70
145,50
1504,1
1183,1679
694,36
384,1797
1982,63
1217,1675
559,80
1848,63
1351,20
235,68
1598,111
457,66
1096,41
1648,1654
1689,20
1362,638
1212,1657
1759,73
458,633
1434,1630
706,131
1335,1656
286,1639
1522,33
1728,1654
1309,93
690,1679
1313,26
1171,1656
1906,1639
1523,1657
1953,106
561,16
445,79
300,60
47,239
675,24
568,62
1524,35
612,1807
614,31
156,1667
711,69
1029,96
662,1693
1982,94
833,1675
377,75
1975,37
454,65
1799,1677
1304,1680
1224,29
909,51
235,50
1784,53
1837,85
1196,99
610,26
852,67
1516,90
875,98
1502,29
1085,43
807,83
298,97
673,107
1119,1632
1907,94
804,61
1302,1656
1401,95
374,1807
1044,61
1779,24
1725,108
1049,1807
1772,1693
1451,85
921,104
726,67
160,96
1839,1657
1984,89
1232,68
992,19
1603,87
1285,87
1342,24
1594,1659
654,62
711,59
1118,1673
38,1663
435,196
1397,1666
754,1668
758,1092
102,1654
413,1797
508,19
1429,83
1315,1632
1476,82
266,1639
802,97
553,75
495,1668
1056,190
406,33
1025,95
895,29
939,73
1182,23
942,70
690,39
1497,1639
1078,196
1299,1667
415,66
402,53
1512,36
596,1632
527,100
749,84
1221,1676
172,1671
1188,111
658,36
471,73
1786,1666
273,66
644,87
276,73
495,71
1446,36
570,1665
181,1632
718,101
975,638
1868,69
1281,37
1796,1676
1619,35
1966,1632
459,633
498,75
171,51
539,73
464,71
117,109
1884,69
899,65
405,638
1455,60
406,51
1810,93
140,107
1796,24
1160,1680
554,1667
1550,43
629,1679
1136,105
503,28
1320,96
865,69
352,112
541,56
1313,71
1976,1665
1101,32
1596,1656
1782,67
1984,54
578,63
524,39
1960,63
1246,1654
806,23
1178,100
589,1693
1842,63
884,69
672,23
671,33
985,80
693,1679
1586,56
1569,80
1828,77
1493,1668
1208,56
601,96
1066,58
0,105
1871,41
382,1785
6,83
279,83
942,1663
1153,1680
1156,79
1140,84
575,1233
1898,24
1513,62
1083,1666
1528,1693
278,24
761,68
612,1670
1813,66
184,67
1286,66
186,1671
979,106
942,98
1829,66
1618,1665
1120,1660
1694,1666
1532,67
392,31
337,1666
412,66
396,1663
1705,93
1191,80
1588,1678
428,66
1745,71
992,1785
1620,31
21,61
1474,119
1717,41
833,101
1738,110
228,1657
1356,1675
1356,119
1569,98
5,1641
739,79
836,101
195,119
1500,28
343,23
826,63
783,1679
141,64
549,67
1759,1660
1912,51
1730,70
308,1657
1496,112
45,1658
1169,190
1206,69
1830,53
855,41
808,82
1926,1654
1179,101
959,95
428,1667
1721,1660
1169,79
1165,1654
825,95
1253,39
409,90
1170,1671
764,84
1461,42
1269,103
1893,23
1508,75
187,93
1615,638
609,100
955,80
1694,107
1842,80
1417,29
1644,68
1511,1233
1533,633
1795,90
749,42
1765,190
314,59
776,98
884,89
1717,59
818,1807
1295,85
969,1673
1171,91
1872,60
1543,633
273,24
165,26
699,196
222,69
940,42
1039,80
1113,1660
454,104
1416,33
997,56
1777,66
1533,86
1813,132
450,1657
420,63
956,89
1456,39
773,1667
1211,1659
1413,1671
518,53
1475,82
446,16
1338,1642
287,190
372,54
1537,108
541,1673
1590,1676
1409,1659
1137,1630
731,1785
1135,85
18,154
201,138
1344,80
1442,1679
1498,51
1560,42
1980,101
92,36
533,1658
921,50
829,1673
1953,77
1511,109
1738,51
431,107
435,108
672,65
1653,53
1105,1693
1485,1657
1358,1785
1406,1675
505,97
1082,1671
533,103
10,36
1578,103
1190,97
123,1785
363,28
1898,110
1662,31
1273,1665
1530,68
1921,61
1445,61
949,56
1305,1642
1820,95
1146,20
892,54
1061,109
308,39
1250,54
1836,1233
806,1656
1357,28
1525,112
1437,132
541,79
780,99
1904,39
1597,28
554,1092
1880,16
1920,17
581,89
527,61
803,83
659,109
1359,110
1148,69
985,31
506,58
1709,1680
1643,96
78,108
906,1665
1389,62
485,86
1334,1663
1524,77
475,64
1633,59
1073,108
1327,233
966,51
417,56
1803,1092
481,91
1628,105
1718,239
727,20
1003,58
161,51
1213,67
864,638
1917,69
1273,1660
524,1666
1978,59
1229,67
291,87
1103,1630
1525,66
1115,100
1279,87
407,1679
1651,86
159,84
246,1639
1518,99
473,99
1397,56
1380,64
1508,29
1818,1785
1202,54
561,1642
1316,50
1923,106
548,132
1444,1233
1034,1657
1029,1657
186,69
38,84
1549,28
995,51
1328,1658
1936,239
1313,138
763,63
1214,90
742,33
1636,119
128,101
219,36
1140,1672
1733,97
81,59
134,79
262,16
983,190
88,19
693,1658
920,112
849,62
498,36
1405,65
1847,110
965,1760
1321,50
879,110
1102,82
680,85
1419,1632
1624,1656
446,62
1406,638
503,59
653,190
1448,90
490,28
575,71
1447,19
163,31
1930,59
921,111
260,53
1859,1671
673,1632
598,31
246,1760
1816,190
823,16
1433,196
1178,1
1332,96
782,65
1180,1656
1335,106
1393,39
511,80
1733,83
795,103
230,1698
745,94
691,54
1787,96
410,58
431,638
380,86
532,75
1783,20
1985,69
1526,103
1147,1668
1368,65
889,98
998,1676
1264,50
361,1639
1581,65
1485,108
133,17
1299,1666
163,1680
1122,1807
1608,112
558,23
1537,84
585,91
747,1092
911,87
1358,638
780,132
1613,82
1369,1659
1231,101
1927,1672
203,51
850,64
1221,95
1349,42
1613,35
860,233
970,633
789,35
594,61
779,85
1261,73
1703,54
513,33
769,95
1144,19
1004,69
1545,61
1965,114
1006,1679
1541,73
585,1632
1669,132
420,101
690,71
1702,84
986,68
932,24
1432,86
1692,90
1293,1
1222,233
177,233
1890,95
1735,1657
615,16
1976,1666
412,77
1226,119
159,62
696,64
1943,56
1134,1797
1866,39
1151,51
1465,1670
931,62
988,53
492,50
1837,1660
38,98
186,107
496,53
367,1668
527,154
824,1663
1742,1675
786,96
1050,91
717,1698
1395,1670
222,110
169,98
1325,35
1732,1807
561,190
528,1693
1151,1679
728,239
319,154
770,1666
755,64
795,67
279,82
1497,93
983,80
880,105
1858,190
1398,239
978,1668
360,103
1337,1807
396,29
1045,70
1821,1679
1213,26
934,1679
721,82
1199,91
208,43
207,109
1987,1657
821,23
1176,58
419,85
1803,119
575,24
261,64
979,109
580,1698
1829,65
1115,63
123,73
1944,63
184,51
1803,196
459,75
768,1671
1434,106
574,83
1805,41
874,31
555,1630
1602,1663
934,75
225,1659
689,98
1060,119
1322,32
920,138
22,1630
1329,82
708,41
984,103
1617,1671
805,71
1801,86
718,70
977,56
773,1807
1331,131
446,1797
1167,1671
1683,86
728,108
802,37
1555,35
714,131
363,51
801,1630
1524,1680
1200,80
370,35
208,138
722,1654
299,101
1017,82
45,1657
1438,1666
302,50
268,70
1159,1668
1585,67
1307,43
1867,51
587,1677
1006,31
1303,31
147,70
988,1680
650,1639
1417,1672
1917,31
1458,100
320,1676
1354,85
1950,103
351,63
1776,70
743,67
747,132
585,97
1741,1678
1823,1676
486,1233
182,64
1219,1679
465,60
981,54
746,71
1021,95
273,31
1490,70
520,104
1861,85
155,31
318,1657
923,1673
779,111
34,58
875,1680
758,59
1241,19
617,67
815,32
963,107
1369,70
1945,59
508,84
1911,26
1023,1785
1958,105
660,56
1638,107
150,112
1257,28
1094,1785
1461,138
968,1671
1872,633
15,36
492,1641
170,95
644,1233
914,1658
1309,119
615,42
210,73
1404,59
1441,39
1002,61
312,1673
832,1658
1459,1671
228,1679
564,33
766,61
307,56
914,112
401,67
1922,90
1171,104
1389,75
344,51
414,97
718,51
813,1657
957,63
258,1675
636,1672
1133,70
1422,91
30,17
1321,1656
1787,73
1325,138
1369,80
1533,103
1614,1630
1817,82
368,1667
1096,61
852,41
541,1656
164,43
238,54
130,71
683,1675
264,1665
1478,60
1472,101
1900,29
194,91
1809,1678
713,71
416,65
1323,36
1108,56
1016,16
1424,23
1044,138
1208,1656
18,28
1216,233
1824,638
1716,1668
1791,1670
1300,1657
621,66
1791,59
156,1679
485,85
766,190
1500,64
231,1675
1393,58
1105,1678
1729,1630
1400,84
1325,107
259,56
1071,1659
760,1673
1083,89
1584,1660
498,51
1237,106
1572,131
1716,73
652,1642
1598,109
606,91
1602,112
1837,97
921,1663
831,196
439,1660
1096,43
1649,43
1428,106
440,119
811,24
332,61
1075,97
335,16
1367,103
1169,36
1819,110
667,1657
1091,97
1944,119
609,32
183,77
1987,59
619,1639
1648,75
1366,1656
1002,17
1603,107
206,1
1076,233
1738,84
1114,36
1154,37
307,20
1728,66
799,1673
796,80
245,1660
451,75
1504,17
580,20
284,633
1372,24
1083,87
754,633
299,28
1166,56
1405,64
1611,1693
127,98
366,20
1715,1675
1351,1641
1719,83
1938,64
1463,1663
586,17
1154,1641
663,119
1182,43
1293,28
46,111
690,51
392,119
177,93
1027,1
1009,98
113,53
1488,65
1674,37
1566,111
1235,83
682,43
1128,119
689,75
299,1667
1336,100
1559,84
1731,1673
78,73
757,1676
651,19
1828,43
508,1092
551,1676
1569,59
244,638
1754,233
134,62
7,196
1133,28
983,79
1466,103
862,50
330,99
738,100
1006,1666
295,73
1551,108
1950,1659
909,35
1619,132
1602,84
697,1639
518,99
1017,20
265,31
1296,633
325,61
470,64
330,1641
1965,1675
1487,1233
1492,35
982,239
214,69
1559,1673
1304,131
827,132
480,41
244,50
1015,109
1273,37
442,93
1970,69
813,58
1648,119
1423,43
217,65
1413,1
827,98
1876,111
1235,97
1859,1797
675,54
1323,1666
1524,1
937,233
1569,68
78,91
597,95
950,31
627,190
1167,1698
1443,138
434,36
269,101
1767,1785
1588,70
1166,20
1573,1660
208,62
1411,60
201,17
1431,33
1286,86
848,110
868,97
1243,23
1780,1676
858,59
1725,29
658,633
183,54
851,24
1976,1667
392,19
1935,1672
160,31
1215,42
888,19
355,108
1775,98
625,1698
665,77
1201,131
543,84
897,98
1214,97
1413,132
1107,41
1457,1670
1966,106
1936,73
1151,1678
1846,1658
1781,1693
986,1666
1559,233
1396,73
1844,79
72,1657
983,83
876,111
1227,1233
805,37
1837,24
1328,104
228,80
1459,24
232,19
655,1639
532,104
181,70
1013,51
1956,1639
1579,638
1228,1632
898,107
975,107
1606,633
1607,62
831,109
1554,70
1239,96
1115,62
908,16
1914,1676
1769,1785
989,91
402,23
1711,108
555,103
741,1668
1715,105
887,138
1779,196
1010,1639
1053,109
1494,1
1138,87
893,1670
736,85
1423,1760
250,31
418,89
644,53
793,131
1989,61
1497,61
1518,1663
1814,56
269,56
1412,50
1008,94
1177,37
148,33
1777,86
1480,82
728,109
660,68
185,28
1291,106
193,1785
870,1693
1652,63
1924,36
204,1675
686,1641
1158,105
1594,99
750,33
1026,1677
381,1656
1822,19
597,1678
820,87
234,94
877,98
654,1663
1322,1671
1077,105
1225,80
1067,79
479,1663
956,1656
229,1092
1742,638
788,1675
1697,37
1275,17
869,154
172,190
1038,239
0,119
1605,95
758,56
1419,94
970,24
1844,1670
243,1654
360,68
325,100
842,94
895,70
181,90
1341,104
632,1670
1753,24
1458,132
1564,64
298,41
1904,1233
1222,196
636,63
1957,63
1461,58
841,111
1786,67
996,1659
1573,111
1648,32
816,1679
7,1642
509,90
1802,41
385,66
423,1678
1292,97
1459,1670
1479,1639
1249,68
1219,1660
1935,196
1773,1663
245,1639
678,105
1875,105
333,110
1177,1
347,190
1398,1663
705,190
1184,93
1538,26
229,190
1032,1
956,105
481,79
1077,1673
731,69
966,86
1894,1676
1068,60
1127,1673
524,1678
1463,1675
569,19
1159,1656
1547,54
281,65
780,29
653,233
398,86
1251,1656
128,1654
1587,28
1662,1760
1950,64
756,1656
873,1672
1624,23
578,101
670,1671
393,633
1704,111
1008,138
1620,67
1413,75
591,131
1452,1657
1457,33
1312,1670
1603,154
628,132
994,68
1275,61
836,73
785,103
400,131
1106,91
1340,1641
738,65
1308,85
8,638
1938,60
1132,1675
1817,35
571,1693
1374,93
309,233
1051,106
882,29
403,108
1847,1670
653,138
569,29
679,96
365,66
1604,19
848,36
376,79
251,39
1192,83
163,19
1009,119
645,33
135,233
341,26
1960,1676
443,1676
667,1670
277,104
850,90
317,1
1114,37
1704,93
303,82
394,1760
182,63
298,1666
496,108
940,111
1600,1785
622,1657
1118,1666
1400,99
1294,67
1337,1654
1409,1
1062,239
754,1760
1989,1642
1365,54
1781,638
1908,106
1581,60
532,71
1267,98
497,154
390,1797
1941,84
379,154
953,95
127,1092
1971,59
318,107
446,60
1299,1654
897,1632
1909,1639
352,87
1364,80
421,1630
1112,233
1595,1658
412,107
948,85
1273,26
296,638
116,103
1859,1673
1553,56
1286,1678
1430,62
951,89
3,633
1849,56
910,56
841,1673
1268,138
644,108
703,633
1626,138
1684,1668
1204,36
1889,66
1640,98
1626,61
1363,1233
1014,111
1293,1670
1980,1666
809,69
886,1665
781,23
1462,24
1173,91
791,66
1950,1675
1662,43
507,95
949,108
1645,1654
596,89
1961,99
933,1678
1054,80
905,95
1094,59
1119,1760
402,67
1624,82
1664,83
428,89
1424,98
267,93
1390,59
1542,84
1286,1656
928,1698
1168,103
524,131
1423,91
1117,28
1959,53
1703,1679
1231,20
368,67
614,62
1098,1679
1039,107
448,43
44,24
732,1665
1599,99
207,1233
386,1671
997,31
1116,75
856,71
654,190
805,50
899,53
430,73
602,1676
185,112
403,41
1466,1660
1968,58
993,28
594,1663
443,63
170,119
1846,63
730,79
1853,1233
1234,1667
990,1679
422,33
652,24
545,50
871,100
391,196
1390,90
1323,111
609,93
1644,99
1573,41
1683,1641
1262,16
267,75
1542,70
14,94
975,1665
1725,1785
1299,119
1922,1678
786,94
790,638
920,190
940,65
597,96
530,91
1021,42
1784,132
805,83
143,1670
1147,62
1939,1760
1038,131
1119,60
1192,633
74,62
1326,638
481,16
869,71
484,59
856,196
1907,239
252,79
1561,109
1520,91
1270,43
1402,83
996,94
1349,1630
1189,31
603,84
362,132
1006,19
533,1665
882,37
999,80
503,239
1245,1678
1910,106
163,1678
1529,61
958,97
1532,94
1004,633
1782,80
55,73
1731,104
1176,1092
1182,1660
1057,105
428,61
1311,1630
1980,51
496,37
1606,29
523,1660
286,54
1464,196
863,66
390,16
944,50
1558,67
531,1672
603,1665
55,1642
755,80
1469,190
977,62
942,1676
1385,90
1934,75
1574,1092
410,110
1685,1665
1746,69
1377,1668
1280,73
1172,79
1021,1679
1763,100
1008,1676
848,75
243,1673
1844,633
1753,190
541,104
1714,1676
1367,60
545,109
733,54
230,16
1669,1667
1064,68
531,31
824,19
1637,31
1270,1698
810,42
774,1665
1915,1785
1577,138
1563,1671
1300,1639
142,239
1549,84
1336,29
1021,93
862,233
1107,196
1861,83
1266,1673
1120,73
1986,1678
145,1807
1986,90
1055,61
906,100
249,95
1740,77
646,98
295,16
410,112
929,190
620,73
1562,1676
970,104
1926,1639
979,154
1574,95
925,42
619,131
1078,16
1263,28
892,1807
1102,154
754,60
1625,85
1736,112
686,23
137,108
358,68
1044,23
894,154
1959,1760
1580,65
498,1659
1471,112
1185,79
1648,33
1865,1675
659,1676
605,1698
1518,53
572,1671
1380,62
1237,633
1353,20
213,59
1959,108
1158,1663
1965,1797
917,35
1821,75
1896,20
1036,31
684,1668
125,26
587,83
1488,1676
318,1641
1409,36
566,101
1144,77
1696,138
316,26
1827,90
1901,63
1170,97
806,1693
1571,65
711,638
1941,63
895,119
623,82
181,1233
1475,69
1478,50
1243,33
1461,154
490,39
237,132
199,1639
204,83
1715,37
1128,1673
465,1657
1886,94
784,89
768,638
1816,54
841,24
1289,154
1343,43
1732,138
1809,233
393,1665
1067,29
1360,33
1731,50
1292,16
1610,23
759,33
561,26
1155,1678
470,638
1138,106
771,1785
1124,41
1453,35
1527,60
540,42
1902,24
1117,86
179,66
789,107
313,1654
1669,42
1444,1673
1247,50
1248,26
1750,79
1057,1678
1541,96
1062,77
488,103
1089,33
792,95
1571,79
1220,103
546,1670
397,1678
1020,29
1499,56
1446,1675
1274,94
1682,73
690,63
658,1675
569,28
728,1659
1946,1675
1343,89
1181,110
1553,77
1624,1675
998,80
213,110
1634,16
1405,1675
1555,1656
1211,1092
766,95
1653,101
365,1630
679,1660
1033,24
660,1668
1826,1659
1845,89
391,1678
742,36
1446,60
1982,66
1419,26
449,1670
637,67
307,1632
931,1680
413,1807
1854,24
1858,1233
8,1667
1987,633
1592,103
447,110
691,90
623,1
1402,42
406,43
481,106
707,58
353,39
359,73
1378,19
939,95
922,61
599,233
1354,24
365,51
187,41
480,29
1190,1639
1137,1641
1319,65
146,56
1488,67
897,1680
1157,1676
223,58
1553,63
1022,68
456,101
521,109
1057,35
1627,65
742,71
619,638
1157,24
1528,56
816,84
1258,1693
1707,70
1228,99
1818,79
1743,154
510,1676
367,119
704,1807
1200,1668
1607,1807
316,93
651,98
1811,100
1416,1672
1750,107
1291,82
559,112
1476,94
