1713,1673
181,96
1123,109
1820,29
1981,1641
292,37
939,60
1645,16
335,65
1991,36
710,23
1082,36
1838,1641
861,1807
473,1654
1546,1667
275,84
776,633
814,17
1015,1680
1139,1670
1263,84
362,67
220,37
1892,1693
810,69
1326,31
702,79
1664,84
1684,31
1190,638
381,86
1825,71
1610,61
1531,98
1572,1630
1134,61
1171,53
1865,73
1575,100
732,1666
266,111
1211,1233
1743,104
506,1092
1194,1
1703,51
1858,56
1860,1630
560,71
1537,1667
548,1670
802,28
1872,132
499,1678
464,59
268,93
147,190
1199,86
542,85
1096,119
1388,109
359,109
1432,89
1984,1670
935,62
1274,132
1789,77
1957,23
1044,110
476,62
741,1680
1735,1658
1839,23
388,82
1684,190
338,1233
1498,73
1634,87
1491,106
978,107
980,1659
240,1092
1968,1668
257,80
1182,1666
1788,233
1841,638
206,109
1778,19
1517,61
1723,638
1317,1659
693,1675
418,69
903,1698
1398,638
725,26
943,87
1774,31
1151,1672
712,33
6,87
1312,106
193,1660
1039,233
1352,17
1905,109
30,89
1726,109
176,1673
691,132
909,69
1821,1676
935,95
1075,42
801,95
843,1630
1037,1092
1529,83
794,54
795,633
1417,1667
1975,1666
1940,71
348,71
422,80
975,26
246,1698
227,73
1242,36
928,36
1563,1672
285,633
1856,66
805,1630
1549,33
742,29
1973,91
782,50
1103,60
1214,17
1989,59
472,1642
1443,1807
1049,112
826,59
977,61
762,35
1476,17
728,111
72,1641
712,190
325,239
127,87
181,37
1565,131
295,29
918,1632
773,1693
1120,154
144,63
225,36
602,196
1836,87
576,65
1146,111
1492,87
1058,51
416,56
1320,64
348,85
1441,42
49,80
213,71
1958,1797
955,84
1939,132
411,108
1005,1680
567,35
732,98
1637,111
18,70
200,83
1549,83
1454,233
402,1676
644,37
718,36
1877,1693
1204,29
1615,103
566,104
989,1785
1085,1668
1122,1678
937,70
1184,65
1629,71
417,16
1074,1680
539,1233
1867,85
1334,28
268,119
1894,1680
1619,190
275,31
832,90
946,1666
46,68
1705,131
1020,105
693,61
342,69
1283,53
1985,1797
1910,196
515,95
305,79
287,75
171,1672
1518,58
1815,32
153,1672
1363,97
1180,633
136,36
192,1654
804,1641
362,1668
1216,1657
169,60
1457,53
725,95
526,96
1778,41
1837,1760
1433,60
578,1639
222,59
1436,31
869,138
1757,19
468,95
1742,1639
587,35
681,42
738,77
405,1642
1716,70
1538,24
318,1785
752,1677
413,37
1581,1666
281,1657
1592,1807
1595,70
1121,1807
225,64
1682,84
1264,107
1172,108
1159,1658
1182,93
1917,32
1192,103
1034,1760
915,106
1105,80
695,1656
1380,94
619,1642
1131,106
743,96
483,108
1370,84
1708,1632
1373,41
931,106
1873,75
1359,106
1938,1673
746,23
729,1673
293,100
496,112
1329,28
266,70
250,67
658,90
231,1668
1764,26
1400,87
684,112
1861,54
1014,1
1848,85
229,93
1961,1632
526,1656
1847,20
1395,77
400,20
771,39
774,16
439,1657
1025,1698
1224,99
546,83
1051,108
935,103
828,35
1967,1670
1475,50
1428,1672
1535,84
1887,131
857,1667
1344,1
1387,101
172,1658
1535,37
1155,107
270,109
516,1677
1215,1785
673,1642
1262,104
1390,29
413,1659
568,84
931,24
665,100
796,60
11,54
1154,32
678,56
457,1668
1285,96
1717,109
561,100
1039,17
1686,66
1744,69
1547,1672
1929,85
956,1667
1787,86
1969,79
1918,58
427,100
1170,66
751,63
1602,65
881,1663
734,29
593,53
724,19
1248,1693
1023,33
1324,1672
1347,109
1289,1679
1229,1797
711,1668
1458,43
1904,71
1535,43
787,83
1194,1671
1786,119
1752,59
1045,1642
1427,35
625,87
1546,23
716,106
1765,97
1221,105
411,84
1961,1698
1980,138
418,62
1985,1678
1524,62
907,110
1266,1663
1280,638
1272,62
258,1660
1183,50
1244,60
1541,50
1615,95
216,1092
255,91
1730,109
920,66
906,61
1924,93
235,39
828,80
637,1642
1297,63
307,1807
1690,1672
1908,233
1964,75
1361,26
1058,26
157,1659
524,1698
1396,1666
1216,56
1880,79
1132,132
837,32
930,1666
1426,1663
1816,97
1711,58
1013,1657
1491,95
1490,1654
1957,1642
601,1233
1388,1665
820,31
1045,1660
217,70
1235,98
1417,75
776,93
502,97
378,51
1329,42
390,42
1776,1693
1225,233
1261,69
893,107
1794,84
1318,20
620,1663
324,1680
1944,1657
1141,1797
1396,70
1345,106
1879,1659
888,1665
979,638
326,93
398,638
1934,109
1647,1660
157,119
430,79
1519,233
663,39
1418,66
335,86
228,60
1850,65
1139,58
12,1671
329,41
1475,28
1367,26
1439,1657
1990,1659
380,1658
281,1698
575,103
1593,1656
1410,106
1194,1659
958,1680
1508,35
1491,109
1970,114
1551,1673
1276,71
425,1092
1204,1678
1424,82
1246,1659
1378,1673
1413,112
21,54
1694,131
186,119
1168,87
1167,1
1833,1233
1305,98
1485,1630
1375,1630
903,1693
597,110
1613,1654
1348,1660
801,633
1392,1668
1272,1670
400,190
1069,26
990,87
672,1680
1462,75
1763,154
177,1680
164,190
185,23
1292,1698
1496,103
46,190
484,37
980,56
1466,1693
1294,1092
731,108
1520,93
1119,79
1337,633
1447,1630
1803,26
667,190
265,56
197,67
609,131
1489,73
480,89
1235,1671
1612,1785
1535,108
1782,39
1086,1680
734,1797
1637,154
1604,85
1212,65
1037,42
1538,1639
156,37
1445,1663
1103,1667
591,53
1129,1654
1553,20
1557,1630
1620,36
1983,64
554,35
1128,68
1895,1678
1103,63
1929,28
474,1698
1804,114
1788,111
725,43
1854,70
1986,70
259,99
1493,54
1955,119
1706,89
1161,1680
1609,1668
1952,73
1291,111
481,32
157,1807
774,59
1796,106
265,42
1442,96
986,36
1982,638
1322,1632
1900,53
504,1673
1223,1678
1111,1680
1135,66
1465,50
1802,83
642,1665
773,19
422,67
1839,42
1681,56
153,32
1769,28
1266,62
1067,51
570,633
1360,71
1215,75
314,85
1623,94
1016,1233
948,190
1302,51
864,43
628,60
684,1680
998,154
11,108
530,42
340,1658
1312,24
1278,61
47,33
34,54
491,91
1915,98
1933,1663
1572,107
1848,41
413,82
412,1675
380,43
845,111
573,106
1321,1667
995,1630
559,43
1975,239
889,1665
1267,42
1837,138
1506,36
716,1654
319,1671
1371,24
1813,97
1978,32
1732,119
811,65
500,104
1222,59
1809,1680
602,70
251,28
972,84
1401,36
1518,59
452,26
602,1797
1542,131
456,93
1182,1630
541,154
445,37
1394,1760
1855,41
1235,26
1882,73
1221,19
1580,1630
1871,105
1303,1659
1436,24
280,73
262,41
1001,1
1689,1092
1582,103
1030,1632
151,1673
519,83
1308,66
10,33
606,109
1985,98
1296,1673
1591,28
467,17
1007,1675
133,54
999,23
929,63
1082,239
1065,109
1710,1663
1911,1680
608,1658
1732,101
1239,23
1811,1678
549,1785
88,1656
894,138
1944,109
787,54
254,37
1488,89
612,33
351,31
1185,95
1739,1680
527,56
927,104
180,1657
857,190
585,1
1179,633
1174,1679
1845,36
800,42
1977,84
1026,98
450,1797
897,62
1050,108
226,70
561,105
907,69
1156,1092
343,87
475,71
644,26
614,1666
474,1672
1382,24
1225,1663
1905,91
1830,154
1480,16
34,90
330,75
205,35
1256,1665
1184,110
525,154
343,1641
285,75
768,43
1631,1654
1479,1797
1855,1666
1368,106
1756,83
727,19
1407,1639
1799,33
1305,1663
1932,1670
1165,1671
123,132
174,154
764,20
1048,1
661,1676
1302,1632
996,1675
314,1679
194,1693
305,106
1979,1656
592,28
558,111
1117,132
1012,86
303,95
1245,96
1180,1639
1774,119
1575,66
836,43
485,67
1653,20
1463,94
124,1663
933,69
1033,111
1498,1673
1429,75
789,1670
590,73
774,112
498,33
886,94
1398,1630
1716,91
1740,97
1170,67
1724,638
1407,1668
1784,59
1713,65
1331,108
1495,79
851,1654
1737,1233
1153,138
1887,99
1549,1666
1917,82
409,100
180,75
861,54
1914,62
575,66
248,43
1651,43
1540,190
1541,1667
92,100
145,1673
887,93
1974,1679
1954,190
1774,1677
1081,58
827,104
884,111
135,105
1956,29
557,80
1989,83
564,1642
1014,1671
1300,1672
1962,119
855,1659
718,29
940,239
1365,84
1288,41
758,103
1278,196
6,1639
1844,1657
403,28
495,1666
1567,104
1739,73
447,239
1461,1641
1304,24
493,93
1418,32
298,93
1310,82
1738,1641
908,104
251,87
679,1
1930,71
221,233
865,77
1202,68
1390,79
820,105
1084,96
459,51
1273,41
904,132
136,110
1331,1673
1955,1657
1543,1658
1283,1654
983,1660
1711,1630
1050,35
1909,1672
386,1632
482,99
1653,1233
1635,1658
550,16
1989,69
468,33
1335,119
661,100
1858,54
718,111
1493,17
672,1667
209,109
1537,1665
1170,20
1282,1658
1409,98
1390,1675
1726,97
899,54
1746,1785
1918,87
1513,54
600,79
1390,1658
1655,58
660,19
643,61
280,1675
228,61
1442,93
1371,33
582,50
1959,1658
1837,196
535,104
956,131
1718,73
1497,1659
395,1807
1596,1671
989,69
480,59
1424,196
1829,43
1394,36
514,84
38,20
1074,60
1242,80
564,68
860,69
21,53
78,62
1127,1
961,80
1026,42
1834,1807
1731,1641
273,54
526,43
1575,20
1635,1785
215,80
880,31
1436,86
1849,1639
1555,24
876,107
553,24
788,111
1530,24
1096,24
1095,64
1719,16
1777,41
1796,101
438,1807
399,63
518,67
1200,54
979,131
1260,16
286,633
184,73
133,112
1108,1656
1594,93
1651,100
1535,111
1008,1760
419,41
1735,1642
1273,84
1473,1642
385,1693
393,1656
1386,1673
1027,111
1323,94
1194,1642
950,1654
574,84
1990,96
22,1760
172,53
1738,104
750,1680
381,233
1124,1807
516,100
735,112
626,1678
411,1642
1865,107
1516,1233
1422,64
584,28
1412,62
933,29
1396,91
1552,107
977,51
3,1676
1418,1797
3,105
1035,20
1530,42
1162,1658
1884,39
1388,60
1921,43
1341,82
1035,101
885,86
889,19
265,41
504,239
446,104
748,1092
421,1666
1330,84
669,80
1421,107
1350,19
1779,41
1853,104
1471,79
1551,1663
780,196
708,633
1845,1642
469,43
1117,1657
955,86
1292,111
1262,51
1101,1785
1852,23
1534,1666
1521,75
910,68
1359,1
1896,41
424,1693
425,94
1295,83
1535,638
675,196
290,58
1467,96
644,39
674,1632
1157,239
1858,108
556,80
832,190
151,70
1120,59
1461,1679
1669,68
1874,108
879,66
202,106
40,65
591,638
646,97
1183,154
1277,107
946,29
1193,36
1711,1092
1178,1680
401,1680
1729,106
1170,1632
562,77
1314,70
1352,1667
552,75
882,68
147,91
21,638
377,1678
1940,101
1022,1092
583,1654
965,33
1005,138
311,1671
1030,37
1130,1797
405,26
777,65
1644,33
1649,1639
337,1760
469,61
1873,95
1141,41
1252,108
1199,1639
1477,23
1918,1671
1225,70
568,41
860,63
1157,63
934,104
864,58
293,112
1346,104
1078,1807
1315,85
1579,26
1652,1660
1929,63
1369,42
88,61
437,60
1144,80
701,53
6,35
1296,1659
1294,26
319,56
1902,1665
748,112
1445,86
1598,100
1578,1693
771,59
1894,101
1163,71
1571,66
671,1672
1348,73
192,154
140,90
1729,100
1485,80
1622,233
243,1785
1690,633
453,190
1142,66
666,33
922,87
248,16
1705,28
159,108
824,67
1105,86
385,39
331,85
595,106
527,59
180,1658
1063,85
14,106
749,119
1433,1092
126,96
327,33
1876,66
592,190
1787,633
1711,131
635,112
1225,112
800,43
620,638
625,58
280,41
1610,101
374,119
1359,138
222,43
1058,1679
1244,90
876,28
785,91
674,1668
677,93
1052,63
667,91
48,1673
373,54
689,1693
1541,109
161,68
602,1698
699,1642
1351,1654
1561,42
202,1675
1307,24
1072,41
1932,1671
671,1807
1478,35
433,35
511,1666
1360,1678
900,1675
1222,36
301,108
1498,110
1226,43
1724,1680
1484,1657
1711,32
1437,1
1151,23
1098,97
1577,68
1878,1698
804,1679
1708,633
1586,29
1825,41
1646,67
502,138
1460,196
1540,638
1446,51
846,69
167,1676
279,54
1740,19
567,1641
926,61
788,70
667,41
1130,67
1572,190
1169,239
191,1
218,97
1661,1760
512,63
1889,1671
493,106
167,233
318,111
1176,69
1105,33
1305,1785
683,87
1279,67
910,1672
398,54
405,64
1556,95
1845,1698
749,91
1852,104
492,196
92,20
78,35
1552,1678
1915,1698
1895,1654
1649,1678
618,60
1980,132
1786,1659
737,1654
1035,1641
776,32
354,20
1936,98
1389,28
1744,53
1504,36
989,1678
861,1785
1710,84
1609,71
1062,29
1004,77
508,42
1743,20
1106,59
774,99
423,19
1080,1656
1866,1659
1352,71
450,239
1800,69
1585,1233
242,77
938,1668
1149,104
157,20
328,638
130,54
1472,37
298,90
447,1667
1846,33
1557,50
180,90
45,58
1350,85
1226,79
395,23
706,17
355,101
304,75
1444,105
1494,105
1443,83
1022,196
1121,93
1035,1639
1989,68
903,85
732,1693
840,75
181,1641
1811,119
1757,89
159,1760
1432,190
1911,62
1894,82
994,233
1530,23
1038,36
57,65
812,1693
1877,1233
1661,1668
761,67
938,1654
1951,190
1260,35
136,1668
201,20
1934,1657
1683,1679
1115,39
1152,43
237,73
291,103
1752,106
1532,68
1904,101
1005,68
1765,50
844,70
810,50
428,75
401,111
1178,111
1251,1797
556,1659
1865,239
1460,63
964,36
729,51
678,84
743,1672
583,73
913,101
198,233
209,94
1479,19
765,33
1355,1
1669,111
1945,33
641,233
862,19
664,54
981,633
1041,1672
577,1668
1526,69
885,67
938,1656
282,94
908,190
1408,36
1813,75
590,1666
147,62
700,56
761,62
1615,1630
642,1677
204,132
1111,33
1441,29
1757,1785
49,91
1705,70
449,43
1098,86
341,109
1912,638
457,1632
1802,62
851,154
506,31
535,1760
1549,94
371,1
317,69
835,1678
1956,32
1168,1233
696,1630
1922,112
1221,61
1317,1642
1021,71
695,138
364,96
165,17
222,66
350,23
1936,1672
1861,109
1592,196
1076,93
1976,99
1611,1658
1737,1675
1821,1657
1621,1233
1965,63
755,84
1197,85
1462,91
158,131
896,56
368,1693
1432,154
1089,79
650,1807
1861,1785
776,1630
977,67
1162,1659
1790,63
781,41
379,233
1045,82
252,89
127,33
1696,64
1697,1785
653,111
1463,1698
1799,94
1819,138
275,131
1971,119
1347,39
1462,638
839,1667
938,80
1880,59
352,19
1899,233
102,67
1600,138
823,33
1583,51
25,28
749,35
992,1678
76,1639
401,75
1855,37
1857,1678
1346,23
1514,59
1721,65
1720,1666
502,93
1764,97
350,1
1278,35
1222,1675
176,190
587,54
1177,58
419,1672
1090,131
1456,79
1609,31
1849,1666
1059,58
580,95
235,80
805,196
1251,108
40,66
1329,1660
1474,1663
1075,154
1459,1233
395,1658
1209,1632
1352,1668
1743,1656
1246,32
1171,1670
809,1679
626,239
717,132
1608,63
726,1092
725,1663
713,95
1634,1807
202,1654
592,50
471,1671
887,101
30,1666
18,36
1213,1675
682,79
1414,638
1252,109
1078,1693
1555,1632
139,82
857,35
803,59
1909,51
1103,108
402,1642
1643,1797
1880,1233
1941,1630
641,37
343,67
1711,1670
1375,1698
354,1666
1090,98
134,90
729,138
485,190
306,77
1962,62
1062,196
1429,53
1323,1630
1862,1665
1701,1657
1533,97
1705,638
13,82
768,95
1384,633
671,1675
1779,1680
1581,100
1357,132
1127,1668
497,66
264,1671
1152,100
1463,1670
1085,112
939,132
1971,83
783,63
1320,63
1269,68
1216,112
1880,23
136,70
1496,1760
709,29
1002,41
415,1642
1681,1671
689,33
263,82
598,101
253,98
1912,1665
1112,1675
618,104
266,69
819,233
516,79
447,23
1454,1660
223,1670
1217,1667
1062,65
346,73
664,110
459,1678
389,59
935,96
1735,1807
18,1667
885,59
151,1663
1587,1639
137,35
1847,1693
1531,633
747,54
785,1663
432,1659
1911,1632
613,1665
814,104
1119,1675
565,84
1518,106
362,107
1873,41
1273,19
1491,68
1879,119
1898,1676
1921,1679
1131,93
1296,54
213,106
517,98
1221,100
1040,43
998,39
176,106
1263,1667
1731,1665
55,1672
526,67
1686,65
124,1657
698,82
718,17
205,66
688,100
597,54
10,112
652,1671
1133,36
893,53
344,132
1958,1667
1726,75
367,1092
728,42
1203,1630
1170,65
1851,96
465,1092
976,190
1328,35
1571,97
1404,1672
1850,1668
1139,35
1964,80
1102,85
477,154
445,1660
1739,42
1870,94
237,100
1340,87
1485,196
480,17
1330,29
1829,53
466,28
1193,1663
783,19
416,99
1084,108
1483,633
1194,1666
428,96
1266,68
574,31
1255,42
1935,132
45,233
482,111
1849,67
176,24
1560,138
973,1657
1275,111
49,1675
1593,70
1683,196
1228,1797
1798,633
1569,61
886,63
1113,233
1156,83
1431,1233
1358,51
902,53
47,1660
617,29
1476,90
1866,1656
1055,1642
1072,1233
1257,77
741,100
681,1673
808,31
1964,70
1825,1672
1685,108
1004,1641
1156,638
770,71
1711,86
1162,43
1569,633
483,42
1047,110
1434,17
1326,35
524,41
945,68
1838,190
1252,37
1460,42
547,105
1245,66
843,24
1431,1659
1989,67
150,638
102,1673
1133,119
122,59
1278,26
1497,43
1396,65
590,56
718,109
1052,1679
338,1673
1965,107
464,63
1720,60
1884,93
604,1641
366,58
522,26
996,85
174,87
852,1233
1763,79
1122,93
1564,100
552,99
1777,1665
325,1678
582,67
269,1660
140,1092
1910,29
1487,196
972,61
733,1785
1789,58
4,1665
709,68
492,154
166,95
1553,31
1168,59
1150,1663
197,1659
1686,1675
1501,89
1559,1
696,54
1339,1654
1608,1785
1812,1657
1610,43
1460,56
968,32
179,17
678,85
1033,42
1292,1663
1776,1678
1133,105
1794,37
801,638
1189,1667
1605,101
1915,91
560,105
319,16
1480,42
235,119
921,1672
1162,1654
727,100
931,1807
1685,1658
1267,83
1749,65
221,41
1951,1797
177,131
1020,65
913,1657
1391,50
436,50
1273,233
1036,1667
1417,1671
791,1092
1083,1656
362,16
382,87
1947,19
741,1678
187,71
1470,1642
244,28
1037,39
1593,1679
1134,131
1815,24
1009,50
517,41
958,1665
1306,56
1073,1641
1424,67
1853,1642
1741,58
141,1797
1856,70
1638,1666
1413,111
1509,1632
722,82
1219,1670
668,58
839,67
1600,91
1599,61
1913,132
537,31
1490,79
1972,97
299,1632
197,1679
1268,104
1644,1641
687,108
1027,1667
1912,59
734,73
1526,37
1220,26
852,28
817,1667
1378,100
226,1671
1435,23
1381,233
1149,29
1919,1641
1169,71
227,1760
308,75
204,36
848,64
975,71
315,43
281,111
637,1678
1350,17
55,37
592,69
311,95
1987,86
442,154
1473,1658
1553,106
1769,1
797,138
1762,32
1859,16
1181,36
1292,105
1798,1673
182,91
772,111
374,105
1332,39
1172,1672
1636,85
838,1654
1467,98
1640,16
384,61
608,35
367,58
903,1666
1697,63
1493,84
407,69
1278,32
836,83
570,99
1854,119
679,1671
866,96
1275,132
778,84
1555,54
1775,1641
627,31
1469,60
1645,67
1885,1630
707,87
1209,1639
949,62
1860,56
1472,1667
747,77
1960,1656
572,16
1590,112
1557,1693
1701,83
908,50
323,1660
1112,1632
960,1693
260,107
7,1632
1906,1656
914,1668
793,71
1456,1665
1733,1785
1383,94
504,1656
463,1671
1596,77
181,1678
1235,31
1439,105
1575,91
1922,85
547,33
1794,104
1707,99
250,61
715,29
861,1665
1406,103
1562,111
397,97
715,1092
168,119
1348,36
409,1671
1813,1642
400,26
1181,1658
960,98
356,61
140,84
896,1632
640,26
1070,1670
563,1666
629,51
636,1233
1170,633
194,82
1518,89
323,1642
982,1807
163,107
402,1233
298,1656
1229,1663
1765,73
206,62
1046,100
1946,62
971,20
1768,50
594,95
668,108
1610,99
485,94
415,1675
286,1
303,59
1376,85
257,1657
152,101
266,1785
785,89
551,1654
308,1668
1419,1676
1719,37
430,1785
936,106
25,1677
875,111
359,86
1251,1678
1735,58
342,101
352,95
1418,154
1059,1668
407,1671
530,1632
230,35
655,70
588,43
1450,154
1378,633
1505,103
1198,66
1405,1670
214,1677
1558,1654
1892,114
1989,110
1717,105
816,91
1080,98
933,66
883,85
424,110
1602,42
1911,84
1720,33
121,85
52,1233
1706,28
488,90
840,1807
326,132
1398,56
1526,109
386,41
1250,99
474,132
1967,68
1606,1676
1864,69
1122,41
1930,80
499,1092
1842,1668
1437,96
1691,63
1195,50
455,61
1751,89
223,33
45,87
1745,96
1306,66
4,58
1756,1632
1539,112
303,110
495,56
407,28
1039,99
1001,67
583,103
1100,83
215,73
1177,64
1804,43
47,1678
1574,1233
708,94
341,1785
1615,91
1189,1663
1044,1658
1768,1698
153,1797
835,85
1495,233
1099,26
1290,131
225,1
1496,62
211,82
1206,23
1264,42
440,26
753,1665
723,239
1611,20
1044,101
1303,82
1095,1658
1333,1
983,1672
881,66
274,112
1512,1672
1755,104
900,83
665,68
1053,51
1363,29
1019,1657
1168,93
445,106
175,65
1026,87
1959,51
1208,68
824,1657
1358,1678
575,1630
891,1693
654,17
972,1760
1767,77
1143,61
744,1693
1945,85
989,1807
1910,1663
899,59
189,1659
1681,1807
1790,1
191,39
249,36
1776,1663
1267,68
453,1678
226,1760
1850,77
1519,90
1489,83
409,69
390,1642
1044,107
622,91
861,23
555,110
777,56
1702,1658
930,1680
1762,29
1795,1676
227,94
1131,54
339,1678
267,65
803,19
628,36
1721,43
48,112
1081,196
1873,1660
1171,70
1764,1233
1824,1670
540,111
1244,109
1868,29
989,1680
607,65
812,1
1042,56
30,66
765,63
657,94
1161,1642
165,1785
1486,65
1435,1797
481,42
430,93
1942,1630
1338,56
842,37
885,65
1314,33
1374,31
1712,84
312,1
199,1675
1625,67
480,93
581,233
359,239
1245,1672
1125,1670
398,1671
1091,62
25,103
244,29
483,73
230,24
1802,60
266,1092
1205,91
807,1657
1620,32
665,32
1417,107
561,87
1775,1668
1332,82
800,99
815,196
1906,75
1961,1676
1467,87
789,79
57,638
133,1797
55,1632
1473,61
151,77
795,41
687,111
1173,26
255,105
680,1665
1486,83
205,154
1459,111
1682,1670
1206,82
1307,35
168,1092
847,1676
1129,71
1314,51
1813,91
1710,1639
1008,1666
1050,1641
1525,99
440,196
1472,17
703,77
637,1677
320,1668
541,1678
747,239
1651,119
1369,1679
1883,1797
76,111
901,106
1145,1668
541,19
159,26
1394,71
1568,1670
857,1658
149,16
995,16
941,84
598,95
1866,67
1977,60
1559,36
1484,84
1414,1671
1067,68
628,56
169,53
1606,1
1720,1668
1335,53
1889,19
752,154
1584,1785
1416,91
1490,62
1311,60
816,17
1298,35
1712,1667
1143,23
1059,60
963,83
1378,132
1894,110
1967,1656
1496,71
602,1660
498,233
724,101
525,84
1189,61
1245,1659
750,75
1839,87
497,39
298,16
999,1670
979,17
1223,1656
1829,109
123,109
1687,131
55,58
607,633
1215,20
1987,1233
709,41
213,84
1417,54
504,1657
524,1092
118,1639
869,1679
732,77
806,90
496,71
648,68
495,17
478,59
1703,97
1389,67
731,1807
1742,1785
658,101
782,19
125,20
1895,83
78,154
962,633
10,90
1777,154
873,50
1939,119
407,90
1700,67
1069,108
1989,1663
920,29
1898,196
11,1672
1150,105
1545,1673
1761,196
1520,28
791,33
1309,1678
1297,100
268,98
603,23
1585,103
976,99
1128,1632
591,1632
1438,93
140,36
661,1670
147,106
422,16
1590,67
1848,1672
1407,103
1604,1679
1826,1665
1437,1760
25,77
479,86
1556,70
263,63
288,131
1417,32
1991,1676
139,66
1831,77
303,85
1033,16
1607,1680
403,1677
226,66
1221,1
1205,1676
408,97
711,73
1214,32
461,36
523,41
1979,42
1317,1679
1268,83
533,112
219,94
1419,1679
123,1678
40,32
1089,59
1257,87
171,96
1884,20
825,35
593,79
811,16
1527,638
1587,1641
263,1807
673,87
1354,16
303,638
506,1654
1741,1658
1127,1797
1608,93
812,638
1537,71
1829,1
1221,1660
1281,1665
1725,80
163,24
436,154
1802,101
955,20
1343,71
1074,98
685,131
763,89
284,86
1741,112
566,1678
1316,59
854,112
1615,1665
2,1667
1913,97
704,1641
1627,73
445,69
1349,61
1225,103
543,138
1026,112
165,70
952,1233
326,1660
1988,1668
1606,95
660,1666
961,239
27,109
124,1659
344,23
520,58
926,32
511,58
295,83
1291,90
1445,119
1338,19
1013,85
710,31
1082,28
675,1630
1850,1666
272,65
240,1659
212,1679
177,196
1535,65
52,154
1942,633
551,64
203,1092
720,68
1830,1632
374,1797
412,98
1634,77
159,77
270,64
527,1671
221,1656
491,1807
972,106
1822,82
116,110
1350,233
1613,87
199,59
1603,65
1876,97
550,1663
203,60
1070,24
1087,112
405,190
907,20
1134,53
1026,66
1336,108
1906,50
74,1673
520,89
1127,110
262,104
1439,50
451,33
1288,94
1362,61
614,1698
1325,71
258,1657
1365,80
10,96
856,64
1298,107
417,98
1536,1679
499,1670
232,63
1516,51
1851,112
845,51
460,23
1881,99
1475,132
618,1641
1796,28
821,58
711,1760
1417,1641
582,87
965,85
1393,1676
1155,61
1048,97
143,83
15,100
183,56
439,82
1054,91
905,64
1573,95
1648,16
1935,1666
159,51
1890,53
270,82
1087,17
1644,100
649,75
432,19
1104,1675
1252,39
186,110
206,101
547,107
759,1658
648,28
593,1677
189,100
284,1676
1703,41
1504,53
590,62
218,1658
4,1233
1476,59
545,1679
391,1657
1538,42
1890,633
1912,33
1911,59
1148,1785
1827,24
997,105
1811,233
1918,1807
1083,1678
606,41
845,37
1750,1092
232,1672
1176,53
440,41
1146,85
350,1658
1897,1665
797,51
124,233
1596,1667
1640,1673
865,83
426,1659
773,58
1129,132
1772,16
473,80
274,99
950,1656
459,37
405,97
1243,1657
1168,61
1245,33
736,95
1450,97
1198,105
722,94
632,32
1640,54
165,108
115,59
647,50
262,84
1701,633
1885,98
1318,59
1085,1658
1379,59
919,196
1055,70
1720,93
1161,1641
1603,1630
880,98
1934,64
369,1657
463,105
1817,28
1489,1807
1072,101
1200,42
480,239
335,35
1901,132
1242,1693
912,60
913,1663
1269,1092
1824,233
1903,1797
379,58
1961,64
700,1630
626,89
272,1092
754,98
1108,31
1309,106
1973,131
284,111
1763,1641
341,106
15,233
642,239
1202,1675
867,1092
774,1678
1476,1660
1521,93
588,108
1363,56
408,56
796,97
614,66
1956,35
1845,106
1246,1785
1271,94
651,37
1465,1657
880,1
6,59
1533,90
1740,86
1908,58
383,39
185,36
280,1660
1934,82
896,1670
1696,67
1275,1666
1735,98
959,65
1846,99
1193,79
1226,1642
365,100
439,23
976,23
372,42
1718,41
841,101
1316,1663
1323,51
972,35
1125,99
160,51
819,1668
1943,87
275,1678
1481,1673
1623,85
527,80
1521,79
1553,138
1952,1657
303,33
1463,99
658,112
1334,1641
1020,1679
510,1663
937,63
520,17
1403,1672
1932,42
343,63
491,1666
259,84
847,1663
1460,1760
324,1654
1357,1642
1787,35
1417,633
1109,19
512,89
1820,67
456,1663
457,60
1091,1673
322,24
1283,59
1176,31
515,69
184,105
1803,138
1937,42
1441,77
750,59
591,103
1681,1785
1950,94
174,1673
1355,1680
1027,79
1298,1677
1067,36
509,82
934,29
753,70
921,56
850,110
423,1670
800,17
465,37
746,190
1043,60
1026,28
1814,109
1191,1632
1104,190
1382,99
226,32
1980,1760
395,1679
1742,1641
677,87
1429,50
1184,1665
1077,1632
10,42
923,1807
1958,1
657,43
1686,154
768,82
1850,1660
1178,1663
1766,84
546,1679
1595,1672
1478,154
674,132
1004,1667
965,1667
1894,1668
828,43
1877,32
1988,101
705,1676
1846,79
1652,138
750,90
1364,68
194,1668
338,106
248,20
1817,638
286,1632
1566,233
331,73
538,99
1752,37
595,110
1262,96
1355,1678
1372,1760
1852,64
14,110
1360,24
1913,86
438,32
1694,77
1380,43
1751,36
1862,105
742,82
765,1663
628,29
21,105
1643,90
1697,104
1290,1678
44,62
320,132
193,138
1001,101
1439,89
165,36
148,108
1143,69
650,1092
761,1233
1183,68
1190,62
1961,1642
698,62
1899,1656
670,56
748,98
560,1630
546,1665
1368,1667
124,65
1374,69
1346,1668
922,50
1075,104
1682,64
919,1092
918,1667
1741,1657
720,87
1662,1675
1705,114
1047,71
1007,1658
1259,37
49,96
126,1698
927,69
473,154
327,19
924,103
1956,20
1463,36
1747,233
492,97
1231,56
421,43
1289,111
1865,86
1534,75
1137,85
1376,101
1249,233
846,73
134,69
1646,54
778,233
708,106
1923,1667
441,89
1551,97
1348,26
1496,131
1719,53
1285,1693
1766,112
167,20
1588,26
646,51
1096,66
1800,42
204,31
704,69
918,1693
1116,1760
249,1666
744,60
281,37
501,1666
1461,104
1479,633
1541,1678
488,1673
609,73
1570,24
1933,84
1309,36
264,58
894,58
489,91
1706,1630
297,54
1255,39
300,37
1167,43
1613,39
1336,109
214,1693
772,33
1824,1660
1127,105
297,71
1403,23
832,1233
424,94
1569,50
193,1641
1538,89
413,100
489,1656
288,1667
1834,54
863,1642
1247,31
973,108
1973,1665
1978,131
1227,35
697,154
1307,75
1054,190
1472,1630
959,62
1863,86
669,196
1867,19
467,62
1320,1092
1863,1666
1705,1632
572,107
1864,1665
332,90
1351,633
476,39
1240,1632
613,1698
479,42
558,29
484,1642
123,20
1155,77
1047,107
1478,1657
1313,51
617,1630
986,1639
257,95
1529,1693
1795,138
262,91
304,1657
229,28
1778,107
583,87
1100,67
1008,43
1197,109
646,1675
316,106
1683,68
1294,39
637,96
340,96
1170,17
14,1659
734,80
627,54
862,37
797,1670
781,1
1669,138
1136,1642
859,91
1196,58
1881,108
637,1654
1519,1672
512,31
1065,31
359,106
1379,1671
1568,98
1414,16
922,24
1864,99
467,1641
872,109
691,1673
547,1665
476,53
1752,110
459,87
1528,1656
1434,1675
1225,1092
1684,69
1280,131
888,28
1057,87
1973,33
1896,50
1284,1654
1198,110
1400,1675
796,108
1738,99
1333,1639
283,67
782,43
1717,93
465,95
544,108
1446,77
1545,196
1272,1676
143,1678
148,36
611,132
152,95
1955,79
1720,94
1186,1670
1709,196
478,1654
1587,1666
1647,1672
191,87
1847,90
1206,70
146,1642
1931,39
242,109
801,80
325,24
590,1670
1468,66
898,96
773,154
243,1667
1537,29
1186,101
602,108
656,50
1872,1676
1125,1668
626,86
861,103
1769,20
865,108
1111,61
1792,77
562,132
1593,1676
888,42
1276,83
135,41
1262,42
113,1639
307,87
348,633
1033,89
456,1797
1080,28
1633,26
584,1
197,1676
911,1630
1616,62
1619,91
1288,105
1291,20
1609,17
1513,132
1203,1642
1156,32
1730,93
1802,638
956,94
1237,59
122,1632
980,84
781,37
251,1680
403,77
1257,24
761,99
946,1675
797,101
905,1639
694,1657
750,1233
610,1660
1472,19
1310,1673
1219,84
1608,53
1111,66
1611,32
1024,70
1354,91
161,1670
1580,75
1101,104
398,67
1163,1677
331,1680
174,1660
1260,1679
528,106
340,1698
253,233
1801,1641
1764,1659
645,83
774,1657
1164,95
635,107
267,111
571,61
1857,1666
1255,111
1635,1675
402,1671
364,82
1710,33
240,64
1792,638
10,86
397,108
1049,75
1379,86
1161,239
1858,105
617,73
1974,1797
1153,37
235,84
677,53
1449,36
74,90
571,1672
1327,79
1967,1658
1894,1675
225,1233
1626,1641
144,1679
1189,59
858,71
237,138
1583,239
497,37
576,86
504,1693
1293,77
1478,75
516,1680
1727,1676
1380,87
558,85
1776,110
1076,1668
709,23
602,1807
92,63
953,1675
734,1658
521,79
442,26
1739,1641
670,1666
1781,68
310,29
1696,1672
853,19
1849,138
1889,35
220,1680
996,1233
957,53
1526,1680
601,1671
1828,154
158,80
1653,1797
556,67
667,64
1237,110
1918,1
728,82
657,42
1617,1642
529,1675
165,1677
1055,1676
356,56
706,1679
221,28
1754,1678
1075,29
1149,62
1000,107
1702,138
1478,42
912,23
419,105
1712,96
1162,1
1951,1657
815,1679
908,35
802,1680
1465,80
1650,1233
615,82
1019,39
1984,73
2,1679
482,71
1919,107
1890,1673
985,100
506,65
182,58
21,104
704,1676
796,84
1060,131
610,1092
1485,1632
688,106
1774,1092
893,63
1961,1641
1742,1656
1784,196
1007,43
308,1671
8,1693
1969,86
1717,1642
427,111
285,69
1851,86
768,33
1433,1675
1713,73
313,132
1163,104
1508,1679
1628,1672
929,82
1172,138
434,1680
1578,239
1857,60
1302,1675
1607,104
1846,94
1495,36
1719,196
1540,39
503,62
414,1679
1260,85
511,1673
1758,1233
247,53
871,69
288,36
894,190
752,633
362,87
1772,79
723,50
1279,41
341,33
1542,97
113,1630
437,638
1596,108
531,190
1549,98
1452,1632
403,1693
1865,85
246,17
1521,1665
1733,86
557,233
1844,111
1737,19
9,1671
585,1760
1004,84
513,67
1751,1672
835,104
563,111
319,91
1516,63
1981,131
936,91
630,85
1756,63
1556,633
1600,1807
1523,132
1645,1659
1550,91
133,20
1735,37
1425,1654
1030,101
975,56
1931,1092
1054,111
1293,99
890,1760
221,1654
1159,638
645,26
1512,1693
1508,54
1313,32
817,59
1242,70
1477,87
1209,119
1749,1679
1141,26
1178,20
371,90
813,79
578,94
445,85
15,1675
1082,1630
971,53
1966,84
1218,110
1036,41
776,37
1936,103
1426,35
424,95
1382,62
488,60
1541,59
573,59
902,41
746,1675
318,1678
1616,131
413,20
470,239
1581,37
1192,1675
199,633
251,1785
1338,35
1931,58
1418,91
1987,1670
428,1693
615,1675
355,1671
1250,112
1749,26
753,1670
390,1663
504,58
1061,56
415,54
1525,43
227,196
851,20
908,1673
301,75
1115,93
1758,91
945,239
159,61
1944,93
1580,1
844,77
38,28
955,50
1224,1641
1424,91
431,71
985,33
1249,42
1968,1678
1212,154
133,1693
958,1656
776,68
1255,84
296,1678
1128,111
209,1641
1539,99
586,1639
1942,108
897,110
971,35
735,26
1386,20
725,16
708,56
304,1658
1534,100
88,75
1373,1668
805,1668
293,132
148,23
1436,94
685,1666
6,93
1298,91
488,42
313,65
1345,28
302,29
285,59
677,1667
341,1657
892,1663
842,62
731,23
453,1675
1570,1630
612,1668
762,233
343,1678
144,90
935,54
1535,103
1120,1658
1786,35
1769,41
1125,77
1880,36
1530,1673
76,70
616,83
794,95
1205,37
412,64
1280,132
395,56
345,99
398,23
535,1656
1524,1233
1306,50
1269,56
1074,54
462,112
1720,1660
263,1
1097,239
14,39
76,1656
1603,63
903,1797
1349,1
964,33
1026,36
786,87
1600,65
364,111
290,16
1821,29
1788,80
1969,1632
354,53
1311,69
27,89
1514,83
1885,96
324,1677
1083,42
6,79
1183,31
526,1672
1298,77
657,83
584,99
1338,84
883,1693
463,107
356,23
1776,1632
1425,86
1847,85
969,1092
1520,84
728,24
775,1666
1808,1671
1988,29
167,41
635,1659
503,1693
130,23
683,23
1718,93
1320,90
1814,1632
1236,86
248,91
230,31
160,39
531,24
716,36
1053,99
1687,94
894,65
1138,77
786,54
554,42
863,36
900,50
1053,20
614,64
1336,24
1026,54
1252,1656
418,111
1767,29
434,111
1712,1672
1030,1663
1288,106
1088,1656
146,1233
1055,54
1223,106
1374,1092
752,77
1787,23
1699,1807
1017,95
1800,20
1891,85
1178,1672
642,1654
1931,84
1136,50
1636,1675
1310,1678
421,1676
1101,103
1853,98
415,24
915,86
1914,112
1987,90
1273,104
541,16
1405,1659
1410,73
631,105
520,1641
1114,69
156,1807
1183,1656
1935,1639
1737,1630
766,62
1049,1660
243,95
1949,1233
1571,633
1720,1671
857,69
52,1663
1500,119
1269,1672
607,17
1838,91
1565,75
1290,1659
580,53
1187,103
1080,43
1972,1679
1261,20
323,36
1690,82
570,111
1925,67
1507,108
13,91
624,54
400,32
168,28
1452,16
646,91
224,1672
1348,65
161,35
1459,239
1799,75
201,37
1141,1671
1268,1679
1949,1670
1165,1
942,138
676,82
1540,1807
1792,42
1039,1673
1002,32
14,98
568,64
1090,1641
1383,90
1496,1670
1977,83
1852,35
967,89
1892,90
897,37
21,101
332,638
1932,75
1401,1807
866,1656
1544,1785
1086,96
812,71
1538,97
1132,1656
1847,233
1355,65
1318,87
609,1639
237,1630
1936,1656
494,1693
1901,54
1538,16
983,31
1689,100
1052,86
1287,71
773,1785
1628,111
141,233
1193,24
399,111
292,107
1031,66
403,104
1917,1233
214,58
415,111
612,89
574,1680
1951,1656
851,109
222,1797
1018,1680
288,23
770,29
1752,39
1455,1666
193,110
581,77
421,86
4,66
1842,104
1849,42
1791,1675
1737,1658
324,73
1191,239
1157,43
492,109
772,79
497,1665
1916,86
1569,1679
1829,1657
485,90
1922,35
1335,26
450,1679
734,1671
384,29
1969,196
630,190
118,66
1369,62
1636,196
148,1665
1503,1233
313,26
1256,638
1454,1665
1951,77
663,1632
1402,190
492,1698
1877,79
1645,35
781,1678
941,633
1884,23
1297,75
1905,190
359,82
1317,24
895,108
532,42
1381,59
639,107
1548,1665
861,61
1712,31
666,61
1623,1693
1590,80
871,68
528,54
230,84
1798,109
1699,1668
187,131
1181,101
723,53
580,1660
1481,97
588,39
1818,1660
1198,70
870,23
1902,64
1060,35
1573,154
543,119
1393,80
182,53
1916,100
461,66
1261,89
1138,1678
1499,1670
916,138
1069,60
222,31
1920,1672
819,107
1079,103
1446,132
553,59
383,104
511,39
226,1641
634,54
687,32
198,1667
1578,79
285,86
1230,96
795,1663
1643,1785
1950,1671
1702,36
1724,1630
197,101
1564,29
147,26
117,190
1739,33
446,42
1495,53
764,33
1023,190
516,638
476,83
422,51
1387,75
784,190
1135,131
1796,1233
1194,1679
868,1658
117,1668
538,69
1490,1660
891,31
1613,84
1081,67
729,1660
1363,19
1109,1659
850,66
1935,131
1707,32
236,63
863,98
1012,1092
1039,111
1767,91
1143,43
1804,39
1115,1680
178,83
413,98
215,58
326,91
188,24
1466,1665
970,70
1035,64
208,59
228,54
1331,67
1185,1671
177,154
1962,1693
308,110
329,39
1416,633
1431,36
1213,1233
447,1673
1775,131
1557,60
1850,54
1303,110
1104,1632
1467,1642
793,1679
962,110
743,93
1795,1666
1212,36
1010,1654
126,33
1451,190
716,1
1842,1797
1084,1666
992,62
874,1666
1224,1785
1171,60
972,1677
1360,131
222,104
1814,43
770,1668
1981,1680
1201,104
1365,111
1369,100
1205,1632
142,1668
1913,1639
681,106
1699,70
855,24
344,1642
1924,75
325,131
859,93
1574,63
838,67
238,1807
1607,61
261,66
545,95
1373,1233
1614,17
642,105
201,239
1259,96
1360,83
955,67
1181,91
1591,638
193,86
874,17
695,29
1509,1657
1399,131
1704,17
567,71
682,1641
1467,93
680,1657
1248,108
822,51
1049,109
1189,1678
424,60
447,42
1143,1680
539,82
171,28
1225,1673
117,66
1348,110
821,1092
1979,196
1806,61
204,1672
1682,119
1735,105
1557,239
1850,91
1886,239
1789,86
851,66
616,51
301,29
839,1675
1786,50
1036,1807
1694,1679
1404,43
1205,54
1688,16
126,93
1067,61
1360,65
1859,41
813,19
1404,154
432,50
1815,132
1104,70
1046,67
492,20
1417,111
984,196
179,98
626,1673
347,62
1271,91
1895,43
1201,59
1072,1677
648,59
1613,1632
1976,105
937,67
1878,80
277,1672
1591,131
1531,1233
1063,1642
1375,190
954,1670
1810,35
1796,82
1357,154
842,1807
811,58
519,1797
277,1642
207,71
1239,154
1916,1679
308,80
1069,1675
1809,106
780,108
569,109
952,99
311,90
1163,1679
116,50
1563,1760
1980,100
92,43
1876,53
38,43
1608,1675
885,1660
774,1663
1181,63
193,50
695,97
681,1797
293,119
1515,1642
506,154
240,66
1090,106
1201,53
1737,75
482,131
1972,1672
1372,58
1426,104
1779,1642
343,56
664,233
995,1785
795,59
320,89
566,16
1726,54
1123,95
573,98
1844,1673
835,17
1974,138
1502,33
436,108
201,91
1326,1657
1740,1657
1848,1807
1871,1675
1155,233
1981,77
1431,108
1401,67
483,24
247,83
301,1
730,59
1088,51
459,99
1236,107
405,35
706,32
10,1659
1298,1672
1120,638
1380,32
1843,1672
1755,84
941,66
1185,54
1046,111
1198,154
22,1671
1184,138
1956,66
485,87
1814,96
1500,70
145,50
1183,1679
694,36
1743,43
1982,63
1911,79
1217,1675
559,80
1351,20
377,42
235,68
1598,111
1096,41
1689,20
532,37
1362,638
1212,1657
401,1659
1759,73
458,633
706,131
286,1639
1522,33
1447,98
1728,1654
1309,93
1313,26
14,109
1171,1656
1906,1639
1549,29
1953,106
561,16
445,79
300,60
47,239
1076,239
1524,35
756,85
612,1807
614,31
1569,1678
156,1667
711,69
1029,96
833,1675
890,24
377,75
1975,37
987,56
454,65
1304,1680
1787,83
1224,29
909,51
235,50
1784,53
1196,99
1035,39
852,67
1649,39
1516,90
875,98
1085,43
807,83
572,66
298,97
1119,1632
1907,94
804,61
750,107
1401,95
666,58
374,1807
1044,61
1725,108
1049,1807
1451,85
921,104
1185,97
428,104
726,67
160,96
1839,1657
1984,89
1603,87
1402,1660
1285,87
1342,24
1594,1659
1001,84
711,59
1118,1673
1228,103
38,1663
435,196
1397,1666
758,1092
745,95
413,1797
508,19
1429,83
573,39
266,1639
1476,82
1719,54
802,97
553,75
1056,190
1025,95
232,68
895,29
557,1668
939,73
1182,23
942,70
690,39
1078,196
415,66
1547,79
402,53
1512,36
1137,1639
596,1632
749,84
1221,1676
1188,111
658,36
433,1665
471,73
1786,1666
273,66
214,1680
495,71
1885,26
1446,36
570,1665
181,1632
1507,86
975,638
1868,69
1281,37
488,62
1796,1676
1966,1632
461,1641
459,633
498,75
171,51
117,109
1884,69
1748,1666
899,65
208,60
405,638
1455,60
1810,93
46,26
140,107
1796,24
1160,1680
629,1679
999,33
1136,105
503,28
1320,96
184,36
352,112
541,56
1313,71
1101,32
622,61
1782,67
1984,54
1563,93
578,63
524,39
1832,106
1960,63
1246,1654
1178,100
589,1693
1358,1632
884,69
760,75
672,23
671,33
985,80
1586,56
1569,80
1090,53
1493,1668
1208,56
1066,58
0,105
1871,41
382,1785
1140,37
1365,110
279,83
942,1663
744,1666
1153,1680
1156,79
1140,84
1513,62
464,53
1083,1666
1528,1693
278,24
761,68
353,89
1813,66
1286,66
1840,96
186,1671
1492,69
979,106
942,98
1618,1665
1120,1660
522,1680
1694,1666
392,31
337,1666
412,66
396,1663
1705,93
768,1670
428,66
1598,1807
1745,71
992,1785
1620,31
293,82
1474,119
1717,41
1738,110
228,1657
800,106
1356,1675
451,112
1356,119
5,1641
739,79
836,101
1500,28
1942,239
343,23
826,63
738,1785
141,64
549,67
1912,51
1730,70
308,1657
366,95
1530,32
1496,112
45,1658
1169,190
855,41
623,61
808,82
1051,190
1926,1654
1179,101
959,95
428,1667
1165,1654
825,95
1430,1676
1253,39
922,105
409,90
1170,1671
764,84
1893,23
326,1807
1508,75
187,93
234,80
1615,638
609,100
955,80
1417,29
1644,68
649,107
925,1656
1511,1233
1533,633
1795,90
1765,190
421,31
314,59
776,98
1717,59
818,1807
1775,1667
969,1673
1171,91
1872,60
1543,633
216,111
273,24
222,69
648,60
940,42
1039,80
1113,1660
572,1233
1416,33
540,233
997,56
1777,66
1533,86
450,1657
420,63
1527,1656
1456,39
773,1667
1413,1671
536,69
518,53
1475,82
1338,1642
287,190
1714,1667
372,54
1537,108
1736,77
541,1673
1409,1659
731,1785
1135,85
469,66
18,154
201,138
1795,1630
1344,80
1442,1679
1560,42
696,105
92,36
533,1658
884,56
921,50
829,1673
1953,77
1738,51
435,108
1339,196
576,638
672,65
1653,53
1105,1693
1358,1785
1110,110
1406,1675
505,97
1082,1671
10,36
1190,97
123,1785
363,28
566,17
306,37
1898,110
1273,1665
1921,61
744,1659
1445,61
949,56
1858,1658
1305,1642
1820,95
892,54
1061,109
1961,23
1357,28
1250,54
1836,1233
365,82
1525,112
1437,132
541,79
1701,93
780,99
1904,39
554,1092
1880,16
1257,1667
581,89
527,61
1262,90
659,109
1359,110
1148,69
506,58
675,109
1709,1680
1643,96
169,42
906,1665
1389,62
485,86
1026,24
1334,1663
1524,77
1633,59
413,138
1073,108
966,51
469,633
417,56
1803,1092
481,91
1718,239
727,20
157,54
161,51
1213,67
1917,69
1273,1660
497,1233
1976,1641
524,1666
1978,59
291,87
1103,1630
1125,50
1115,100
1279,87
407,1679
246,1639
159,84
1518,99
871,80
473,99
52,50
1818,1785
1380,64
352,54
1202,54
561,1642
927,83
1923,106
548,132
1444,1233
345,89
1034,1657
1029,1657
186,69
995,51
1328,1658
1936,239
1313,138
1879,239
1214,90
570,1659
742,33
155,89
1636,119
128,101
1140,1672
148,104
1733,97
81,59
262,16
652,1672
983,190
88,19
920,112
498,36
617,42
1405,65
1847,110
1321,50
879,110
238,98
1102,82
680,85
1321,67
1419,1632
1624,1656
653,190
503,59
969,1797
1448,90
490,28
1091,108
575,71
1447,19
921,111
260,53
1859,1671
673,1632
958,36
1511,54
246,1760
1816,190
823,16
1178,1
4,50
1332,96
782,65
718,233
1335,106
1393,39
179,93
511,80
1733,83
795,103
745,94
1787,96
1551,109
410,58
157,105
431,638
380,86
1783,20
1526,103
1147,1668
1788,1678
1418,84
1368,65
889,98
1264,50
361,1639
1581,65
133,17
137,86
1615,1660
1299,1666
163,1680
1608,112
558,23
1537,84
409,28
585,91
911,87
1358,638
1556,103
1369,1659
1613,82
1249,29
1231,101
1927,1672
850,64
1349,42
1613,35
394,1670
860,233
970,633
492,83
594,61
779,85
1684,1672
1261,73
1703,54
513,33
1144,19
1183,36
839,132
1545,61
1965,114
1006,1679
1541,73
585,1632
420,101
1863,82
690,71
1702,84
1432,86
1692,90
1826,1092
703,33
1293,1
1222,233
1890,95
1582,633
1735,1657
615,16
1976,1666
412,77
159,62
1943,56
1795,1668
1134,1797
1866,39
1465,1670
931,62
1501,64
988,53
492,50
1837,1660
550,190
496,53
1128,82
367,1668
543,85
527,154
824,1663
786,96
1050,91
717,1698
222,110
169,98
1325,35
1732,1807
847,633
561,190
1510,97
728,239
319,154
1457,107
1066,59
770,1666
755,64
795,67
279,82
880,105
1858,190
1398,239
978,1668
1469,31
426,239
360,103
1337,1807
1821,1679
1213,26
934,1679
74,131
1159,66
721,82
1199,91
208,43
821,23
1101,239
1176,58
419,85
1803,119
221,65
261,64
979,109
1186,111
580,1698
1829,65
1115,63
1944,63
398,107
184,51
1803,196
768,1671
952,56
574,83
1805,41
1862,26
874,31
555,1630
1602,1663
225,1659
1060,119
1356,1668
1322,32
680,1659
920,138
22,1630
708,41
357,69
984,103
1617,1671
1801,86
718,70
758,41
773,1807
1331,131
446,1797
1167,1671
1683,86
1555,35
1902,1760
1706,93
714,131
363,51
801,1630
1362,1665
1200,80
370,35
722,1654
299,101
1017,82
45,1657
634,90
1438,1666
302,50
228,69
1585,67
1307,43
1402,103
1867,51
801,84
587,1677
1006,31
147,70
988,1680
993,58
1417,1672
1917,31
1458,100
1354,85
1562,1630
720,19
1950,103
351,63
1776,70
743,67
585,97
1823,1676
1057,101
1477,58
486,1233
182,64
1219,1679
981,54
746,71
269,1092
1021,95
1490,70
520,104
1019,1672
155,31
318,1657
779,111
732,1657
34,58
875,1680
1454,1630
758,59
1241,19
617,67
1369,70
1945,59
508,84
772,1785
1911,26
1023,1785
1966,1679
660,56
150,112
1257,28
1472,1676
1094,1785
1314,77
1461,138
968,1671
1872,633
170,95
1442,233
644,1233
914,1658
1291,1658
1309,119
615,42
210,73
1441,39
449,61
312,1673
385,67
832,1658
1459,1671
564,33
1935,1632
766,61
307,56
914,112
1922,90
1171,104
1389,75
344,51
180,1677
718,51
813,1657
1862,1660
258,1675
279,23
636,1672
1133,70
1422,91
1469,196
1787,73
1325,138
778,95
1369,80
1533,103
1614,1630
1817,82
852,41
263,1680
541,1656
1408,105
164,43
238,54
130,71
683,1675
1478,60
1892,1658
1472,101
1900,29
713,71
416,65
237,23
1323,36
1727,1672
1108,56
1016,16
1044,138
18,28
1216,233
1824,638
38,91
1716,1668
463,1676
1791,1670
1300,1657
156,1679
485,85
452,1654
766,190
1393,58
231,1675
1066,96
1105,1678
1729,1630
347,28
1400,84
1325,107
760,1673
1083,89
1947,1670
1584,1660
1103,138
498,51
1237,106
1572,131
1598,109
606,91
1602,112
1837,97
1449,26
774,29
921,1663
831,196
1649,43
1428,106
678,633
1250,86
440,119
811,24
1075,97
335,16
1367,103
1819,110
679,97
667,1657
1091,97
856,1668
609,32
183,77
1987,59
849,1679
1648,75
1515,196
1366,1656
1002,17
1603,107
206,1
1114,36
1154,37
1559,70
307,20
1728,66
658,62
799,1673
796,80
1504,17
1804,62
580,20
284,633
1083,87
365,1666
754,633
299,28
1166,56
1405,64
559,96
127,98
366,20
1492,1092
1715,1675
1719,83
1938,64
781,119
1463,1663
586,17
1182,43
1293,28
691,1698
46,111
690,51
214,75
392,119
1027,1
1009,98
1488,65
726,65
1749,1785
1674,37
1566,111
1235,83
1128,119
995,32
689,75
1336,100
1559,84
1731,1673
78,73
757,1676
703,638
1828,43
1138,1677
551,1676
1929,66
1569,59
244,638
134,62
7,196
1133,28
13,29
1466,103
862,50
330,99
1006,1666
511,32
295,73
1551,108
1950,1659
1486,98
1619,132
1602,84
518,99
645,633
1025,1673
1017,20
265,31
1296,633
325,61
1965,1675
1487,1233
1431,19
1492,35
764,60
982,239
214,69
1304,131
827,132
1054,83
244,50
1015,109
1409,1698
1273,37
442,93
813,58
1648,119
191,1658
1423,43
1413,1
827,98
1235,97
1527,103
1859,1797
675,54
1724,43
1323,1666
937,233
78,91
597,95
209,1676
950,31
627,190
290,1233
1443,138
1210,131
434,36
269,101
1767,1785
1166,20
1573,1660
1264,33
1411,60
201,17
1286,86
848,110
831,1667
868,97
1780,1676
858,59
1725,29
658,633
965,95
1336,1671
851,24
1976,1667
392,19
160,31
1215,42
1380,107
888,19
44,239
355,108
625,1698
665,77
1845,16
543,84
1160,1092
897,98
1214,97
1413,132
1107,41
1966,106
974,112
1936,73
1846,1658
1781,1693
1559,233
215,84
933,111
1396,73
1844,79
72,1657
876,111
1227,1233
982,1666
1837,24
1328,104
1459,24
232,19
467,98
655,1639
1409,233
532,104
181,70
1013,51
1228,1632
898,107
22,19
975,107
1606,633
1607,62
831,109
332,69
1115,62
908,16
1869,233
655,1797
1914,1676
1769,1785
989,91
402,23
741,1668
1715,105
1789,50
887,138
1779,196
1053,109
1494,1
924,39
927,42
1138,87
736,85
1423,1760
1038,1670
250,31
418,89
644,53
1989,61
357,68
1518,1663
1814,56
269,56
1870,638
1412,50
1008,94
148,33
560,97
728,109
1480,82
660,68
1291,106
741,63
193,1785
870,1693
1649,28
1924,36
204,1675
686,1641
1921,64
1158,105
1594,99
381,1656
1822,19
960,1673
597,1678
1333,110
820,87
234,94
654,1663
1322,1671
274,79
1077,105
1067,79
956,1656
1734,83
229,1092
1742,638
364,89
788,1675
1697,37
869,154
1038,239
0,119
679,1673
1605,95
994,19
758,56
1419,94
970,24
243,1654
1201,1676
325,100
842,94
181,90
1341,104
632,1670
1753,24
1435,239
1564,64
680,28
884,1678
298,41
1904,1233
1222,196
1957,63
1461,58
1786,67
1930,19
996,1659
1255,132
1573,111
1648,32
7,1642
548,98
509,90
1802,41
385,66
1292,97
869,1670
1479,1639
1249,68
806,35
1219,1660
1935,196
1773,1663
678,105
333,110
1770,1671
1629,42
1177,1
347,190
1398,1663
705,190
229,190
1032,1
1051,239
956,105
481,79
299,64
1077,1673
731,69
1068,60
1130,1641
1127,1673
524,1678
999,26
1463,1675
569,19
1547,54
404,1660
281,65
653,233
1544,154
398,86
1251,1656
1587,28
1662,1760
1950,64
873,1672
1213,1666
1624,23
1826,1785
578,101
670,1671
1704,111
671,106
1008,138
1620,67
591,131
1457,33
1312,1670
1636,67
1813,1680
1603,154
628,132
994,68
836,73
785,103
605,638
400,131
1340,1641
738,65
1254,35
8,638
1938,60
1132,1675
571,1693
1388,26
1374,93
825,26
309,233
1051,106
882,29
653,138
569,29
1229,65
679,96
365,66
848,36
1223,1639
376,79
1039,1642
251,39
1192,83
1009,119
135,233
1350,132
341,26
1960,1676
1394,98
443,1676
667,1670
850,90
1308,1672
317,1
1704,93
303,82
985,111
394,1760
298,1666
496,108
940,111
1572,1672
1600,1785
622,1657
1400,99
647,112
1337,1654
1409,1
1062,239
1089,131
1989,1642
761,1092
1365,54
1781,638
1908,106
1581,60
1267,98
1912,109
497,154
390,1797
379,154
218,20
953,95
127,1092
446,60
1299,1654
750,110
897,1632
1909,1639
290,1678
352,87
421,1630
1112,233
780,1
412,107
1390,190
948,85
1273,26
296,638
1553,56
1859,1673
1131,84
1286,1678
1430,62
3,633
1296,190
910,56
841,1673
1872,119
1268,138
644,108
703,633
1204,36
1889,66
587,106
1640,98
291,1667
1626,61
1014,111
1977,1657
1293,1670
1980,1666
809,69
781,23
620,1
1462,24
791,66
1950,1675
1662,43
162,1698
507,95
949,108
596,89
1240,61
1961,99
933,1678
905,95
1119,1760
1541,1672
412,1797
402,67
1624,82
1664,83
428,89
267,93
1542,84
1249,19
1286,1656
928,1698
1168,103
1366,32
1423,91
1117,28
1703,1679
1467,53
1231,20
589,1657
368,67
614,62
44,24
1039,107
732,1665
253,1698
1599,99
1288,69
207,1233
997,31
708,70
1116,75
856,71
654,190
899,53
1846,1675
430,73
602,1676
664,83
403,41
1466,1660
1968,58
993,28
170,119
1846,63
872,101
730,79
1234,1667
990,1679
1712,63
1735,1659
422,33
652,24
545,50
871,100
1323,111
609,93
723,1665
1056,1698
1644,99
1573,41
1262,16
267,75
1542,70
975,1665
1827,1670
175,73
1725,1785
1299,119
1922,1678
790,638
920,190
1536,154
597,96
530,91
1021,42
1978,1673
1784,132
143,1670
1147,62
795,69
1939,1760
1038,131
74,62
475,1665
1326,638
481,16
869,71
1168,1666
484,59
1907,239
1561,109
1520,91
1213,24
1270,43
1567,67
1402,83
996,94
1349,1630
362,132
1006,19
533,1665
882,37
1268,1698
691,1679
999,80
1245,1678
569,85
1910,106
1529,61
958,97
1532,94
395,63
1004,633
1782,80
1176,1092
1182,1660
723,1679
4,119
1057,105
428,61
1311,1630
496,37
1606,29
502,1233
523,1660
286,54
863,66
1626,112
944,50
1406,70
1558,67
531,1672
603,1665
755,80
1469,190
942,1676
1462,71
540,1657
1385,90
1934,75
1574,1092
410,110
1746,69
1628,33
1280,73
1172,79
1763,100
435,638
1008,1676
848,75
243,1673
1844,633
1714,1676
541,104
976,16
1170,1666
545,109
123,89
733,54
230,16
1669,1667
531,31
1637,31
1270,1698
588,20
810,42
774,1665
1577,138
1040,1665
1300,1639
142,239
1549,84
7,105
1208,104
1336,29
1021,93
862,233
1107,196
1120,73
1986,1678
1412,33
679,1672
145,1807
1986,90
1055,61
906,100
1740,77
1355,41
295,16
410,112
670,100
929,190
620,73
970,104
1926,1639
1806,19
979,154
1574,95
1078,16
1263,28
379,80
892,1807
754,60
1625,85
704,131
1736,112
686,23
1695,131
137,108
358,68
234,62
1959,1760
1580,65
398,69
498,1659
1471,112
1185,79
1648,33
605,1698
969,1630
1518,53
783,82
572,1671
1380,62
1237,633
1353,20
1959,108
1157,50
1965,1797
1050,28
917,35
1821,75
1896,20
1036,31
587,83
1488,1676
115,28
318,1641
1133,68
1409,36
566,101
1696,138
1827,90
1901,63
1369,86
1170,97
801,1656
806,1693
1571,65
711,638
623,82
181,1233
1489,16
823,1670
1475,69
1478,50
1243,33
490,39
237,132
199,1639
204,83
1769,105
1128,1673
1867,1658
1886,94
784,89
1816,54
841,24
323,1639
1289,154
1343,43
1240,1630
1809,233
393,1665
531,59
1067,29
1360,33
1292,16
759,33
561,26
1496,1675
857,41
1155,1678
470,638
1138,106
971,17
1124,41
1453,35
1527,60
540,42
179,66
789,107
164,1656
313,1654
505,112
1669,42
1444,1673
1247,50
1057,1678
1494,1673
1541,96
1062,77
488,103
1173,70
792,95
1571,79
546,1670
1405,61
397,1678
1020,29
1499,56
1446,1675
268,26
1274,94
690,63
569,28
996,1673
728,1659
1782,105
1946,1675
1181,110
1553,77
1624,1675
991,1630
213,110
1634,16
742,85
1405,1675
1555,1656
1211,1092
1653,101
452,131
365,1630
679,1660
1826,1659
1753,1673
1845,89
391,1678
742,36
390,73
1982,66
1584,1693
1419,26
449,1670
637,67
307,1632
1854,24
1858,1233
1052,50
8,1667
1987,633
173,1657
447,110
691,90
623,1
1435,43
1402,42
406,43
353,39
1938,190
359,73
1378,19
939,95
773,1639
599,233
1354,24
365,51
1568,190
187,41
480,29
1319,65
345,63
146,56
1488,67
1157,1676
223,58
1553,63
1343,1233
1134,64
1022,68
521,109
1057,35
742,71
619,638
967,56
1157,24
1141,131
1528,56
816,84
1707,70
1743,154
1818,79
510,1676
1653,24
1584,1675
367,119
704,1807
1200,1668
651,98
1811,100
1482,1656
363,90
1416,1672
1750,107
1291,82
1476,94
