181,96
1123,109
1820,29
1766,107
292,37
1788,1673
939,60
1645,16
335,65
710,23
1636,1785
1082,36
1838,1641
473,1654
1010,75
1546,1667
275,84
776,633
1015,1680
1263,84
166,1666
524,94
362,67
1892,1693
810,69
1326,31
702,79
1684,31
1390,56
395,99
1190,638
381,86
1825,71
1531,98
1572,1630
1171,53
1602,1673
1787,1657
1865,73
1575,100
266,111
1703,51
1743,104
641,105
1194,1
989,1667
506,1092
1858,56
1860,1630
560,71
802,28
1872,132
570,32
499,1678
245,36
464,59
268,93
1199,86
542,85
228,51
1096,119
359,109
1432,89
935,62
1987,233
794,36
1274,132
1789,77
1957,23
1044,110
1856,1658
1735,1658
1839,23
388,82
1042,1659
1684,190
1498,73
1634,87
978,107
980,1659
1724,68
1067,101
240,1092
1968,1668
257,80
1182,1666
1841,638
1403,77
1778,19
1517,61
1317,1659
693,1675
1009,1680
418,69
1603,196
903,1698
1774,31
943,87
1151,1672
712,33
359,1670
795,68
6,87
1312,106
193,1660
1039,233
30,89
1726,109
896,87
759,1680
176,1673
691,132
909,69
935,95
1075,42
325,31
843,1630
1037,1092
794,54
1643,1641
629,1693
795,633
1417,1667
1975,1666
348,71
422,80
975,26
883,1233
227,73
1242,36
1563,1672
285,633
894,89
1356,28
1856,66
805,1630
1549,33
1973,91
1103,60
1214,17
475,106
611,60
1989,59
472,1642
1443,1807
826,59
0,1679
977,61
762,35
1476,17
712,190
325,239
677,26
896,37
127,87
181,37
1565,131
295,29
1120,154
144,63
791,119
225,36
579,63
602,196
1836,87
1146,111
1492,87
851,1693
416,56
1320,64
348,85
702,138
1441,42
213,71
955,84
334,19
1939,132
634,1667
1005,1680
411,108
732,98
200,83
18,70
1549,83
1932,93
1454,233
1340,638
402,1676
644,37
718,36
1204,29
566,104
1066,26
1177,53
989,1785
1085,1668
1122,1678
1184,65
800,1654
1629,71
1074,1680
539,1233
227,1693
1867,85
1334,28
1894,1680
275,31
314,1659
832,90
467,1693
946,1666
46,68
1020,105
693,61
1283,53
1601,82
1985,1797
1910,196
515,95
287,75
455,111
348,43
171,1672
1518,58
1815,32
153,1672
1180,633
334,29
192,1654
804,1641
362,1668
1413,71
169,60
1457,53
725,95
1778,41
1703,106
950,42
1837,1760
1433,60
222,59
1436,31
869,138
526,19
468,95
1742,1639
681,42
1379,95
738,77
405,1642
1538,24
318,1785
1533,100
377,35
752,1677
413,37
1581,1666
281,1657
1121,1807
1045,105
225,64
724,110
1682,84
1264,107
1172,108
1159,1658
1917,32
1465,79
1034,1760
1105,80
695,1656
1380,94
153,61
1755,58
619,1642
483,108
1131,106
1370,84
1373,41
1980,119
1873,75
931,106
146,100
1359,106
1938,1673
729,1673
496,112
1329,28
561,106
266,70
1703,24
250,67
658,90
1764,26
1400,87
1861,54
577,42
1014,1
1848,85
1701,1693
229,93
1961,1632
1395,77
400,20
399,196
1820,58
771,39
774,16
439,1657
1025,1698
546,83
271,62
935,103
828,35
1071,97
1967,1670
1475,50
1535,84
857,1667
1344,1
814,101
1387,101
172,1658
1155,107
1081,1676
270,109
516,1677
673,1642
321,43
267,51
1262,104
568,84
931,24
1390,29
665,100
1148,87
796,60
1154,32
678,56
1285,96
957,239
1036,60
1717,109
561,100
1039,17
1686,66
1929,85
25,1657
956,1667
417,93
1787,86
1969,79
1918,58
1170,66
751,63
1230,24
881,1663
420,77
734,29
593,53
724,19
1023,33
1324,1672
1302,1666
1289,1679
118,1807
1229,1797
711,1668
1458,43
1535,43
1541,1668
787,83
1786,119
1752,59
1427,35
568,98
625,87
1546,23
1765,97
1345,1666
1221,105
411,84
874,68
1961,1698
1980,138
1985,1678
1524,62
1643,64
907,110
1280,638
1799,1641
1272,62
258,1660
1244,60
1542,1663
1615,95
1541,50
216,1092
1730,109
168,93
906,61
285,80
1924,93
235,39
637,1642
1297,63
653,91
307,1807
1690,1672
1964,75
1304,23
1361,26
157,1659
524,1698
1105,29
1396,1666
1880,79
981,1092
1132,132
837,32
1426,1663
1816,97
55,103
1711,58
1013,1657
1491,95
1957,1642
45,77
601,1233
1388,1665
217,70
492,56
1235,98
1417,75
776,93
378,51
490,1667
222,96
1329,42
390,42
1225,233
1001,73
1261,69
1794,84
324,1680
620,1663
1944,1657
1412,89
1141,1797
1947,638
1396,70
1345,106
888,1665
979,638
326,93
1236,1630
1934,109
601,1639
1647,1660
157,119
430,79
663,39
1418,66
405,633
228,60
1850,65
12,1671
916,1665
329,41
1475,28
261,90
1367,26
1439,1657
281,1698
575,103
1593,1656
1064,106
1410,106
1360,91
1194,1659
958,1680
425,1092
1970,114
1551,1673
578,56
1420,23
1276,71
1204,1678
1424,82
1246,1659
21,54
1694,131
170,1680
186,119
317,53
1168,87
1167,1
1833,1233
1375,1630
903,1693
1292,1660
705,84
597,110
1613,1654
1348,1660
1392,1668
400,190
237,1679
1069,26
990,87
792,1678
672,1680
1462,75
177,1680
164,190
1292,1698
611,239
427,190
1496,103
484,37
980,56
1294,1092
731,108
1520,93
1886,1672
1581,16
1119,79
1337,633
1447,1630
1803,26
197,67
895,60
609,131
1489,73
170,103
480,89
1612,1785
1535,108
1890,109
1782,39
1637,154
1212,65
1604,85
1037,42
46,1693
1538,1639
156,37
1141,86
1103,1667
591,53
1129,1654
351,90
1557,1630
1620,36
1031,1693
554,35
1128,68
1895,1678
530,56
1103,63
1929,28
474,1698
725,43
88,32
1854,70
1986,70
1493,54
1955,119
1683,90
1706,89
1338,95
1161,1680
1609,1668
774,59
481,32
157,1807
1189,190
1796,106
1637,1670
265,42
1442,96
1982,638
1322,1632
504,1673
1111,68
1223,1678
1111,1680
1961,79
1465,50
1009,94
1802,83
642,1665
1839,42
422,67
1769,28
153,32
796,1632
1266,62
1117,1658
1067,51
1360,71
958,1676
1215,75
314,85
1623,94
948,190
1232,1
1302,51
628,60
684,1680
334,131
998,154
11,108
530,42
1312,24
118,111
47,33
34,54
491,91
366,131
1933,1663
1878,106
1572,107
1848,41
413,82
380,43
1874,111
845,111
1321,1667
995,1630
559,43
1496,67
889,1665
1267,42
366,1673
1837,138
716,1654
319,1671
942,16
1371,24
1978,32
882,71
1732,119
811,65
500,104
1222,59
859,1673
251,28
972,84
1401,36
1173,638
452,26
602,1797
1542,131
456,93
1983,23
1182,1630
541,154
1394,1760
876,1807
1855,41
1882,73
1221,19
1576,62
1580,1630
1871,105
1436,24
262,41
173,1666
1001,1
1868,59
1689,1092
1582,103
1030,1632
1308,66
10,33
691,64
1153,61
606,109
1985,98
1591,28
467,17
639,239
1007,1675
133,54
999,23
1082,239
180,119
1710,1663
1911,1680
608,1658
1456,1630
1239,23
1018,1673
1811,1678
549,1785
894,138
1944,109
254,37
1488,89
1508,20
612,33
351,31
1016,20
1739,1680
1684,119
927,104
180,1657
857,190
585,1
1179,633
1252,17
1845,36
800,42
1026,98
583,1675
450,1797
897,62
226,70
561,105
1439,82
907,69
303,62
1156,1092
475,71
1197,28
644,26
614,1666
474,1672
1382,24
1830,154
1480,16
1337,1641
34,90
419,1698
330,75
205,35
1256,1665
525,154
600,101
285,75
1689,109
768,43
1631,1654
1479,1797
1368,106
1756,83
396,33
1407,1639
1799,33
1305,1663
238,196
1932,1670
174,154
764,20
1048,1
1085,132
661,1676
312,53
1302,1632
996,1675
314,1679
1979,1656
592,28
1454,58
558,111
1015,58
1117,132
303,95
1245,96
1452,1642
1180,1639
1575,66
654,54
836,43
485,67
1463,94
124,1663
933,69
1383,1659
1498,1673
876,17
1429,75
789,1670
590,73
498,33
1398,1630
1716,91
1223,53
1170,67
1020,190
1724,638
1407,1668
1784,59
1713,65
406,41
1331,108
1737,1233
1153,138
1887,99
1324,1673
643,110
1549,1666
1917,82
409,100
180,75
1914,62
167,1233
248,43
1651,43
982,64
1540,190
92,100
145,1673
591,66
1954,190
1974,1679
1774,1677
1081,58
696,24
884,111
1146,1670
135,105
1956,29
1989,83
276,1693
564,1642
1014,1671
1300,1672
855,1659
940,239
1365,84
1911,41
1288,41
1452,82
758,103
1278,196
403,28
1567,104
495,1666
1271,1233
1739,73
447,239
1304,24
953,110
493,93
1418,32
1310,82
1537,62
690,33
1738,1641
908,104
251,87
1930,71
1599,1668
865,77
1202,68
1701,110
1390,79
820,105
1084,96
1273,41
904,132
706,16
136,110
1955,1657
1283,1654
983,1660
1745,93
141,633
1711,1630
1050,35
386,1632
482,99
1653,1233
361,24
550,16
1989,69
1238,109
468,33
1335,119
1858,54
718,111
1539,1639
672,1667
209,109
1170,20
1706,98
1409,98
1390,1675
1282,1658
1912,29
899,54
1746,1785
1588,66
1513,54
600,79
1390,1658
660,19
643,61
403,42
280,1675
832,98
228,61
1371,33
582,50
512,26
1959,1658
1837,196
956,131
1718,73
484,1676
395,1807
1101,73
1596,1671
989,69
1424,196
1386,1671
1829,43
1394,36
514,84
38,20
564,68
860,69
736,91
21,53
1127,1
425,98
961,80
1026,42
1834,1807
273,54
1403,60
526,43
1575,20
1335,69
215,80
880,31
296,96
1436,86
1849,1639
876,107
1540,1656
553,24
788,111
1530,24
542,58
1719,16
1777,41
1203,1670
1796,101
438,1807
399,63
1200,54
979,131
286,633
913,1659
184,73
1431,51
133,112
1108,1656
1651,100
1535,111
419,41
1108,19
1735,1642
1473,1642
1273,84
1664,131
393,1656
1424,50
1386,1673
1027,111
1323,94
574,84
1990,96
676,1676
1249,60
22,1760
172,53
750,1680
381,233
608,19
516,100
1124,1807
626,1678
1650,1693
411,1642
1865,107
1422,64
584,28
1619,84
933,29
1396,91
1915,87
1552,107
1418,1797
3,1676
944,132
3,105
1035,20
1162,1658
1388,60
1921,43
1872,1639
584,1092
1341,82
1035,101
885,86
446,104
504,239
1136,60
748,1092
1789,111
421,1666
1330,84
669,80
1421,107
1853,104
1471,79
901,109
1551,1663
1387,26
780,196
1845,1642
469,43
1117,1657
572,1676
1292,111
300,97
1262,51
1101,1785
1852,23
910,68
1359,1
1896,41
772,109
1127,37
424,1693
425,94
1295,83
675,196
1467,96
644,39
464,233
913,66
674,1632
1157,239
1858,108
556,80
151,70
1113,35
1669,68
1461,1679
768,64
1874,108
879,66
202,106
646,97
1384,1760
1183,154
1277,107
946,29
160,1642
1193,36
1729,106
401,1680
691,1663
562,77
1314,70
1352,1667
1020,107
552,75
882,68
254,1693
147,91
377,1678
1940,101
1445,1665
1022,1092
965,33
1005,138
311,1671
1130,1797
901,95
208,1680
405,26
777,65
1644,33
1649,1639
1873,95
1141,41
716,82
1252,108
1199,1639
685,51
1477,23
1225,70
860,63
1157,63
608,64
401,70
934,104
864,58
293,112
1078,1807
1332,43
1315,85
1579,26
1652,1660
1369,42
1497,29
88,61
1144,80
701,53
1554,1233
6,35
1902,1665
1294,26
1706,58
1445,86
1598,100
1578,1693
1449,19
771,59
1894,101
664,31
1163,71
1571,66
1348,73
192,154
1729,100
1006,77
1485,80
1856,1670
1622,233
243,1785
453,190
661,1657
1142,66
666,33
248,16
229,1671
1705,28
159,108
824,67
331,85
595,106
1404,70
1960,110
527,59
14,106
749,119
824,50
126,96
180,1658
327,33
592,190
557,1092
1787,633
1711,131
888,79
635,112
1225,112
800,43
620,638
1610,101
465,19
374,119
1214,61
1359,138
222,43
1058,1679
785,91
674,1668
677,93
271,1676
678,1092
1052,63
667,91
373,54
689,1693
728,91
1541,109
161,68
699,1642
1561,42
161,53
202,1675
1307,24
1072,41
596,65
671,1807
1478,35
322,96
433,35
1360,1678
1051,31
900,1675
1222,36
301,108
1498,110
1484,1657
1711,32
294,85
1437,1
320,1642
1577,68
1151,23
1878,1698
874,80
804,1679
1708,633
1825,41
502,138
526,66
1540,638
1460,196
1446,51
1067,1092
846,69
279,54
815,96
1740,19
926,61
788,70
515,1670
667,41
1130,67
1572,190
218,97
1200,29
1661,1760
512,63
1889,1671
167,233
1290,98
318,111
1544,43
1176,69
1305,1785
683,87
1498,112
1279,67
398,54
405,64
1477,108
1556,95
749,91
142,59
1852,104
492,196
92,20
1552,1678
1895,1654
1221,87
1649,1678
618,60
1890,1680
1980,132
737,1654
1524,56
1035,1641
776,32
1936,98
1389,28
362,1659
1744,53
1504,36
989,1678
1710,84
1841,1679
1609,71
1004,77
1743,20
1106,59
437,98
774,99
901,1657
423,19
1080,1656
1866,1659
450,239
1585,1233
1894,51
242,77
938,1668
157,20
821,61
1601,111
328,638
130,54
1472,37
298,90
1846,33
1594,70
1557,50
180,90
1350,85
49,63
1226,79
395,23
355,101
1741,23
1444,105
493,1657
1494,105
1443,83
1121,93
1035,1639
1989,68
1093,31
903,85
732,1693
181,1641
1130,20
1757,89
159,1760
306,20
1432,190
1911,62
994,233
1038,36
634,64
57,65
721,90
812,1693
1877,1233
1661,1668
1951,190
1260,35
136,1668
801,66
1925,1673
201,20
1934,1657
1115,39
1152,43
291,103
662,106
1752,106
1532,68
1904,101
412,75
1005,68
1765,50
810,50
1384,83
401,111
1178,111
1251,1797
1255,79
556,1659
1865,239
729,51
1228,51
678,84
743,1672
583,73
34,16
198,233
1436,87
209,94
1479,19
765,33
1669,111
641,233
879,41
862,19
664,54
981,633
1928,54
577,1668
1526,69
885,67
1310,60
938,1656
908,190
875,53
1813,75
590,1666
533,1677
147,62
700,56
761,62
642,1677
204,132
1900,80
1441,29
1920,62
1757,1785
1705,70
449,43
1227,1670
1098,86
341,109
1912,638
1802,62
1053,104
851,154
506,31
1549,94
722,85
371,1
317,69
1221,61
1956,32
696,1630
175,91
1443,79
1922,112
1021,71
695,138
364,96
789,65
165,17
1936,1672
350,23
1053,138
1861,109
1592,196
1076,93
1737,1675
1690,71
1821,1657
1621,1233
1565,239
1965,63
1197,85
1053,1233
1462,91
158,131
368,1693
1432,154
1357,1659
650,1807
1089,79
776,1630
1162,1659
261,154
1790,63
781,41
1392,56
252,89
379,233
127,33
1696,64
519,1807
653,111
710,96
1463,1698
1799,94
1819,138
275,131
1462,638
839,1667
1269,96
1467,1678
938,80
352,19
1899,233
102,67
1943,1678
1600,138
823,33
25,28
1349,105
749,35
992,1678
401,75
1450,70
1855,37
1857,1678
1346,23
1720,1666
502,93
1393,16
1764,97
1032,1668
350,1
1222,1675
176,190
1177,58
419,1672
1548,31
491,1665
1090,131
1456,79
1609,31
1849,1666
580,95
1120,60
805,196
1123,89
1251,108
40,66
1329,1660
1474,1663
395,1658
1209,1632
1697,1675
1352,1668
1974,35
1743,1656
1171,1670
809,1679
626,239
1051,50
1608,63
669,33
726,1092
725,1663
1634,1807
202,1654
471,1671
1344,87
887,101
1209,69
30,1666
18,36
1414,638
1252,109
1078,1693
445,35
1555,1632
762,1639
139,82
857,35
803,59
402,1642
1103,108
1880,1233
317,105
1026,1
1941,1630
343,67
1711,1670
1375,1698
1090,98
134,90
1113,131
1700,65
729,138
485,190
1062,196
1962,62
363,132
1429,53
1862,1665
1075,1233
1701,1657
1533,97
13,82
768,95
1681,1233
1384,633
671,1675
1357,132
1127,1668
497,66
1938,233
524,1675
264,1671
1152,100
1463,1670
939,132
1971,83
652,77
1320,63
1269,68
1880,23
1933,51
136,70
283,233
1496,1760
709,29
415,1642
126,97
1681,1671
689,33
598,101
253,98
954,71
1912,1665
1112,1675
618,104
516,79
447,23
168,100
1454,1660
223,1670
427,107
1062,65
346,73
664,110
389,59
1628,96
1867,114
935,96
1735,1807
18,1667
151,1663
1587,1639
1740,1639
1847,1693
1531,633
785,1663
432,1659
180,71
1911,1632
1240,1665
613,1665
814,104
565,84
362,107
1873,41
1155,108
516,1672
1273,19
1491,68
1879,119
1898,1676
1296,54
213,106
1930,131
517,98
1899,80
1221,100
1040,43
176,106
1263,1667
72,43
55,1672
704,1670
526,67
1686,65
124,1657
698,82
205,66
836,1672
688,100
10,112
1133,36
893,53
1483,61
1958,1667
1726,75
367,1092
817,1659
728,42
1170,65
285,91
1851,96
465,1092
976,190
1571,97
1203,59
1404,1672
821,42
1850,1668
1139,35
1102,85
477,154
1739,42
214,77
1870,94
415,68
1340,87
1485,196
480,17
1829,53
1221,1632
466,28
1193,1663
783,19
1337,53
1483,633
416,99
1194,1666
1016,50
428,96
574,31
478,112
1255,42
1935,132
482,111
176,24
11,89
1560,138
914,64
973,1657
1275,111
49,1675
1683,196
1798,633
822,82
1569,61
1035,1785
886,63
1113,233
1431,1233
1358,51
47,1660
617,29
762,104
670,17
1476,90
1866,1656
1055,1642
1072,1233
741,100
1025,87
681,1673
1964,70
1685,108
379,28
1156,638
1004,1641
770,71
860,1663
1711,86
1569,633
483,42
1434,17
1108,104
521,50
1326,35
524,41
1838,190
1252,37
186,96
1460,42
547,105
1245,66
1431,1659
150,638
613,638
1514,101
1133,119
102,1673
1278,26
1497,43
1396,65
718,109
44,1656
994,119
1052,1679
338,1673
1965,107
1720,60
1884,93
743,1659
366,58
522,26
174,87
852,1233
1635,56
1763,79
1122,93
1485,23
552,99
443,50
1777,1665
325,1678
582,67
269,1660
1487,196
972,61
1839,19
422,90
733,1785
1789,58
4,1665
492,154
1553,31
818,1680
1168,59
1150,1663
1376,1092
197,1659
1559,1
696,54
1339,1654
1070,54
1608,1785
1812,1657
1610,43
411,53
1460,56
179,17
1033,42
1292,1663
828,1678
337,23
1776,1678
1133,105
1794,37
801,638
1915,91
577,23
560,105
1828,196
319,16
1480,42
235,119
1162,1654
1918,71
727,100
931,1807
1267,83
221,41
1951,1797
721,75
1806,56
177,131
1020,65
913,1657
436,50
1766,154
1273,233
1417,1671
791,1092
409,80
1083,1656
362,16
1947,19
1601,1807
741,1678
187,71
1037,39
1593,1679
1134,131
1226,96
413,1679
1815,24
1009,50
517,41
1306,56
1073,1641
1853,1642
527,64
489,60
1741,58
141,1797
1856,70
1413,111
900,54
1509,1632
1219,1670
668,58
969,1671
839,67
1600,91
1913,132
1490,79
1972,97
1353,1641
526,59
299,1632
197,1679
1268,104
1644,1641
1027,1667
910,1797
734,73
1526,37
1220,26
817,1667
970,99
1378,100
1637,1667
226,1671
1381,233
1149,29
1169,71
227,1760
1118,98
878,109
308,75
848,64
975,71
315,43
637,1678
1350,17
1478,90
952,94
55,37
592,69
311,95
1769,1
1473,1658
1074,79
1553,106
797,138
469,41
1762,32
1859,16
1181,36
182,91
772,111
944,86
501,233
374,105
1332,39
838,1654
1636,85
1451,1679
608,35
1640,16
384,61
846,29
367,58
903,1666
1697,63
407,69
1187,99
836,83
1156,132
570,99
1854,119
679,1671
866,96
1555,54
1775,1641
1784,20
516,138
627,31
1469,60
1645,67
1885,1630
949,62
1413,1679
1860,56
1472,1667
960,131
747,77
1960,1656
1557,1693
1701,83
1774,1659
908,50
323,1660
331,89
1112,1632
260,107
7,1632
1906,1656
509,84
793,71
1456,1665
1733,1785
504,1656
356,1785
463,1671
1596,77
1143,196
1235,31
206,95
1439,105
1575,91
1794,104
547,33
1021,106
250,61
715,29
861,1665
601,86
1406,103
397,97
715,1092
590,112
168,119
1348,36
1813,1642
400,26
771,61
1181,1658
960,98
896,1632
162,1670
640,26
1070,1670
563,1666
1260,100
629,51
636,1233
194,82
1722,58
1518,89
323,1642
402,1233
298,1656
355,93
263,60
1229,1663
1765,73
206,62
1046,100
1768,50
594,95
1825,29
1808,51
668,108
1610,99
485,94
303,59
286,1
343,80
257,1657
1376,85
266,1785
523,54
551,1654
308,1668
1419,1676
701,69
430,1785
936,106
875,111
1392,83
359,86
1251,1678
1735,58
1149,51
342,101
1418,154
407,1671
530,1632
1782,98
284,85
230,35
655,70
588,43
2,1666
1378,633
1505,103
1405,1670
1353,59
214,1677
1558,1654
1892,114
1989,110
1080,98
1192,1660
933,66
883,85
424,110
1911,84
47,1641
266,1658
1720,33
121,85
1706,28
1924,107
488,90
840,1807
326,132
1398,56
386,41
1544,94
1250,99
1967,68
1864,69
1976,1663
1122,41
1930,80
499,1092
1437,96
1920,70
466,29
1691,63
1195,50
455,61
223,33
45,87
1741,99
1745,96
4,58
1539,112
303,110
1786,1657
495,56
1754,65
407,28
1039,99
1001,67
1100,83
1177,64
698,101
1854,1680
1804,43
47,1678
1574,1233
1615,91
566,84
1189,1663
1044,1658
1768,1698
573,62
153,1797
1495,233
1099,26
1638,91
1290,131
225,1
211,82
1368,1693
1264,42
1206,23
753,1665
723,239
1024,106
1044,101
1303,82
1095,1658
983,1672
15,138
881,66
274,112
1292,80
1755,104
193,64
900,83
665,68
1053,51
1363,29
445,106
800,71
175,65
1026,87
1208,68
824,1657
936,1671
789,43
1358,1678
575,1630
891,1693
654,17
1143,61
1920,1680
744,1693
1121,1641
1945,85
989,1807
1910,1663
899,59
1790,1
650,69
191,39
249,36
1776,1663
842,51
453,1678
226,1760
1850,77
512,29
1519,90
1489,83
1044,107
1742,70
622,91
861,23
555,110
1273,79
1702,1658
930,1680
1795,1676
334,56
227,94
1131,54
339,1678
1262,26
803,19
310,33
628,36
1721,43
48,112
1873,1660
1171,70
1521,61
1824,1670
243,239
540,111
1244,109
1868,29
607,65
646,1671
812,1
1042,56
765,63
657,94
1338,73
165,1785
1486,65
481,42
1133,138
430,93
1942,1630
1338,56
403,61
885,65
1574,53
1314,33
1374,31
1712,84
199,1675
848,83
1625,67
581,233
1535,104
359,239
1245,1672
1125,1670
1091,62
25,103
1313,104
483,73
230,24
931,71
1802,60
1205,91
597,1654
807,1657
1620,32
1417,107
561,87
779,24
374,28
800,99
1775,1668
1906,75
815,196
1961,1676
789,79
57,638
694,68
55,1632
1982,31
1473,61
795,41
687,111
820,1676
1173,26
255,105
1486,83
205,154
1224,94
1459,111
1206,82
1307,35
168,1092
1129,71
1367,69
1169,70
1314,51
1813,91
1710,1639
1008,1666
440,196
1472,17
1527,1667
1607,37
703,77
637,1677
1369,1679
1883,1797
747,239
1651,119
1802,95
76,111
1571,1676
901,106
1145,1668
159,26
1394,71
720,1654
857,1658
149,16
352,132
995,16
941,84
1866,67
1977,60
1617,101
1484,84
1067,68
628,56
21,86
169,53
1606,1
579,638
1720,1668
1889,19
752,154
769,28
1584,1785
1490,62
816,17
1298,35
1712,1667
511,16
1143,23
1955,105
1059,60
963,83
1378,132
1496,71
602,1660
1502,61
399,28
498,233
724,101
525,84
1245,1659
1839,87
1568,154
497,39
740,101
298,16
999,1670
979,17
1223,1656
1687,131
642,67
55,58
607,633
1215,20
171,1679
709,41
213,84
1838,132
1417,54
504,1657
869,1679
118,1639
1892,95
806,90
496,71
495,17
478,59
564,1676
836,51
1389,67
782,19
731,1807
1742,1785
363,233
658,101
125,20
78,154
1258,20
962,633
10,90
407,90
1939,119
1700,67
1486,60
1069,108
1989,1663
1898,196
459,1797
11,1672
1150,105
1441,1659
1545,1673
1520,28
1309,1678
1385,56
1297,100
213,633
268,98
603,23
1585,103
1128,1632
1438,93
140,36
1408,16
1106,1663
661,1670
147,106
422,16
1848,1672
1604,1679
1105,75
1826,1665
1437,1760
25,77
1202,61
1556,70
263,63
1374,633
288,131
1417,32
1991,1676
303,85
435,69
1033,16
1607,1680
495,39
403,1677
226,66
408,97
1205,1676
1166,1666
1214,32
461,36
523,41
1868,37
1317,1679
1211,132
533,112
219,94
1419,1679
731,59
123,1678
40,32
1089,59
1257,87
1884,20
1243,132
825,35
593,79
1587,1641
1425,1670
263,1807
673,87
1354,16
506,1654
821,87
1741,1658
790,100
1127,1797
1608,93
1537,71
1829,1
407,1670
1281,1665
1725,80
254,91
163,24
436,154
955,20
1343,71
685,131
1455,633
763,89
528,66
1741,112
487,1657
1316,59
854,112
1615,1665
2,1667
1913,97
704,1641
445,69
870,16
1349,61
543,138
1026,112
1228,20
1942,66
165,70
952,1233
326,1660
660,1666
1606,95
1550,1671
27,109
1744,58
124,1659
344,23
926,32
511,58
295,83
923,196
1445,119
1338,19
260,1673
1013,85
1082,28
675,1630
272,65
240,1659
336,1658
1112,65
212,1679
177,196
52,154
1942,633
203,1092
720,68
1954,75
1458,36
1830,1632
374,1797
412,98
1634,77
527,1671
221,1656
345,1
491,1807
972,106
1163,633
116,110
1350,233
1613,87
527,24
199,59
1603,65
203,60
1070,24
3,638
1053,32
1087,112
405,190
907,20
1134,53
1906,50
175,1678
74,1673
276,77
520,89
1127,110
262,104
451,33
1211,51
1288,94
1362,61
1325,71
1365,80
10,96
1740,60
1443,132
856,64
1298,107
417,98
499,1670
1516,51
1851,112
1427,1656
159,1676
845,51
460,23
1881,99
618,1641
821,58
711,1760
1729,87
1417,1641
797,33
582,87
1393,1676
1155,61
180,37
143,83
1601,29
15,100
183,56
439,82
1054,91
905,64
1648,16
301,77
159,51
1890,53
270,82
473,70
1087,17
649,75
432,19
643,1679
1252,39
186,110
206,101
654,103
759,1658
648,28
593,1677
284,1676
1613,1663
211,638
1703,41
1504,53
218,1658
4,1233
1258,108
1476,59
391,1657
1538,42
1890,633
474,71
1912,33
1148,1785
1237,24
1827,24
1811,233
1918,1807
1595,20
1083,1678
845,37
1750,1092
1176,53
1432,95
440,41
1146,85
225,131
350,1658
1897,1665
124,233
1596,1667
1447,89
1640,1673
773,58
1129,132
1772,16
1410,103
1319,99
473,80
274,99
950,1656
405,97
1243,1657
1245,33
696,56
1306,1675
736,95
1450,97
1198,105
632,32
1314,1658
1640,54
115,59
647,50
1701,633
1885,98
1579,85
1318,59
826,51
1085,1658
1379,59
1055,70
1720,93
1186,1673
1161,1641
880,98
369,1657
463,105
1211,1641
966,112
1817,28
1489,1807
1200,42
480,239
335,35
1756,23
1242,1693
912,60
767,108
913,1663
1824,233
1903,1797
541,111
379,58
1961,64
626,89
754,98
241,61
1108,31
1309,106
1973,131
102,84
1763,1641
341,106
288,106
15,233
642,239
867,1092
774,1678
1515,132
1521,93
1067,73
588,108
1363,56
614,66
1845,106
1956,35
1246,1785
1322,41
1011,82
1271,94
651,37
1465,1657
880,1
1533,90
1979,96
1908,58
383,39
420,51
185,36
1934,82
896,1670
161,19
1275,1666
1735,98
1170,1642
959,65
1846,99
1193,79
1226,1642
976,23
478,1693
372,42
1718,41
161,1671
841,101
1316,1663
1323,51
1125,99
834,28
160,51
819,1668
1481,1673
1623,85
1536,95
1539,58
527,80
1521,79
1553,138
1952,1657
658,112
1334,1641
839,51
950,82
1020,1679
510,1663
937,63
1403,1672
1932,42
1669,63
491,1666
259,84
847,1663
745,29
324,1654
292,20
1357,1642
1787,35
1417,633
1109,19
456,1663
457,60
1916,1666
885,36
1091,1673
322,24
1283,59
1176,31
1803,138
575,39
1937,42
1441,77
177,62
750,59
591,103
1681,1785
1355,1680
1027,79
582,1092
1815,62
1298,1677
509,82
934,29
753,70
1843,1671
921,56
423,1670
800,17
1984,233
465,37
746,190
1191,1632
1814,109
1104,190
346,1660
1770,1679
1382,99
226,32
1980,1760
1742,1641
1429,50
1357,1675
1184,1665
1312,154
1077,1632
10,42
923,1807
1958,1
768,82
641,196
1850,1660
1178,1663
1766,84
791,32
1595,1672
615,1654
1478,154
674,132
1004,1667
1894,1668
532,26
1877,32
705,1676
1988,101
1846,79
750,90
1448,104
720,89
1364,68
194,1668
248,20
1817,638
676,70
286,1632
331,73
538,99
901,77
1752,37
1262,96
1355,1678
1852,64
14,110
733,132
753,112
1360,24
1913,86
438,32
1380,43
1751,36
742,82
709,1663
765,1663
1161,42
628,29
1643,90
1071,1693
1697,104
44,62
1290,1678
1439,89
193,138
1521,1680
165,36
148,108
334,1663
761,1233
1143,69
1183,68
1190,62
1318,67
698,62
1899,1656
560,51
670,56
748,98
560,1630
124,65
1374,69
515,16
1068,42
1346,1668
922,50
1075,104
1240,41
919,1092
918,1667
720,87
1662,1675
1705,114
824,85
1007,1658
1910,85
1259,37
49,96
927,69
473,154
327,19
618,54
1956,20
1463,36
492,97
1231,56
1123,1667
1896,119
421,43
1289,111
1865,86
1534,75
1249,233
1746,1663
846,73
778,233
1646,54
708,106
1244,36
548,1641
1923,1667
441,89
1551,97
1496,131
1719,53
289,29
1766,112
646,51
1588,26
1096,66
527,638
1800,42
1010,80
204,31
704,69
1116,1760
744,60
915,31
281,37
708,1668
501,1666
1461,104
1479,633
488,1673
609,73
183,90
1933,84
519,1654
1309,36
264,58
489,91
1706,1630
1430,54
297,54
1255,39
300,37
1613,39
1543,1680
1336,109
214,1693
1127,105
297,71
242,1642
1403,23
697,1676
832,1233
1569,50
193,1641
413,100
489,1656
1281,32
1688,1760
288,1667
1834,54
1247,31
973,108
1973,1665
176,638
1227,35
697,154
1586,1680
1307,75
1054,190
1863,86
1017,35
669,196
1867,19
1863,1666
1320,1092
1652,77
1705,1632
1378,60
572,107
1864,1665
332,90
476,39
613,1698
479,42
1626,633
558,29
484,1642
1908,1785
123,20
1047,107
25,58
1478,1657
1313,51
986,1639
1529,1693
1795,138
693,1666
1969,131
262,91
304,1657
1778,107
583,87
1008,43
1197,109
1473,87
646,1675
316,106
1294,39
391,1656
579,1630
637,96
340,96
1170,17
14,1659
862,37
1911,58
797,1670
781,1
1136,1642
859,91
768,26
1196,58
1824,109
1881,108
637,1654
512,31
359,106
1379,1671
201,24
1286,79
1568,98
1414,16
922,24
1864,99
691,1673
409,75
547,1665
476,53
459,87
1822,60
1528,1656
1434,1675
1225,1092
1280,131
605,16
1506,1639
888,28
1057,87
1973,33
1284,1654
1198,110
1134,1666
1738,99
1333,1639
283,67
782,43
1517,54
367,35
1717,93
465,95
544,108
1545,196
1272,1676
419,1680
148,36
1197,95
611,132
152,95
1955,79
1720,94
478,1654
1587,1666
171,26
1647,1672
191,87
1206,70
752,1785
1267,84
146,1642
1931,39
242,109
325,24
590,1670
898,96
1968,32
1967,104
773,154
243,1667
1537,29
602,108
565,24
1872,1676
656,50
1125,1668
1769,20
865,108
207,1657
1694,1673
1111,61
1792,77
562,132
1593,1676
135,41
1262,42
1617,105
113,1639
1883,1092
307,87
456,1797
1033,89
1110,89
1080,28
1022,1667
584,1
911,1630
1616,62
1619,91
1288,105
1291,20
1513,132
249,85
1203,1642
1156,32
1230,43
1802,638
272,1680
956,94
1237,59
980,84
1684,638
781,37
251,1680
403,77
1257,24
946,1675
905,1639
1705,154
379,90
694,1657
750,1233
1472,19
1310,1673
1608,53
1111,66
372,43
1811,1656
1611,32
1024,70
161,1670
1101,104
398,67
1359,1092
1163,1677
331,1680
174,1660
870,233
528,106
340,1698
1005,36
253,233
1764,1659
645,83
1164,95
276,1660
635,107
267,111
749,31
571,61
1255,111
1093,80
1635,1675
402,1671
1710,33
240,64
1792,638
1848,64
397,108
1049,75
1858,105
1161,239
1001,1654
617,73
1974,1797
1190,98
235,84
677,53
74,90
571,1672
1783,33
1327,79
1967,1658
1004,1678
1894,1675
225,1233
549,1632
1189,59
858,71
1543,54
237,138
1583,239
497,37
576,86
429,1698
1293,77
1478,75
1727,1676
1380,87
1879,111
1776,110
561,1659
1076,1668
709,23
602,1807
92,63
521,79
442,26
850,111
1755,82
1739,1641
670,1666
1781,68
1696,1672
1849,138
1889,35
145,60
220,1680
1309,1642
1526,1680
996,1233
601,1671
1828,154
1616,26
1653,1797
556,67
1237,110
464,107
1918,1
728,82
691,70
657,42
1617,1642
529,1675
1055,1676
442,1630
356,56
706,1679
1754,1678
1274,84
1075,29
1000,107
1478,42
912,23
1961,28
547,638
419,105
1712,96
1162,1
1951,1657
908,35
1465,80
1579,1642
1650,1233
615,82
1903,107
1019,39
2,1679
1919,107
514,1660
1890,1673
1299,70
985,100
506,65
182,58
21,104
796,84
610,1092
1303,1671
661,56
1485,1632
688,106
1774,1092
1961,1641
1723,1670
1784,196
1742,1656
1007,43
1969,86
1717,1642
1823,119
1473,233
427,111
285,69
768,33
1837,87
1433,1675
1713,73
313,132
1508,1679
393,60
1628,1672
929,82
434,1680
1578,239
1302,1675
1470,633
1917,90
1607,104
1846,94
1719,196
1260,85
503,62
414,1679
1707,1668
432,1663
511,1673
1758,1233
247,53
871,69
1373,131
752,633
362,87
1772,79
723,50
156,107
341,33
1542,97
437,638
1596,108
621,42
1743,239
531,190
1549,98
403,1693
1865,85
246,17
367,105
1733,86
557,233
1844,111
526,1698
9,1671
1633,66
585,1760
1004,84
513,67
1751,1672
319,91
1516,63
1718,1641
548,1785
1981,131
936,91
1756,63
1556,633
1600,1807
1735,1785
1550,91
1645,1659
133,20
1425,1654
446,37
1030,101
1982,1670
975,56
1931,1092
1054,111
890,1760
1422,633
221,1654
1159,638
1512,1693
1508,54
1256,39
1313,32
1477,87
1209,119
585,39
568,105
1749,1679
1141,26
371,90
1605,1671
813,79
578,94
445,85
1082,1630
1707,33
971,53
1966,84
1218,110
1936,103
1426,35
1743,98
990,98
424,95
1382,62
488,60
1541,59
746,1675
191,50
318,1678
430,68
413,20
1192,1675
470,239
251,1785
1338,35
199,633
457,106
1159,83
1931,58
1418,91
428,1693
615,1675
355,1671
1030,196
1749,26
753,1670
1740,1671
390,1663
504,58
1061,56
1525,43
385,1675
851,20
908,1673
1115,93
1758,91
549,1673
945,239
1462,1698
1944,93
159,61
1580,1
38,28
758,1679
1224,1641
1114,1797
1424,91
431,71
985,33
1249,42
133,1693
958,1656
794,1785
1255,84
776,68
1128,111
300,20
209,1641
1539,99
1171,61
586,1639
897,110
971,35
495,75
1386,20
725,16
304,1658
122,71
1534,100
88,75
840,112
1373,1668
293,132
148,23
25,1630
1436,94
685,1666
6,93
313,65
1345,28
1042,84
157,112
302,29
285,59
677,1667
731,23
842,62
1006,1797
453,1675
612,1668
762,233
1260,24
343,1678
144,90
825,79
935,54
1120,1658
1786,35
1125,77
993,132
1530,1673
76,70
794,95
375,1678
616,83
1205,37
1280,132
395,56
469,17
1980,71
345,99
535,1656
1524,1233
1269,56
1074,54
1588,1676
462,112
263,1
1097,239
1283,1642
14,39
472,154
76,1656
1603,63
903,1797
1349,1
1026,36
840,239
1600,65
290,16
364,111
607,61
1821,29
1788,80
1311,69
27,89
429,1807
601,108
1514,83
324,1677
1885,96
6,79
1794,1668
1183,31
526,1672
584,99
657,83
883,1693
722,1659
1737,138
463,107
356,23
1847,85
728,24
969,1092
1520,84
892,1677
1857,75
775,1666
1808,1671
167,41
635,1659
1664,1679
503,1693
130,23
683,23
1814,1632
1236,86
1793,1677
248,91
1812,1
230,31
160,39
531,24
1053,99
521,82
894,65
1138,77
786,54
863,36
1512,1654
756,98
1053,20
900,50
614,64
1026,54
1252,1656
1767,29
983,138
711,1
434,111
1712,1672
1088,1656
1288,106
146,1233
1090,138
1223,106
1374,1092
752,77
1358,29
1699,1807
1017,95
877,1807
1800,20
1891,85
642,1654
1931,84
818,43
1136,50
1636,1675
421,1676
706,190
1101,103
415,24
915,86
471,1676
1914,112
1273,104
541,16
1410,73
1141,33
274,69
631,105
520,1641
156,1807
1737,1630
1935,1639
766,62
1174,1
1049,1660
1949,1233
1879,190
1571,633
1720,1671
464,1668
857,69
52,1663
1500,119
607,17
1768,105
1565,75
1290,1659
580,53
1222,1676
1972,1679
1187,103
748,233
1261,20
323,36
1925,67
570,111
973,1678
13,91
1061,1657
624,54
400,32
1452,16
646,91
224,1672
161,35
996,1807
1740,1656
1459,239
1799,75
201,37
1268,1679
1949,1670
942,138
1701,95
676,82
1540,1807
1030,31
1792,42
1002,32
568,64
807,1673
1090,1641
1383,90
1494,59
1496,1670
1977,83
967,89
897,37
332,638
1772,1630
1932,75
1401,1807
866,1656
668,26
1544,1785
1216,1760
1086,96
812,71
1538,97
1847,233
1779,1657
1318,87
0,95
609,1639
237,1630
1936,1656
494,1693
983,31
1210,65
1689,100
1052,86
956,99
1287,71
1628,111
161,61
141,233
1193,24
399,111
1031,66
1917,1233
214,58
1544,53
415,111
734,1233
612,89
1951,1656
222,1797
851,109
288,23
88,1663
770,29
1694,32
1455,1666
193,110
581,77
1783,1658
421,86
1842,104
1849,42
1737,1658
324,73
568,61
1191,239
1157,43
772,79
1289,99
497,1665
1916,86
408,100
1829,1657
485,90
1922,35
1744,79
450,1679
347,105
734,1671
384,29
630,190
118,66
1636,196
148,1665
1727,239
1069,91
1503,1233
1256,638
1454,1665
1951,77
1402,190
492,1698
1031,35
1023,1670
1877,79
1645,35
941,633
1884,23
1297,75
763,633
1905,190
1317,24
895,108
1381,59
673,84
1478,37
639,107
1548,1665
861,61
1712,31
1623,1693
1039,1660
230,84
871,68
1798,109
844,42
1699,1668
187,131
1933,32
723,53
1181,101
1481,97
588,39
388,1659
1198,70
1040,32
870,23
1902,64
1573,154
543,119
1393,80
1781,39
182,53
461,66
1261,89
1393,33
1499,1670
347,103
1069,60
916,138
222,31
1920,1672
1446,132
1247,43
553,59
383,104
226,1641
1109,86
634,54
687,32
1578,79
285,86
181,101
1230,96
1985,71
795,1663
1643,1785
1950,1671
197,101
1763,86
1564,29
147,26
1917,107
117,190
1495,53
764,33
1023,190
1122,37
516,638
476,83
422,51
636,107
784,190
1135,131
1796,1233
55,105
868,1658
117,1668
538,69
830,31
891,31
1613,84
729,1660
305,1092
1363,19
78,37
1109,1659
850,66
1935,131
1707,32
863,98
127,1666
1012,1092
1039,111
1804,39
1841,1665
1115,1680
178,83
413,98
363,85
326,91
188,24
1466,1665
1784,80
1035,64
208,59
1331,67
1185,1671
503,108
1763,1680
177,154
1962,1693
308,110
329,39
1213,1233
1418,43
447,1673
1775,131
1850,54
1303,110
128,1675
1104,1632
1467,1642
686,84
962,110
743,93
1019,99
126,33
1212,36
1010,1654
716,1
1842,1797
978,110
1084,1666
992,62
1289,56
1224,1785
1171,60
972,1677
1433,83
222,104
1814,43
770,1668
932,1675
1981,1680
1365,111
1205,1632
142,1668
1598,87
1913,1639
681,106
1808,1659
1699,70
855,24
325,131
859,93
349,29
1574,63
838,67
184,66
1607,61
261,66
942,93
545,95
1614,17
642,105
201,239
1471,80
1360,83
955,67
1181,91
441,1693
1591,638
874,17
1509,1657
1399,131
961,41
1314,1657
1704,17
567,71
682,1641
680,1657
441,1663
1248,108
822,51
1189,1678
447,42
1143,1680
735,1671
1217,58
539,82
171,28
117,66
1348,110
1979,196
1338,196
1806,61
596,16
204,1672
1682,119
1735,105
1557,239
1789,86
868,26
851,66
616,51
871,63
301,29
839,1675
1786,50
1404,43
1684,85
1205,54
1688,16
126,93
1360,65
274,80
1859,41
1292,112
813,19
1404,154
432,50
1046,67
492,20
1507,131
1417,111
78,19
984,196
626,1673
240,84
347,62
1271,91
1895,43
648,59
1072,1677
1976,105
1558,89
237,1657
937,67
1878,80
277,1672
1591,131
1063,1642
1466,16
954,1670
573,80
1810,35
1796,82
1357,154
811,58
1916,1679
277,1642
207,71
459,1659
1239,154
1118,103
1069,1675
1809,106
780,108
1614,109
569,109
952,99
116,50
1424,39
1563,1760
1980,100
1876,53
38,43
1487,84
331,63
1608,1675
885,1660
1181,63
193,50
1959,112
695,97
681,1797
293,119
506,154
287,1641
240,66
1090,106
1737,75
562,1641
1972,1672
217,1666
1372,58
1426,104
1779,1642
343,56
995,1785
1827,86
320,89
1099,73
566,16
1726,54
1123,95
1844,1673
1114,1670
1974,138
1502,33
436,108
201,91
1571,42
1326,1657
1848,1807
1871,1675
1690,638
1155,233
1981,77
1401,67
1492,110
247,83
194,93
301,1
730,59
1088,51
459,99
405,35
10,1659
1333,69
1298,1672
1120,638
1603,1233
1843,1672
521,77
1755,84
941,66
1185,54
1046,111
22,1671
390,91
1956,66
485,87
1500,70
145,50
1504,1
1183,1679
1743,43
384,1797
1982,63
1911,79
559,80
1848,63
1351,20
377,42
1598,111
457,66
1096,41
1648,1654
1689,20
532,37
1362,638
401,1659
1759,73
1434,1630
706,131
1335,1656
286,1639
1447,98
1728,1654
1309,93
690,1679
1313,26
14,109
1906,1639
1523,1657
1549,29
1953,106
1076,239
300,60
47,239
675,24
568,62
1524,35
756,85
612,1807
1569,1678
156,1667
1029,96
662,1693
1982,94
833,1675
890,24
1975,37
987,56
454,65
1799,1677
1304,1680
1787,83
235,50
1784,53
1837,85
1196,99
610,26
1035,39
852,67
1649,39
875,98
1502,29
1085,43
572,66
298,97
673,107
1907,94
804,61
750,107
1302,1656
1401,95
666,58
1044,61
1779,24
1049,1807
1772,1693
1451,85
921,104
1185,97
428,104
160,96
1232,68
1984,89
1603,87
992,19
1402,1660
1342,24
1594,1659
1001,84
654,62
711,59
1228,103
435,196
1397,1666
754,1668
758,1092
102,1654
745,95
413,1797
1429,83
573,39
1315,1632
266,1639
1719,54
802,97
495,1668
1056,190
406,33
1025,95
232,68
895,29
557,1668
1182,23
1497,1639
690,39
1078,196
1299,1667
415,66
1547,79
1512,36
1137,1639
527,100
749,84
1221,1676
172,1671
1188,111
433,1665
214,1680
1786,1666
273,66
644,87
276,73
495,71
1885,26
1446,36
181,1632
718,101
1507,86
975,638
488,62
1796,1676
1619,35
1966,1632
461,1641
459,633
539,73
171,51
464,71
117,109
1884,69
1748,1666
208,60
1455,60
406,51
1810,93
46,26
1796,24
1160,1680
554,1667
1550,43
629,1679
999,33
503,28
1320,96
184,36
865,69
352,112
1313,71
1976,1665
1101,32
1596,1656
622,61
1984,54
1563,93
524,39
1832,106
1246,1654
806,23
1178,100
589,1693
1358,1632
1842,63
884,69
760,75
985,80
693,1679
1586,56
1569,80
1090,53
1828,77
601,96
1208,56
1066,58
1871,41
1140,37
382,1785
6,83
1365,110
942,1663
744,1666
1156,79
1140,84
575,1233
1898,24
1513,62
464,53
1083,1666
278,24
612,1670
353,89
1813,66
184,67
1286,66
1840,96
186,1671
1492,69
942,98
1829,66
1120,1660
522,1680
1694,1666
1532,67
392,31
412,66
1705,93
768,1670
1191,80
1588,1678
428,66
1598,1807
1745,71
1620,31
293,82
21,61
1717,41
833,101
1738,110
228,1657
800,106
451,112
1356,119
1569,98
739,79
836,101
195,119
1500,28
1942,239
826,63
738,1785
783,1679
549,67
1759,1660
1912,51
1730,70
366,95
1530,32
45,1658
1169,190
1206,69
1830,53
855,41
623,61
808,82
1051,190
959,95
428,1667
1721,1660
1169,79
1165,1654
825,95
1430,1676
922,105
1170,1671
764,84
1461,42
1269,103
1893,23
326,1807
187,93
234,80
1615,638
955,80
1694,107
1842,80
1417,29
1644,68
649,107
925,1656
1533,633
749,42
1765,190
421,31
314,59
884,89
1717,59
818,1807
1775,1667
1295,85
1171,91
216,111
1543,633
273,24
165,26
699,196
222,69
648,60
940,42
1113,1660
572,1233
454,104
1416,33
540,233
1533,86
1813,132
450,1657
420,63
956,89
1527,1656
773,1667
1211,1659
1413,1671
536,69
1475,82
446,16
1338,1642
287,190
1714,1667
1736,77
541,1673
1590,1676
1409,1659
1137,1630
731,1785
1135,85
469,66
1795,1630
1344,80
1442,1679
1498,51
1560,42
1980,101
696,105
92,36
884,56
829,1673
1953,77
1511,109
1738,51
431,107
435,108
1339,196
576,638
1105,1693
1485,1657
1358,1785
1110,110
1406,1675
1082,1671
533,103
10,36
1578,103
1190,97
566,17
306,37
1898,110
1662,31
1273,1665
1530,68
1921,61
744,1659
1445,61
1858,1658
1820,95
1146,20
892,54
1061,109
1961,23
308,39
1357,28
1836,1233
806,1656
1525,112
365,82
541,79
1701,93
1904,39
1597,28
554,1092
1257,1667
1920,17
581,89
527,61
1262,90
803,83
1359,110
1148,69
985,31
506,58
675,109
1643,96
78,108
169,42
1389,62
485,86
1026,24
1524,77
475,64
1633,59
413,138
1327,233
966,51
469,633
417,56
481,91
1628,105
1718,239
157,54
1003,58
161,51
1213,67
864,638
1917,69
497,1233
1976,1641
1978,59
1229,67
291,87
1103,1630
1525,66
1125,50
246,1639
407,1679
1651,86
871,80
159,84
1518,99
52,50
1397,56
1380,64
1508,29
1818,1785
352,54
561,1642
1316,50
1923,106
927,83
1444,1233
345,89
1029,1657
186,69
38,84
1549,28
1328,1658
1936,239
1879,239
1313,138
763,63
1214,90
570,1659
155,89
128,101
219,36
1140,1672
148,104
81,59
134,79
262,16
652,1672
88,19
693,1658
920,112
849,62
498,36
617,42
1847,110
965,1760
1321,50
879,110
238,98
1321,67
1419,1632
1624,1656
446,62
1406,638
503,59
653,190
969,1797
490,28
1091,108
1447,19
163,31
1930,59
921,111
260,53
958,36
673,1632
1511,54
598,31
1816,190
823,16
1433,196
1178,1
4,50
782,65
718,233
1180,1656
1393,39
179,93
1733,83
795,103
230,1698
745,94
691,54
1787,96
1551,109
157,105
380,86
532,75
1783,20
1985,69
1526,103
1147,1668
1788,1678
1418,84
889,98
998,1676
1264,50
1581,65
1485,108
133,17
137,86
1615,1660
163,1680
1122,1807
558,23
1537,84
409,28
747,1092
911,87
1358,638
1556,103
780,132
1369,1659
1249,29
1927,1672
203,51
850,64
1221,95
1349,42
1613,35
394,1670
970,633
789,35
492,83
594,61
1684,1672
1703,54
513,33
769,95
1144,19
1183,36
1004,69
1545,61
839,132
1541,73
585,1632
1669,132
420,101
1863,82
1702,84
986,68
932,24
1432,86
1692,90
1826,1092
703,33
1222,233
177,233
1890,95
1582,633
615,16
412,77
1226,119
159,62
696,64
1795,1668
1134,1797
1866,39
1151,51
1465,1670
1501,64
550,190
988,53
1837,1660
38,98
186,107
496,53
1128,82
367,1668
543,85
824,1663
1742,1675
786,96
717,1698
1395,1670
222,110
1325,35
847,633
1510,97
1457,107
561,190
528,1693
1151,1679
728,239
319,154
1066,59
755,64
279,82
1497,93
983,80
880,105
1858,190
1469,31
978,1668
426,239
1337,1807
396,29
1045,70
1821,1679
934,1679
74,131
1159,66
1199,91
208,43
207,109
1987,1657
821,23
1101,239
419,85
1803,119
221,65
575,24
261,64
1186,111
1829,65
1115,63
123,73
1944,63
398,107
1803,196
459,75
768,1671
952,56
1434,106
1805,41
1862,26
555,1630
1602,1663
934,75
225,1659
689,98
1060,119
1356,1668
680,1659
22,1630
1329,82
708,41
357,69
984,103
805,71
1801,86
718,70
977,56
773,1807
758,41
1167,1671
1683,86
728,108
1555,35
1902,1760
802,37
1706,93
801,1630
363,51
1362,1665
1524,1680
722,1654
370,35
208,138
299,101
634,90
228,69
1438,1666
302,50
268,70
1159,1668
1585,67
1307,43
1402,103
801,84
587,1677
1303,31
147,70
988,1680
650,1639
993,58
1917,31
1458,100
320,1676
1354,85
1562,1630
720,19
351,63
743,67
747,132
585,97
1741,1678
1823,1676
1057,101
1477,58
1219,1679
465,60
981,54
746,71
269,1092
273,31
1490,70
520,104
1861,85
1019,1672
779,111
318,1657
923,1673
732,1657
875,1680
1454,1630
1241,19
617,67
815,32
963,107
1369,70
508,84
772,1785
1966,1679
1023,1785
1958,105
660,56
1638,107
150,112
1257,28
1472,1676
1314,77
1461,138
1872,633
15,36
492,1641
170,95
1442,233
644,1233
1291,1658
1309,119
210,73
1404,59
1441,39
449,61
1002,61
312,1673
385,67
1459,1671
228,1679
564,33
1935,1632
914,112
401,67
1922,90
1389,75
180,1677
344,51
414,97
718,51
1862,1660
957,63
258,1675
279,23
636,1672
1422,91
30,17
1321,1656
1787,73
1325,138
1469,196
778,95
1614,1630
1817,82
368,1667
1096,61
852,41
541,1656
263,1680
1408,105
130,71
683,1675
264,1665
1478,60
1892,1658
1900,29
194,91
1809,1678
713,71
416,65
237,23
1727,1672
1016,16
1424,23
1044,138
1208,1656
18,28
1216,233
38,91
1716,1668
463,1676
1300,1657
621,66
1791,59
156,1679
452,1654
766,190
1500,64
1393,58
1066,96
1105,1678
1729,1630
347,28
1325,107
259,56
1071,1659
760,1673
1083,89
1947,1670
1103,138
1237,106
1716,73
1572,131
652,1642
1598,109
606,91
1837,97
1449,26
774,29
831,196
439,1660
1096,43
1649,43
1428,106
678,633
1250,86
811,24
332,61
335,16
1367,103
1169,36
1819,110
679,97
1091,97
856,1668
1944,119
183,77
1987,59
849,1679
619,1639
1648,75
1515,196
1603,107
206,1
1076,233
1738,84
1114,36
1154,37
1559,70
658,62
799,1673
796,80
245,1660
451,75
1504,17
1804,62
284,633
1372,24
1083,87
365,1666
754,633
559,96
1405,64
1611,1693
127,98
366,20
1492,1092
1351,1641
1719,83
1938,64
781,119
586,17
1154,1641
663,119
1182,43
1293,28
691,1698
690,51
214,75
177,93
1027,1
1009,98
113,53
1488,65
726,65
1749,1785
1566,111
682,43
1128,119
995,32
689,75
299,1667
1559,84
1731,1673
757,1676
703,638
651,19
1828,43
1138,1677
508,1092
551,1676
1929,66
244,638
1754,233
7,196
1133,28
983,79
13,29
1466,103
1006,1666
330,99
738,100
511,32
1486,98
1950,1659
909,35
1619,132
1602,84
697,1639
518,99
645,633
1025,1673
1296,633
325,61
470,64
330,1641
1965,1675
1487,1233
1431,19
764,60
214,69
1559,1673
1304,131
827,132
480,41
244,50
1054,83
1409,1698
442,93
1970,69
813,58
191,1658
1423,43
217,65
1413,1
827,98
1876,111
1235,97
1527,103
1724,43
1323,1666
1524,1
937,233
1569,68
78,91
597,95
209,1676
627,190
290,1233
1167,1698
1443,138
1210,131
269,101
1588,70
1166,20
1573,1660
208,62
1264,33
201,17
1431,33
1286,86
831,1667
868,97
1243,23
1780,1676
858,59
965,95
658,633
1336,1671
183,54
851,24
392,19
1935,1672
160,31
1380,107
44,239
355,108
1775,98
625,1698
665,77
1201,131
1845,16
543,84
1160,1092
1413,132
1107,41
1457,1670
1966,106
974,112
1151,1678
1846,1658
1781,1693
986,1666
1559,233
215,84
933,111
72,1657
983,83
876,111
1227,1233
982,1666
805,37
1328,104
228,80
1459,24
232,19
467,98
1409,233
181,70
1013,51
1956,1639
1579,638
1228,1632
898,107
22,19
332,69
1607,62
831,109
1554,70
1239,96
1115,62
908,16
1869,233
655,1797
989,91
402,23
1711,108
555,103
741,1668
1715,105
1789,50
1779,196
1010,1639
1053,109
924,39
927,42
1138,87
893,1670
1423,1760
1038,1670
418,89
644,53
793,131
1989,61
1497,61
357,68
1814,56
269,56
1870,638
1008,94
1177,37
148,33
560,97
1777,86
728,109
660,68
185,28
1291,106
741,63
870,1693
1649,28
1652,63
204,1675
686,1641
1921,64
1594,99
750,33
1026,1677
381,1656
1822,19
960,1673
1333,110
820,87
877,98
654,1663
1322,1671
274,79
1225,80
1067,79
479,1663
956,1656
1734,83
229,1092
364,89
1697,37
1275,17
869,154
172,190
1038,239
0,119
679,1673
994,19
1419,94
970,24
1844,1670
243,1654
1201,1676
360,68
895,70
842,94
181,90
1341,104
1435,239
1753,24
1458,132
1564,64
680,28
884,1678
1904,1233
636,63
1957,63
1461,58
841,111
1786,67
1930,19
1255,132
1648,32
816,1679
7,1642
548,98
1802,41
385,66
423,1678
1292,97
1459,1670
869,1670
1479,1639
806,35
1219,1660
1773,1663
245,1639
678,105
1875,105
333,110
1770,1671
1629,42
347,190
705,190
1184,93
1538,26
229,190
1032,1
1051,239
481,79
299,64
731,69
966,86
1894,1676
1068,60
1130,1641
1127,1673
999,26
569,19
1159,1656
1547,54
404,1660
281,65
780,29
653,233
1544,154
1251,1656
128,1654
1662,1760
1950,64
756,1656
873,1672
1213,1666
1826,1785
670,1671
393,633
1704,111
671,106
1008,138
1413,75
591,131
1452,1657
1457,33
1312,1670
1636,67
1813,1680
994,68
1275,61
836,73
785,103
605,638
1106,91
1340,1641
738,65
1308,85
1254,35
1938,60
1132,1675
1817,35
571,1693
1388,26
825,26
1051,106
882,29
403,108
1847,1670
653,138
569,29
1229,65
365,66
1604,19
848,36
1223,1639
1039,1642
1192,83
163,19
1009,119
645,33
135,233
1350,132
341,26
1394,98
443,1676
277,104
850,90
1308,1672
317,1
1114,37
303,82
985,111
394,1760
182,63
496,108
940,111
1572,1672
622,1657
1118,1666
1400,99
647,112
1294,67
1062,239
1409,1
754,1760
1089,131
1989,1642
761,1092
1781,638
1581,60
532,71
1267,98
1912,109
390,1797
1941,84
379,154
218,20
127,1092
1971,59
318,107
446,60
1299,1654
750,110
290,1678
352,87
1364,80
421,1630
1112,233
1595,1658
780,1
412,107
1390,190
296,638
116,103
1859,1673
1553,56
1131,84
1430,62
951,89
3,633
1296,190
1849,56
841,1673
1872,119
644,108
703,633
1626,138
1684,1668
1204,36
1889,66
587,106
291,1667
1626,61
1363,1233
1014,111
1977,1657
809,69
886,1665
781,23
620,1
1462,24
1173,91
1950,1675
1662,43
162,1698
949,108
1645,1654
596,89
1240,61
933,1678
1054,80
905,95
1094,59
1119,1760
1541,1672
412,1797
1664,83
428,89
1424,98
267,93
1390,59
1542,84
1249,19
1366,32
1168,103
524,131
1423,91
1117,28
1959,53
1703,1679
1467,53
589,1657
614,62
1098,1679
1039,107
448,43
44,24
253,1698
1599,99
1288,69
207,1233
386,1671
997,31
708,70
654,190
805,50
899,53
1846,1675
602,1676
185,112
403,41
664,83
1968,58
993,28
594,1663
443,63
170,119
872,101
730,79
1853,1233
1234,1667
990,1679
1712,63
1735,1659
545,50
871,100
391,196
1390,90
1323,111
609,93
723,1665
1056,1698
1573,41
1683,1641
267,75
1542,70
14,94
975,1665
1827,1670
175,73
1299,119
786,94
790,638
920,190
940,65
1536,154
530,91
1021,42
1978,1673
805,83
143,1670
1147,62
795,69
1038,131
1119,60
1192,633
74,62
475,1665
481,16
869,71
1168,1666
856,196
1907,239
252,79
1561,109
1520,91
1213,24
1567,67
1402,83
1349,1630
1189,31
603,84
362,132
1006,19
533,1665
1268,1698
691,1679
503,239
1245,1678
569,85
1910,106
163,1678
1529,61
1532,94
395,63
1782,80
55,73
1731,104
1176,1092
1182,1660
723,1679
4,119
1311,1630
1980,51
496,37
1606,29
502,1233
286,54
1464,196
863,66
1626,112
390,16
944,50
1406,70
603,1665
55,1642
755,80
1469,190
977,62
942,1676
1462,71
540,1657
1574,1092
410,110
1685,1665
1746,69
1377,1668
1628,33
1172,79
1021,1679
1763,100
435,638
848,75
243,1673
1753,190
1714,1676
541,104
976,16
1367,60
545,109
1170,1666
123,89
230,16
1064,68
531,31
824,19
1637,31
1270,1698
588,20
774,1665
1915,1785
1040,1665
1563,1671
1300,1639
142,239
1549,84
7,105
1208,104
862,233
1107,196
1861,83
1266,1673
1120,73
1986,1678
1412,33
679,1672
1986,90
906,100
249,95
1740,77
1355,41
646,98
295,16
670,100
620,73
1562,1676
970,104
1926,1639
1806,19
1574,95
925,42
619,131
1078,16
379,80
892,1807
1102,154
754,60
1625,85
704,131
1695,131
137,108
358,68
1044,23
894,154
1959,1760
1580,65
234,62
398,69
1185,79
1648,33
1865,1675
659,1676
605,1698
1518,53
969,1630
783,82
1380,62
1353,20
213,59
1959,108
1158,1663
1965,1797
1157,50
1896,20
1050,28
1036,31
684,1668
125,26
587,83
1488,1676
115,28
1133,68
566,101
1144,77
1696,138
316,26
1827,90
1901,63
1369,86
801,1656
806,1693
711,638
1941,63
895,119
623,82
181,1233
1489,16
823,1670
1243,33
1461,154
490,39
237,132
199,1639
1769,105
1715,37
1128,1673
1867,1658
465,1657
784,89
768,638
1816,54
841,24
323,1639
1343,43
1732,138
1240,1630
393,1665
531,59
1360,33
1731,50
1292,16
1610,23
759,33
561,26
1496,1675
857,41
1138,106
771,1785
1124,41
971,17
1453,35
540,42
1902,24
1117,86
179,66
789,107
164,1656
505,112
1444,1673
1248,26
1247,50
1750,79
1057,1678
1494,1673
1062,77
488,103
1173,70
1089,33
1571,79
1220,103
546,1670
1405,61
1499,56
1446,1675
268,26
1274,94
1682,73
690,63
658,1675
569,28
996,1673
1782,105
1946,1675
1343,89
1181,110
1624,1675
991,1630
998,80
1634,16
742,85
1555,1656
1211,1092
766,95
1653,101
452,131
679,1660
1033,24
660,1668
1826,1659
1753,1673
742,36
391,1678
390,73
1446,60
1982,66
1584,1693
637,67
307,1632
931,1680
413,1807
1854,24
1858,1233
1052,50
1987,633
1592,103
173,1657
691,90
623,1
1435,43
353,39
406,43
481,106
707,58
1938,190
1378,19
939,95
922,61
773,1639
1354,24
365,51
1568,190
480,29
1190,1639
1137,1641
1319,65
345,63
1488,67
897,1680
1157,1676
223,58
1343,1233
1134,64
1022,68
456,101
1057,35
1627,65
742,71
619,638
967,56
1141,131
816,84
1258,1693
1707,70
1228,99
1743,154
510,1676
1653,24
1584,1675
367,119
1607,1807
1200,1668
316,93
651,98
1811,100
1482,1656
363,90
1750,107
559,112
1476,94
