1713,1673
181,96
1820,29
1981,1641
1766,107
292,37
1788,1673
335,65
1991,36
710,23
1636,1785
1082,36
861,1807
473,1654
1010,75
275,84
776,633
814,17
1015,1680
1139,1670
1263,84
166,1666
524,94
220,37
1892,1693
1326,31
702,79
1664,84
1684,31
1390,56
395,99
381,86
1610,61
1531,98
1572,1630
1134,61
1171,53
1602,1673
1787,1657
266,111
732,1666
1703,51
1211,1233
1743,104
641,105
1194,1
989,1667
1860,1630
560,71
1537,1667
548,1670
802,28
1872,132
570,32
245,36
464,59
147,190
1199,86
542,85
228,51
1388,109
359,109
1432,89
1984,1670
935,62
1987,233
794,36
1957,23
1044,110
476,62
741,1680
1735,1658
1856,1658
388,82
1042,1659
338,1233
1498,73
1634,87
1491,106
978,107
980,1659
1724,68
1067,101
257,80
1182,1666
1788,233
1841,638
206,109
1403,77
1517,61
1723,638
1317,1659
693,1675
1009,1680
1603,196
903,1698
1398,638
725,26
943,87
1151,1672
712,33
359,1670
795,68
193,1660
1039,233
1352,17
1905,109
30,89
1726,109
896,87
759,1680
909,69
1821,1676
935,95
1075,42
801,95
325,31
1037,1092
1529,83
794,54
1643,1641
629,1693
1417,1667
1975,1666
1940,71
422,80
975,26
246,1698
883,1233
1242,36
928,36
1563,1672
285,633
894,89
1356,28
1549,33
742,29
1973,91
782,50
1103,60
1214,17
475,106
611,60
1443,1807
1049,112
826,59
0,1679
762,35
1476,17
728,111
72,1641
712,190
325,239
677,26
896,37
1565,131
295,29
918,1632
773,1693
1120,154
144,63
791,119
579,63
1836,87
576,65
1146,111
1492,87
1058,51
851,1693
416,56
348,85
702,138
49,80
213,71
1958,1797
955,84
334,19
1939,132
634,1667
411,108
567,35
200,83
1637,111
18,70
1549,83
1932,93
1340,638
644,37
718,36
1877,1693
1204,29
1615,103
566,104
1066,26
1177,53
1122,1678
937,70
1184,65
800,1654
1629,71
417,16
539,1233
227,1693
1867,85
268,119
1894,1680
1619,190
275,31
314,1659
832,90
467,1693
46,68
1705,131
693,61
342,69
1283,53
1601,82
1985,1797
515,95
305,79
287,75
455,111
348,43
1518,58
153,1672
1363,97
1180,633
334,29
136,36
804,1641
362,1668
1216,1657
1413,71
1457,53
725,95
526,96
1778,41
1703,106
950,42
578,1639
222,59
1436,31
869,138
1757,19
526,19
1742,1639
587,35
681,42
1379,95
405,1642
1716,70
1538,24
318,1785
1533,100
377,35
1581,1666
281,1657
1592,1807
1595,70
1121,1807
1045,105
225,64
724,110
1264,107
1159,1658
1182,93
1917,32
1192,103
1465,79
915,106
1105,80
695,1656
1380,94
153,61
1755,58
1131,106
743,96
1370,84
1708,1632
1373,41
1980,119
1873,75
146,100
1359,106
746,23
729,1673
293,100
496,112
1329,28
561,106
1703,24
658,90
231,1668
1764,26
1400,87
684,112
1861,54
577,42
1848,85
1701,1693
1961,1632
526,1656
1847,20
1395,77
400,20
399,196
1820,58
439,1657
1025,1698
1224,99
546,83
271,62
1051,108
828,35
1071,97
1475,50
1428,1672
1535,84
1887,131
857,1667
1344,1
814,101
172,1658
1535,37
1155,107
1081,1676
516,1677
1215,1785
673,1642
321,43
267,51
1390,29
413,1659
568,84
665,100
1148,87
11,54
1154,32
678,56
457,1668
1285,96
957,239
1036,60
1039,17
1686,66
1744,69
1547,1672
1929,85
25,1657
956,1667
417,93
1918,58
427,100
1170,66
751,63
1602,65
881,1663
1230,24
420,77
724,19
1248,1693
1023,33
1324,1672
1302,1666
1347,109
1289,1679
118,1807
1458,43
1904,71
1535,43
1541,1668
787,83
1194,1671
1752,59
1045,1642
1427,35
568,98
1546,23
716,106
1765,97
1345,1666
1221,105
874,68
1980,138
418,62
1985,1678
1524,62
1643,64
1266,1663
1280,638
1799,1641
1272,62
1183,50
1244,60
1542,1663
1541,50
216,1092
255,91
1730,109
168,93
920,66
906,61
285,80
235,39
828,80
1297,63
653,91
1690,1672
1908,233
1964,75
1304,23
1058,26
157,1659
524,1698
1105,29
1396,1666
1216,56
1880,79
981,1092
837,32
930,1666
1426,1663
55,103
1013,1657
1491,95
1490,1654
1957,1642
45,77
1388,1665
820,31
1045,1660
217,70
492,56
1235,98
776,93
502,97
378,51
490,1667
222,96
390,42
1776,1693
1225,233
1001,73
893,107
324,1680
1318,20
620,1663
1944,1657
1412,89
1141,1797
1947,638
888,1665
1879,1659
979,638
326,93
398,638
1236,1630
1934,109
601,1639
157,119
1519,233
663,39
1418,66
405,633
335,86
1850,65
1139,58
12,1671
916,1665
1475,28
261,90
1439,1657
1990,1659
380,1658
281,1698
575,103
1593,1656
1064,106
1360,91
958,1680
1508,35
1491,109
1970,114
1551,1673
578,56
1420,23
425,1092
1424,82
1246,1659
1378,1673
1413,112
21,54
1694,131
170,1680
317,53
1168,87
1833,1233
1305,98
1485,1630
1375,1630
903,1693
1292,1660
705,84
1613,1654
801,633
1392,1668
1272,1670
400,190
237,1679
1069,26
792,1678
1462,75
1763,154
177,1680
164,190
185,23
1292,1698
611,239
427,190
46,190
980,56
1294,1092
1466,1693
731,108
1520,93
1886,1672
1581,16
1337,633
1803,26
667,190
265,56
197,67
895,60
1489,73
170,103
1235,1671
480,89
1535,108
1890,109
1637,154
1086,1680
734,1797
1212,65
1604,85
1037,42
46,1693
156,37
1445,1663
1141,86
1103,1667
1129,1654
1553,20
351,90
1620,36
1983,64
1031,1693
554,35
1128,68
530,56
1103,63
474,1698
1804,114
1788,111
725,43
88,32
1986,70
259,99
1493,54
1955,119
1683,90
1338,95
1161,1680
1952,73
1291,111
481,32
157,1807
774,59
1189,190
1637,1670
1442,96
986,36
1982,638
1322,1632
1900,53
504,1673
1111,68
1111,1680
1135,66
1961,79
1465,50
1009,94
1839,42
773,19
422,67
1769,28
1681,56
153,32
796,1632
1117,1658
1067,51
570,633
1360,71
958,1676
1623,94
1016,1233
948,190
1232,1
1302,51
864,43
628,60
334,131
11,108
530,42
340,1658
1312,24
118,111
1278,61
34,54
491,91
366,131
1915,98
1933,1663
1878,106
413,82
412,1675
380,43
1874,111
1321,1667
573,106
995,1630
559,43
1496,67
1975,239
1267,42
366,1673
1506,36
716,1654
319,1671
942,16
1371,24
1813,97
1978,32
882,71
811,65
1222,59
1809,1680
602,70
251,28
859,1673
1401,36
1518,59
1173,638
602,1797
1542,131
456,93
1983,23
541,154
445,37
1394,1760
876,1807
1235,26
1882,73
1221,19
1576,62
1871,105
1303,1659
1436,24
280,73
262,41
173,1666
1868,59
1582,103
1030,1632
151,1673
519,83
1308,66
10,33
691,64
1153,61
1985,98
1296,1673
467,17
639,239
133,54
999,23
929,63
1082,239
1065,109
180,119
1710,1663
608,1658
1732,101
1456,1630
1239,23
1018,1673
88,1656
894,138
1944,109
787,54
254,37
1488,89
1508,20
351,31
1185,95
1739,1680
1016,20
1684,119
527,56
857,190
585,1
1179,633
1174,1679
1252,17
800,42
1977,84
1026,98
583,1675
897,62
1050,108
226,70
561,105
1439,82
303,62
1156,1092
343,87
475,71
1197,28
474,1672
1382,24
1225,1663
1905,91
1830,154
1480,16
1337,1641
419,1698
205,35
1256,1665
1184,110
525,154
600,101
343,1641
285,75
1689,109
1479,1797
1855,1666
1368,106
1756,83
727,19
396,33
1799,33
1305,1663
238,196
1165,1671
123,132
174,154
764,20
1048,1
1085,132
312,53
1302,1632
314,1679
194,1693
305,106
1979,1656
592,28
1454,58
1015,58
1117,132
1012,86
1245,96
1452,1642
1180,1639
1774,119
1575,66
654,54
485,67
1653,20
1463,94
933,69
1033,111
1383,1659
1498,1673
876,17
590,73
774,112
498,33
886,94
1398,1630
1716,91
1223,53
1740,97
1020,190
1724,638
1407,1668
1713,65
406,41
1495,79
851,1654
1737,1233
1153,138
1887,99
1324,1673
643,110
409,100
180,75
861,54
1914,62
575,66
167,1233
1651,43
982,64
1541,1667
1540,190
92,100
591,66
887,93
1954,190
1774,1677
1081,58
696,24
827,104
884,111
1146,1670
1956,29
557,80
1989,83
276,1693
1014,1671
1962,119
855,1659
718,29
940,239
1365,84
1911,41
1452,82
758,103
6,1639
1844,1657
403,28
1271,1233
1567,104
1739,73
447,239
1461,1641
1304,24
953,110
1418,32
298,93
1310,82
1537,62
690,33
251,87
679,1
1930,71
221,233
1599,1668
865,77
1202,68
1701,110
820,105
459,51
1273,41
904,132
706,16
1331,1673
1955,1657
1543,1658
1283,1654
983,1660
1745,93
141,633
1050,35
1909,1672
386,1632
1653,1233
1635,1658
361,24
550,16
1238,109
1335,119
661,100
1858,54
718,111
1493,17
1539,1639
209,109
1537,1665
1170,20
1706,98
1409,98
1282,1658
1726,97
1912,29
899,54
1588,66
1918,87
1513,54
1390,1658
1655,58
660,19
643,61
403,42
832,98
228,61
1442,93
1371,33
512,26
1959,1658
535,104
956,131
1718,73
1497,1659
484,1676
395,1807
1101,73
989,69
480,59
1424,196
1386,1671
514,84
38,20
1074,60
1242,80
564,68
860,69
736,91
78,62
425,98
1127,1
1026,42
1834,1807
1731,1641
273,54
1403,60
1575,20
1635,1785
1335,69
880,31
296,96
1849,1639
1555,24
876,107
1540,1656
788,111
1530,24
1096,24
1095,64
1719,16
1777,41
542,58
1203,1670
399,63
518,67
1200,54
979,131
1260,16
286,633
913,1659
1431,51
133,112
1594,93
1651,100
1535,111
1008,1760
419,41
1108,19
1273,84
1473,1642
385,1693
1664,131
1424,50
1027,111
1323,94
1194,1642
950,1654
574,84
1990,96
676,1676
1249,60
172,53
1738,104
381,233
608,19
516,100
735,112
626,1678
1650,1693
1865,107
1516,1233
1422,64
584,28
1619,84
1412,62
933,29
1915,87
1552,107
977,51
1418,1797
944,132
3,105
1530,42
1162,1658
1884,39
1388,60
1921,43
1872,1639
584,1092
885,86
889,19
265,41
504,239
1136,60
446,104
748,1092
1789,111
669,80
1421,107
1350,19
1779,41
1853,104
1471,79
901,109
1387,26
708,633
1845,1642
469,43
1117,1657
572,1676
955,86
1292,111
300,97
910,68
1852,23
1534,1666
1521,75
1359,1
1896,41
772,109
1127,37
1295,83
1535,638
675,196
290,58
1467,96
644,39
464,233
913,66
1858,108
556,80
832,190
151,70
1113,35
1120,59
1461,1679
768,64
879,66
202,106
40,65
591,638
646,97
1384,1760
1277,107
946,29
160,1642
1711,1092
1178,1680
401,1680
1729,106
1170,1632
691,1663
1314,70
1352,1667
1020,107
552,75
147,91
254,1693
21,638
1940,101
1445,1665
583,1654
965,33
1005,138
311,1671
1030,37
1130,1797
901,95
208,1680
1644,33
1649,1639
337,1760
469,61
1873,95
1141,41
716,82
1199,1639
685,51
1918,1671
1225,70
568,41
860,63
1157,63
608,64
401,70
293,112
1346,104
1078,1807
1332,43
1315,85
1652,1660
1929,63
1369,42
1497,29
437,60
1144,80
701,53
1554,1233
1296,1659
1294,26
319,56
1902,1665
748,112
1706,58
1598,100
1578,1693
1449,19
1894,101
664,31
1571,66
671,1672
1348,73
192,154
140,90
1729,100
1006,77
1856,1670
243,1785
1690,633
453,190
661,1657
666,33
922,87
248,16
229,1671
159,108
824,67
1105,86
385,39
331,85
595,106
1404,70
1960,110
180,1658
1063,85
14,106
824,50
1433,1092
327,33
1876,66
592,190
1787,633
557,1092
1711,131
888,79
800,43
620,638
625,58
280,41
1610,101
465,19
374,119
1214,61
1058,1679
1244,90
876,28
785,91
674,1668
677,93
271,1676
678,1092
667,91
48,1673
373,54
728,91
161,68
602,1698
699,1642
1351,1654
1561,42
161,53
1307,24
1072,41
1932,1671
596,65
671,1807
322,96
433,35
511,1666
1360,1678
1051,31
301,108
1498,110
1226,43
1724,1680
1484,1657
1711,32
294,85
320,1642
1098,97
1151,23
1878,1698
874,80
1708,633
1586,29
1825,41
1646,67
502,138
526,66
1540,638
1446,51
1067,1092
167,1676
279,54
815,96
926,61
567,1641
788,70
515,1670
667,41
1572,190
1169,239
191,1
218,97
1200,29
1661,1760
1889,1671
493,106
167,233
1290,98
1544,43
1176,69
1105,33
683,87
1498,112
1279,67
910,1672
405,64
1477,108
1556,95
1845,1698
749,91
142,59
92,20
78,35
1552,1678
1915,1698
1895,1654
1649,1678
1221,87
1890,1680
1980,132
1786,1659
737,1654
1524,56
776,32
354,20
1389,28
362,1659
1504,36
989,1678
861,1785
1710,84
1841,1679
1062,29
1004,77
508,42
1743,20
1106,59
437,98
901,1657
423,19
1866,1659
1352,71
450,239
1800,69
1585,1233
1894,51
938,1668
1149,104
157,20
821,61
1601,111
1472,37
298,90
447,1667
1846,33
1594,70
180,90
45,58
1350,85
49,63
395,23
706,17
355,101
304,75
1741,23
1444,105
493,1657
1022,196
1121,93
1035,1639
1989,68
1093,31
732,1693
840,75
181,1641
1130,20
1811,119
159,1760
306,20
1432,190
1894,82
994,233
1530,23
1038,36
634,64
57,65
721,90
1661,1668
761,67
938,1654
1951,190
1260,35
136,1668
801,66
1925,1673
1934,1657
1683,1679
1152,43
237,73
291,103
662,106
1532,68
1904,101
412,75
1765,50
844,70
810,50
1384,83
428,75
1251,1797
1178,111
1255,79
1865,239
1460,63
964,36
729,51
1228,51
743,1672
583,73
913,101
198,233
34,16
1436,87
765,33
1355,1
1669,111
1945,33
641,233
879,41
862,19
981,633
1041,1672
1928,54
577,1668
885,67
1310,60
282,94
908,190
1408,36
875,53
1813,75
590,1666
533,1677
761,62
1615,1630
642,1677
204,132
1111,33
1900,80
1441,29
1920,62
49,91
1705,70
1098,86
1227,1670
341,109
457,1632
1802,62
1053,104
851,154
535,1760
1549,94
722,85
317,69
835,1678
1956,32
1168,1233
696,1630
175,91
1443,79
1317,1642
1221,61
695,138
1021,71
789,65
165,17
222,66
350,23
1053,138
1861,109
1076,93
1976,99
1611,1658
1737,1675
1690,71
1821,1657
1565,239
755,84
1197,85
1965,63
1053,1233
158,131
896,56
1432,154
1357,1659
1089,79
1861,1785
776,1630
977,67
1162,1659
261,154
781,41
1392,56
1045,82
252,89
379,233
1696,64
1697,1785
519,1807
653,111
710,96
1819,138
275,131
1971,119
1347,39
1462,638
839,1667
1269,96
1467,1678
1880,59
1899,233
102,67
1943,1678
823,33
1583,51
25,28
1349,105
749,35
76,1639
401,75
1450,70
1857,1678
1346,23
1514,59
1721,65
1720,1666
502,93
1393,16
1032,1668
350,1
1278,35
176,190
587,54
1177,58
419,1672
1548,31
491,1665
1609,31
1849,1666
1059,58
580,95
1120,60
235,80
805,196
1123,89
40,66
1474,1663
1075,154
1459,1233
395,1658
1209,1632
1697,1675
1974,35
1743,1656
1246,32
809,1679
626,239
717,132
1051,50
1608,63
669,33
725,1663
713,95
202,1654
592,50
471,1671
1344,87
887,101
1209,69
1213,1675
682,79
1414,638
1252,109
1078,1693
445,35
1555,1632
762,1639
803,59
1909,51
1103,108
402,1642
1643,1797
1880,1233
317,105
1026,1
641,37
1711,1670
1375,1698
354,1666
1090,98
134,90
1113,131
1700,65
1062,196
306,77
1962,62
363,132
1429,53
1323,1630
1862,1665
1075,1233
1533,97
1705,638
768,95
1681,1233
1384,633
1779,1680
1581,100
1357,132
1127,1668
497,66
1938,233
524,1675
1463,1670
1085,112
939,132
1971,83
652,77
783,63
1269,68
1216,112
1880,23
1933,51
136,70
283,233
709,29
1002,41
415,1642
126,97
689,33
263,82
253,98
954,71
1912,1665
618,104
266,69
819,233
516,79
447,23
168,100
223,1670
1217,1667
427,107
1062,65
664,110
459,1678
389,59
1628,96
1867,114
18,1667
151,1663
885,59
1587,1639
1740,1639
137,35
1531,633
747,54
785,1663
432,1659
180,71
1240,1665
814,104
1119,1675
565,84
1518,106
362,107
1873,41
1155,108
516,1672
1491,68
1898,1676
1921,1679
1131,93
1296,54
213,106
1930,131
1899,80
1040,43
998,39
176,106
1263,1667
72,43
1731,1665
55,1672
704,1670
124,1657
698,82
718,17
205,66
836,1672
597,54
10,112
652,1671
1133,36
893,53
344,132
1483,61
1726,75
367,1092
817,1659
1203,1630
1170,65
285,91
465,1092
976,190
1328,35
1571,97
1203,59
821,42
1850,1668
1102,85
1964,80
477,154
445,1660
1739,42
214,77
415,68
237,100
1485,196
480,17
1330,29
1829,53
1221,1632
1193,1663
783,19
1337,53
1084,108
1483,633
1194,1666
1016,50
1266,68
574,31
478,112
1255,42
482,111
45,233
1849,67
176,24
1560,138
11,89
914,64
49,1675
1593,70
1683,196
1228,1797
1798,633
822,82
1569,61
1035,1785
1113,233
1156,83
1358,51
902,53
47,1660
617,29
762,104
670,17
1055,1642
1072,1233
1257,77
741,100
1025,87
1964,70
808,31
1825,1672
1685,108
379,28
1004,1641
770,71
860,1663
1162,43
1569,633
483,42
1047,110
1434,17
1108,104
521,50
524,41
945,68
1838,190
186,96
1460,42
1245,66
843,24
1431,1659
1989,67
150,638
613,638
1514,101
1133,119
122,59
1497,43
1396,65
590,56
718,109
44,1656
994,119
1965,107
464,63
1720,60
1884,93
743,1659
604,1641
522,26
996,85
174,87
852,1233
1635,56
1122,93
1564,100
1485,23
552,99
443,50
582,67
269,1660
140,1092
1910,29
1487,196
972,61
1839,19
422,90
4,1665
709,68
492,154
166,95
1553,31
818,1680
1150,1663
1376,1092
1686,1675
1501,89
1559,1
696,54
1339,1654
1070,54
1812,1657
1610,43
411,53
968,32
179,17
678,85
1033,42
1292,1663
828,1678
337,23
1794,37
801,638
1189,1667
1605,101
1915,91
577,23
560,105
1828,196
1480,42
921,1672
1162,1654
1918,71
931,1807
1685,1658
1267,83
1749,65
221,41
1951,1797
721,75
1806,56
913,1657
1391,50
436,50
1766,154
1273,233
1036,1667
1417,1671
409,80
362,16
382,87
1947,19
1601,1807
741,1678
1470,1642
244,28
1037,39
1593,1679
1134,131
1226,96
413,1679
517,41
958,1665
1306,56
1073,1641
1424,67
1853,1642
527,64
489,60
141,1797
1638,1666
1413,111
900,54
1509,1632
722,82
1219,1670
969,1671
839,67
1599,61
1913,132
537,31
1490,79
1972,97
1353,1641
526,59
1268,104
1644,1641
687,108
1027,1667
910,1797
1912,59
1526,37
1220,26
852,28
817,1667
970,99
1637,1667
226,1671
1435,23
1149,29
1919,1641
1169,71
227,1760
1118,98
878,109
204,36
848,64
315,43
281,111
637,1678
1350,17
1478,90
952,94
311,95
1987,86
442,154
1473,1658
1074,79
1769,1
797,138
469,41
1762,32
1181,36
1292,105
1798,1673
182,91
772,111
944,86
501,233
1332,39
1172,1672
1636,85
1451,1679
1467,98
608,35
384,61
846,29
903,1666
1697,63
1493,84
407,69
1278,32
836,83
1187,99
1156,132
679,1671
866,96
1275,132
778,84
1555,54
1775,1641
1784,20
516,138
1645,67
1885,1630
707,87
1209,1639
949,62
1413,1679
1472,1667
960,131
1960,1656
572,16
1590,112
1557,1693
1701,83
1774,1659
323,1660
331,89
960,1693
1112,1632
7,1632
1906,1656
509,84
914,1668
1456,1665
1733,1785
1383,94
504,1656
356,1785
1596,77
181,1678
1235,31
1143,196
206,95
1794,104
1922,85
547,33
1021,106
1707,99
250,61
715,29
601,86
1406,103
1562,111
715,1092
590,112
168,119
409,1671
1813,1642
400,26
771,61
960,98
356,61
140,84
896,1632
162,1670
1070,1670
563,1666
1260,100
636,1233
1170,633
194,82
1722,58
323,1642
982,1807
163,107
402,1233
298,1656
355,93
263,60
1765,73
1046,100
1946,62
971,20
1768,50
594,95
1825,29
1808,51
485,94
415,1675
286,1
303,59
343,80
1376,85
152,101
266,1785
523,54
785,89
551,1654
1419,1676
701,69
1719,37
936,106
25,1677
875,111
1392,83
1251,1678
1735,58
1149,51
352,95
1418,154
1059,1668
407,1671
530,1632
1782,98
284,85
588,43
1450,154
2,1666
1378,633
1505,103
1198,66
1405,1670
1353,59
1892,114
1989,110
1717,105
816,91
1080,98
1192,1660
883,85
424,110
1602,42
1911,84
47,1641
266,1658
121,85
52,1233
1706,28
1924,107
840,1807
1398,56
1526,109
386,41
1544,94
474,132
1967,68
1606,1676
1864,69
1976,1663
1122,41
499,1092
1842,1668
1437,96
1920,70
466,29
455,61
1751,89
223,33
45,87
1741,99
1306,66
4,58
1756,1632
1539,112
303,110
1786,1657
1754,65
1039,99
1001,67
583,103
1100,83
215,73
1177,64
698,101
1854,1680
1574,1233
708,94
341,1785
1615,91
1189,1663
566,84
1044,1658
573,62
153,1797
835,85
1495,233
1638,91
225,1
1496,62
211,82
1368,1693
1206,23
440,26
753,1665
723,239
1611,20
1024,106
1303,82
1095,1658
1333,1
983,1672
15,138
274,112
1512,1672
1292,80
1755,104
193,64
1053,51
1363,29
1019,1657
1168,93
445,106
800,71
175,65
1026,87
1959,51
824,1657
936,1671
789,43
891,1693
654,17
972,1760
1767,77
1143,61
1920,1680
744,1693
1121,1641
1910,1663
899,59
189,1659
1681,1807
1790,1
650,69
249,36
1776,1663
1267,68
842,51
226,1760
1850,77
512,29
1489,83
409,69
390,1642
1044,107
1742,70
861,23
555,110
1273,79
777,56
930,1680
1762,29
1795,1676
334,56
227,94
339,1678
267,65
1262,26
803,19
310,33
48,112
1081,196
1873,1660
1171,70
1521,61
1764,1233
1824,1670
243,239
1868,29
989,1680
607,65
646,1671
812,1
30,66
765,63
657,94
1338,73
1161,1642
1486,65
1435,1797
481,42
1133,138
1942,1630
1338,56
842,37
403,61
885,65
1574,53
1712,84
312,1
199,1675
848,83
1625,67
480,93
581,233
1535,104
1125,1670
398,1671
1091,62
25,103
244,29
1313,104
230,24
931,71
1802,60
266,1092
1205,91
597,1654
1620,32
665,32
561,87
779,24
1332,82
800,99
374,28
815,196
1961,1676
1467,87
789,79
57,638
133,1797
694,68
55,1632
1982,31
151,77
795,41
687,111
820,1676
680,1665
1486,83
205,154
1224,94
1459,111
1682,1670
1307,35
168,1092
847,1676
1129,71
1367,69
1169,70
1813,91
1008,1666
1050,1641
1525,99
440,196
1472,17
1527,1667
1607,37
637,1677
320,1668
541,1678
747,239
1651,119
1883,1797
1802,95
1571,1676
901,106
541,19
159,26
1394,71
1568,1670
720,1654
149,16
352,132
995,16
598,95
1866,67
1977,60
1559,36
1617,101
1414,1671
1067,68
628,56
21,86
169,53
579,638
1720,1668
1335,53
1889,19
769,28
1584,1785
1416,91
1311,60
816,17
1298,35
1712,1667
511,16
1955,105
963,83
1378,132
1894,110
1967,1656
1496,71
602,1660
1502,61
399,28
525,84
1189,61
1245,1659
750,75
1839,87
1568,154
497,39
740,101
979,17
1223,1656
1829,109
123,109
1687,131
642,67
607,633
1215,20
171,1679
1987,1233
709,41
1838,132
1417,54
524,1092
118,1639
869,1679
732,77
1892,95
496,71
648,68
495,17
478,59
564,1676
836,51
1703,97
782,19
1742,1785
363,233
125,20
1895,83
78,154
1258,20
407,90
10,90
1777,154
873,50
1939,119
1700,67
1486,60
1989,1663
920,29
1898,196
459,1797
1150,105
1441,1659
1761,196
1520,28
791,33
1309,1678
1385,56
1297,100
213,633
1585,103
976,99
1128,1632
591,1632
1438,93
140,36
1408,16
1106,1663
422,16
1590,67
1848,1672
1407,103
1604,1679
1105,75
1437,1760
25,77
479,86
1202,61
1556,70
1374,633
1417,32
1991,1676
139,66
1831,77
303,85
435,69
1607,1680
495,39
226,66
408,97
1221,1
1205,1676
1166,1666
711,73
1214,32
523,41
1868,37
1979,42
1317,1679
1211,132
1268,83
219,94
1419,1679
731,59
1089,59
1257,87
171,96
1884,20
1243,132
593,79
811,16
1527,638
1587,1641
1425,1670
673,87
1354,16
303,638
506,1654
821,87
790,100
1608,93
812,638
1537,71
1829,1
1221,1660
407,1670
1725,80
254,91
436,154
1802,101
955,20
1343,71
1074,98
685,131
1455,633
284,86
1741,112
566,1678
528,66
487,1657
854,112
1615,1665
1913,97
704,1641
1627,73
445,69
870,16
1225,103
543,138
1026,112
1228,20
1942,66
326,1660
660,1666
1988,1668
1606,95
1550,1671
961,239
27,109
1744,58
344,23
520,58
511,58
295,83
1291,90
923,196
1338,19
260,1673
1013,85
710,31
675,1630
1850,1666
272,65
240,1659
336,1658
1112,65
177,196
1535,65
1942,633
551,64
203,1092
720,68
1954,75
1458,36
412,98
1634,77
159,77
270,64
527,1671
221,1656
345,1
972,106
1822,82
1163,633
1350,233
1613,87
527,24
1603,65
1876,97
550,1663
203,60
1070,24
3,638
1053,32
907,20
1134,53
1026,66
1336,108
1906,50
175,1678
74,1673
276,77
262,104
1439,50
451,33
1211,51
1288,94
614,1698
1325,71
258,1657
1365,80
10,96
1740,60
1443,132
1298,107
1536,1679
499,1670
232,63
1516,51
1851,112
1427,1656
159,1676
460,23
1475,132
618,1641
1796,28
821,58
711,1760
1729,87
797,33
582,87
965,85
1155,61
1048,97
143,83
180,37
1601,29
15,100
439,82
905,64
1573,95
1648,16
301,77
1935,1666
1890,53
270,82
473,70
1644,100
649,75
432,19
643,1679
1104,1675
1252,39
206,101
654,103
547,107
648,28
593,1677
189,100
284,1676
1613,1663
211,638
590,62
218,1658
4,1233
1258,108
545,1679
391,1657
1538,42
1890,633
474,71
1911,59
1148,1785
1237,24
1827,24
997,105
1918,1807
1595,20
1083,1678
606,41
1750,1092
232,1672
1176,53
1432,95
1146,85
225,131
1897,1665
797,51
124,233
1596,1667
1447,89
865,83
426,1659
773,58
1129,132
1772,16
1410,103
1319,99
274,99
459,37
405,97
1243,1657
1168,61
1245,33
696,56
1306,1675
1198,105
722,94
632,32
1314,1658
1640,54
165,108
647,50
262,84
1701,633
1885,98
1579,85
826,51
1379,59
919,196
1055,70
1720,93
1186,1673
880,98
1603,1630
1934,64
369,1657
463,105
1211,1641
966,112
1489,1807
1072,101
1200,42
335,35
1901,132
1756,23
912,60
767,108
913,1663
1269,1092
1903,1797
541,111
1961,64
700,1630
626,89
272,1092
754,98
241,61
1108,31
1973,131
102,84
284,111
341,106
288,106
642,239
1202,1675
867,1092
774,1678
1476,1660
1515,132
1521,93
1067,73
408,56
796,97
614,66
1956,35
1845,106
1246,1785
1322,41
1011,82
1465,1657
880,1
6,59
1533,90
1740,86
1979,96
383,39
420,51
280,1660
185,36
896,1670
161,19
1696,67
1275,1666
1735,98
1170,1642
1846,99
1226,1642
365,100
439,23
976,23
478,1693
372,42
161,1671
1316,1663
1323,51
972,35
1125,99
834,28
819,1668
1943,87
275,1678
1481,1673
1623,85
1536,95
1539,58
1521,79
1952,1657
303,33
1463,99
658,112
1334,1641
839,51
950,82
937,63
520,17
1403,1672
1932,42
1669,63
343,63
259,84
847,1663
1460,1760
745,29
324,1654
292,20
1417,633
1109,19
512,89
1820,67
456,1663
457,60
1916,1666
885,36
1283,59
1176,31
515,69
184,105
1803,138
575,39
1937,42
177,62
750,59
1681,1785
1950,94
174,1673
1355,1680
1027,79
582,1092
1815,62
1067,36
753,70
934,29
1843,1671
921,56
850,110
423,1670
1984,233
746,190
1043,60
1026,28
1814,109
1191,1632
1104,190
346,1660
1770,1679
1980,1760
395,1679
1742,1641
677,87
1429,50
1357,1675
1184,1665
1312,154
10,42
1958,1
657,43
1686,154
768,82
641,196
1178,1663
1766,84
791,32
546,1679
1595,1672
615,1654
1004,1667
965,1667
1894,1668
532,26
828,43
1877,32
705,1676
1846,79
1652,138
750,90
1448,104
720,89
338,106
248,20
1817,638
676,70
286,1632
1566,233
331,73
1752,37
901,77
595,110
1355,1678
1372,1760
1852,64
14,110
733,132
753,112
438,32
1694,77
1380,43
1751,36
1862,105
742,82
709,1663
1161,42
21,105
1643,90
1071,1693
628,29
1290,1678
320,132
193,138
1001,101
1521,1680
1439,89
148,108
334,1663
650,1092
1143,69
1183,68
1190,62
1961,1642
1318,67
698,62
560,51
748,98
560,1630
546,1665
1368,1667
124,65
1374,69
515,16
1068,42
1075,104
1682,64
1240,41
919,1092
918,1667
1741,1657
720,87
1705,114
824,85
1047,71
1007,1658
1910,85
49,96
126,1698
927,69
327,19
924,103
618,54
1463,36
1747,233
492,97
1231,56
1123,1667
1896,119
1289,111
1534,75
1137,85
1376,101
1249,233
1746,1663
134,69
1646,54
778,233
708,106
1244,36
548,1641
441,89
1348,26
1496,131
1719,53
289,29
1285,1693
167,20
1588,26
646,51
1096,66
527,638
1010,80
704,69
918,1693
1116,1760
249,1666
744,60
915,31
281,37
708,1668
1479,633
1541,1678
488,1673
609,73
183,90
1570,24
519,1654
1309,36
894,58
489,91
1706,1630
1430,54
297,54
300,37
1167,43
1613,39
1543,1680
214,1693
772,33
1824,1660
1127,105
297,71
242,1642
697,1676
1569,50
424,94
193,1641
1538,89
413,100
489,1656
1281,32
1688,1760
863,1642
1247,31
973,108
1973,1665
176,638
1978,131
697,154
1586,1680
1307,75
1472,1630
959,62
1863,86
1017,35
669,196
467,62
1320,1092
1652,77
1863,1666
1705,1632
1378,60
332,90
1351,633
476,39
1240,1632
613,1698
479,42
1626,633
484,1642
1908,1785
1155,77
1047,107
25,58
1313,51
617,1630
986,1639
257,95
1529,1693
1795,138
693,1666
1969,131
304,1657
229,28
583,87
1100,67
1008,43
1197,109
1473,87
316,106
1683,68
1294,39
391,1656
579,1630
1170,17
14,1659
734,80
627,54
862,37
1911,58
781,1
1669,138
1136,1642
859,91
768,26
1824,109
637,1654
1519,1672
512,31
1065,31
359,106
1379,1671
201,24
1286,79
922,24
1864,99
467,1641
872,109
691,1673
409,75
476,53
1752,110
459,87
1822,60
1434,1675
1225,1092
1684,69
1280,131
605,16
1506,1639
1973,33
1896,50
1284,1654
1198,110
1400,1675
796,108
1738,99
1134,1666
283,67
782,43
1517,54
367,35
544,108
1446,77
1545,196
419,1680
1272,1676
143,1678
148,36
1197,95
1955,79
1720,94
1186,1670
1709,196
478,1654
1587,1666
171,26
191,87
1847,90
1206,70
752,1785
1267,84
242,109
801,80
325,24
590,1670
1468,66
898,96
1968,32
1967,104
1537,29
1186,101
602,108
565,24
656,50
1125,1668
626,86
861,103
1769,20
865,108
207,1657
1694,1673
1792,77
1593,1676
888,42
1276,83
135,41
1262,42
1617,105
1883,1092
307,87
348,633
1033,89
1110,89
1633,26
1022,1667
197,1676
911,1630
584,1
1616,62
1288,105
1291,20
1609,17
1513,132
249,85
1156,32
1230,43
1730,93
1802,638
272,1680
1237,59
122,1632
980,84
1684,638
251,1680
1257,24
761,99
946,1675
797,101
905,1639
1705,154
379,90
750,1233
610,1660
1472,19
1219,84
1608,53
1111,66
372,43
1811,1656
1354,91
161,1670
1580,75
1101,104
398,67
1359,1092
331,1680
174,1660
1260,1679
870,233
340,1698
1005,36
253,233
1801,1641
645,83
774,1657
1164,95
276,1660
635,107
749,31
571,61
1857,1666
1255,111
1093,80
402,1671
364,82
240,64
1792,638
10,86
1848,64
1049,75
1379,86
1161,239
1858,105
1001,1654
1974,1797
1153,37
1190,98
677,53
1449,36
74,90
571,1672
1783,33
1967,1658
1004,1678
225,1233
1626,1641
144,1679
1189,59
858,71
549,1632
1543,54
497,37
576,86
504,1693
1293,77
429,1698
516,1680
1727,1676
1380,87
1879,111
558,85
1776,110
561,1659
602,1807
92,63
953,1675
734,1658
521,79
442,26
850,111
1755,82
1781,68
310,29
1696,1672
853,19
1849,138
1889,35
145,60
1309,1642
957,53
996,1233
601,1671
1828,154
158,80
1616,26
556,67
667,64
1237,110
464,107
728,82
691,70
1617,1642
529,1675
165,1677
1055,1676
442,1630
706,1679
221,28
1754,1678
1274,84
1149,62
1000,107
1702,138
1478,42
912,23
1961,28
547,638
1162,1
1951,1657
815,1679
908,35
802,1680
1465,80
1579,1642
615,82
1903,107
1984,73
2,1679
482,71
1919,107
514,1660
1890,1673
1299,70
506,65
21,104
704,1676
796,84
1060,131
610,1092
1303,1671
661,56
1774,1092
893,63
1961,1641
1723,1670
1742,1656
1007,43
308,1671
8,1693
1969,86
1717,1642
1823,119
1473,233
285,69
1851,86
768,33
1837,87
313,132
1163,104
1508,1679
393,60
929,82
1172,138
434,1680
1578,239
1857,60
1302,1675
1470,633
1917,90
1495,36
1719,196
1540,39
503,62
414,1679
1707,1668
432,1663
1260,85
247,53
871,69
288,36
894,190
752,633
362,87
1373,131
723,50
156,107
1279,41
1542,97
113,1630
437,638
1596,108
621,42
1743,239
1452,1632
403,1693
1865,85
246,17
1521,1665
367,105
557,233
1844,111
1737,19
526,1698
9,1671
1633,66
513,67
1751,1672
835,104
563,111
319,91
1516,63
1718,1641
548,1785
936,91
630,85
1556,633
1600,1807
1523,132
1735,1785
1645,1659
133,20
1735,37
1425,1654
446,37
1982,1670
1931,1092
1054,111
1293,99
890,1760
1422,633
1159,638
645,26
1512,1693
1256,39
1313,32
817,59
1242,70
1477,87
1209,119
585,39
568,105
1141,26
1178,20
371,90
1605,1671
445,85
15,1675
1082,1630
1707,33
1966,84
1218,110
1036,41
776,37
1936,103
1426,35
1743,98
990,98
488,60
1541,59
573,59
902,41
746,1675
191,50
318,1678
430,68
1616,131
251,1785
470,239
1581,37
1338,35
199,633
457,106
1159,83
1418,91
1987,1670
615,1675
355,1671
1250,112
1030,196
1749,26
1740,1671
390,1663
1061,56
415,54
1525,43
385,1675
227,196
908,1673
301,75
1115,93
1758,91
549,1673
1462,1698
159,61
1580,1
844,77
38,28
955,50
758,1679
1224,1641
1114,1797
985,33
1249,42
1968,1678
1212,154
133,1693
958,1656
794,1785
1255,84
296,1678
1128,111
300,20
1539,99
1171,61
1942,108
897,110
971,35
735,26
495,75
304,1658
725,16
708,56
122,71
1534,100
1373,1668
840,112
805,1668
293,132
25,1630
685,1666
6,93
1298,91
488,42
313,65
1345,28
1042,84
157,112
677,1667
341,1657
892,1663
842,62
731,23
1006,1797
1570,1630
612,1668
762,233
1260,24
343,1678
825,79
1535,103
1120,1658
1786,35
1769,41
1125,77
1880,36
993,132
76,70
375,1678
794,95
1205,37
412,64
1280,132
395,56
469,17
1980,71
398,23
1524,1233
1269,56
1306,50
1074,54
1588,1676
1720,1660
263,1
1097,239
1283,1642
14,39
472,154
1603,63
1349,1
964,33
1026,36
840,239
786,87
290,16
364,111
607,61
1788,80
1969,1632
354,53
1311,69
27,89
429,1807
601,108
1885,96
1083,42
6,79
1794,1668
526,1672
1298,77
657,83
584,99
1338,84
883,1693
722,1659
1737,138
1776,1632
1425,86
1847,85
969,1092
1520,84
892,1677
728,24
1857,75
775,1666
167,41
1988,29
1664,1679
130,23
683,23
1718,93
1320,90
1814,1632
1236,86
1793,1677
1812,1
230,31
531,24
716,36
1053,99
521,82
1687,94
894,65
786,54
554,42
863,36
1512,1654
756,98
900,50
1336,24
1026,54
1252,1656
418,111
1767,29
983,138
711,1
1088,1656
1030,1663
1288,106
146,1233
1090,138
1055,54
1374,1092
752,77
1358,29
1787,23
1017,95
877,1807
1891,85
1178,1672
642,1654
1931,84
818,43
1636,1675
1310,1678
421,1676
706,190
1853,98
415,24
915,86
471,1676
1987,90
1273,104
541,16
1405,1659
1410,73
1141,33
274,69
520,1641
1114,69
1183,1656
1935,1639
1737,1630
766,62
1174,1
243,95
1879,190
1949,1233
1720,1671
464,1668
857,69
1500,119
1269,1672
607,17
1838,91
1768,105
1290,1659
580,53
1222,1676
1080,43
1972,1679
748,233
323,36
1690,82
570,111
1925,67
1507,108
973,1678
13,91
1061,1657
400,32
168,28
646,91
224,1672
1348,65
161,35
996,1807
1740,1656
201,37
1268,1679
1141,1671
1949,1670
1165,1
942,138
1701,95
1540,1807
1030,31
1039,1673
1002,32
14,98
568,64
807,1673
1090,1641
1494,59
1496,1670
1852,35
967,89
1892,90
897,37
21,101
332,638
1772,1630
1401,1807
866,1656
668,26
1216,1760
1086,96
1538,97
1132,1656
1847,233
1355,65
1318,87
1779,1657
0,95
237,1630
494,1693
1901,54
1538,16
983,31
1210,65
1052,86
956,99
1287,71
773,1785
1628,111
161,61
1193,24
292,107
1031,66
403,104
1917,1233
214,58
1544,53
734,1233
1951,1656
574,1680
222,1797
851,109
1018,1680
288,23
88,1663
1694,32
1752,39
1455,1666
581,77
1783,1658
421,86
4,66
1849,42
1791,1675
1737,1658
324,73
568,61
1157,43
492,109
772,79
1289,99
1916,86
1569,1679
408,100
1829,1657
1922,35
1335,26
1744,79
450,1679
347,105
384,29
1969,196
118,66
1369,62
1636,196
148,1665
1727,239
1069,91
313,26
1256,638
1951,77
663,1632
1402,190
492,1698
1031,35
1023,1670
1645,35
781,1678
1884,23
1297,75
763,633
359,82
1317,24
895,108
532,42
1381,59
673,84
1478,37
861,61
1712,31
666,61
1623,1693
1590,80
1039,1660
528,54
871,68
1798,109
844,42
187,131
1933,32
1181,101
580,1660
1481,97
588,39
1818,1660
388,1659
1198,70
1040,32
870,23
543,119
1060,35
1393,80
1781,39
1916,100
461,66
1261,89
1138,1678
1393,33
1499,1670
347,103
916,138
1920,1672
819,107
1079,103
1446,132
1247,43
383,104
511,39
226,1641
1109,86
687,32
198,1667
1578,79
285,86
181,101
1985,71
1643,1785
1950,1671
1702,36
1724,1630
197,101
1763,86
147,26
1917,107
117,190
1739,33
446,42
764,33
1023,190
1122,37
476,83
422,51
1387,75
636,107
784,190
1796,1233
55,105
1194,1679
868,1658
538,69
830,31
1490,1660
1613,84
1081,67
729,1660
305,1092
1363,19
78,37
850,66
1707,32
236,63
863,98
127,1666
1039,111
1767,91
1143,43
1804,39
1841,1665
178,83
413,98
215,58
363,85
188,24
1466,1665
970,70
1784,80
208,59
228,54
1331,67
1185,1671
503,108
1763,1680
308,110
329,39
1416,633
1431,36
1213,1233
1418,43
1775,131
1557,60
1850,54
1303,110
128,1675
1467,1642
793,1679
686,84
962,110
1019,99
1795,1666
1212,36
126,33
716,1
1451,190
1842,1797
978,110
992,62
1289,56
874,1666
1224,1785
972,1677
1360,131
1433,83
222,104
770,1668
932,1675
1201,104
1365,111
1369,100
1205,1632
142,1668
1598,87
681,106
1808,1659
855,24
344,1642
1924,75
325,131
859,93
349,29
838,67
238,1807
184,66
1607,61
942,93
545,95
1373,1233
1614,17
201,239
1471,80
1259,96
955,67
1181,91
441,1693
193,86
874,17
695,29
1509,1657
1399,131
961,41
1314,1657
567,71
1467,93
680,1657
441,1663
822,51
1049,109
1189,1678
424,60
447,42
1143,1680
735,1671
1217,58
117,66
1225,1673
1348,110
821,1092
1979,196
1338,196
1806,61
596,16
1735,105
1557,239
1850,91
1886,239
1789,86
868,26
851,66
871,63
839,1675
1786,50
1036,1807
1694,1679
1404,43
1684,85
1688,16
126,93
1067,61
1360,65
274,80
1292,112
1404,154
432,50
1815,132
1104,70
1046,67
492,20
1507,131
78,19
984,196
179,98
626,1673
240,84
1895,43
648,59
1201,59
1072,1677
1613,1632
1976,105
1558,89
237,1657
1878,80
1591,131
1531,1233
1063,1642
1466,16
1375,190
954,1670
573,80
1796,82
842,1807
811,58
519,1797
277,1642
207,71
459,1659
1916,1679
1118,103
308,80
1069,1675
780,108
1614,109
952,99
311,90
1163,1679
116,50
1424,39
1980,100
92,43
1876,53
38,43
1487,84
331,63
774,1663
1181,63
193,50
1959,112
695,97
293,119
1515,1642
506,154
287,1641
1090,106
1201,53
1737,75
482,131
562,1641
1972,1672
217,1666
1779,1642
343,56
664,233
995,1785
795,59
1827,86
320,89
1099,73
1123,95
573,98
1844,1673
835,17
1114,1670
1974,138
436,108
201,91
1571,42
1740,1657
1848,1807
1871,1675
1690,638
1981,77
1431,108
1401,67
1492,110
483,24
247,83
194,93
1088,51
459,99
1236,107
405,35
706,32
10,1659
1333,69
1120,638
1603,1233
1380,32
1843,1672
521,77
1185,54
1046,111
1198,154
22,1671
1184,138
390,91
485,87
1814,96
1500,70
145,50
1504,1
694,36
1743,43
384,1797
1911,79
1217,1675
559,80
1848,63
377,42
235,68
1598,111
457,66
1096,41
1648,1654
532,37
401,1659
1212,1657
1759,73
458,633
1434,1630
706,131
1335,1656
1522,33
1447,98
1309,93
690,1679
14,109
1171,1656
1906,1639
1523,1657
1549,29
561,16
445,79
300,60
47,239
1076,239
675,24
568,62
756,85
614,31
1569,1678
156,1667
711,69
1029,96
662,1693
1982,94
890,24
377,75
987,56
454,65
1799,1677
1787,83
1224,29
909,51
235,50
1784,53
1837,85
610,26
1035,39
1649,39
1516,90
875,98
1502,29
807,83
572,66
298,97
673,107
1119,1632
804,61
750,107
1302,1656
666,58
374,1807
1044,61
1779,24
1725,108
1049,1807
1772,1693
1185,97
428,104
726,67
160,96
1839,1657
1984,89
1232,68
992,19
1402,1660
1285,87
1342,24
1001,84
654,62
1118,1673
1228,103
38,1663
435,196
1397,1666
754,1668
102,1654
745,95
508,19
1429,83
573,39
1315,1632
1476,82
1719,54
802,97
553,75
495,1668
1056,190
406,33
232,68
557,1668
939,73
1182,23
942,70
690,39
1497,1639
1299,1667
1547,79
402,53
1512,36
1137,1639
596,1632
527,100
1221,1676
172,1671
658,36
433,1665
471,73
1786,1666
273,66
644,87
214,1680
276,73
1885,26
570,1665
181,1632
718,101
1507,86
1868,69
1281,37
488,62
1796,1676
1619,35
461,1641
459,633
498,75
171,51
539,73
464,71
1748,1666
899,65
208,60
405,638
1455,60
406,51
46,26
140,107
1796,24
1160,1680
554,1667
1550,43
999,33
1136,105
1320,96
184,36
865,69
541,56
1313,71
1976,1665
622,61
1596,1656
1782,67
1984,54
1563,93
578,63
1832,106
1960,63
1246,1654
806,23
1178,100
1358,1632
1842,63
760,75
672,23
671,33
985,80
693,1679
1586,56
1090,53
1828,77
1493,1668
1208,56
601,96
0,105
1140,37
382,1785
6,83
279,83
1365,110
744,1666
1153,1680
1156,79
1140,84
575,1233
1898,24
464,53
1528,1693
278,24
761,68
612,1670
353,89
1813,66
184,67
1840,96
1492,69
979,106
942,98
1829,66
1618,1665
522,1680
1694,1666
1532,67
337,1666
412,66
396,1663
1705,93
1191,80
768,1670
1588,1678
1598,1807
992,1785
1620,31
293,82
21,61
1474,119
1717,41
833,101
800,106
1356,1675
451,112
1356,119
1569,98
5,1641
836,101
195,119
1942,239
343,23
826,63
738,1785
783,1679
141,64
549,67
1759,1660
308,1657
366,95
1530,32
1496,112
45,1658
1169,190
1206,69
1830,53
623,61
1051,190
1926,1654
1179,101
959,95
428,1667
1721,1660
1169,79
1430,1676
1253,39
922,105
409,90
1170,1671
764,84
1461,42
1269,103
326,1807
1508,75
234,80
1615,638
609,100
955,80
1694,107
1842,80
649,107
925,1656
1511,1233
1533,633
1795,90
749,42
421,31
314,59
776,98
884,89
1717,59
1775,1667
1295,85
969,1673
216,111
1872,60
1543,633
273,24
165,26
699,196
648,60
1039,80
1113,1660
572,1233
454,104
540,233
997,56
1777,66
1533,86
1813,132
420,63
956,89
1527,1656
1456,39
773,1667
1211,1659
536,69
518,53
1475,82
446,16
1714,1667
372,54
1537,108
1736,77
541,1673
1590,1676
1409,1659
1137,1630
469,66
1795,1630
18,154
201,138
1344,80
1442,1679
1498,51
1980,101
696,105
533,1658
884,56
921,50
829,1673
1953,77
1511,109
431,107
1339,196
576,638
672,65
1653,53
1105,1693
1485,1657
1110,110
1406,1675
505,97
1082,1671
533,103
1578,103
566,17
123,1785
363,28
306,37
1898,110
1662,31
1273,1665
1530,68
744,1659
949,56
1858,1658
1305,1642
1820,95
1146,20
892,54
1961,23
308,39
1250,54
1836,1233
806,1656
365,82
1437,132
541,79
1701,93
780,99
1904,39
1597,28
1880,16
1257,1667
1920,17
581,89
1262,90
803,83
659,109
1148,69
985,31
675,109
1709,1680
1643,96
78,108
169,42
906,1665
1389,62
1026,24
1334,1663
1524,77
475,64
413,138
1073,108
1327,233
469,633
417,56
1803,1092
481,91
1628,105
727,20
157,54
1003,58
161,51
864,638
497,1233
1273,1660
1976,1641
524,1666
1978,59
1229,67
291,87
1525,66
1125,50
1115,100
1279,87
407,1679
1651,86
159,84
871,80
52,50
473,99
1397,56
1380,64
1508,29
352,54
1202,54
561,1642
1316,50
927,83
548,132
345,89
1034,1657
1029,1657
186,69
38,84
1549,28
995,51
1879,239
1313,138
763,63
570,1659
742,33
155,89
1636,119
128,101
219,36
148,104
1733,97
81,59
134,79
652,1672
983,190
88,19
693,1658
920,112
849,62
617,42
1405,65
1847,110
965,1760
238,98
1102,82
680,85
1321,67
1419,1632
1624,1656
446,62
1406,638
969,1797
1448,90
490,28
1091,108
575,71
1447,19
163,31
1930,59
1859,1671
673,1632
958,36
598,31
246,1760
1511,54
823,16
1433,196
4,50
1332,96
782,65
718,233
1180,1656
1335,106
179,93
511,80
1733,83
795,103
230,1698
691,54
1551,109
410,58
157,105
431,638
380,86
532,75
1783,20
1985,69
1788,1678
1418,84
1368,65
889,98
998,1676
361,1639
1581,65
1485,108
137,86
1615,1660
1299,1666
163,1680
1122,1807
1608,112
1537,84
409,28
585,91
747,1092
1358,638
1556,103
780,132
1613,82
1249,29
1231,101
1927,1672
203,51
850,64
1221,95
394,1670
860,233
970,633
789,35
492,83
779,85
1684,1672
1261,73
1703,54
513,33
769,95
1183,36
1004,69
839,132
1965,114
1006,1679
1541,73
585,1632
1669,132
1863,82
690,71
1702,84
986,68
932,24
1826,1092
703,33
1293,1
1222,233
177,233
1582,633
1735,1657
615,16
1976,1666
412,77
1226,119
696,64
1943,56
1795,1668
1866,39
1151,51
931,62
1501,64
988,53
492,50
1837,1660
38,98
186,107
550,190
1128,82
543,85
527,154
824,1663
1742,1675
1050,91
717,1698
1395,1670
222,110
169,98
847,633
1732,1807
1510,97
561,190
528,1693
1151,1679
1457,107
1066,59
770,1666
755,64
795,67
279,82
1497,93
983,80
1858,190
1398,239
1469,31
426,239
360,103
1337,1807
396,29
1045,70
1213,26
74,131
1159,66
721,82
1199,91
208,43
207,109
1987,1657
1101,239
1176,58
1803,119
221,65
575,24
979,109
1186,111
580,1698
1829,65
1115,63
123,73
398,107
184,51
1803,196
459,75
952,56
1434,106
574,83
1862,26
874,31
555,1630
1602,1663
934,75
689,98
1356,1668
1322,32
680,1659
920,138
22,1630
1329,82
357,69
984,103
1617,1671
805,71
718,70
977,56
758,41
1331,131
446,1797
1167,1671
1683,86
728,108
802,37
1902,1760
714,131
363,51
1706,93
1524,1680
1362,1665
1200,80
370,35
208,138
634,90
1017,82
45,1657
228,69
1438,1666
302,50
268,70
1159,1668
1402,103
1867,51
801,84
587,1677
1006,31
1303,31
147,70
650,1639
993,58
1417,1672
1458,100
320,1676
1562,1630
720,19
1950,103
351,63
1776,70
743,67
747,132
1741,1678
1057,101
1477,58
486,1233
182,64
1219,1679
465,60
981,54
269,1092
1021,95
273,31
1490,70
1861,85
1019,1672
155,31
318,1657
923,1673
732,1657
34,58
1454,1630
758,59
1241,19
617,67
815,32
963,107
1945,59
772,1785
1966,1679
1911,26
1023,1785
1958,105
660,56
1638,107
1472,1676
1094,1785
1314,77
1461,138
968,1671
1872,633
15,36
492,1641
1442,233
914,1658
1291,1658
1309,119
615,42
210,73
1404,59
449,61
1002,61
385,67
832,1658
1459,1671
228,1679
1935,1632
766,61
307,56
914,112
401,67
1922,90
1171,104
180,1677
344,51
414,97
813,1657
1862,1660
957,63
279,23
636,1672
1133,70
1422,91
30,17
1321,1656
1469,196
778,95
1369,80
1533,103
1614,1630
1817,82
368,1667
1096,61
263,1680
1408,105
164,43
238,54
130,71
683,1675
264,1665
1892,1658
1472,101
1900,29
194,91
1809,1678
237,23
1323,36
1727,1672
1108,56
1016,16
1424,23
1044,138
1208,1656
38,91
1824,638
1716,1668
463,1676
1791,1670
1300,1657
621,66
1791,59
485,85
452,1654
766,190
1500,64
231,1675
1066,96
1105,1678
347,28
1400,84
1325,107
259,56
1071,1659
1947,1670
1584,1660
1103,138
498,51
1237,106
1572,131
1716,73
652,1642
606,91
1602,112
1449,26
774,29
921,1663
831,196
439,1660
1096,43
678,633
1250,86
440,119
811,24
332,61
1075,97
335,16
1169,36
679,97
667,1657
1091,97
856,1668
1944,119
609,32
183,77
849,1679
619,1639
1515,196
1366,1656
1002,17
1603,107
206,1
1076,233
1738,84
1559,70
658,62
307,20
1728,66
799,1673
796,80
245,1660
451,75
1804,62
580,20
284,633
1372,24
365,1666
299,28
1166,56
1405,64
1611,1693
559,96
127,98
1492,1092
1715,1675
1351,1641
1719,83
781,119
1463,1663
586,17
1154,1641
663,119
691,1698
46,111
690,51
214,75
392,119
177,93
1009,98
113,53
726,65
1749,1785
1674,37
1566,111
1235,83
682,43
995,32
689,75
299,1667
1336,100
1731,1673
78,73
757,1676
703,638
651,19
1138,1677
508,1092
1929,66
1569,59
244,638
1754,233
134,62
7,196
983,79
13,29
862,50
330,99
738,100
511,32
295,73
1551,108
1950,1659
1486,98
909,35
1619,132
697,1639
645,633
1025,1673
1017,20
265,31
1296,633
325,61
470,64
330,1641
1431,19
1492,35
764,60
982,239
214,69
1559,1673
827,132
480,41
1054,83
1015,109
1409,1698
1273,37
442,93
1970,69
1648,119
191,1658
1423,43
217,65
827,98
1876,111
1527,103
1859,1797
675,54
1724,43
1323,1666
1524,1
937,233
1569,68
209,1676
950,31
627,190
290,1233
1167,1698
1210,131
434,36
269,101
1767,1785
1588,70
1573,1660
208,62
1264,33
1411,60
201,17
1431,33
848,110
831,1667
868,97
1243,23
965,95
1725,29
658,633
1336,1671
183,54
1976,1667
392,19
1935,1672
1215,42
1380,107
888,19
44,239
355,108
1775,98
665,77
1201,131
1845,16
1160,1092
897,98
1214,97
1413,132
1107,41
1457,1670
974,112
1936,73
1151,1678
1781,1693
986,1666
215,84
933,111
1396,73
1844,79
72,1657
983,83
876,111
982,1666
805,37
1837,24
1328,104
228,80
467,98
655,1639
1409,233
532,104
181,70
1013,51
1956,1639
1579,638
22,19
975,107
1606,633
1607,62
831,109
1554,70
1239,96
332,69
1869,233
655,1797
1914,1676
1769,1785
989,91
402,23
1711,108
555,103
1789,50
887,138
1779,196
1010,1639
1494,1
924,39
927,42
1138,87
893,1670
736,85
1038,1670
250,31
418,89
644,53
793,131
1497,61
357,68
1518,1663
1814,56
1870,638
1412,50
1008,94
1177,37
560,97
1777,86
1480,82
660,68
185,28
741,63
193,1785
870,1693
1649,28
1652,63
1924,36
686,1641
1921,64
1158,105
1594,99
750,33
1026,1677
960,1673
597,1678
1333,110
820,87
234,94
877,98
1322,1671
274,79
1077,105
1225,80
1067,79
479,1663
1734,83
1742,638
364,89
788,1675
1697,37
1275,17
869,154
172,190
679,1673
1605,95
994,19
758,56
1419,94
970,24
1844,1670
1201,1676
360,68
325,100
842,94
895,70
632,1670
1753,24
1435,239
1458,132
680,28
884,1678
298,41
1904,1233
1222,196
636,63
1957,63
841,111
1930,19
996,1659
1255,132
1573,111
1648,32
816,1679
548,98
509,90
1802,41
385,66
423,1678
1459,1670
869,1670
1249,68
806,35
1219,1660
1935,196
1773,1663
245,1639
1875,105
1770,1671
1629,42
1177,1
347,190
1398,1663
705,190
1184,93
1538,26
1051,239
956,105
481,79
299,64
1077,1673
731,69
966,86
1894,1676
1130,1641
524,1678
999,26
1463,1675
569,19
1159,1656
404,1660
281,65
780,29
1544,154
398,86
1251,1656
128,1654
1587,28
1662,1760
756,1656
1213,1666
1624,23
1826,1785
578,101
670,1671
393,633
671,106
1008,138
1620,67
1413,75
591,131
1452,1657
1636,67
1813,1680
1603,154
628,132
994,68
1275,61
836,73
605,638
400,131
1106,91
738,65
1308,85
8,638
1254,35
1132,1675
1817,35
1388,26
1374,93
825,26
309,233
1051,106
882,29
403,108
1847,1670
1229,65
679,96
365,66
1604,19
1223,1639
376,79
1039,1642
251,39
1192,83
163,19
1009,119
645,33
1350,132
1960,1676
1394,98
443,1676
667,1670
277,104
1308,1672
317,1
1114,37
1704,93
985,111
394,1760
182,63
298,1666
496,108
1572,1672
1600,1785
622,1657
1118,1666
647,112
1294,67
1337,1654
1409,1
754,1760
1089,131
761,1092
1365,54
1781,638
1908,106
1581,60
532,71
1912,109
497,154
390,1797
1941,84
218,20
953,95
127,1092
1971,59
318,107
750,110
897,1632
1909,1639
290,1678
352,87
1364,80
421,1630
1595,1658
780,1
1390,190
948,85
1273,26
296,638
116,103
1859,1673
1131,84
1286,1678
1430,62
951,89
1296,190
1849,56
910,56
1872,119
1268,138
644,108
703,633
1626,138
1684,1668
587,106
1640,98
291,1667
1626,61
1363,1233
1977,1657
1293,1670
1980,1666
809,69
886,1665
620,1
1462,24
1173,91
791,66
1950,1675
162,1698
507,95
949,108
1645,1654
1240,61
1961,99
933,1678
1054,80
1094,59
1541,1672
412,1797
402,67
1624,82
1664,83
428,89
1424,98
1390,59
1249,19
1286,1656
928,1698
1168,103
524,131
1366,32
1423,91
1959,53
1467,53
1231,20
589,1657
368,67
614,62
1098,1679
1039,107
448,43
732,1665
253,1698
1288,69
207,1233
386,1671
708,70
1116,75
856,71
654,190
805,50
1846,1675
430,73
602,1676
185,112
664,83
1466,1660
1968,58
993,28
594,1663
443,63
1846,63
872,101
730,79
1853,1233
1712,63
1735,1659
422,33
652,24
545,50
871,100
391,196
1390,90
723,1665
1056,1698
1644,99
1573,41
1683,1641
1262,16
1542,70
14,94
1827,1670
175,73
1725,1785
1299,119
1922,1678
786,94
920,190
940,65
1536,154
597,96
530,91
1978,1673
1784,132
805,83
143,1670
795,69
1939,1760
1038,131
1119,60
1192,633
475,1665
1326,638
481,16
1168,1666
484,59
856,196
1907,239
252,79
1213,24
1270,43
1567,67
1402,83
996,94
1349,1630
1189,31
603,84
533,1665
882,37
1268,1698
691,1679
999,80
503,239
569,85
1910,106
163,1678
958,97
1532,94
395,63
1004,633
1782,80
55,73
1731,104
723,1679
4,119
1057,105
428,61
1311,1630
1980,51
496,37
502,1233
523,1660
286,54
1464,196
1626,112
390,16
1406,70
1558,67
531,1672
603,1665
55,1642
755,80
977,62
1462,71
540,1657
1385,90
1934,75
1574,1092
410,110
1685,1665
1377,1668
1628,33
1280,73
1172,79
1021,1679
435,638
1008,1676
243,1673
1844,633
1753,190
541,104
976,16
1367,60
1170,1666
123,89
733,54
230,16
1669,1667
1064,68
531,31
824,19
588,20
810,42
774,1665
1915,1785
1577,138
1563,1671
1300,1639
1040,1665
7,105
1208,104
1336,29
1021,93
862,233
1107,196
1861,83
1266,1673
1412,33
679,1672
145,1807
1986,90
1055,61
906,100
249,95
1355,41
646,98
410,112
670,100
929,190
620,73
1562,1676
1926,1639
1806,19
979,154
1574,95
925,42
619,131
1263,28
379,80
892,1807
1102,154
1695,131
704,131
1736,112
686,23
137,108
358,68
1044,23
894,154
234,62
398,69
498,1659
1471,112
1185,79
1648,33
1865,1675
659,1676
969,1630
783,82
572,1671
1380,62
1237,633
1353,20
213,59
1158,1663
1157,50
1050,28
917,35
1821,75
1896,20
1036,31
684,1668
125,26
115,28
318,1641
1133,68
1409,36
566,101
1144,77
1696,138
316,26
1369,86
1170,97
801,1656
806,1693
1571,65
711,638
1941,63
895,119
1489,16
823,1670
1475,69
1478,50
1243,33
1461,154
490,39
199,1639
204,83
1715,37
1769,105
1867,1658
465,1657
1886,94
784,89
768,638
323,1639
1289,154
1343,43
1732,138
1240,1630
1809,233
531,59
1067,29
1360,33
1731,50
1292,16
1610,23
1496,1675
857,41
1155,1678
470,638
1138,106
771,1785
971,17
1453,35
1527,60
540,42
1902,24
1117,86
164,1656
313,1654
505,112
1669,42
1444,1673
1247,50
1248,26
1750,79
1494,1673
1541,96
1062,77
1173,70
1089,33
792,95
1571,79
1220,103
1405,61
397,1678
1020,29
1499,56
268,26
1274,94
1682,73
658,1675
996,1673
728,1659
1782,105
1946,1675
1343,89
1553,77
1624,1675
991,1630
998,80
213,110
742,85
1405,1675
1555,1656
1211,1092
766,95
452,131
365,1630
679,1660
1033,24
660,1668
1753,1673
1845,89
391,1678
390,73
1446,60
1584,1693
1419,26
449,1670
637,67
307,1632
931,1680
413,1807
1052,50
8,1667
1987,633
1592,103
173,1657
447,110
623,1
1435,43
1402,42
406,43
481,106
707,58
1938,190
359,73
1378,19
922,61
773,1639
599,233
365,51
1568,190
187,41
480,29
1190,1639
1137,1641
345,63
146,56
1488,67
897,1680
1553,63
1343,1233
1134,64
1022,68
456,101
521,109
1057,35
1627,65
967,56
1157,24
1141,131
1528,56
816,84
1258,1693
1707,70
1228,99
1818,79
1653,24
1584,1675
367,119
704,1807
1200,1668
1607,1807
316,93
1482,1656
363,90
1416,1672
1750,107
1291,82
559,112
1476,94
