1713,1673
181,96
1766,107
939,60
1082,36
861,1807
473,1654
1010,75
1546,1667
275,84
1139,1670
1263,84
166,1666
810,69
702,79
1664,84
1684,31
1390,56
1825,71
1531,98
1134,61
1171,53
1787,1657
1575,100
1703,51
1211,1233
1194,1
989,1667
1858,56
1860,1630
548,1670
1872,132
245,36
268,93
1199,86
1388,109
359,109
794,36
1274,132
1957,23
476,62
1735,1658
1856,1658
1839,23
1634,87
1491,106
978,107
1724,68
240,1092
257,80
206,109
1317,1659
1009,1680
418,69
903,1698
1398,638
712,33
359,1670
6,87
193,1660
1352,17
30,89
896,87
176,1673
935,95
801,95
1037,1092
1643,1641
795,633
1975,1666
1940,71
422,80
883,1233
227,73
1242,36
928,36
285,633
1356,28
805,1630
1973,91
782,50
1214,17
611,60
472,1642
762,35
728,111
325,239
677,26
127,87
1565,131
918,1632
144,63
791,119
225,36
1146,111
576,65
1492,87
851,1693
1320,64
348,85
49,80
955,84
334,19
732,98
200,83
567,35
1549,83
1932,93
1454,233
718,36
1615,103
566,104
1177,53
1085,1668
1629,71
417,16
539,1233
227,1693
1334,28
1894,1680
1619,190
275,31
314,1659
1020,105
693,61
342,69
1985,1797
455,111
171,1672
1518,58
136,36
362,1668
1413,71
169,60
725,95
526,96
1778,41
1703,106
1837,1760
222,59
578,1639
1436,31
526,19
468,95
1742,1639
587,35
681,42
1379,95
738,77
405,1642
1716,70
318,1785
377,35
752,1677
281,1657
1592,1807
225,64
724,110
1682,84
1264,107
1192,103
695,1656
153,61
619,1642
1131,106
743,96
1373,41
1980,119
931,106
1359,106
746,23
1329,28
561,106
266,70
1400,87
684,112
1861,54
1701,1693
229,93
1961,1632
1847,20
1395,77
399,196
774,16
1025,1698
1224,99
546,83
271,62
935,103
1475,50
1428,1672
857,1667
1081,1676
270,109
516,1677
1215,1785
673,1642
321,43
1262,104
1390,29
413,1659
568,84
1148,87
796,60
678,56
457,1668
1285,96
957,239
1717,109
1039,17
1744,69
1929,85
25,1657
1787,86
1170,66
1602,65
881,1663
420,77
734,29
724,19
1248,1693
1023,33
1302,1666
711,1668
1458,43
1904,71
1535,43
1541,1668
1786,119
1752,59
1045,1642
1221,105
874,68
1961,1698
1980,138
418,62
1524,62
1643,64
907,110
1272,62
1183,50
1244,60
1542,1663
1615,95
216,1092
920,66
906,61
285,80
637,1642
1690,1672
1908,233
1964,75
1304,23
1361,26
157,1659
1058,26
524,1698
1105,29
1816,97
1013,1657
820,31
217,70
492,56
1417,75
776,93
502,97
378,51
222,96
1261,69
324,1680
1318,20
620,1663
1412,89
1345,106
326,93
398,638
1934,109
601,1639
430,79
663,39
335,86
12,1671
916,1665
329,41
281,1698
1990,1659
1593,1656
1064,106
1410,106
425,1092
1491,109
1970,114
1420,23
1204,1678
1424,82
1378,1673
21,54
170,1680
186,119
1168,87
1305,98
903,1693
1292,1660
1348,1660
1392,1668
1272,1670
1069,26
792,1678
672,1680
1462,75
185,23
1292,1698
427,190
484,37
1294,1092
1466,1693
731,108
1581,16
1447,1630
1803,26
265,56
1489,73
170,103
1612,1785
1637,154
1086,1680
1604,85
46,1693
1538,1639
156,37
1445,1663
1103,1667
351,90
1557,1630
554,35
1983,64
1128,68
530,56
1929,28
474,1698
1788,111
725,43
88,32
1854,70
1986,70
259,99
1493,54
1683,90
1706,89
1161,1680
1952,73
481,32
1189,190
1796,106
1322,1632
1900,53
504,1673
1961,79
642,1665
1839,42
1681,56
153,32
1117,1658
314,85
1302,51
864,43
628,60
334,131
998,154
11,108
1278,61
34,54
366,131
1572,107
413,82
412,1675
380,43
1874,111
845,111
995,1630
1975,239
1267,42
366,1673
1837,138
1371,24
1813,97
1978,32
882,71
1732,119
811,65
602,70
251,28
859,1673
972,84
1542,131
1518,59
602,1797
1983,23
1182,1630
541,154
445,37
1394,1760
876,1807
1855,41
1882,73
1303,1659
1436,24
1868,59
1689,1092
1030,1632
151,1673
1308,66
691,64
606,109
1985,98
1296,1673
467,17
639,239
1007,1675
999,23
1065,109
1710,1663
1456,1630
549,1785
894,138
88,1656
254,37
1016,20
927,104
585,1
1174,1679
1026,98
583,1675
450,1797
897,62
1050,108
561,105
1439,82
907,69
1156,1092
343,87
475,71
1197,28
614,1666
1382,24
1225,1663
1480,16
1337,1641
34,90
205,35
343,1641
285,75
1689,109
768,43
1756,83
727,19
1799,33
238,196
1932,1670
764,20
123,132
1048,1
312,53
996,1675
314,1679
194,1693
592,28
1015,58
303,95
1180,1639
1774,119
1575,66
654,54
124,1663
933,69
1033,111
1498,1673
876,17
789,1670
1716,91
886,94
1398,1630
1223,53
1170,67
1724,638
1740,97
1407,1668
406,41
1331,108
1737,1233
851,1654
1887,99
643,110
1549,1666
409,100
861,54
1914,62
167,1233
248,43
1540,190
1541,1667
92,100
591,66
1974,1679
1774,1677
827,104
884,111
1146,1670
135,105
1956,29
557,80
1989,83
276,1693
1300,1672
855,1659
718,29
940,239
1452,82
1278,196
1567,104
6,1639
403,28
1271,1233
495,1666
447,239
1461,1641
1304,24
953,110
493,93
1418,32
298,93
1310,82
1537,62
1738,1641
251,87
679,1
1930,71
1599,1668
1390,79
820,105
459,51
904,132
706,16
136,110
1955,1657
1543,1658
983,1660
1745,93
482,99
1653,1233
1635,1658
550,16
1238,109
468,33
1858,54
1493,17
1170,20
1706,98
1390,1675
1282,1658
1726,97
899,54
1588,66
600,79
1390,1658
1655,58
643,61
832,98
582,50
1959,1658
535,104
956,131
484,1676
1596,1671
989,69
480,59
1424,196
1386,1671
1829,43
514,84
1074,60
860,69
736,91
21,53
1127,1
78,62
1026,42
1335,69
215,80
788,111
1096,24
1719,16
542,58
438,1807
399,63
518,67
1200,54
913,1659
184,73
133,112
1594,93
1651,100
1664,131
393,1656
1323,94
1194,1642
574,84
676,1676
750,1680
626,1678
735,112
516,100
1650,1693
411,1642
1422,64
1412,62
933,29
1915,87
3,1676
3,105
1530,42
1388,60
584,1092
1341,82
885,86
889,19
504,239
1136,60
1330,84
1421,107
1350,19
1853,104
1387,26
780,196
1117,1657
955,86
1292,111
300,97
1101,1785
1852,23
1534,1666
1359,1
1127,37
424,1693
675,196
290,58
1467,96
464,233
674,1632
556,80
1120,59
1461,1679
768,64
1874,108
879,66
591,638
646,97
1384,1760
1183,154
1277,107
1711,1092
1314,70
1020,107
882,68
147,91
21,638
1940,101
1445,1665
1022,1092
1005,138
1030,37
1130,1797
901,95
777,65
1649,1639
469,61
1873,95
716,82
1252,108
1199,1639
568,41
1157,63
401,70
934,104
293,112
1346,104
1078,1807
1332,43
1579,26
1652,1660
1929,63
1369,42
1497,29
88,61
701,53
1296,1659
1294,26
1706,58
1445,86
1598,100
748,112
1578,1693
1449,19
771,59
192,154
140,90
1729,100
1856,1670
1622,233
243,1785
1690,633
453,190
661,1657
1142,66
666,33
922,87
248,16
229,1671
1705,28
159,108
385,39
595,106
1960,110
126,96
1711,131
1876,66
1787,633
888,79
1225,112
620,638
280,41
1610,101
465,19
1359,138
1058,1679
1244,90
674,1668
678,1092
689,1693
161,68
602,1698
1561,42
161,53
202,1675
1072,41
1932,1671
671,1807
322,96
900,1675
1498,110
1724,1680
1484,1657
294,85
1437,1
1825,41
1646,67
502,138
526,66
1460,196
1446,51
167,1676
279,54
815,96
1740,19
667,41
1169,239
1661,1760
1544,43
1305,1785
1279,67
910,1672
405,64
1477,108
1852,104
92,20
78,35
1895,1654
1221,87
618,60
1980,132
1786,1659
737,1654
1524,56
1936,98
1504,36
861,1785
1710,84
1841,1679
1609,71
1743,20
508,42
1106,59
437,98
774,99
423,19
1352,71
450,239
1894,51
242,77
938,1668
1149,104
157,20
821,61
328,638
298,90
447,1667
1846,33
1594,70
1557,50
180,90
706,17
355,101
1741,23
1494,105
1035,1639
1811,119
159,1760
306,20
1911,62
994,233
1530,23
1038,36
634,64
812,1693
1661,1668
761,67
1260,35
1925,1673
201,20
1934,1657
1683,1679
291,103
662,106
1752,106
1904,101
428,75
1178,111
1255,79
556,1659
1865,239
964,36
743,1672
34,16
209,94
765,33
1945,33
641,233
879,41
664,54
981,633
1041,1672
577,1668
1310,60
938,1656
1813,75
1408,36
590,1666
533,1677
147,62
204,132
1111,33
1441,29
1920,62
449,43
341,109
457,1632
1802,62
1053,104
506,31
317,69
1168,1233
696,1630
175,91
364,96
165,17
222,66
350,23
1053,138
1592,196
1076,93
1976,99
1821,1657
1565,239
368,1693
1089,79
1861,1785
781,41
1392,56
127,33
1696,64
1697,1785
653,111
710,96
1463,1698
1819,138
1971,119
1462,638
1269,96
352,19
1899,233
1880,59
102,67
1943,1678
1600,138
823,33
1583,51
25,28
1349,105
992,1678
1857,1678
1514,59
1720,1666
1032,1668
1222,1675
176,190
1278,35
1177,58
1548,31
1456,79
1609,31
1059,58
580,95
1120,60
1329,1660
1474,1663
1459,1233
395,1658
1974,35
1171,1670
626,239
717,132
1608,63
669,33
1634,1807
202,1654
592,50
887,101
1209,69
18,36
1252,109
682,79
1078,1693
445,35
857,35
402,1642
1643,1797
1880,1233
317,105
1941,1630
1375,1698
354,1666
1090,98
1113,131
729,138
1062,196
306,77
1962,62
363,132
13,82
1384,633
1779,1680
1127,1668
1938,233
264,1671
1463,1670
1085,112
1971,83
652,77
1320,63
1269,68
1216,112
1880,23
1933,51
1496,1760
709,29
1002,41
415,1642
126,97
1681,1671
689,33
263,82
253,98
954,71
1112,1675
618,104
266,69
447,23
427,107
346,73
664,110
459,1678
389,59
1628,96
935,96
18,1667
137,35
785,1663
180,71
1911,1632
565,84
1518,106
1873,41
516,1672
1879,119
1898,1676
1921,1679
213,106
1930,131
517,98
1263,1667
1731,1665
55,1672
704,1670
526,67
124,1657
597,54
1133,36
1483,61
1958,1667
1726,75
344,132
367,1092
817,1659
728,42
465,1092
1203,1630
1170,65
1203,59
1404,1672
477,154
445,1660
1739,42
415,68
1340,87
480,17
1330,29
1829,53
1221,1632
466,28
1193,1663
1084,108
1483,633
1016,50
428,96
1255,42
45,233
176,24
11,89
973,1657
49,1675
1228,1797
1798,633
822,82
1431,1233
1358,51
902,53
617,29
670,17
1476,90
1055,1642
1257,77
741,100
1025,87
681,1673
1964,70
1825,1672
1685,108
379,28
1156,638
1004,1641
1162,43
483,42
521,50
1252,37
1460,42
843,24
1431,1659
613,638
102,1673
1497,43
122,59
1133,119
994,119
1052,1679
1720,60
604,1641
174,87
1635,56
1763,79
552,99
1564,100
1122,93
443,50
325,1678
582,67
1910,29
1487,196
1839,19
733,1785
4,1665
709,68
1553,31
818,1680
1168,59
1559,1
1501,89
1339,1654
1070,54
1608,1785
1610,43
968,32
1292,1663
337,23
1776,1678
1794,37
1605,101
560,105
1828,196
319,16
1480,42
921,1672
1162,1654
1918,71
727,100
931,1807
1685,1658
1267,83
721,75
1020,65
913,1657
1391,50
436,50
1766,154
791,1092
741,1678
1470,1642
1134,131
413,1679
1009,50
517,41
958,1665
1073,1641
527,64
1741,58
141,1797
1638,1666
1413,111
900,54
668,58
839,67
1599,61
1972,97
526,59
197,1679
1644,1641
687,108
1027,1667
910,1797
734,73
1526,37
852,28
817,1667
970,99
1378,100
226,1671
1435,23
1169,71
1118,98
975,71
315,43
281,111
1350,17
1478,90
55,37
311,95
442,154
1473,1658
1074,79
1553,106
1762,32
1292,105
182,91
944,86
838,1654
608,35
1467,98
384,61
846,29
367,58
903,1666
1278,32
836,83
1187,99
570,99
679,1671
778,84
1775,1641
1784,20
627,31
1885,1630
707,87
949,62
1413,1679
1860,56
1557,1693
1590,112
323,1660
331,89
260,107
1906,1656
914,1668
1733,1785
1143,196
1575,91
250,61
1707,99
715,29
601,86
397,97
168,119
409,1671
400,26
771,61
1181,1658
960,98
140,84
1070,1670
1260,100
629,51
636,1233
163,107
402,1233
263,60
206,62
1046,100
1946,62
594,95
1808,51
1610,99
485,94
415,1675
286,1
343,80
257,1657
1376,85
152,101
266,1785
523,54
308,1668
1419,1676
1719,37
1251,1678
1149,51
342,101
1418,154
1059,1668
407,1671
284,85
655,70
1378,633
1450,154
588,43
2,1666
214,1677
1892,114
1717,105
1080,98
1192,1660
933,66
424,110
1602,42
1911,84
47,1641
1720,33
121,85
52,1233
1706,28
1924,107
326,132
1398,56
1526,109
386,41
1544,94
1250,99
1967,68
1606,1676
1122,41
466,29
1691,63
45,87
1306,66
1539,112
1786,1657
495,56
1001,67
215,73
1177,64
698,101
1804,43
1574,1233
708,94
1615,91
566,84
1768,1698
153,1797
835,85
1495,233
1638,91
1290,131
1206,23
440,26
753,1665
1024,106
1044,101
1095,1658
1333,1
983,1672
15,138
881,66
274,112
1512,1672
1755,104
193,64
900,83
1053,51
1019,1657
445,106
800,71
1208,68
824,1657
1959,51
175,65
936,1671
1358,1678
654,17
972,1760
1143,61
1920,1680
989,1807
899,59
189,1659
249,36
842,51
453,1678
226,1760
409,69
861,23
1273,79
1702,1658
930,1680
1762,29
1795,1676
334,56
1131,54
339,1678
267,65
803,19
310,33
628,36
48,112
1764,1233
1824,1670
243,239
1244,109
812,1
30,66
765,63
1338,73
165,1785
1486,65
1435,1797
1338,56
403,61
1314,33
1712,84
312,1
199,1675
848,83
1245,1672
1125,1670
398,1671
1091,62
1313,104
483,73
1802,60
266,1092
1205,91
597,1654
1417,107
815,196
1332,82
800,99
374,28
1906,75
57,638
133,1797
55,1632
1982,31
1473,61
795,41
151,77
687,111
820,1676
255,105
1459,111
1682,1670
1307,35
1169,70
1710,1639
1008,1666
1525,99
1472,17
1607,37
1369,1679
1883,1797
320,1668
747,239
1571,1676
1145,1668
159,26
1568,1670
149,16
352,132
941,84
1866,67
1559,36
628,56
21,86
1606,1
1720,1668
1335,53
1889,19
769,28
1490,62
816,17
1311,60
1712,1667
1955,105
1059,60
963,83
1894,110
602,1660
399,28
498,233
1245,1659
750,75
497,39
740,101
298,16
1223,1656
123,109
1215,20
171,1679
213,84
1417,54
524,1092
118,1639
1892,95
806,90
496,71
648,68
478,59
564,1676
1389,67
782,19
1703,97
1742,1785
363,233
658,101
407,90
1777,154
1939,119
1441,1659
1545,1673
1520,28
791,33
1297,100
213,633
268,98
1128,1632
591,1632
140,36
1106,1663
661,1670
1848,1672
1407,103
25,77
1202,61
263,63
1991,1676
139,66
1607,1680
495,39
403,1677
408,97
1221,1
1205,1676
1166,1666
461,36
523,41
1979,42
1317,1679
1211,132
533,112
219,94
1268,83
1419,1679
731,59
123,1678
1257,87
171,96
1884,20
1243,132
825,35
593,79
811,16
673,87
821,87
1741,1658
1608,93
812,638
1537,71
407,1670
1281,1665
436,154
1802,101
1343,71
1455,633
763,89
854,112
284,86
1741,112
487,1657
2,1667
704,1641
1627,73
445,69
1228,20
165,70
326,1660
961,239
27,109
1744,58
124,1659
344,23
520,58
511,58
923,196
1445,119
1013,85
710,31
272,65
1112,65
212,1679
177,196
1535,65
203,1092
1458,36
1830,1632
1634,77
159,77
221,1656
1163,633
116,110
1350,233
1876,97
1070,24
3,638
405,190
907,20
1026,66
74,1673
276,77
1127,110
262,104
1439,50
451,33
1211,51
1362,61
1325,71
614,1698
10,96
1443,132
417,98
499,1670
232,63
1851,112
1427,1656
845,51
460,23
1475,132
821,58
797,33
1393,1676
15,100
1048,97
143,83
180,37
1054,91
905,64
1935,1666
270,82
473,70
1087,17
649,75
1104,1675
1252,39
654,103
759,1658
648,28
189,100
284,1676
1613,1663
1703,41
391,1657
1911,59
1148,1785
1237,24
1811,233
1083,1678
606,41
1146,85
225,131
350,1658
1596,1667
865,83
1772,16
1410,103
950,1656
405,97
1168,61
1245,33
1306,1675
736,95
1198,105
722,94
632,32
1314,1658
115,59
647,50
262,84
1885,98
826,51
1085,1658
1055,70
1603,1630
369,1657
1211,1641
1817,28
1489,1807
1072,101
1200,42
1756,23
1242,1693
913,1663
1269,1092
1903,1797
541,111
379,58
626,89
272,1092
754,98
241,61
1309,106
1973,131
284,111
341,106
288,106
15,233
774,1678
1476,1660
1521,93
1067,73
588,108
1845,106
796,97
1246,1785
1322,41
1271,94
880,1
1740,86
383,39
420,51
1934,82
1275,1666
1696,67
1735,98
1170,1642
1193,79
1226,1642
439,23
372,42
161,1671
841,101
1316,1663
1943,87
1481,1673
1539,58
1553,138
1952,1657
1463,99
1334,1641
950,82
1020,1679
1932,42
343,63
847,1663
745,29
1357,1642
1417,633
512,89
456,1663
1916,1666
322,24
1176,31
184,105
1803,138
575,39
1441,77
750,59
1950,94
1355,1680
582,1092
1298,1677
753,70
1067,36
934,29
1843,1671
800,17
1191,1632
1043,60
1104,190
1770,1679
226,32
1742,1641
677,87
1184,1665
1312,154
923,1807
1958,1
657,43
1178,1663
791,32
1478,154
705,1676
828,43
1877,32
1448,104
1364,68
248,20
338,106
1817,638
676,70
538,99
1752,37
595,110
1852,64
733,132
1913,86
438,32
1862,105
742,82
709,1663
765,1663
628,29
21,105
1643,90
1071,1693
44,62
1439,89
1001,101
148,108
334,1663
761,1233
1183,68
1961,1642
698,62
560,51
670,56
560,1630
546,1665
124,65
1068,42
1346,1668
919,1092
1741,1657
720,87
824,85
473,154
327,19
924,103
492,97
1896,119
421,43
1289,111
1137,85
1646,54
548,1641
1551,97
1496,131
1285,1693
1588,26
527,638
1800,42
704,69
918,1693
281,37
708,1668
501,1666
1479,633
1541,1678
609,73
183,90
1933,84
1706,1630
894,58
489,91
1430,54
1255,39
300,37
1824,1660
1127,105
697,1676
832,1233
193,1641
1538,89
413,100
1281,32
288,1667
973,108
1978,131
697,154
1586,1680
1054,190
669,196
959,62
1320,1092
1652,77
1864,1665
332,90
1351,633
479,42
1908,1785
123,20
1313,51
617,1630
1529,1693
693,1666
1778,107
583,87
1100,67
1008,43
1473,87
646,1675
316,106
1683,68
1294,39
391,1656
340,96
1170,17
734,80
862,37
1911,58
797,1670
781,1
1669,138
1136,1642
1824,109
1881,108
359,106
1065,31
1379,1671
201,24
1568,98
922,24
467,1641
691,1673
409,75
547,1665
476,53
1752,110
1434,1675
605,16
888,28
1198,110
1400,1675
1738,99
367,35
465,95
1272,1676
143,1678
148,36
1197,95
152,95
1955,79
1709,196
478,1654
171,26
1647,1672
191,87
1847,90
1206,70
1267,84
1931,39
242,109
801,80
590,1670
1968,32
773,154
1537,29
1186,101
602,108
565,24
1872,1676
1125,1668
626,86
1769,20
1694,1673
1111,61
1792,77
1276,83
1262,42
1617,105
113,1639
307,87
348,633
1033,89
1110,89
1080,28
1616,62
197,1676
1288,105
249,85
1203,1642
1156,32
1730,93
1802,638
272,1680
956,94
1237,59
122,1632
980,84
1684,638
781,37
251,1680
761,99
946,1675
1705,154
694,1657
750,1233
610,1660
1472,19
372,43
1611,32
161,1670
1354,91
174,1660
870,233
528,106
253,233
1801,1641
1164,95
276,1660
267,111
571,61
1857,1666
1255,111
1093,80
1710,33
1792,638
10,86
1049,75
1001,1654
617,73
1974,1797
1153,37
571,1672
1004,1678
1894,1675
225,1233
1626,1641
858,71
1543,54
237,138
497,37
516,1680
1380,87
1879,111
1076,1668
602,1807
953,1675
521,79
1755,82
1739,1641
1696,1672
853,19
1849,138
145,60
220,1680
996,1233
957,53
601,1671
1616,26
1653,1797
1237,110
667,64
728,82
691,70
657,42
529,1675
221,28
1754,1678
1274,84
1075,29
1478,42
1702,138
912,23
1961,28
419,105
1951,1657
815,1679
908,35
1579,1642
1650,1233
615,82
1984,73
1919,107
514,1660
182,58
21,104
1060,131
610,1092
661,56
688,106
1774,1092
893,63
1961,1641
1723,1670
1784,196
1007,43
308,1671
1969,86
1823,119
427,111
285,69
1851,86
768,33
1837,87
1713,73
313,132
1163,104
1508,1679
393,60
1628,1672
929,82
1172,138
434,1680
1917,90
1846,94
1719,196
1495,36
503,62
1707,1668
1758,1233
247,53
288,36
752,633
156,107
341,33
1542,97
113,1630
437,638
621,42
531,190
246,17
1521,1665
1844,111
526,1698
1004,84
1751,1672
563,111
1516,63
548,1785
1981,131
936,91
630,85
1556,633
1735,1785
1550,91
1645,1659
1735,37
1425,1654
1982,1670
975,56
1931,1092
1293,99
890,1760
1422,633
221,1654
1159,638
817,59
1477,87
585,39
1749,1679
1141,26
1178,20
371,90
1605,1671
813,79
1966,84
1036,41
1936,103
1743,98
1382,62
488,60
902,41
746,1675
191,50
413,20
1338,35
1581,37
470,239
1159,83
1931,58
1418,91
1987,1670
615,1675
1030,196
753,1670
390,1663
227,196
1115,93
1462,1698
1944,93
1580,1
844,77
38,28
758,1679
431,71
985,33
1968,1678
133,1693
794,1785
776,68
1128,111
296,1678
958,1656
1171,61
586,1639
971,35
735,26
725,16
122,71
88,75
1373,1668
805,1668
293,132
25,1630
1436,94
685,1666
1298,91
1345,28
1042,84
302,29
677,1667
341,1657
842,62
1006,1797
453,1675
612,1668
1570,1630
762,233
1260,24
144,90
1120,1658
1535,103
1786,35
993,132
1530,1673
794,95
1880,36
395,56
1980,71
535,1656
1269,56
1306,50
1074,54
1588,1676
462,112
1097,239
1720,1660
263,1
1283,1642
903,1797
1349,1
964,33
1026,36
840,239
1600,65
290,16
1969,1632
1311,69
429,1807
1514,83
1885,96
1083,42
6,79
1794,1668
1183,31
584,99
1338,84
883,1693
1737,138
356,23
1847,85
1776,1632
969,1092
892,1677
1808,1671
167,41
1988,29
775,1666
1664,1679
503,1693
683,23
1718,93
1814,1632
1812,1
160,39
531,24
716,36
1053,99
521,82
1138,77
786,54
554,42
863,36
1512,1654
1053,20
900,50
1336,24
1252,1656
711,1
434,111
1088,1656
1030,1663
1288,106
1090,138
1223,106
752,77
1787,23
1017,95
877,1807
1800,20
1891,85
1178,1672
642,1654
818,43
1136,50
1636,1675
1853,98
415,24
471,1676
1914,112
1273,104
1405,1659
1410,73
1141,33
156,1807
1737,1630
1183,1656
766,62
1174,1
1049,1660
1949,1233
243,95
1720,1671
464,1668
52,1663
1500,119
1838,91
580,53
1222,1676
1187,103
323,36
1690,82
570,111
973,1678
1452,16
646,91
1348,65
161,35
996,1807
1799,75
1268,1679
1141,1671
1949,1670
1030,31
1792,42
568,64
14,98
1090,1641
1494,59
1977,83
967,89
1892,90
866,1656
668,26
1544,1785
1086,96
1355,65
1318,87
1779,1657
609,1639
237,1630
1901,54
1052,86
956,99
141,233
1193,24
292,107
1917,1233
1544,53
415,111
1951,1656
574,1680
851,109
88,1663
770,29
1455,1666
1752,39
581,77
1783,1658
1842,104
1737,1658
1791,1675
324,73
408,100
485,90
1922,35
1335,26
450,1679
347,105
734,1671
384,29
1969,196
148,1665
1069,91
1503,1233
1256,638
313,26
1951,77
1031,35
941,633
1884,23
532,42
1381,59
673,84
1548,1665
1712,31
1590,80
1798,109
844,42
1699,1668
1181,101
580,1660
588,39
388,1659
1902,64
1393,80
1916,100
1261,89
1393,33
222,31
1920,1672
819,107
1446,132
1247,43
553,59
383,104
511,39
226,1641
1109,86
634,54
687,32
198,1667
1578,79
1985,71
795,1663
1950,1671
1702,36
197,101
1763,86
1564,29
117,190
1739,33
1023,190
1122,37
516,638
476,83
1387,75
784,190
55,105
117,1668
538,69
1490,1660
1363,19
78,37
1109,1659
850,66
1767,91
1804,39
1841,1665
1115,1680
413,98
215,58
1466,1665
1784,80
1035,64
208,59
228,54
1185,1671
503,108
1962,1693
308,110
1416,633
1213,1233
1418,43
447,1673
1775,131
1557,60
1850,54
128,1675
1104,1632
1467,1642
793,1679
962,110
1019,99
1010,1654
716,1
1451,190
1842,1797
1289,56
1171,60
972,1677
1360,131
222,104
932,1675
1981,1680
1365,111
1369,100
142,1668
1598,87
1913,1639
681,106
1924,75
325,131
349,29
1574,63
838,67
238,1807
1607,61
942,93
642,105
201,239
1259,96
955,67
441,1693
1591,638
874,17
695,29
1509,1657
1314,1657
1704,17
567,71
1467,93
680,1657
441,1663
1248,108
822,51
1049,109
447,42
735,1671
171,28
1348,110
1225,1673
1979,196
1338,196
204,1672
1557,239
1850,91
1789,86
868,26
616,51
839,1675
1694,1679
1404,43
1684,85
1205,54
1688,16
1067,61
1360,65
274,80
1859,41
1404,154
1104,70
492,20
1507,131
1417,111
984,196
179,98
626,1673
240,84
1271,91
648,59
1613,1632
1976,105
237,1657
937,67
1878,80
1375,190
954,1670
573,80
1810,35
1796,82
842,1807
207,71
1118,103
1809,106
780,108
311,90
116,50
1424,39
1563,1760
1980,100
92,43
1876,53
1487,84
1608,1675
695,97
1201,53
1737,75
562,1641
1372,58
343,56
664,233
995,1785
1827,86
566,16
1974,138
835,17
436,108
1571,42
1326,1657
1871,1675
483,24
247,83
194,93
730,59
459,99
706,32
10,1659
1333,69
1298,1672
1120,638
1380,32
1843,1672
521,77
1755,84
1185,54
1184,138
145,50
384,1797
1982,63
1911,79
1217,1675
559,80
1848,63
1351,20
377,42
235,68
1598,111
457,66
1362,638
401,1659
1212,1657
1759,73
1434,1630
1728,1654
1549,29
561,16
300,60
675,24
1524,35
756,85
614,31
156,1667
662,1693
1975,37
987,56
1224,29
1784,53
1837,85
1196,99
1035,39
807,83
298,97
673,107
1907,94
750,107
374,1807
1044,61
1779,24
1451,85
1185,97
726,67
160,96
1232,68
1603,87
1402,1660
1285,87
1342,24
654,62
711,59
1228,103
38,1663
435,196
102,1654
413,1797
573,39
553,75
1056,190
406,33
895,29
557,1668
942,70
690,39
1299,1667
415,66
1137,1639
596,1632
1221,1676
172,1671
1188,111
433,1665
471,73
1786,1666
276,73
495,71
1885,26
570,1665
181,1632
718,101
975,638
488,62
1281,37
1796,1676
1619,35
1966,1632
461,1641
498,75
171,51
464,71
1884,69
208,60
405,638
1160,1680
554,1667
503,28
184,36
541,56
1313,71
1976,1665
1101,32
622,61
578,63
1246,1654
806,23
589,1693
1358,1632
672,23
985,80
693,1679
1569,80
1090,53
1493,1668
1208,56
601,96
1066,58
1365,110
279,83
1156,79
575,1233
1083,1666
353,89
761,68
278,24
612,1670
186,1671
1492,69
979,106
942,98
1829,66
1120,1660
522,1680
337,1666
1705,93
1588,1678
428,66
1598,1807
992,1785
1620,31
21,61
1738,110
451,112
5,1641
836,101
195,119
1500,28
1942,239
343,23
826,63
783,1679
1912,51
366,95
308,1657
45,1658
1206,69
855,41
623,61
1926,1654
959,95
1721,1660
825,95
1430,1676
1253,39
764,84
1461,42
1893,23
326,1807
1508,75
1615,638
1694,107
1417,29
649,107
1511,1233
1533,633
749,42
1765,190
421,31
776,98
1717,59
1295,85
1171,91
216,111
1872,60
273,24
165,26
222,69
648,60
1039,80
1113,1660
454,104
1416,33
540,233
1777,66
420,63
956,89
287,190
1714,1667
372,54
1409,1659
1137,1630
731,1785
1795,1630
201,138
1344,80
1980,101
92,36
884,56
921,50
829,1673
1511,109
1738,51
1339,196
1653,53
1406,1675
533,103
10,36
566,17
123,1785
1898,110
1662,31
1921,61
744,1659
949,56
892,54
308,39
1357,28
365,82
1437,132
541,79
1920,17
527,61
1262,90
659,109
1148,69
985,31
506,58
169,42
906,1665
1389,62
1327,233
966,51
469,633
1803,1092
481,91
1003,58
1213,67
497,1233
1273,1660
291,87
1525,66
246,1639
871,80
1279,87
159,84
1397,56
1818,1785
352,54
1202,54
561,1642
1316,50
1923,106
927,83
548,132
186,69
1549,28
1936,239
570,1659
742,33
128,101
219,36
1140,1672
148,104
1733,97
81,59
134,79
262,16
652,1672
983,190
920,112
849,62
498,36
617,42
1405,65
1847,110
965,1760
879,110
238,98
1102,82
1419,1632
446,62
503,59
1091,108
575,71
1447,19
1930,59
260,53
958,36
1859,1671
673,1632
598,31
1816,190
4,50
1332,96
782,65
1180,1656
1393,39
179,93
511,80
795,103
691,54
1787,96
1551,109
410,58
1783,20
1985,69
1526,103
1788,1678
1368,65
889,98
998,1676
1264,50
1615,1660
1299,1666
163,1680
1122,1807
558,23
409,28
585,91
1358,638
780,132
1369,1659
1249,29
1231,101
850,64
1221,95
1349,42
394,1670
860,233
970,633
789,35
594,61
1684,1672
779,85
513,33
769,95
1144,19
1183,36
1965,114
585,1632
986,68
1432,86
703,33
1976,1666
412,77
696,64
1134,1797
550,190
492,50
1837,1660
38,98
496,53
1128,82
527,154
824,1663
1742,1675
786,96
847,633
169,98
222,110
1151,1679
728,239
1066,59
795,67
279,82
1497,93
880,105
1469,31
1398,239
1858,190
396,29
1821,1679
74,131
1213,26
1199,91
207,109
419,85
221,65
979,109
1829,65
1434,106
1805,41
1862,26
874,31
1602,1663
689,98
1060,119
680,1659
920,138
22,1630
1329,82
708,41
357,69
1617,1671
718,70
977,56
773,1807
1902,1760
446,1797
1167,1671
802,37
801,1630
1362,1665
1200,80
370,35
208,138
299,101
228,69
45,1657
1438,1666
1159,1668
1585,67
801,84
1006,31
147,70
650,1639
1917,31
720,19
1950,103
351,63
1741,1678
1823,1676
1057,101
486,1233
981,54
273,31
520,104
1019,1672
155,31
318,1657
923,1673
875,1680
1454,1630
758,59
1241,19
815,32
1369,70
772,1785
1911,26
1023,1785
1958,105
150,112
1472,1676
968,1671
1872,633
492,1641
644,1233
1291,1658
615,42
210,73
1002,61
312,1673
385,67
766,61
1922,90
414,97
718,51
1862,1660
813,1657
636,1672
30,17
1325,138
778,95
1533,103
1817,82
1096,61
541,1656
1408,105
238,54
683,1675
194,91
416,65
237,23
1323,36
1044,138
1208,1656
18,28
38,91
1824,638
1716,1668
621,66
1393,58
1066,96
231,1675
1105,1678
259,56
760,1673
1947,1670
1584,1660
1237,106
1716,73
1598,109
1449,26
1602,112
606,91
439,1660
1649,43
1250,86
1075,97
335,16
1169,36
1819,110
856,1668
609,32
183,77
619,1639
1648,75
1515,196
1002,17
206,1
1738,84
1154,37
1559,70
1728,66
799,1673
451,75
1504,17
1804,62
580,20
284,633
1372,24
1083,87
365,1666
299,28
1405,64
1611,1693
366,20
1492,1092
1715,1675
1719,83
1154,1641
1182,43
214,75
392,119
1009,98
113,53
1488,65
726,65
1674,37
1566,111
682,43
1128,119
995,32
1336,100
1731,1673
508,1092
551,1676
1929,66
1569,59
244,638
1754,233
1133,28
13,29
862,50
330,99
738,100
1006,1666
511,32
1551,108
1950,1659
909,35
1602,84
645,633
1017,20
325,61
330,1641
1965,1675
1431,19
1492,35
827,132
480,41
244,50
1409,1698
1273,37
442,93
1970,69
813,58
191,1658
1648,119
827,98
1876,111
1235,97
1724,43
675,54
1323,1666
1524,1
78,91
209,1676
950,31
627,190
1167,1698
1443,138
1210,131
1767,1785
1573,1660
208,62
1286,86
831,1667
848,110
868,97
1243,23
858,59
1336,1671
1976,1667
392,19
1935,1672
160,31
1380,107
1215,42
355,108
1775,98
625,1698
1845,16
1214,97
1413,132
1151,1678
1846,1658
933,111
1844,79
876,111
805,37
1459,24
467,98
655,1639
1013,51
1956,1639
898,107
22,19
975,107
1607,62
1554,70
908,16
655,1797
1914,1676
989,91
1711,108
1715,105
927,42
736,85
418,89
793,131
1989,61
357,68
1518,1663
1814,56
1177,37
148,33
560,97
1480,82
660,68
185,28
1291,106
741,63
193,1785
870,1693
1652,63
204,1675
1921,64
1158,105
1594,99
750,33
1822,19
1333,110
597,1678
820,87
877,98
654,1663
274,79
1077,105
1067,79
479,1663
229,1092
364,89
788,1675
1697,37
1275,17
1038,239
994,19
758,56
970,24
1844,1670
243,1654
1201,1676
325,100
842,94
895,70
1341,104
1435,239
632,1670
1753,24
1458,132
1564,64
680,28
1222,196
1957,63
841,111
1786,67
1255,132
1573,111
1648,32
816,1679
7,1642
548,98
509,90
385,66
423,1678
1292,97
869,1670
1249,68
1219,1660
1875,105
333,110
1629,42
1177,1
347,190
1538,26
229,190
299,64
1077,1673
731,69
1894,1676
1068,60
1130,1641
524,1678
569,19
1159,1656
1547,54
404,1660
398,86
1251,1656
128,1654
1950,64
1826,1785
578,101
1008,138
1413,75
1312,1670
1636,67
1603,154
994,68
1275,61
785,103
605,638
400,131
738,65
1308,85
1938,60
1388,26
1374,93
1051,106
1847,1670
653,138
1039,1642
376,79
1192,83
163,19
135,233
1350,132
1960,1676
443,1676
277,104
850,90
1308,1672
1704,93
394,1760
182,63
940,111
1572,1672
1600,1785
622,1657
1118,1666
1400,99
647,112
1337,1654
1409,1
754,1760
1989,1642
761,1092
1908,106
1581,60
532,71
1267,98
1912,109
497,154
390,1797
1941,84
379,154
218,20
953,95
127,1092
318,107
446,60
750,110
897,1632
421,1630
1595,1658
412,107
1390,190
948,85
1859,1673
1849,56
841,1673
1872,119
910,56
644,108
1626,138
1204,36
587,106
1640,98
1626,61
1363,1233
1014,111
1977,1657
1293,1670
809,69
886,1665
781,23
620,1
791,66
1950,1675
1645,1654
596,89
1240,61
1961,99
933,1678
1094,59
1119,1760
1541,1672
1624,82
428,89
1424,98
267,93
1249,19
1286,1656
1168,103
524,131
1117,28
1467,53
1231,20
614,62
1098,1679
44,24
253,1698
732,1665
207,1233
386,1671
997,31
708,70
1116,75
602,1676
185,112
403,41
664,83
1466,1660
1968,58
594,1663
170,119
872,101
1846,63
730,79
1853,1233
1234,1667
1712,63
422,33
545,50
1390,90
1323,111
1056,1698
1262,16
1542,70
14,94
975,1665
175,73
1725,1785
1299,119
786,94
790,638
1536,154
597,96
530,91
805,83
1147,62
795,69
1939,1760
1038,131
1119,60
74,62
475,1665
1326,638
481,16
856,196
1520,91
1213,24
1270,43
1402,83
1189,31
362,132
691,1679
999,80
1910,106
163,1678
1529,61
395,63
1004,633
1782,80
55,73
1176,1092
723,1679
428,61
1311,1630
1980,51
1606,29
502,1233
523,1660
286,54
390,16
944,50
1406,70
1558,67
755,80
977,62
942,1676
1462,71
1385,90
1574,1092
1685,1665
1746,69
1628,33
1280,73
1172,79
1021,1679
848,75
976,16
1844,633
541,104
1367,60
545,109
123,89
1669,1667
531,31
824,19
1637,31
588,20
810,42
774,1665
1915,1785
142,239
1208,104
1336,29
862,233
1266,1673
1986,1678
1412,33
145,1807
1986,90
249,95
1740,77
1355,41
410,112
620,73
1562,1676
970,104
1806,19
979,154
1574,95
619,131
1625,85
704,131
686,23
358,68
894,154
1959,1760
234,62
498,1659
1648,33
1865,1675
605,1698
969,1630
1237,633
1353,20
1158,1663
1965,1797
1050,28
917,35
1036,31
125,26
1488,1676
115,28
1409,36
566,101
1144,77
1827,90
801,1656
1571,65
711,638
1941,63
623,82
1489,16
1475,69
1243,33
1461,154
237,132
1769,105
204,83
199,1639
465,1657
1816,54
323,1639
1289,154
1343,43
1732,138
393,1665
531,59
1067,29
1360,33
1731,50
759,33
857,41
1155,1678
1138,106
771,1785
1124,41
971,17
1527,60
540,42
1902,24
179,66
505,112
1669,42
1247,50
1750,79
1057,1678
1494,1673
1541,96
1062,77
1089,33
1446,1675
268,26
397,1678
1274,94
1682,73
690,63
1782,105
1553,77
1624,1675
998,80
1634,16
742,85
1405,1675
1555,1656
766,95
1653,101
452,131
365,1630
679,1660
660,1668
742,36
390,73
1419,26
637,67
931,1680
1858,1233
173,1657
447,110
623,1
707,58
939,95
773,1639
599,233
365,51
1190,1639
1319,65
345,63
146,56
1488,67
897,1680
223,58
1134,64
521,109
1057,35
1627,65
619,638
967,56
1157,24
1707,70
1228,99
510,1676
1584,1675
704,1807
1200,1668
316,93
1811,100
363,90
1416,1672
1750,107
559,112
1123,109
292,37
1981,1641
1820,29
1788,1673
1645,16
335,65
1991,36
710,23
1636,1785
1838,1641
776,633
814,17
1015,1680
524,94
362,67
1892,1693
220,37
1326,31
395,99
1190,638
381,86
1610,61
1572,1630
1602,1673
1865,73
266,111
732,1666
1743,104
641,105
506,1092
560,71
1537,1667
802,28
570,32
499,1678
464,59
147,190
542,85
228,51
1096,119
1432,89
1984,1670
935,62
1987,233
1789,77
1044,110
741,1680
388,82
1042,1659
1684,190
1498,73
338,1233
980,1659
1067,101
1968,1668
1182,1666
1788,233
1841,638
1403,77
1778,19
1517,61
1723,638
693,1675
1603,196
1774,31
1151,1672
725,26
943,87
795,68
1312,106
1039,233
1905,109
1726,109
759,1680
691,132
909,69
1821,1676
1075,42
325,31
843,1630
1417,1667
1529,83
794,54
629,1693
348,71
975,26
246,1698
1563,1672
894,89
1856,66
1549,33
742,29
1103,60
475,106
1989,59
1443,1807
1049,112
826,59
0,1679
977,61
1476,17
72,1641
712,190
896,37
181,37
295,29
773,1693
1120,154
579,63
602,196
1836,87
1058,51
416,56
702,138
1441,42
213,71
1958,1797
1939,132
634,1667
1005,1680
411,108
1637,111
18,70
1340,638
402,1676
644,37
1877,1693
1204,29
1066,26
989,1785
1122,1678
937,70
1184,65
800,1654
1074,1680
1867,85
268,119
832,90
467,1693
946,1666
46,68
1705,131
1283,53
1601,82
1910,196
515,95
305,79
287,75
348,43
1815,32
153,1672
1363,97
1180,633
334,29
192,1654
804,1641
1216,1657
1457,53
950,42
1433,60
869,138
1757,19
1538,24
1533,100
413,37
1581,1666
1595,70
1121,1807
1045,105
1172,108
1159,1658
1182,93
1917,32
1465,79
1034,1760
1105,80
915,106
1380,94
1755,58
483,108
1370,84
1708,1632
1873,75
146,100
1938,1673
729,1673
293,100
496,112
1703,24
250,67
658,90
231,1668
1764,26
577,42
1014,1
1848,85
526,1656
400,20
1820,58
771,39
439,1657
1051,108
828,35
1071,97
1967,1670
1535,84
1887,131
1344,1
814,101
1387,101
172,1658
1535,37
1155,107
267,51
931,24
665,100
11,54
1154,32
1036,60
561,100
1686,66
1547,1672
956,1667
417,93
1969,79
1918,58
427,100
751,63
1230,24
593,53
1324,1672
1347,109
1289,1679
118,1807
1229,1797
787,83
1194,1671
1427,35
568,98
625,87
1546,23
716,106
1765,97
1345,1666
411,84
1985,1678
1266,1663
1280,638
1799,1641
258,1660
1541,50
255,91
1730,109
168,93
1924,93
235,39
828,80
1297,63
653,91
307,1807
1396,1666
1216,56
1880,79
981,1092
1132,132
837,32
930,1666
1426,1663
55,103
1711,58
1491,95
1490,1654
1957,1642
45,77
601,1233
1388,1665
1045,1660
1235,98
490,1667
1329,42
390,42
1776,1693
1225,233
1001,73
1794,84
1944,1657
893,107
1141,1797
1947,638
1396,70
888,1665
1879,1659
979,638
1236,1630
1647,1660
157,119
1519,233
1418,66
405,633
228,60
1850,65
1139,58
1475,28
261,90
1367,26
1439,1657
380,1658
575,103
1360,91
1194,1659
958,1680
1508,35
1551,1673
578,56
1276,71
1246,1659
1413,112
1694,131
317,53
1167,1
1833,1233
1485,1630
1375,1630
705,84
597,110
1613,1654
801,633
400,190
237,1679
990,87
177,1680
1763,154
164,190
611,239
1496,103
980,56
46,190
1520,93
1886,1672
1119,79
1337,633
667,190
197,67
895,60
609,131
480,89
1235,1671
1535,108
1890,109
1782,39
1212,65
734,1797
1037,42
1141,86
591,53
1129,1654
1553,20
1620,36
1031,1693
1895,1678
1103,63
1804,114
1955,119
1338,95
1609,1668
774,59
1291,111
157,1807
1637,1670
265,42
1442,96
986,36
1982,638
1111,68
1223,1678
1111,1680
1135,66
1465,50
1009,94
1802,83
1769,28
773,19
422,67
796,1632
1266,62
1067,51
570,633
1360,71
958,1676
1215,75
1623,94
1016,1233
948,190
1232,1
684,1680
530,42
340,1658
1312,24
118,111
47,33
491,91
1915,98
1933,1663
1878,106
1848,41
1321,1667
573,106
559,43
1496,67
889,1665
716,1654
1506,36
319,1671
942,16
500,104
1222,59
1809,1680
1401,36
1173,638
452,26
456,93
1235,26
1221,19
1576,62
1580,1630
1871,105
280,73
262,41
173,1666
1001,1
1582,103
519,83
10,33
1153,61
1591,28
133,54
929,63
1082,239
180,119
1911,1680
608,1658
1732,101
1239,23
1018,1673
1811,1678
1944,109
787,54
1488,89
1508,20
612,33
351,31
1185,95
1739,1680
1684,119
180,1657
857,190
527,56
1179,633
1252,17
1845,36
800,42
1977,84
226,70
303,62
644,26
474,1672
1905,91
1830,154
419,1698
330,75
1256,1665
1184,110
525,154
600,101
1631,1654
1479,1797
1855,1666
1368,106
396,33
1407,1639
1305,1663
1165,1671
174,154
1085,132
661,1676
1302,1632
305,106
1979,1656
1454,58
558,111
1117,132
1012,86
1245,96
1452,1642
836,43
485,67
1653,20
1463,94
1383,1659
1429,75
590,73
774,112
498,33
1020,190
1784,59
1713,65
1495,79
1153,138
1324,1673
1917,82
180,75
575,66
1651,43
982,64
145,1673
1954,190
887,93
1081,58
696,24
564,1642
1014,1671
1962,119
1365,84
1911,41
1288,41
758,103
1844,1657
1739,73
690,33
908,104
865,77
221,233
1202,68
1701,110
1084,96
1273,41
1331,1673
1283,1654
141,633
1711,1630
1050,35
1909,1672
386,1632
361,24
1989,69
1335,119
661,100
718,111
1539,1639
672,1667
209,109
1537,1665
1409,98
1912,29
1746,1785
1513,54
1918,87
660,19
403,42
280,1675
228,61
1442,93
1371,33
512,26
1837,196
1718,73
1497,1659
395,1807
1101,73
1394,36
38,20
1242,80
564,68
425,98
961,80
1834,1807
1731,1641
273,54
1403,60
526,43
1575,20
1635,1785
880,31
296,96
1436,86
1849,1639
1555,24
876,107
1540,1656
553,24
1530,24
1095,64
1777,41
1203,1670
1796,101
979,131
1260,16
286,633
1431,51
1108,1656
1535,111
1008,1760
419,41
1108,19
1735,1642
1273,84
385,1693
1473,1642
1424,50
1386,1673
1027,111
950,1654
1990,96
1249,60
22,1760
172,53
1738,104
381,233
608,19
1124,1807
1865,107
1516,1233
584,28
1619,84
1396,91
1418,1797
977,51
1552,107
944,132
1035,20
1162,1658
1884,39
1921,43
1872,1639
1035,101
446,104
265,41
748,1092
1789,111
421,1666
669,80
1779,41
1471,79
901,109
1551,1663
1845,1642
708,633
469,43
572,1676
1262,51
910,68
1521,75
1896,41
772,109
425,94
1295,83
1535,638
644,39
913,66
1157,239
1858,108
832,190
151,70
1113,35
1669,68
202,106
40,65
946,29
160,1642
1193,36
1729,106
1178,1680
401,1680
691,1663
562,77
1352,1667
1170,1632
552,75
254,1693
377,1678
965,33
583,1654
311,1671
208,1680
405,26
1644,33
337,1760
1141,41
685,51
1477,23
1225,70
1918,1671
860,63
608,64
864,58
1315,85
437,60
1144,80
1554,1233
6,35
1902,1665
319,56
1894,101
664,31
1163,71
1571,66
671,1672
1348,73
1006,77
1485,80
824,67
1105,86
331,85
1404,70
527,59
180,1658
1063,85
14,106
824,50
749,119
327,33
1433,1092
592,190
557,1092
635,112
800,43
625,58
374,119
1214,61
222,43
785,91
876,28
677,93
271,1676
1052,63
667,91
48,1673
373,54
728,91
1541,109
699,1642
1351,1654
1307,24
596,65
1478,35
433,35
511,1666
1360,1678
1051,31
1222,36
301,108
1226,43
1711,32
320,1642
1577,68
1151,23
1098,97
1878,1698
874,80
804,1679
1708,633
1586,29
1540,638
1067,1092
846,69
926,61
567,1641
788,70
515,1670
1130,67
1572,190
191,1
218,97
1200,29
512,63
1889,1671
493,106
167,233
1290,98
318,111
1176,69
1105,33
683,87
1498,112
398,54
1556,95
1845,1698
749,91
142,59
492,196
1552,1678
1915,1698
1649,1678
1890,1680
1035,1641
776,32
354,20
1389,28
362,1659
1744,53
989,1678
1062,29
1004,77
901,1657
1080,1656
1866,1659
1800,69
1585,1233
1601,111
130,54
1472,37
45,58
1350,85
49,63
1226,79
395,23
304,75
1444,105
493,1657
1443,83
1121,93
1022,196
1989,68
1093,31
903,85
732,1693
840,75
181,1641
1130,20
1757,89
1432,190
1894,82
57,65
721,90
1877,1233
1951,190
938,1654
136,1668
801,66
1115,39
1152,43
237,73
1532,68
412,75
1005,68
1765,50
844,70
810,50
1384,83
401,111
1251,1797
1460,63
729,51
1228,51
678,84
583,73
913,101
198,233
1436,87
1479,19
1669,111
1355,1
862,19
1928,54
1526,69
885,67
282,94
908,190
875,53
700,56
761,62
1615,1630
642,1677
1900,80
1757,1785
1098,86
49,91
1705,70
1227,1670
1912,638
851,154
535,1760
1549,94
722,85
371,1
1221,61
835,1678
1956,32
1443,79
1922,112
1021,71
1317,1642
695,138
789,65
1936,1672
1861,109
1611,1658
1737,1675
1690,71
1621,1233
1965,63
755,84
1197,85
1053,1233
1462,91
158,131
896,56
1432,154
1357,1659
650,1807
776,1630
977,67
1162,1659
261,154
1790,63
379,233
1045,82
252,89
519,1807
1799,94
275,131
1347,39
839,1667
1467,1678
938,80
749,35
76,1639
401,75
1450,70
1855,37
1346,23
1721,65
502,93
1393,16
1764,97
350,1
587,54
419,1672
491,1665
1090,131
1849,1666
235,80
805,196
1123,89
1251,108
40,66
1075,154
1209,1632
1697,1675
1352,1668
1743,1656
1246,32
809,1679
1051,50
726,1092
725,1663
713,95
471,1671
1344,87
30,1666
1414,638
1213,1675
1555,1632
762,1639
139,82
803,59
1909,51
1103,108
1026,1
343,67
1711,1670
641,37
134,90
1700,65
485,190
1429,53
1323,1630
1862,1665
1075,1233
1701,1657
1533,97
1705,638
768,95
1681,1233
671,1675
1357,132
1581,100
497,66
524,1675
1152,100
939,132
783,63
136,70
283,233
598,101
1912,1665
819,233
516,79
168,100
1454,1660
223,1670
1217,1667
1062,65
1867,114
1735,1807
151,1663
885,59
1587,1639
1740,1639
1847,1693
1531,633
747,54
432,1659
1240,1665
613,1665
814,104
1119,1675
362,107
1155,108
1273,19
1491,68
1131,93
1296,54
1899,80
1221,100
1040,43
998,39
176,106
72,43
1686,65
698,82
718,17
205,66
836,1672
688,100
10,112
652,1671
893,53
285,91
1851,96
976,190
1328,35
1571,97
821,42
1139,35
1102,85
1964,80
1850,1668
214,77
1870,94
1485,196
237,100
783,19
1337,53
416,99
1194,1666
1266,68
574,31
478,112
1935,132
482,111
1849,67
1560,138
914,64
1275,111
1683,196
1593,70
1569,61
1035,1785
886,63
1113,233
1156,83
47,1660
762,104
1866,1656
1072,1233
808,31
770,71
860,1663
1711,86
1569,633
1047,110
1434,17
1108,104
1326,35
524,41
945,68
1838,190
186,96
547,105
1245,66
1989,67
150,638
1514,101
1278,26
1396,65
590,56
718,109
44,1656
338,1673
1965,107
464,63
1884,93
743,1659
366,58
522,26
996,85
852,1233
1485,23
1777,1665
269,1660
140,1092
972,61
422,90
1789,58
492,154
166,95
1150,1663
1376,1092
197,1659
696,54
1686,1675
1812,1657
411,53
1460,56
179,17
678,85
1033,42
828,1678
1133,105
801,638
1189,1667
1915,91
577,23
235,119
221,41
1749,65
1951,1797
1806,56
177,131
1273,233
1036,1667
1417,1671
409,80
1083,1656
362,16
382,87
1947,19
1601,1807
187,71
1037,39
244,28
1593,1679
1226,96
1815,24
1306,56
1424,67
1853,1642
489,60
1856,70
1219,1670
722,82
1509,1632
969,1671
1600,91
1913,132
537,31
1490,79
1353,1641
299,1632
1268,104
1912,59
1220,26
1637,1667
1381,233
1149,29
1919,1641
227,1760
878,109
308,75
848,64
204,36
637,1678
952,94
592,69
1769,1
1987,86
797,138
469,41
1859,16
1181,36
1798,1673
772,111
501,233
374,105
1332,39
1172,1672
1636,85
1451,1679
1640,16
1697,63
1493,84
407,69
1156,132
1854,119
866,96
1275,132
1555,54
516,138
1469,60
1645,67
1209,1639
1472,1667
960,131
747,77
1960,1656
572,16
1701,83
1774,1659
908,50
1112,1632
960,1693
7,1632
509,84
793,71
1456,1665
1383,94
504,1656
356,1785
463,1671
1596,77
181,1678
1235,31
206,95
1439,105
1794,104
1922,85
547,33
1021,106
861,1665
1406,103
1562,111
715,1092
590,112
1348,36
1813,1642
356,61
896,1632
162,1670
640,26
563,1666
1170,633
194,82
1722,58
1518,89
323,1642
982,1807
298,1656
355,93
1229,1663
1765,73
971,20
1768,50
1825,29
668,108
303,59
785,89
551,1654
701,69
430,1785
936,106
25,1677
875,111
1392,83
359,86
1735,58
352,95
530,1632
1782,98
230,35
1505,103
1198,66
1405,1670
1353,59
1558,1654
1989,110
816,91
883,85
266,1658
488,90
840,1807
474,132
1864,69
1976,1663
1930,80
499,1092
1842,1668
1437,96
1920,70
1195,50
455,61
1751,89
223,33
1741,99
1745,96
4,58
1756,1632
303,110
1754,65
407,28
1039,99
583,103
1100,83
1854,1680
47,1678
1044,1658
341,1785
1189,1663
573,62
1099,26
225,1
1496,62
211,82
1368,1693
1264,42
723,239
1611,20
1303,82
1292,80
665,68
1363,29
1168,93
1026,87
789,43
575,1630
891,1693
1767,77
744,1693
1121,1641
1945,85
1910,1663
1681,1807
1790,1
650,69
191,39
1776,1663
1267,68
1850,77
512,29
1519,90
1489,83
390,1642
1044,107
1742,70
622,91
555,110
777,56
227,94
1262,26
1721,43
1171,70
1081,196
1873,1660
1521,61
540,111
1868,29
989,1680
607,65
646,1671
1042,56
657,94
1161,1642
481,42
1133,138
430,93
1942,1630
842,37
885,65
1574,53
1374,31
1625,67
480,93
581,233
1535,104
359,239
25,103
244,29
230,24
931,71
807,1657
1620,32
665,32
561,87
779,24
1775,1668
1961,1676
1467,87
789,79
694,68
1173,26
1486,83
680,1665
205,154
1224,94
1206,82
1129,71
847,1676
168,1092
1367,69
1314,51
1813,91
1050,1641
440,196
1527,1667
703,77
637,1677
541,1678
1651,119
1802,95
76,111
901,106
541,19
1394,71
720,1654
857,1658
995,16
598,95
1977,60
1617,101
1484,84
1067,68
1414,1671
169,53
579,638
752,154
1584,1785
1416,91
1298,35
511,16
1143,23
1378,132
1967,1656
1496,71
1502,61
724,101
525,84
1189,61
1839,87
1568,154
999,1670
979,17
1829,109
1687,131
642,67
55,58
607,633
1987,1233
709,41
1838,132
504,1657
869,1679
732,77
495,17
836,51
731,1807
125,20
1895,83
78,154
1258,20
962,633
1700,67
873,50
10,90
1486,60
1069,108
1989,1663
920,29
1898,196
459,1797
11,1672
1150,105
1761,196
1309,1678
1385,56
603,23
1585,103
976,99
1438,93
1408,16
147,106
422,16
1590,67
1604,1679
1105,75
1826,1665
1437,1760
479,86
1556,70
1374,633
288,131
1417,32
1831,77
303,85
435,69
1033,16
226,66
711,73
1214,32
1868,37
40,32
1089,59
1527,638
1587,1641
1425,1670
263,1807
1354,16
303,638
506,1654
790,100
1127,1797
1829,1
1221,1660
1725,80
254,91
163,24
955,20
1074,98
685,131
528,66
1316,59
1615,1665
566,1678
1913,97
870,16
1349,61
543,138
1225,103
1026,112
1942,66
952,1233
660,1666
1988,1668
1606,95
1550,1671
926,32
295,83
1291,90
1338,19
260,1673
1082,28
675,1630
1850,1666
240,1659
336,1658
52,154
1942,633
551,64
720,68
1954,75
374,1797
412,98
270,64
527,1671
345,1
491,1807
972,106
1822,82
1613,87
527,24
199,59
1603,65
550,1663
203,60
1053,32
1087,112
1134,53
1336,108
1906,50
175,1678
520,89
1288,94
258,1657
1365,80
1740,60
856,64
1298,107
1536,1679
1516,51
159,1676
1881,99
618,1641
1796,28
711,1760
1729,87
1417,1641
582,87
965,85
1155,61
1601,29
183,56
439,82
1573,95
1648,16
301,77
159,51
1890,53
1644,100
432,19
643,1679
186,110
206,101
547,107
593,1677
211,638
1504,53
218,1658
590,62
4,1233
1258,108
1476,59
1538,42
545,1679
1890,633
474,71
1912,33
1827,24
997,105
1918,1807
1595,20
845,37
1750,1092
232,1672
1176,53
1432,95
440,41
1897,1665
797,51
124,233
1447,89
1640,1673
773,58
426,1659
1129,132
1319,99
473,80
274,99
459,37
1243,1657
696,56
1450,97
1640,54
165,108
1701,633
1579,85
1318,59
1379,59
919,196
1720,93
1186,1673
1161,1641
880,98
1934,64
463,105
966,112
480,239
335,35
1901,132
912,60
767,108
1824,233
1961,64
700,1630
1108,31
102,84
1763,1641
642,239
1202,1675
867,1092
1515,132
1363,56
614,66
408,56
1956,35
1011,82
651,37
1465,1657
6,59
1533,90
1979,96
1908,58
185,36
280,1660
896,1670
161,19
959,65
1846,99
365,100
976,23
478,1693
1718,41
1323,51
972,35
1125,99
834,28
160,51
819,1668
275,1678
1623,85
1536,95
527,80
1521,79
303,33
658,112
839,51
510,1663
937,63
520,17
1403,1672
1669,63
491,1666
259,84
1460,1760
324,1654
292,20
1787,35
1109,19
1820,67
457,60
885,36
1091,1673
1283,59
515,69
1937,42
177,62
591,103
1681,1785
174,1673
1027,79
1815,62
509,82
423,1670
850,110
921,56
1984,233
465,37
746,190
1026,28
1814,109
346,1660
1382,99
1980,1760
395,1679
1429,50
1357,1675
1077,1632
10,42
1686,154
768,82
641,196
1850,1660
1766,84
546,1679
1595,1672
615,1654
674,132
1004,1667
965,1667
1894,1668
532,26
1988,101
1846,79
1652,138
750,90
720,89
194,1668
286,1632
1566,233
331,73
901,77
1262,96
1355,1678
1372,1760
14,110
753,112
1360,24
1380,43
1694,77
1751,36
1161,42
1697,104
1290,1678
320,132
193,138
1521,1680
165,36
1143,69
650,1092
1190,62
1318,67
1899,1656
748,98
1368,1667
1374,69
515,16
922,50
918,1667
1682,64
1075,104
1240,41
1662,1675
1705,114
1047,71
1007,1658
1910,85
1259,37
49,96
126,1698
927,69
618,54
1956,20
1463,36
1747,233
1231,56
1123,1667
1865,86
1534,75
1376,101
1249,233
1746,1663
846,73
778,233
134,69
708,106
1244,36
1923,1667
441,89
1348,26
1719,53
289,29
1766,112
646,51
167,20
1096,66
1010,80
204,31
744,60
249,1666
1116,1760
915,31
1461,104
488,1673
1570,24
1309,36
519,1654
264,58
297,54
1167,43
1613,39
1543,1680
1336,109
214,1693
772,33
297,71
242,1642
1403,23
1569,50
424,94
489,1656
1688,1760
1834,54
1247,31
863,1642
1973,1665
176,638
1227,35
1307,75
1472,1630
1863,86
1017,35
1867,19
1863,1666
467,62
1705,1632
1378,60
572,107
476,39
1240,1632
613,1698
1626,633
558,29
484,1642
1155,77
1047,107
25,58
1478,1657
986,1639
257,95
1795,138
1969,131
262,91
304,1657
229,28
1197,109
579,1630
637,96
14,1659
627,54
859,91
768,26
1196,58
637,1654
1519,1672
512,31
1286,79
1414,16
1864,99
872,109
459,87
1822,60
1528,1656
1225,1092
1684,69
1280,131
1506,1639
1057,87
1973,33
1896,50
1284,1654
1134,1666
1333,1639
283,67
796,108
782,43
1517,54
1717,93
544,108
1446,77
1545,196
419,1680
611,132
1720,94
1186,1670
1587,1666
752,1785
146,1642
325,24
1468,66
898,96
1967,104
243,1667
656,50
861,103
865,108
207,1657
562,132
1593,1676
888,42
135,41
1883,1092
456,1797
584,1
1633,26
911,1630
1022,1667
1619,91
1291,20
1609,17
1513,132
1230,43
403,77
1257,24
797,101
905,1639
379,90
1310,1673
1608,53
1219,84
1111,66
1811,1656
1024,70
1101,104
1580,75
398,67
1359,1092
1163,1677
331,1680
1260,1679
340,1698
1005,36
1764,1659
645,83
774,1657
635,107
749,31
1635,1675
402,1671
364,82
240,64
1848,64
397,108
1858,105
1379,86
1161,239
1190,98
235,84
677,53
1449,36
74,90
1783,33
1327,79
1967,1658
144,1679
1189,59
549,1632
1583,239
576,86
504,1693
1293,77
429,1698
1478,75
1727,1676
558,85
1776,110
561,1659
709,23
92,63
734,1658
442,26
850,111
670,1666
1781,68
310,29
1889,35
1309,1642
1526,1680
1828,154
158,80
556,67
464,107
1918,1
1617,1642
165,1677
1055,1676
442,1630
356,56
706,1679
1149,62
1000,107
547,638
1712,96
1162,1
802,1680
1465,80
1903,107
1019,39
2,1679
482,71
1890,1673
1299,70
985,100
506,65
704,1676
796,84
1303,1671
1485,1632
1742,1656
8,1693
1717,1642
1473,233
1433,1675
1578,239
1857,60
1302,1675
1470,633
1607,104
1260,85
1540,39
414,1679
432,1663
511,1673
871,69
894,190
362,87
1373,131
1772,79
723,50
1279,41
1596,108
1743,239
1549,98
403,1693
1452,1632
1865,85
367,105
1733,86
557,233
1737,19
9,1671
1633,66
585,1760
513,67
835,104
319,91
1718,1641
1756,63
1600,1807
1523,132
133,20
446,37
1030,101
1054,111
645,26
1512,1693
1256,39
1508,54
1313,32
1242,70
1209,119
568,105
578,94
445,85
15,1675
1082,1630
1707,33
971,53
1218,110
776,37
1426,35
990,98
424,95
1541,59
573,59
318,1678
430,68
1192,1675
251,1785
1616,131
199,633
457,106
428,1693
355,1671
1250,112
1749,26
1740,1671
504,58
1061,56
415,54
1525,43
385,1675
851,20
908,1673
301,75
1758,91
549,1673
945,239
159,61
955,50
1224,1641
1114,1797
1424,91
1249,42
1212,154
1255,84
300,20
209,1641
1539,99
1942,108
897,110
495,75
1386,20
304,1658
708,56
1534,100
840,112
148,23
6,93
488,42
313,65
157,112
285,59
731,23
892,1663
343,1678
825,79
935,54
76,70
1769,41
1125,77
375,1678
616,83
1205,37
412,64
1280,132
469,17
345,99
1524,1233
398,23
14,39
472,154
76,1656
1603,63
786,87
364,111
607,61
1821,29
1788,80
354,53
27,89
601,108
324,1677
526,1672
1298,77
657,83
722,1659
463,107
728,24
1425,86
1520,84
1857,75
635,1659
130,23
1320,90
1236,86
1793,1677
248,91
230,31
1687,94
894,65
756,98
614,64
1026,54
418,111
1767,29
983,138
1712,1672
146,1233
1055,54
1374,1092
1358,29
1699,1807
1931,84
1310,1678
421,1676
706,190
1101,103
915,86
1987,90
541,16
274,69
631,105
520,1641
1114,69
1935,1639
1879,190
1571,633
857,69
1269,1672
607,17
1768,105
1565,75
1290,1659
1080,43
1972,1679
748,233
1261,20
1925,67
1507,108
13,91
1061,1657
624,54
400,32
168,28
224,1672
1740,1656
1459,239
201,37
1165,1
942,138
1701,95
676,82
1540,1807
1039,1673
1002,32
807,1673
1383,90
1496,1670
1852,35
897,37
1772,1630
1932,75
1401,1807
21,101
332,638
1216,1760
812,71
1538,97
1132,1656
1847,233
0,95
1936,1656
494,1693
1538,16
983,31
1210,65
1689,100
1287,71
773,1785
1628,111
161,61
399,111
1031,66
403,104
214,58
734,1233
612,89
222,1797
1018,1680
288,23
1694,32
193,110
421,86
4,66
1849,42
568,61
1191,239
1157,43
492,109
772,79
1289,99
497,1665
1916,86
1569,1679
1829,1657
1744,79
630,190
118,66
1369,62
1636,196
1727,239
1454,1665
1402,190
663,1632
492,1698
1023,1670
1877,79
1645,35
781,1678
1297,75
763,633
1905,190
1317,24
359,82
895,108
1478,37
639,107
861,61
666,61
1623,1693
1039,1660
230,84
871,68
528,54
187,131
1933,32
723,53
1481,97
1818,1660
1198,70
1040,32
1573,154
543,119
1060,35
870,23
1781,39
182,53
461,66
1138,1678
1499,1670
347,103
1069,60
916,138
1079,103
285,86
181,101
1230,96
1643,1785
1724,1630
147,26
1917,107
1495,53
764,33
446,42
422,51
636,107
1135,131
1796,1233
1194,1679
868,1658
830,31
891,31
1613,84
1081,67
729,1660
305,1092
1935,131
1707,32
236,63
863,98
127,1666
1012,1092
1039,111
1143,43
178,83
363,85
326,91
188,24
970,70
1331,67
1763,1680
177,154
329,39
1431,36
1303,110
686,84
743,93
126,33
1795,1666
1212,36
978,110
1084,1666
992,62
874,1666
1224,1785
1433,83
1814,43
770,1668
1201,104
1205,1632
1808,1659
1699,70
855,24
344,1642
859,93
184,66
261,66
545,95
1373,1233
1614,17
1471,80
1360,83
1181,91
193,86
1399,131
961,41
682,1641
1189,1678
424,60
1143,1680
1217,58
539,82
117,66
821,1092
1806,61
596,16
1682,119
1735,105
1886,239
851,66
871,63
301,29
1786,50
1036,1807
126,93
1292,112
813,19
432,50
1815,132
1046,67
78,19
347,62
1895,43
1201,59
1072,1677
1558,89
277,1672
1591,131
1531,1233
1063,1642
1466,16
1357,154
811,58
519,1797
277,1642
459,1659
1239,154
1916,1679
308,80
1069,1675
1614,109
569,109
952,99
1163,1679
38,43
331,63
885,1660
1181,63
774,1663
193,50
1959,112
681,1797
293,119
1515,1642
506,154
287,1641
240,66
1090,106
482,131
1972,1672
217,1666
1426,104
1779,1642
795,59
320,89
1099,73
1726,54
1123,95
573,98
1844,1673
1114,1670
1502,33
201,91
1740,1657
1848,1807
1690,638
1155,233
1981,77
1431,108
1401,67
1492,110
301,1
1088,51
1236,107
405,35
1603,1233
941,66
1046,111
1198,154
22,1671
390,91
1956,66
485,87
1814,96
1500,70
1504,1
1183,1679
1743,43
694,36
1096,41
1648,1654
1689,20
532,37
458,633
706,131
1335,1656
286,1639
1447,98
1522,33
1309,93
690,1679
1313,26
14,109
1171,1656
1906,1639
1523,1657
1953,106
1076,239
445,79
47,239
568,62
612,1807
1569,1678
711,69
1029,96
1982,94
833,1675
890,24
377,75
454,65
1799,1677
1304,1680
1787,83
909,51
235,50
610,26
852,67
1649,39
1516,90
875,98
1502,29
1085,43
572,66
1119,1632
804,61
1302,1656
1401,95
666,58
1725,108
1049,1807
1772,1693
921,104
428,104
1839,1657
1984,89
992,19
1594,1659
1001,84
1118,1673
1397,1666
754,1668
758,1092
745,95
508,19
1429,83
1315,1632
266,1639
1719,54
1476,82
802,97
495,1668
1025,95
232,68
939,73
1182,23
1497,1639
1078,196
1547,79
402,53
1512,36
527,100
749,84
214,1680
658,36
273,66
644,87
1446,36
1507,86
1868,69
459,633
539,73
117,109
1748,1666
899,65
1455,60
406,51
1810,93
46,26
140,107
1796,24
1550,43
629,1679
999,33
1136,105
1320,96
865,69
352,112
1563,93
1782,67
1984,54
1596,1656
524,39
1832,106
1960,63
1178,100
1842,63
884,69
760,75
671,33
1586,56
1828,77
1871,41
1140,37
0,105
382,1785
6,83
942,1663
744,1666
1153,1680
1140,84
1898,24
1513,62
464,53
1528,1693
1813,66
184,67
1286,66
1840,96
1618,1665
1694,1666
1532,67
392,31
768,1670
396,1663
412,66
1191,80
1745,71
293,82
1474,119
1717,41
833,101
228,1657
800,106
1356,1675
1356,119
1569,98
739,79
738,1785
141,64
549,67
1759,1660
1730,70
1530,32
1496,112
1169,190
1830,53
808,82
1051,190
1179,101
428,1667
1169,79
1165,1654
922,105
409,90
1170,1671
1269,103
187,93
234,80
609,100
955,80
1842,80
1644,68
925,1656
1795,90
314,59
884,89
818,1807
1775,1667
969,1673
1543,633
699,196
940,42
572,1233
997,56
1533,86
1813,132
450,1657
1527,1656
1456,39
773,1667
1211,1659
1413,1671
536,69
518,53
1475,82
446,16
1338,1642
1736,77
1537,108
541,1673
1590,1676
1135,85
469,66
18,154
1442,1679
1498,51
1560,42
696,105
533,1658
1953,77
431,107
435,108
576,638
672,65
1105,1693
1485,1657
1358,1785
1110,110
505,97
1082,1671
1578,103
1190,97
306,37
363,28
1273,1665
1530,68
1445,61
1858,1658
1305,1642
1820,95
1146,20
1061,109
1961,23
1250,54
1836,1233
806,1656
1525,112
1701,93
780,99
1904,39
1597,28
554,1092
1257,1667
1880,16
581,89
803,83
1359,110
675,109
1709,1680
1643,96
78,108
485,86
1026,24
1334,1663
1524,77
475,64
1633,59
413,138
1073,108
417,56
1628,105
1718,239
157,54
727,20
161,51
864,638
1917,69
1976,1641
524,1666
1978,59
1229,67
1103,1630
1125,50
1115,100
407,1679
1651,86
1518,99
52,50
473,99
1380,64
1508,29
1444,1233
345,89
1034,1657
1029,1657
38,84
1328,1658
1879,239
995,51
1313,138
763,63
1214,90
155,89
1636,119
88,19
693,1658
1321,50
1321,67
680,85
1624,1656
1406,638
653,190
969,1797
1448,90
490,28
163,31
921,111
1511,54
246,1760
823,16
1433,196
1178,1
718,233
1335,106
1733,83
230,1698
745,94
157,105
431,638
380,86
532,75
1147,1668
1418,84
361,1639
1581,65
1485,108
133,17
137,86
1608,112
1537,84
747,1092
911,87
1556,103
1613,82
1927,1672
203,51
1613,35
492,83
1261,73
1703,54
1004,69
1545,61
839,132
1006,1679
1541,73
1669,132
420,101
1863,82
690,71
1702,84
932,24
1692,90
1826,1092
1293,1
1222,233
177,233
1890,95
1582,633
1735,1657
615,16
1226,119
159,62
1795,1668
1943,56
1866,39
1151,51
1465,1670
1501,64
931,62
988,53
186,107
367,1668
543,85
1050,91
717,1698
1395,1670
1325,35
1510,97
1732,1807
561,190
528,1693
319,154
1457,107
770,1666
755,64
983,80
978,1668
426,239
360,103
1337,1807
1045,70
934,1679
1159,66
721,82
208,43
1987,1657
821,23
1101,239
1176,58
1803,119
575,24
261,64
1186,111
580,1698
1115,63
123,73
1944,63
398,107
184,51
1803,196
459,75
768,1671
952,56
574,83
555,1630
934,75
225,1659
1356,1668
1322,32
984,103
805,71
1801,86
758,41
1331,131
1683,86
728,108
1555,35
1706,93
714,131
363,51
1524,1680
722,1654
634,90
1017,82
302,50
268,70
1307,43
1402,103
1867,51
587,1677
1303,31
988,1680
993,58
1417,1672
1458,100
320,1676
1354,85
1562,1630
1776,70
743,67
747,132
585,97
1477,58
182,64
1219,1679
465,60
746,71
269,1092
1021,95
1490,70
1861,85
779,111
732,1657
34,58
617,67
963,107
508,84
1966,1679
1945,59
660,56
1638,107
1257,28
1314,77
1094,1785
1461,138
15,36
170,95
1442,233
914,1658
1309,119
1404,59
1441,39
449,61
832,1658
1459,1671
228,1679
564,33
1935,1632
307,56
914,112
401,67
1389,75
180,1677
1171,104
344,51
957,63
258,1675
279,23
1133,70
1422,91
1321,1656
1787,73
1469,196
1369,80
1614,1630
368,1667
852,41
263,1680
164,43
130,71
264,1665
1478,60
1892,1658
1472,101
1900,29
1809,1678
713,71
1727,1672
1108,56
1016,16
1424,23
1216,233
463,1676
1791,1670
1300,1657
1791,59
156,1679
452,1654
485,85
766,190
1500,64
1729,1630
347,28
1400,84
1325,107
1071,1659
1083,89
1103,138
498,51
1572,131
652,1642
1837,97
774,29
921,1663
831,196
1096,43
1428,106
678,633
440,119
811,24
332,61
1367,103
679,97
667,1657
1091,97
1944,119
1987,59
849,1679
1366,1656
1603,107
1076,233
1114,36
658,62
307,20
796,80
245,1660
754,633
559,96
1166,56
127,98
1351,1641
1938,64
781,119
1463,1663
586,17
663,119
1293,28
691,1698
46,111
690,51
177,93
1027,1
1749,1785
1235,83
689,75
299,1667
1559,84
703,638
78,73
757,1676
651,19
1828,43
1138,1677
134,62
7,196
983,79
1466,103
1486,98
295,73
1619,132
697,1639
518,99
1025,1673
265,31
1296,633
470,64
1487,1233
764,60
982,239
214,69
1559,1673
1304,131
1054,83
1015,109
1423,43
217,65
1413,1
1527,103
1859,1797
937,233
1569,68
597,95
290,1233
434,36
269,101
1588,70
1166,20
1264,33
1411,60
201,17
1431,33
1780,1676
965,95
1725,29
658,633
183,54
851,24
44,239
888,19
665,77
1201,131
543,84
1160,1092
897,98
1107,41
1457,1670
1966,106
974,112
1936,73
1781,1693
986,1666
1559,233
215,84
1396,73
72,1657
983,83
1227,1233
982,1666
1837,24
1328,104
228,80
232,19
1409,233
532,104
181,70
1579,638
1228,1632
332,69
1606,633
831,109
1239,96
1115,62
1869,233
1769,1785
402,23
555,103
741,1668
1789,50
887,138
1779,196
1010,1639
1053,109
924,39
1494,1
1138,87
893,1670
1423,1760
1038,1670
250,31
644,53
1497,61
269,56
1870,638
1412,50
1008,94
1777,86
728,109
1649,28
1924,36
686,1641
1026,1677
381,1656
960,1673
234,94
1322,1671
1225,80
956,1656
1734,83
1742,638
869,154
172,190
0,119
679,1673
1605,95
1419,94
360,68
181,90
884,1678
298,41
1904,1233
636,63
1461,58
1930,19
996,1659
1802,41
1459,1670
1479,1639
806,35
1935,196
1773,1663
245,1639
678,105
1770,1671
1398,1663
705,190
1184,93
1032,1
1051,239
956,105
481,79
966,86
1127,1673
999,26
1463,1675
281,65
780,29
653,233
1544,154
1587,28
1662,1760
756,1656
873,1672
1213,1666
1624,23
670,1671
393,633
1704,111
671,106
1620,67
591,131
1452,1657
1457,33
1813,1680
628,132
836,73
1106,91
1340,1641
1254,35
8,638
1132,1675
1817,35
571,1693
825,26
309,233
882,29
403,108
569,29
1229,65
679,96
365,66
1604,19
848,36
1223,1639
251,39
1009,119
645,33
341,26
1394,98
667,1670
317,1
1114,37
303,82
985,111
298,1666
496,108
1294,67
1062,239
1089,131
1365,54
1781,638
1971,59
1299,1654
290,1678
1909,1639
352,87
1364,80
1112,233
780,1
1273,26
296,638
116,103
1553,56
1131,84
1286,1678
1430,62
951,89
3,633
1296,190
1268,138
703,633
1684,1668
1889,66
291,1667
1980,1666
1462,24
1173,91
1662,43
162,1698
507,95
949,108
1054,80
905,95
412,1797
402,67
1664,83
1390,59
1542,84
1366,32
928,1698
1423,91
1959,53
1703,1679
589,1657
368,67
1039,107
448,43
1599,99
1288,69
856,71
654,190
805,50
899,53
1846,1675
430,73
993,28
443,63
990,1679
1735,1659
652,24
871,100
391,196
609,93
723,1665
1644,99
1573,41
1683,1641
267,75
1827,1670
1922,1678
920,190
940,65
1021,42
1978,1673
1784,132
143,1670
1192,633
869,71
1168,1666
484,59
1907,239
252,79
1561,109
1567,67
996,94
1349,1630
603,84
1006,19
1268,1698
882,37
533,1665
503,239
1245,1678
569,85
958,97
1532,94
1731,104
1182,1660
4,119
1057,105
496,37
1464,196
863,66
1626,112
531,1672
603,1665
55,1642
1469,190
540,1657
1934,75
410,110
1377,1668
1763,100
435,638
1008,1676
243,1673
1753,190
1714,1676
1170,1666
733,54
230,16
1064,68
1270,1698
1040,1665
1577,138
1300,1639
1563,1671
1549,84
7,105
1021,93
1107,196
1861,83
1120,73
679,1672
1055,61
906,100
646,98
295,16
670,100
929,190
1926,1639
925,42
1078,16
379,80
1263,28
892,1807
1102,154
754,60
1695,131
1736,112
137,108
1044,23
1580,65
398,69
1471,112
1185,79
659,1676
1518,53
783,82
572,1671
1380,62
213,59
1959,108
1157,50
1821,75
1896,20
684,1668
587,83
1133,68
318,1641
1696,138
316,26
1901,63
1369,86
1170,97
806,1693
895,119
181,1233
823,1670
1478,50
490,39
1715,37
1128,1673
1867,1658
1886,94
784,89
768,638
841,24
1240,1630
1809,233
1292,16
1610,23
561,26
1496,1675
470,638
1453,35
1117,86
789,107
164,1656
313,1654
1444,1673
1248,26
488,103
1173,70
792,95
1571,79
1220,103
546,1670
1405,61
1020,29
1499,56
658,1675
569,28
996,1673
728,1659
1946,1675
1343,89
1181,110
991,1630
213,110
1211,1092
1033,24
1826,1659
1753,1673
1845,89
391,1678
1446,60
1982,66
1584,1693
449,1670
307,1632
413,1807
1854,24
1052,50
8,1667
1987,633
1592,103
691,90
1435,43
1402,42
406,43
481,106
353,39
1938,190
359,73
1378,19
922,61
1354,24
1568,190
187,41
480,29
1137,1641
1157,1676
1343,1233
1553,63
1022,68
456,101
742,71
1141,131
1528,56
816,84
1258,1693
1743,154
1653,24
1818,79
367,119
1607,1807
651,98
1482,1656
1291,82
1476,94
