1713,1673
1123,109
1766,107
1981,1641
292,37
1788,1673
939,60
1645,16
335,65
1991,36
1636,1785
1082,36
1838,1641
861,1807
1010,75
1546,1667
275,84
776,633
814,17
1139,1670
166,1666
524,94
362,67
220,37
1892,1693
810,69
702,79
1664,84
1390,56
395,99
1190,638
381,86
1825,71
1610,61
1531,98
1134,61
1602,1673
1787,1657
1865,73
1575,100
732,1666
266,111
1211,1233
1703,51
641,105
506,1092
989,1667
1858,56
1860,1630
560,71
1537,1667
548,1670
570,32
499,1678
245,36
464,59
268,93
147,190
1199,86
228,51
1096,119
1388,109
1432,89
1984,1670
1987,233
794,36
1274,132
1789,77
1957,23
1044,110
476,62
741,1680
1856,1658
1839,23
1042,1659
1684,190
338,1233
1498,73
1634,87
1491,106
1724,68
1067,101
240,1092
1968,1668
257,80
1182,1666
1788,233
206,109
1403,77
1778,19
1517,61
1723,638
1009,1680
418,69
1603,196
903,1698
1398,638
725,26
1774,31
1151,1672
359,1670
795,68
6,87
1312,106
193,1660
1352,17
1905,109
1039,233
896,87
759,1680
176,1673
691,132
909,69
1821,1676
935,95
801,95
325,31
843,1630
1529,83
1643,1641
629,1693
795,633
1417,1667
1975,1666
1940,71
348,71
975,26
246,1698
883,1233
227,73
1242,36
928,36
894,89
1356,28
1856,66
805,1630
1549,33
742,29
1973,91
782,50
475,106
611,60
1989,59
472,1642
1443,1807
1049,112
0,1679
977,61
762,35
1476,17
728,111
72,1641
677,26
896,37
127,87
181,37
1565,131
295,29
918,1632
773,1693
791,119
225,36
579,63
602,196
1836,87
576,65
1146,111
1058,51
851,1693
1320,64
348,85
702,138
1441,42
49,80
213,71
1958,1797
334,19
634,1667
411,108
1005,1680
567,35
732,98
1637,111
200,83
1932,93
1454,233
1340,638
402,1676
644,37
718,36
1877,1693
1615,103
1066,26
1177,53
989,1785
1085,1668
937,70
1122,1678
800,1654
1629,71
417,16
1074,1680
227,1693
1867,85
1334,28
268,119
1894,1680
1619,190
314,1659
467,1693
946,1666
46,68
1705,131
1020,105
693,61
342,69
1601,82
1910,196
515,95
305,79
455,111
348,43
171,1672
1518,58
1815,32
153,1672
1363,97
334,29
136,36
192,1654
804,1641
1216,1657
1413,71
169,60
725,95
526,96
1703,106
950,42
1837,1760
1433,60
578,1639
222,59
869,138
1757,19
526,19
468,95
1742,1639
587,35
1379,95
738,77
405,1642
1716,70
1533,100
377,35
752,1677
413,37
1581,1666
281,1657
1592,1807
1595,70
1045,105
724,110
1682,84
1264,107
1172,108
1159,1658
1182,93
1192,103
1465,79
1034,1760
915,106
1105,80
153,61
1755,58
619,1642
743,96
483,108
1131,106
1708,1632
1370,84
1980,119
931,106
146,100
1359,106
1938,1673
746,23
729,1673
293,100
561,106
266,70
1703,24
250,67
658,90
231,1668
1400,87
684,112
577,42
1014,1
1848,85
1701,1693
229,93
1961,1632
526,1656
1847,20
399,196
1820,58
771,39
774,16
439,1657
1025,1698
1224,99
271,62
1051,108
935,103
1071,97
1967,1670
1475,50
1428,1672
1535,84
1887,131
814,101
1387,101
172,1658
1535,37
1081,1676
270,109
516,1677
1215,1785
321,43
267,51
1262,104
413,1659
931,24
1390,29
665,100
1148,87
796,60
11,54
678,56
457,1668
957,239
1036,60
1717,109
561,100
1039,17
1686,66
1744,69
1547,1672
25,1657
417,93
1787,86
1969,79
1918,58
427,100
1170,66
1230,24
1602,65
734,29
420,77
593,53
724,19
1248,1693
1324,1672
1302,1666
1347,109
118,1807
1229,1797
711,1668
1458,43
1904,71
1541,1668
787,83
1194,1671
1786,119
1752,59
1045,1642
568,98
625,87
1546,23
716,106
1345,1666
411,84
874,68
1961,1698
1980,138
418,62
1985,1678
1643,64
907,110
1266,1663
1799,1641
1272,62
258,1660
1183,50
1542,1663
1615,95
1541,50
216,1092
255,91
168,93
920,66
285,80
1924,93
235,39
828,80
637,1642
653,91
307,1807
1690,1672
1908,233
1304,23
1361,26
1058,26
157,1659
1105,29
1396,1666
1216,56
981,1092
1132,132
837,32
930,1666
1816,97
55,103
1711,58
1013,1657
1491,95
1490,1654
1388,1665
45,77
601,1233
820,31
1045,1660
492,56
1417,75
776,93
502,97
490,1667
222,96
1329,42
390,42
1776,1693
1001,73
1261,69
893,107
1794,84
1318,20
324,1680
1944,1657
1412,89
1396,70
1947,638
1345,106
1879,1659
888,1665
326,93
398,638
1236,1630
601,1639
1647,1660
157,119
430,79
1519,233
663,39
405,633
335,86
228,60
1850,65
1139,58
916,1665
329,41
261,90
1367,26
1439,1657
1990,1659
380,1658
281,1698
1064,106
1410,106
1360,91
1194,1659
958,1680
1508,35
1491,109
425,1092
578,56
1420,23
1276,71
1204,1678
1424,82
1246,1659
1378,1673
1413,112
186,119
170,1680
317,53
1168,87
1167,1
1833,1233
1305,98
1485,1630
1292,1660
705,84
597,110
1613,1654
1348,1660
801,633
1392,1668
1272,1670
237,1679
990,87
792,1678
672,1680
1462,75
1763,154
177,1680
185,23
611,239
427,190
46,190
1496,103
484,37
1466,1693
980,56
1294,1092
1886,1672
1581,16
1119,79
1337,633
1447,1630
1803,26
667,190
265,56
895,60
609,131
170,103
1235,1671
480,89
1612,1785
1890,109
1782,39
1086,1680
734,1797
1637,154
1212,65
46,1693
1538,1639
156,37
1445,1663
1141,86
591,53
1129,1654
1553,20
351,90
1557,1630
1031,1693
1983,64
554,35
1895,1678
530,56
1103,63
1929,28
474,1698
1804,114
1788,111
88,32
1854,70
1986,70
259,99
1683,90
1706,89
1338,95
1161,1680
1609,1668
1952,73
1291,111
774,59
1189,190
1796,106
1637,1670
265,42
1442,96
986,36
1322,1632
1900,53
1111,68
1223,1678
1111,1680
1135,66
1961,79
1009,94
1802,83
642,1665
773,19
1839,42
1769,28
1681,56
796,1632
1266,62
1117,1658
1067,51
570,633
958,1676
1215,75
314,85
1623,94
1016,1233
1232,1
1302,51
864,43
684,1680
334,131
998,154
11,108
530,42
340,1658
118,111
1278,61
47,33
491,91
366,131
1915,98
1878,106
1572,107
1848,41
413,82
412,1675
1874,111
845,111
573,106
1321,1667
995,1630
1496,67
1975,239
889,1665
366,1673
1837,138
1506,36
716,1654
942,16
1371,24
1813,97
882,71
1732,119
811,65
500,104
1222,59
1809,1680
602,70
859,1673
972,84
1518,59
1173,638
452,26
1542,131
456,93
1983,23
1182,1630
541,154
445,37
876,1807
1855,41
1235,26
1882,73
1576,62
1580,1630
1871,105
1303,1659
280,73
173,1666
1001,1
1868,59
1689,1092
1582,103
1030,1632
151,1673
519,83
691,64
1153,61
606,109
1985,98
1296,1673
1591,28
639,239
1007,1675
133,54
999,23
929,63
1065,109
180,119
1911,1680
608,1658
1732,101
1456,1630
1018,1673
1811,1678
549,1785
88,1656
894,138
1944,109
787,54
1508,20
612,33
351,31
1185,95
1016,20
1684,119
527,56
927,104
180,1657
857,190
585,1
1174,1679
1252,17
1845,36
800,42
1977,84
583,1675
450,1797
897,62
1050,108
1439,82
907,69
303,62
1156,1092
343,87
644,26
1197,28
614,1666
474,1672
1382,24
1225,1663
1905,91
1337,1641
34,90
419,1698
330,75
205,35
1256,1665
1184,110
600,101
343,1641
1689,109
768,43
1631,1654
1479,1797
1855,1666
1756,83
727,19
396,33
1407,1639
1305,1663
238,196
1932,1670
1165,1671
123,132
764,20
1085,132
661,1676
312,53
1302,1632
996,1675
314,1679
194,1693
305,106
1454,58
558,111
1015,58
1117,132
1012,86
303,95
1452,1642
1180,1639
1774,119
836,43
654,54
485,67
1653,20
124,1663
933,69
1033,111
1383,1659
876,17
1429,75
789,1670
590,73
774,112
1716,91
886,94
1223,53
1740,97
1020,190
1170,67
1724,638
1784,59
1713,65
406,41
1331,108
1495,79
851,1654
1737,1233
1324,1673
643,110
1549,1666
1917,82
409,100
180,75
861,54
575,66
167,1233
248,43
982,64
1540,190
1541,1667
145,1673
591,66
887,93
1974,1679
1954,190
1774,1677
696,24
827,104
1146,1670
135,105
1956,29
557,80
276,1693
564,1642
1014,1671
1300,1672
1962,119
855,1659
718,29
1911,41
1288,41
1452,82
758,103
1278,196
6,1639
1844,1657
495,1666
1271,1233
1567,104
447,239
1461,1641
953,110
493,93
1418,32
298,93
1537,62
690,33
1738,1641
908,104
251,87
679,1
1599,1668
221,233
865,77
1701,110
1390,79
820,105
1084,96
459,51
1273,41
706,16
136,110
1331,1673
1955,1657
1543,1658
1745,93
141,633
1711,1630
1050,35
1909,1672
482,99
1653,1233
1635,1658
361,24
1989,69
1238,109
468,33
1335,119
661,100
1858,54
1493,17
1539,1639
672,1667
209,109
1537,1665
1706,98
1390,1675
1282,1658
1726,97
1912,29
1746,1785
1588,66
1918,87
1513,54
600,79
1390,1658
1655,58
403,42
280,1675
832,98
228,61
1442,93
582,50
512,26
1959,1658
1837,196
535,104
1718,73
1497,1659
484,1676
1101,73
1596,1671
989,69
480,59
1829,43
1386,1671
1394,36
514,84
38,20
1074,60
1242,80
736,91
21,53
78,62
425,98
1127,1
961,80
1834,1807
1731,1641
1403,60
526,43
1575,20
1635,1785
1335,69
215,80
296,96
1436,86
1849,1639
1555,24
1540,1656
553,24
788,111
1530,24
1096,24
1095,64
542,58
1203,1670
1796,101
438,1807
399,63
518,67
979,131
1260,16
913,1659
184,73
1431,51
133,112
1108,1656
1594,93
1535,111
1008,1760
1108,19
1735,1642
1273,84
385,1693
1664,131
393,1656
1424,50
1386,1673
1027,111
1323,94
1194,1642
950,1654
676,1676
1249,60
22,1760
172,53
1738,104
750,1680
608,19
1124,1807
735,112
626,1678
1650,1693
411,1642
1516,1233
1865,107
1422,64
1619,84
1412,62
1396,91
1915,87
1418,1797
977,51
3,1676
944,132
3,105
1035,20
1530,42
1162,1658
1884,39
1872,1639
584,1092
1341,82
1035,101
885,86
889,19
265,41
446,104
1136,60
1789,111
421,1666
1330,84
669,80
1421,107
1350,19
1779,41
901,109
1551,1663
1387,26
780,196
708,633
1845,1642
1117,1657
572,1676
955,86
300,97
1262,51
1101,1785
1852,23
1534,1666
1521,75
910,68
772,109
1127,37
424,1693
425,94
1295,83
1535,638
675,196
290,58
464,233
913,66
674,1632
1157,239
1858,108
556,80
832,190
1113,35
1120,59
768,64
1669,68
1874,108
879,66
202,106
40,65
591,638
1384,1760
1183,154
1277,107
160,1642
1193,36
1711,1092
1178,1680
1729,106
1170,1632
691,1663
562,77
1352,1667
1020,107
882,68
254,1693
147,91
21,638
377,1678
1445,1665
583,1654
1022,1092
965,33
1005,138
1030,37
901,95
208,1680
405,26
777,65
1644,33
1649,1639
337,1760
469,61
716,82
1252,108
1199,1639
685,51
1477,23
1918,1671
1225,70
568,41
608,64
401,70
934,104
864,58
293,112
1346,104
1332,43
1315,85
1579,26
1652,1660
1929,63
1497,29
88,61
437,60
701,53
1554,1233
6,35
1296,1659
1902,1665
319,56
748,112
1706,58
1445,86
1598,100
1449,19
771,59
664,31
1163,71
1571,66
671,1672
192,154
140,90
1006,77
1485,80
1856,1670
1622,233
243,1785
1690,633
661,1657
1142,66
666,33
922,87
229,1671
1705,28
159,108
824,67
1105,86
385,39
1404,70
1960,110
527,59
1063,85
749,119
824,50
1433,1092
126,96
180,1658
1876,66
557,1092
327,33
1711,131
888,79
635,112
1225,112
800,43
620,638
625,58
280,41
465,19
1214,61
1359,138
222,43
1058,1679
1244,90
876,28
785,91
271,1676
678,1092
1052,63
667,91
48,1673
689,1693
728,91
1541,109
161,68
602,1698
699,1642
1351,1654
161,53
202,1675
1072,41
1932,1671
596,65
1478,35
322,96
433,35
511,1666
1051,31
900,1675
1222,36
301,108
1498,110
1226,43
1724,1680
294,85
1437,1
320,1642
1098,97
1577,68
1151,23
874,80
804,1679
1708,633
1586,29
1825,41
1646,67
526,66
1460,196
1446,51
1067,1092
846,69
167,1676
815,96
1740,19
567,1641
926,61
515,1670
667,41
1130,67
1572,190
1169,239
191,1
1200,29
512,63
1889,1671
493,106
1290,98
318,111
1544,43
1176,69
1105,33
1305,1785
1498,112
1279,67
910,1672
398,54
1477,108
1556,95
1845,1698
1852,104
142,59
492,196
92,20
78,35
1552,1678
1915,1698
1221,87
618,60
1890,1680
1980,132
1786,1659
1524,56
1035,1641
776,32
354,20
1936,98
362,1659
1744,53
1504,36
989,1678
861,1785
1841,1679
1609,71
1062,29
1743,20
508,42
437,98
774,99
901,1657
423,19
1080,1656
1866,1659
1352,71
1800,69
1894,51
242,77
938,1668
1149,104
821,61
1601,111
328,638
130,54
1472,37
298,90
447,1667
1594,70
1557,50
180,90
45,58
49,63
1226,79
395,23
706,17
304,75
1741,23
493,1657
1494,105
1443,83
1022,196
1121,93
1035,1639
1093,31
903,85
732,1693
840,75
1130,20
1811,119
1757,89
306,20
1432,190
1911,62
1894,82
994,233
1530,23
634,64
721,90
812,1693
1877,1233
761,67
938,1654
1661,1668
1951,190
801,66
1925,1673
201,20
1934,1657
1683,1679
1115,39
1152,43
237,73
662,106
1752,106
1904,101
412,75
1005,68
1765,50
844,70
1384,83
428,75
401,111
1251,1797
1255,79
556,1659
1865,239
1460,63
964,36
1228,51
678,84
583,73
913,101
34,16
1436,87
209,94
1479,19
765,33
1355,1
1669,111
1945,33
879,41
664,54
981,633
1041,1672
1928,54
1526,69
885,67
1310,60
938,1656
282,94
1408,36
875,53
1813,75
533,1677
147,62
700,56
761,62
1615,1630
204,132
1111,33
1900,80
1920,62
1757,1785
49,91
449,43
1098,86
1227,1670
341,109
1912,638
457,1632
1053,104
851,154
506,31
535,1760
722,85
371,1
317,69
835,1678
1221,61
1168,1233
175,91
1443,79
1922,112
1317,1642
1021,71
364,96
789,65
165,17
222,66
1053,138
1936,1672
1861,109
1592,196
1076,93
1976,99
1611,1658
1690,71
1621,1233
1565,239
755,84
1965,63
1053,1233
1462,91
158,131
896,56
368,1693
1357,1659
650,1807
1861,1785
1089,79
977,67
261,154
1790,63
776,1630
1392,56
1045,82
379,233
127,33
1696,64
1697,1785
519,1807
710,96
1463,1698
1799,94
1819,138
275,131
1971,119
1347,39
1269,96
1467,1678
938,80
1880,59
352,19
1899,233
1943,1678
1600,138
823,33
1583,51
1349,105
749,35
992,1678
76,1639
1450,70
1855,37
1857,1678
1346,23
1514,59
1721,65
1393,16
1764,97
1032,1668
350,1
1278,35
1222,1675
176,190
587,54
1548,31
491,1665
1090,131
1456,79
1609,31
1849,1666
1059,58
1120,60
235,80
1123,89
1251,108
40,66
1329,1660
1474,1663
1075,154
1459,1233
1697,1675
1352,1668
1974,35
1743,1656
1246,32
1171,1670
626,239
717,132
1051,50
669,33
726,1092
725,1663
713,95
1634,1807
202,1654
592,50
1344,87
1209,69
30,1666
18,36
1213,1675
682,79
1414,638
1252,109
445,35
762,1639
139,82
857,35
803,59
1909,51
402,1642
1643,1797
317,105
1026,1
1941,1630
641,37
343,67
1711,1670
1375,1698
354,1666
1113,131
1700,65
729,138
485,190
306,77
1062,196
363,132
1429,53
1323,1630
1075,1233
1701,1657
1533,97
1705,638
13,82
1681,1233
1384,633
671,1675
1779,1680
1581,100
1357,132
1938,233
524,1675
264,1671
1152,100
1463,1670
1085,112
939,132
652,77
783,63
1320,63
1269,68
1216,112
1933,51
283,233
1496,1760
709,29
1002,41
126,97
1681,1671
689,33
263,82
598,101
954,71
1912,1665
1112,1675
618,104
266,69
819,233
168,100
1454,1660
223,1670
1217,1667
427,107
346,73
664,110
459,1678
1628,96
1867,114
935,96
1735,1807
18,1667
885,59
151,1663
1740,1639
137,35
1847,1693
1531,633
747,54
180,71
1911,1632
1240,1665
613,1665
814,104
1119,1675
565,84
1518,106
1155,108
516,1672
1273,19
1491,68
1879,119
1898,1676
1921,1679
1131,93
1930,131
517,98
1899,80
1221,100
1040,43
998,39
1263,1667
72,43
1731,1665
704,1670
526,67
1686,65
124,1657
698,82
718,17
836,1672
597,54
688,100
652,1671
10,112
344,132
1483,61
1958,1667
1726,75
817,1659
728,42
1203,1630
285,91
1851,96
465,1092
976,190
1328,35
1203,59
1404,1672
821,42
1139,35
1102,85
1964,80
477,154
445,1660
214,77
1870,94
415,68
237,100
1340,87
1485,196
480,17
1330,29
466,28
1221,1632
1193,1663
1337,53
416,99
1084,108
1194,1666
1016,50
428,96
1266,68
478,112
1255,42
1935,132
45,233
482,111
1849,67
11,89
914,64
973,1657
1275,111
49,1675
1593,70
1683,196
1228,1797
822,82
1035,1785
886,63
1113,233
1156,83
1431,1233
1358,51
902,53
762,104
670,17
1476,90
1866,1656
1055,1642
1072,1233
1257,77
1025,87
681,1673
808,31
1964,70
1825,1672
379,28
1156,638
1004,1641
860,1663
1711,86
1162,43
1569,633
1047,110
1108,104
521,50
1326,35
524,41
945,68
1252,37
186,96
1460,42
547,105
1245,66
843,24
1989,67
613,638
1514,101
102,1673
122,59
1278,26
1497,43
1396,65
590,56
44,1656
994,119
1052,1679
338,1673
1965,107
464,63
1720,60
743,1659
604,1641
366,58
522,26
996,85
1635,56
1763,79
552,99
1564,100
1485,23
443,50
1777,1665
325,1678
582,67
269,1660
140,1092
1910,29
1839,19
733,1785
422,90
1789,58
4,1665
709,68
492,154
166,95
818,1680
1168,59
1376,1092
1686,1675
1501,89
197,1659
1559,1
696,54
1070,54
1608,1785
1610,43
411,53
1460,56
968,32
179,17
678,85
828,1678
337,23
1776,1678
1133,105
1794,37
801,638
1189,1667
1605,101
577,23
1828,196
319,16
1480,42
235,119
921,1672
1918,71
727,100
931,1807
1685,1658
1749,65
221,41
721,75
1806,56
177,131
1020,65
913,1657
1391,50
1766,154
1273,233
1036,1667
791,1092
409,80
1083,1656
362,16
382,87
1601,1807
741,1678
187,71
1470,1642
244,28
1037,39
1226,96
413,1679
1815,24
1009,50
517,41
958,1665
1306,56
1424,67
527,64
1741,58
489,60
141,1797
1856,70
1638,1666
900,54
1219,1670
722,82
668,58
969,1671
839,67
1600,91
1599,61
1913,132
537,31
1353,1641
526,59
299,1632
197,1679
1268,104
1644,1641
687,108
910,1797
1912,59
734,73
1526,37
852,28
970,99
1378,100
1637,1667
226,1671
1435,23
1381,233
1149,29
1919,1641
1118,98
878,109
308,75
204,36
848,64
975,71
315,43
281,111
1478,90
952,94
55,37
592,69
311,95
1987,86
442,154
1074,79
1553,106
1769,1
469,41
1762,32
1859,16
1181,36
1292,105
1798,1673
944,86
501,233
374,105
1332,39
1172,1672
838,1654
1451,1679
1467,98
1640,16
608,35
846,29
367,58
903,1666
1697,63
1493,84
1278,32
1187,99
1156,132
570,99
1854,119
679,1671
866,96
1275,132
778,84
1784,20
516,138
627,31
1469,60
1645,67
1885,1630
707,87
1209,1639
1413,1679
1860,56
960,131
747,77
1960,1656
572,16
1590,112
1557,1693
1774,1659
908,50
331,89
960,1693
1112,1632
260,107
1906,1656
509,84
914,1668
793,71
1456,1665
1383,94
356,1785
463,1671
1596,77
181,1678
1143,196
206,95
1439,105
1575,91
1922,85
1794,104
1021,106
1707,99
250,61
861,1665
601,86
1406,103
1562,111
397,97
590,112
168,119
1348,36
409,1671
1813,1642
771,61
1181,1658
960,98
356,61
140,84
162,1670
640,26
563,1666
1260,100
629,51
636,1233
1170,633
1722,58
1518,89
323,1642
982,1807
163,107
355,93
263,60
1229,1663
1765,73
206,62
1046,100
1946,62
971,20
1825,29
1808,51
668,108
1610,99
485,94
415,1675
303,59
343,80
257,1657
1376,85
152,101
523,54
785,89
308,1668
1419,1676
701,69
1719,37
430,1785
936,106
25,1677
1392,83
359,86
1735,58
1149,51
342,101
352,95
1418,154
1059,1668
1782,98
284,85
230,35
655,70
1378,633
1450,154
2,1666
1505,103
1198,66
1353,59
214,1677
1558,1654
1892,114
1989,110
1717,105
816,91
1192,1660
933,66
424,110
1602,42
47,1641
266,1658
1720,33
121,85
52,1233
488,90
1924,107
840,1807
326,132
1398,56
1526,109
1544,94
1250,99
474,132
1967,68
1606,1676
1976,1663
1930,80
499,1092
1842,1668
1920,70
466,29
1691,63
1195,50
455,61
1751,89
45,87
1741,99
1745,96
1306,66
4,58
1756,1632
1786,1657
495,56
1754,65
407,28
1039,99
1001,67
583,103
215,73
698,101
1854,1680
1804,43
47,1678
1574,1233
708,94
341,1785
566,84
1044,1658
1768,1698
573,62
153,1797
835,85
1099,26
1638,91
1290,131
225,1
1496,62
1368,1693
1264,42
1206,23
440,26
723,239
1611,20
1024,106
1044,101
1095,1658
1333,1
15,138
881,66
274,112
1512,1672
1292,80
193,64
900,83
665,68
1053,51
1363,29
1019,1657
1168,93
800,71
1208,68
824,1657
1959,51
936,1671
789,43
1358,1678
575,1630
891,1693
654,17
972,1760
1767,77
1920,1680
1121,1641
1945,85
989,1807
1910,1663
899,59
189,1659
1681,1807
650,69
191,39
1776,1663
1267,68
842,51
453,1678
226,1760
512,29
1519,90
1489,83
409,69
390,1642
1742,70
622,91
555,110
1273,79
777,56
1702,1658
930,1680
1762,29
334,56
1131,54
339,1678
267,65
1262,26
310,33
628,36
1721,43
48,112
1081,196
1171,70
1521,61
1764,1233
243,239
540,111
1244,109
1868,29
989,1680
646,1671
812,1
1042,56
30,66
657,94
1338,73
1161,1642
165,1785
1486,65
1435,1797
1133,138
430,93
1942,1630
842,37
403,61
1574,53
1314,33
1374,31
1712,84
312,1
848,83
1625,67
480,93
1535,104
359,239
1245,1672
1125,1670
398,1671
25,103
244,29
1313,104
483,73
931,71
1802,60
266,1092
597,1654
807,1657
1620,32
665,32
1417,107
779,24
1332,82
374,28
1775,1668
1906,75
815,196
1961,1676
1467,87
57,638
133,1797
694,68
1982,31
1473,61
151,77
795,41
820,1676
1173,26
255,105
680,1665
1486,83
1224,94
1459,111
1682,1670
1206,82
1129,71
847,1676
1367,69
1169,70
1314,51
1813,91
1710,1639
1008,1666
1050,1641
1525,99
1527,1667
1607,37
703,77
637,1677
320,1668
541,1678
1369,1679
1883,1797
1802,95
76,111
1571,1676
901,106
1145,1668
541,19
159,26
857,1658
1568,1670
720,1654
352,132
995,16
941,84
598,95
1866,67
1559,36
1617,101
1484,84
1414,1671
1067,68
21,86
1606,1
579,638
1720,1668
1335,53
752,154
769,28
1584,1785
1416,91
1490,62
1311,60
816,17
511,16
1143,23
1955,105
1059,60
963,83
1378,132
1894,110
1967,1656
1502,61
399,28
498,233
724,101
525,84
1189,61
1245,1659
750,75
1568,154
740,101
298,16
999,1670
979,17
1223,1656
1829,109
123,109
642,67
55,58
607,633
171,1679
1987,1233
213,84
1838,132
1417,54
504,1657
524,1092
869,1679
732,77
1892,95
806,90
496,71
648,68
564,1676
836,51
1703,97
1389,67
731,1807
658,101
363,233
782,19
125,20
1895,83
1258,20
962,633
407,90
1777,154
873,50
1700,67
1486,60
1069,108
1989,1663
920,29
459,1797
11,1672
1150,105
1441,1659
1545,1673
1761,196
1520,28
791,33
1385,56
213,633
268,98
603,23
1585,103
976,99
1128,1632
591,1632
1408,16
1106,1663
661,1670
147,106
422,16
1590,67
1848,1672
1407,103
1105,75
1826,1665
1437,1760
479,86
1202,61
263,63
1374,633
288,131
1417,32
1991,1676
139,66
1831,77
435,69
1033,16
495,39
403,1677
226,66
1221,1
408,97
1166,1666
711,73
461,36
523,41
1868,37
1979,42
1211,132
1268,83
533,112
219,94
731,59
123,1678
40,32
1089,59
1257,87
171,96
1243,132
825,35
593,79
811,16
1527,638
1425,1670
263,1807
1354,16
303,638
821,87
1741,1658
790,100
1127,1797
1608,93
812,638
1829,1
1221,1660
407,1670
1281,1665
254,91
163,24
1802,101
436,154
955,20
1074,98
1455,633
763,89
284,86
528,66
566,1678
487,1657
1316,59
854,112
1615,1665
2,1667
704,1641
1627,73
870,16
1349,61
1225,103
543,138
1228,20
1942,66
165,70
952,1233
326,1660
1988,1668
1550,1671
660,1666
961,239
1744,58
124,1659
344,23
520,58
926,32
295,83
1291,90
923,196
1445,119
260,1673
1013,85
710,31
1082,28
675,1630
1850,1666
336,1658
1112,65
212,1679
177,196
1535,65
52,154
1942,633
551,64
1954,75
1458,36
1830,1632
374,1797
412,98
1634,77
159,77
270,64
345,1
491,1807
972,106
1822,82
1163,633
116,110
1350,233
527,24
199,59
1603,65
1876,97
550,1663
3,638
1053,32
1087,112
405,190
907,20
1134,53
1026,66
1336,108
175,1678
276,77
520,89
1127,110
262,104
1439,50
1211,51
1288,94
1362,61
614,1698
1325,71
258,1657
1740,60
1443,132
856,64
1298,107
417,98
1536,1679
499,1670
232,63
1427,1656
159,1676
845,51
460,23
1881,99
1475,132
618,1641
1796,28
1729,87
1417,1641
797,33
582,87
965,85
1393,1676
1048,97
180,37
1601,29
15,100
183,56
439,82
1054,91
905,64
1573,95
301,77
1935,1666
159,51
1890,53
473,70
1087,17
1644,100
649,75
643,1679
1104,1675
186,110
206,101
654,103
547,107
759,1658
648,28
189,100
1613,1663
211,638
1703,41
1504,53
590,62
218,1658
1258,108
1476,59
545,1679
391,1657
1538,42
474,71
1911,59
1912,33
1237,24
1827,24
997,105
1811,233
1595,20
1083,1678
606,41
845,37
1750,1092
232,1672
1432,95
440,41
225,131
350,1658
1897,1665
797,51
1596,1667
1447,89
1640,1673
865,83
426,1659
773,58
1410,103
1319,99
473,80
274,99
950,1656
459,37
405,97
1168,61
696,56
1306,1675
736,95
1450,97
1198,105
722,94
1314,1658
1640,54
165,108
115,59
647,50
262,84
1579,85
1318,59
826,51
1085,1658
1379,59
919,196
1055,70
1186,1673
1161,1641
1603,1630
880,98
1934,64
1211,1641
966,112
1817,28
1489,1807
1072,101
480,239
335,35
1901,132
1756,23
1242,1693
913,1663
767,108
1269,1092
1824,233
541,111
379,58
1961,64
700,1630
626,89
272,1092
241,61
1309,106
1973,131
102,84
284,111
1763,1641
288,106
15,233
642,239
1202,1675
774,1678
1476,1660
1515,132
1067,73
588,108
1363,56
408,56
796,97
614,66
1845,106
1322,41
1011,82
1271,94
651,37
1465,1657
880,1
6,59
1740,86
1979,96
1908,58
420,51
280,1660
185,36
1934,82
161,19
1696,67
1275,1666
1170,1642
959,65
1846,99
1193,79
1226,1642
365,100
439,23
478,1693
1718,41
161,1671
841,101
1316,1663
1323,51
972,35
834,28
160,51
819,1668
1943,87
275,1678
1536,95
1539,58
527,80
1521,79
1553,138
1952,1657
303,33
1463,99
839,51
950,82
1020,1679
510,1663
937,63
520,17
1932,42
1669,63
343,63
491,1666
259,84
1460,1760
745,29
292,20
1357,1642
1787,35
1417,633
1109,19
512,89
1820,67
1916,1666
885,36
1091,1673
322,24
1283,59
1176,31
515,69
184,105
575,39
1441,77
177,62
750,59
591,103
1681,1785
1950,94
174,1673
582,1092
1815,62
1298,1677
1067,36
509,82
753,70
1843,1671
423,1670
850,110
800,17
1984,233
465,37
746,190
1043,60
1026,28
1191,1632
346,1660
1770,1679
1382,99
226,32
1980,1760
395,1679
1742,1641
677,87
1357,1675
1312,154
1077,1632
10,42
923,1807
1958,1
657,43
1686,154
1850,1660
641,196
1766,84
791,32
546,1679
615,1654
1478,154
674,132
1004,1667
965,1667
532,26
828,43
705,1676
1988,101
1846,79
1652,138
1448,104
720,89
1364,68
194,1668
338,106
248,20
676,70
286,1632
1566,233
538,99
901,77
595,110
1752,37
1262,96
1355,1678
1372,1760
733,132
753,112
1360,24
1913,86
1694,77
438,32
1380,43
1862,105
709,1663
765,1663
1161,42
21,105
1697,104
1071,1693
628,29
44,62
1290,1678
320,132
1439,89
1001,101
1521,1680
165,36
1143,69
334,1663
650,1092
761,1233
1183,68
1961,1642
1318,67
1899,1656
560,51
670,56
748,98
560,1630
546,1665
1368,1667
515,16
1068,42
1346,1668
922,50
1240,41
1682,64
919,1092
918,1667
1741,1657
1662,1675
1705,114
824,85
1047,71
1910,85
1259,37
49,96
126,1698
473,154
327,19
924,103
618,54
1956,20
1463,36
1747,233
1123,1667
1896,119
421,43
1289,111
1865,86
1534,75
1137,85
1376,101
1746,1663
846,73
134,69
778,233
1244,36
548,1641
1923,1667
441,89
1551,97
1348,26
1496,131
289,29
1285,1693
1766,112
167,20
646,51
527,638
1800,42
1010,80
204,31
704,69
918,1693
744,60
249,1666
915,31
708,1668
501,1666
1461,104
1479,633
1541,1678
488,1673
183,90
1570,24
1933,84
519,1654
264,58
894,58
1706,1630
1430,54
297,54
1255,39
300,37
1167,43
1543,1680
1336,109
214,1693
772,33
1824,1660
242,1642
1403,23
697,1676
832,1233
424,94
1569,50
193,1641
1538,89
1281,32
1688,1760
288,1667
1834,54
863,1642
1247,31
973,108
176,638
1978,131
1227,35
1586,1680
1307,75
1054,190
1472,1630
959,62
1017,35
669,196
1867,19
467,62
1863,1666
1652,77
1378,60
572,107
1864,1665
332,90
1351,633
476,39
1240,1632
1626,633
558,29
484,1642
1908,1785
123,20
1155,77
25,58
1478,1657
1313,51
617,1630
986,1639
257,95
693,1666
1969,131
262,91
304,1657
229,28
1778,107
583,87
1100,67
1473,87
646,1675
316,106
1683,68
391,1656
579,1630
637,96
340,96
1170,17
14,1659
734,80
627,54
1911,58
797,1670
781,1
1669,138
768,26
1196,58
1824,109
1881,108
637,1654
1519,1672
359,106
1065,31
201,24
1286,79
1568,98
1414,16
922,24
1864,99
467,1641
872,109
409,75
547,1665
476,53
1752,110
1822,60
1528,1656
1225,1092
1684,69
605,16
1506,1639
888,28
1057,87
1973,33
1896,50
1198,110
1400,1675
796,108
1134,1666
1333,1639
283,67
1517,54
367,35
1717,93
465,95
544,108
1446,77
1272,1676
419,1680
143,1678
1197,95
611,132
152,95
1955,79
1720,94
1186,1670
1709,196
171,26
1647,1672
191,87
1847,90
752,1785
1267,84
146,1642
1931,39
242,109
801,80
325,24
1468,66
1968,32
1967,104
773,154
243,1667
1537,29
1186,101
656,50
565,24
1872,1676
1125,1668
626,86
861,103
207,1657
1694,1673
1111,61
1792,77
562,132
1593,1676
888,42
1276,83
1617,105
113,1639
1883,1092
307,87
348,633
456,1797
1110,89
1080,28
1633,26
1022,1667
197,1676
584,1
1616,62
1619,91
1291,20
1609,17
249,85
1203,1642
1156,32
1230,43
1730,93
272,1680
956,94
1237,59
122,1632
1684,638
781,37
251,1680
403,77
1257,24
761,99
797,101
1705,154
379,90
694,1657
750,1233
610,1660
1310,1673
1219,84
1608,53
372,43
1811,1656
1611,32
1024,70
1354,91
161,1670
1580,75
1101,104
1359,1092
1163,1677
331,1680
1260,1679
870,233
528,106
253,233
1005,36
1801,1641
1764,1659
645,83
774,1657
276,1660
267,111
749,31
571,61
1857,1666
1093,80
1635,1675
402,1671
364,82
1710,33
1792,638
10,86
1848,64
397,108
1379,86
1858,105
1001,1654
617,73
1974,1797
1153,37
1190,98
235,84
677,53
1449,36
1783,33
1327,79
1967,1658
1004,1678
1894,1675
225,1233
1626,1641
144,1679
549,1632
1543,54
237,138
1583,239
497,37
576,86
504,1693
429,1698
1478,75
516,1680
1727,1676
1879,111
558,85
561,1659
1076,1668
709,23
602,1807
92,63
953,1675
734,1658
850,111
1755,82
1739,1641
670,1666
1781,68
310,29
1696,1672
853,19
145,60
220,1680
1309,1642
957,53
1526,1680
996,1233
1828,154
158,80
1616,26
1653,1797
667,64
1237,110
464,107
1918,1
691,70
657,42
1617,1642
529,1675
165,1677
442,1630
356,56
706,1679
221,28
1274,84
1075,29
1149,62
1702,138
1478,42
1961,28
547,638
419,105
1712,96
1162,1
1951,1657
815,1679
802,1680
1579,1642
1650,1233
615,82
1903,107
1019,39
1984,73
2,1679
482,71
514,1660
1299,70
985,100
506,65
182,58
21,104
704,1676
1060,131
1303,1671
661,56
1485,1632
688,106
1774,1092
893,63
1742,1656
1723,1670
1784,196
1007,43
308,1671
8,1693
1823,119
1473,233
427,111
285,69
1851,86
1837,87
1433,1675
1713,73
313,132
1163,104
393,60
1628,1672
929,82
1172,138
1578,239
1857,60
1470,633
1917,90
1607,104
1846,94
1495,36
1719,196
1540,39
1260,85
1707,1668
432,1663
511,1673
1758,1233
247,53
871,69
288,36
894,190
1373,131
1772,79
723,50
156,107
1279,41
341,33
1542,97
113,1630
621,42
1743,239
531,190
1549,98
1452,1632
403,1693
246,17
1521,1665
367,105
1733,86
557,233
1737,19
526,1698
1633,66
585,1760
1004,84
513,67
1751,1672
835,104
563,111
1718,1641
548,1785
1981,131
936,91
630,85
1756,63
1600,1807
1523,132
1735,1785
1550,91
1645,1659
1735,37
446,37
1030,101
1982,1670
975,56
1931,1092
1054,111
1293,99
1422,633
221,1654
1159,638
645,26
1508,54
1256,39
1313,32
817,59
1242,70
585,39
568,105
1749,1679
1141,26
1178,20
1605,1671
813,79
578,94
445,85
15,1675
1707,33
971,53
1966,84
1218,110
1036,41
776,37
1743,98
990,98
424,95
1382,62
488,60
1541,59
573,59
902,41
191,50
430,68
1616,131
413,20
1192,1675
1581,37
251,1785
1338,35
457,106
1159,83
1931,58
1418,91
1987,1670
428,1693
355,1671
1250,112
1030,196
753,1670
1740,1671
390,1663
504,58
1061,56
415,54
385,1675
227,196
851,20
908,1673
301,75
945,239
549,1673
1462,1698
1944,93
159,61
1580,1
844,77
955,50
758,1679
1114,1797
1424,91
431,71
985,33
1249,42
1968,1678
1212,154
794,1785
776,68
1128,111
296,1678
300,20
209,1641
1539,99
1171,61
586,1639
1942,108
971,35
735,26
495,75
1386,20
304,1658
708,56
122,71
88,75
840,112
1373,1668
805,1668
148,23
25,1630
1436,94
685,1666
6,93
1298,91
488,42
1042,84
157,112
302,29
285,59
341,1657
892,1663
677,1667
731,23
1006,1797
453,1675
1570,1630
612,1668
1260,24
144,90
825,79
935,54
1535,103
1120,1658
1769,41
993,132
1880,36
1530,1673
76,70
375,1678
616,83
794,95
1205,37
412,64
469,17
1980,71
345,99
398,23
535,1656
1524,1233
1306,50
1269,56
1588,1676
462,112
1720,1660
1097,239
1283,1642
472,154
76,1656
1603,63
903,1797
1349,1
964,33
840,239
786,87
1600,65
290,16
607,61
1821,29
1788,80
1969,1632
354,53
429,1807
1514,83
601,108
1885,96
324,1677
1083,42
1794,1668
1183,31
526,1672
1298,77
584,99
1338,84
722,1659
1737,138
463,107
356,23
1776,1632
1425,86
1847,85
728,24
892,1677
1857,75
1808,1671
167,41
1988,29
635,1659
1664,1679
503,1693
130,23
683,23
1718,93
1320,90
1793,1677
248,91
1812,1
230,31
160,39
531,24
716,36
521,82
1687,94
1138,77
786,54
554,42
1512,1654
756,98
1053,20
900,50
614,64
1336,24
1026,54
418,111
983,138
711,1
434,111
1712,1672
1030,1663
1088,1656
146,1233
1090,138
1055,54
1223,106
752,77
1358,29
1787,23
1699,1807
877,1807
1800,20
1891,85
1178,1672
1931,84
818,43
1136,50
1636,1675
1310,1678
706,190
1101,103
1853,98
915,86
471,1676
1914,112
1987,90
1273,104
1405,1659
1141,33
274,69
631,105
520,1641
1114,69
156,1807
1183,1656
1737,1630
1174,1
1049,1660
243,95
1879,190
1571,633
1949,1233
464,1668
857,69
52,1663
1500,119
1269,1672
1565,75
1838,91
1768,105
1290,1659
1222,1676
1080,43
1187,103
748,233
1261,20
323,36
1690,82
1925,67
1507,108
973,1678
1061,1657
624,54
400,32
168,28
1452,16
646,91
1348,65
996,1807
1740,1656
1459,239
1799,75
201,37
1141,1671
1268,1679
1165,1
1701,95
676,82
1540,1807
1030,31
1792,42
1039,1673
14,98
568,64
807,1673
1383,90
1494,59
1496,1670
1977,83
1852,35
967,89
1892,90
21,101
1772,1630
1932,75
1401,1807
668,26
1544,1785
1216,1760
1086,96
812,71
1538,97
1132,1656
1355,65
1779,1657
0,95
609,1639
237,1630
1936,1656
494,1693
1901,54
1538,16
1210,65
1689,100
1287,71
956,99
773,1785
161,61
141,233
1193,24
399,111
292,107
1031,66
403,104
1544,53
415,111
734,1233
612,89
574,1680
1951,1656
222,1797
1018,1680
88,1663
770,29
1694,32
1752,39
1455,1666
193,110
1783,1658
421,86
4,66
1842,104
1737,1658
1791,1675
568,61
1191,239
1157,43
492,109
1289,99
497,1665
1916,86
1569,1679
408,100
485,90
1922,35
1335,26
1744,79
347,105
734,1671
384,29
1969,196
630,190
118,66
1369,62
1727,239
1069,91
313,26
1503,1233
1454,1665
1256,638
663,1632
1402,190
1031,35
1023,1670
1877,79
1645,35
781,1678
941,633
1884,23
763,633
1905,190
359,82
1317,24
532,42
673,84
1478,37
639,107
1548,1665
861,61
1712,31
666,61
1590,80
1039,1660
528,54
230,84
871,68
844,42
1699,1668
1181,101
1933,32
723,53
580,1660
1481,97
1818,1660
388,1659
1040,32
1573,154
1902,64
1060,35
543,119
1393,80
1781,39
182,53
1916,100
461,66
1138,1678
1393,33
347,103
1069,60
916,138
222,31
1920,1672
819,107
1079,103
1247,43
553,59
383,104
511,39
1109,86
634,54
687,32
198,1667
181,101
1230,96
1985,71
795,1663
1643,1785
1950,1671
1702,36
1724,1630
1763,86
1564,29
1917,107
117,190
1739,33
446,42
1495,53
764,33
1122,37
516,638
476,83
1387,75
636,107
1135,131
1796,1233
55,105
1194,1679
117,1668
538,69
830,31
1490,1660
891,31
1613,84
1081,67
305,1092
78,37
1109,1659
850,66
1935,131
1707,32
236,63
127,1666
1012,1092
1039,111
1767,91
1143,43
1841,1665
1115,1680
413,98
215,58
363,85
326,91
188,24
970,70
1784,80
1035,64
208,59
228,54
503,108
1763,1680
177,154
1962,1693
308,110
329,39
1416,633
1431,36
1418,43
447,1673
1775,131
1557,60
128,1675
1104,1632
1467,1642
793,1679
686,84
743,93
1019,99
1795,1666
1010,1654
126,33
716,1
1451,190
978,110
1084,1666
992,62
1289,56
874,1666
1171,60
972,1677
1360,131
1433,83
1814,43
770,1668
932,1675
1981,1680
1201,104
1365,111
1369,100
1598,87
1913,1639
681,106
1808,1659
1699,70
855,24
344,1642
1924,75
349,29
1574,63
838,67
238,1807
184,66
261,66
942,93
545,95
1373,1233
642,105
201,239
1471,80
1259,96
1360,83
1181,91
441,1693
1591,638
193,86
874,17
695,29
961,41
1314,1657
1704,17
567,71
682,1641
1467,93
441,1663
1248,108
822,51
1049,109
1189,1678
424,60
735,1671
1217,58
539,82
171,28
1225,1673
117,66
1348,110
821,1092
1338,196
596,16
204,1672
1682,119
1735,105
1557,239
1850,91
1886,239
868,26
616,51
871,63
301,29
839,1675
1786,50
1036,1807
1694,1679
1684,85
1205,54
1688,16
1067,61
274,80
1859,41
1292,112
813,19
1404,154
432,50
1815,132
1104,70
1507,131
1417,111
78,19
984,196
179,98
347,62
240,84
1271,91
1895,43
1201,59
648,59
1613,1632
1558,89
237,1657
937,67
1878,80
277,1672
1591,131
1531,1233
1466,16
1375,190
573,80
1810,35
1796,82
1357,154
842,1807
811,58
519,1797
1916,1679
459,1659
1239,154
1118,103
308,80
1809,106
780,108
1614,109
569,109
952,99
311,90
1163,1679
1424,39
1563,1760
1980,100
92,43
1487,84
331,63
1608,1675
885,1660
774,1663
1181,63
1959,112
695,97
681,1797
293,119
1515,1642
287,1641
240,66
1090,106
1201,53
482,131
562,1641
217,1666
1372,58
1426,104
1779,1642
343,56
664,233
795,59
1827,86
1099,73
566,16
1726,54
1123,95
573,98
835,17
1114,1670
1974,138
1502,33
201,91
1571,42
1326,1657
1740,1657
1871,1675
1690,638
1155,233
1981,77
1431,108
1492,110
483,24
301,1
194,93
730,59
1088,51
459,99
1236,107
706,32
1333,69
1298,1672
1120,638
1603,1233
1380,32
521,77
1755,84
941,66
1185,54
1046,111
1198,154
1184,138
390,91
1956,66
485,87
1814,96
1504,1
1183,1679
694,36
1743,43
384,1797
1982,63
1911,79
1217,1675
1848,63
1351,20
377,42
235,68
457,66
1648,1654
1689,20
532,37
1362,638
1212,1657
401,1659
458,633
1434,1630
1335,1656
286,1639
1522,33
1447,98
1728,1654
690,1679
1313,26
14,109
1171,1656
1523,1657
1549,29
1953,106
561,16
445,79
1076,239
675,24
568,62
1524,35
756,85
612,1807
614,31
1569,1678
711,69
662,1693
1982,94
833,1675
890,24
377,75
1975,37
987,56
1799,1677
1304,1680
1787,83
1224,29
909,51
1837,85
1196,99
610,26
1035,39
852,67
1649,39
1516,90
1502,29
1085,43
807,83
572,66
673,107
1119,1632
1907,94
750,107
1302,1656
1401,95
666,58
374,1807
1779,24
1725,108
1451,85
1772,1693
921,104
1185,97
428,104
726,67
1839,1657
1232,68
1603,87
992,19
1402,1660
1285,87
1594,1659
1001,84
654,62
711,59
1118,1673
1228,103
38,1663
754,1668
758,1092
102,1654
745,95
413,1797
508,19
573,39
1315,1632
1476,82
266,1639
1719,54
553,75
495,1668
406,33
1025,95
232,68
895,29
557,1668
939,73
942,70
1497,1639
1078,196
1299,1667
415,66
1547,79
402,53
1137,1639
596,1632
527,100
749,84
172,1671
1188,111
658,36
433,1665
471,73
214,1680
644,87
276,73
495,71
1885,26
1446,36
570,1665
718,101
1507,86
975,638
1868,69
1281,37
488,62
1619,35
1966,1632
461,1641
539,73
498,75
117,109
464,71
1884,69
1748,1666
899,65
208,60
405,638
406,51
1810,93
46,26
140,107
554,1667
1550,43
629,1679
999,33
1136,105
503,28
184,36
865,69
352,112
541,56
1976,1665
1101,32
1596,1656
1782,67
622,61
1563,93
578,63
524,39
1832,106
1960,63
806,23
589,1693
1358,1632
1842,63
884,69
760,75
672,23
671,33
693,1679
1569,80
1090,53
1828,77
1493,1668
601,96
1066,58
0,105
1871,41
1140,37
6,83
279,83
1365,110
942,1663
744,1666
1153,1680
575,1233
1898,24
1513,62
464,53
1083,1666
1528,1693
612,1670
761,68
353,89
184,67
1286,66
1840,96
186,1671
1492,69
979,106
1829,66
1618,1665
1120,1660
522,1680
1532,67
392,31
337,1666
768,1670
396,1663
1191,80
1588,1678
428,66
1598,1807
1745,71
992,1785
293,82
21,61
1474,119
833,101
1738,110
228,1657
800,106
1356,1675
451,112
1569,98
5,1641
739,79
195,119
1500,28
1942,239
343,23
738,1785
783,1679
141,64
1759,1660
1912,51
1730,70
308,1657
366,95
1530,32
1496,112
1206,69
1830,53
855,41
623,61
808,82
1051,190
1926,1654
1179,101
1721,1660
1169,79
1165,1654
825,95
1430,1676
1253,39
922,105
409,90
1461,42
1269,103
1893,23
326,1807
1508,75
187,93
234,80
609,100
1694,107
1842,80
1417,29
1644,68
649,107
925,1656
1511,1233
1795,90
749,42
1765,190
421,31
884,89
776,98
818,1807
1775,1667
1295,85
969,1673
1171,91
1872,60
216,111
165,26
699,196
222,69
648,60
940,42
1039,80
572,1233
454,104
1416,33
540,233
997,56
1777,66
1813,132
450,1657
956,89
1527,1656
1456,39
1211,1659
1413,1671
536,69
518,53
446,16
1338,1642
287,190
1714,1667
372,54
1537,108
1736,77
1590,1676
731,1785
1137,1630
1135,85
469,66
18,154
201,138
1795,1630
1498,51
1560,42
1980,101
696,105
92,36
533,1658
884,56
921,50
1511,109
1738,51
431,107
435,108
1339,196
576,638
672,65
1653,53
1485,1657
1358,1785
1110,110
505,97
533,103
10,36
1578,103
1190,97
123,1785
363,28
566,17
306,37
1662,31
1530,68
1921,61
744,1659
1445,61
949,56
1858,1658
1305,1642
1146,20
1061,109
1961,23
308,39
1250,54
1357,28
806,1656
1525,112
365,82
1437,132
1701,93
780,99
1597,28
554,1092
1880,16
1257,1667
1920,17
527,61
1262,90
803,83
659,109
1359,110
985,31
506,58
675,109
1709,1680
169,42
78,108
906,1665
485,86
1026,24
1334,1663
475,64
1633,59
413,138
1073,108
1327,233
966,51
469,633
1803,1092
1628,105
1718,239
727,20
157,54
1003,58
1213,67
864,638
1917,69
1273,1660
497,1233
1976,1641
524,1666
1229,67
1103,1630
1525,66
1125,50
1115,100
1279,87
1651,86
246,1639
1518,99
871,80
52,50
473,99
1397,56
1818,1785
1508,29
352,54
1202,54
1316,50
1923,106
548,132
1444,1233
927,83
1034,1657
345,89
38,84
1549,28
995,51
1328,1658
1936,239
1879,239
763,63
1214,90
570,1659
742,33
155,89
1636,119
219,36
1140,1672
148,104
1733,97
134,79
262,16
652,1672
983,190
693,1658
849,62
498,36
617,42
1405,65
965,1760
1321,50
879,110
238,98
1102,82
680,85
1321,67
446,62
1406,638
503,59
653,190
969,1797
1448,90
1091,108
575,71
163,31
1930,59
921,111
260,53
1859,1671
958,36
1511,54
598,31
246,1760
1816,190
1433,196
1178,1
4,50
1332,96
718,233
1180,1656
1335,106
1393,39
179,93
511,80
230,1698
745,94
691,54
1787,96
1551,109
410,58
157,105
431,638
532,75
1985,69
1526,103
1147,1668
1788,1678
1418,84
1368,65
998,1676
1264,50
361,1639
1485,108
133,17
137,86
1615,1660
1299,1666
1122,1807
1608,112
558,23
409,28
585,91
747,1092
911,87
1556,103
780,132
1613,82
1369,1659
1249,29
1231,101
203,51
1221,95
1349,42
1613,35
394,1670
860,233
492,83
789,35
594,61
779,85
1684,1672
1261,73
769,95
1144,19
1183,36
1004,69
1545,61
839,132
1965,114
1006,1679
1669,132
420,101
1863,82
690,71
986,68
932,24
1432,86
1692,90
1826,1092
703,33
1293,1
177,233
1890,95
1582,633
1735,1657
1976,1666
1226,119
159,62
696,64
1943,56
1795,1668
1134,1797
1151,51
1465,1670
931,62
1501,64
550,190
492,50
38,98
186,107
496,53
1128,82
367,1668
543,85
527,154
1742,1675
786,96
1050,91
1395,1670
1325,35
169,98
847,633
1732,1807
1510,97
528,1693
1151,1679
728,239
319,154
1457,107
1066,59
770,1666
795,67
1497,93
983,80
880,105
1469,31
1398,239
978,1668
426,239
360,103
396,29
1045,70
1821,1679
1213,26
934,1679
74,131
1159,66
721,82
207,109
1987,1657
821,23
1101,239
1176,58
419,85
221,65
575,24
261,64
979,109
1186,111
580,1698
123,73
1944,63
398,107
184,51
459,75
768,1671
952,56
1434,106
574,83
1805,41
1862,26
874,31
934,75
225,1659
689,98
1060,119
1356,1668
1322,32
680,1659
920,138
1329,82
708,41
357,69
1617,1671
805,71
1801,86
977,56
773,1807
758,41
1331,131
446,1797
728,108
1555,35
1902,1760
802,37
1706,93
714,131
801,1630
1362,1665
1524,1680
1200,80
722,1654
208,138
299,101
1017,82
45,1657
634,90
228,69
268,70
1159,1668
1585,67
1307,43
1402,103
1867,51
801,84
1006,31
1303,31
988,1680
650,1639
993,58
1417,1672
1917,31
320,1676
1354,85
1562,1630
720,19
1950,103
1776,70
747,132
585,97
1741,1678
1823,1676
1057,101
1477,58
486,1233
182,64
465,60
746,71
269,1092
1021,95
273,31
520,104
1861,85
1019,1672
155,31
779,111
923,1673
732,1657
34,58
875,1680
1454,1630
758,59
815,32
963,107
1369,70
1945,59
508,84
772,1785
1911,26
1966,1679
1958,105
1638,107
150,112
1257,28
1472,1676
1094,1785
1314,77
968,1671
15,36
492,1641
170,95
1442,233
644,1233
914,1658
1291,1658
615,42
1404,59
1441,39
449,61
1002,61
312,1673
385,67
832,1658
228,1679
564,33
1935,1632
766,61
307,56
401,67
1389,75
1171,104
180,1677
414,97
718,51
813,1657
1862,1660
957,63
258,1675
279,23
1133,70
30,17
1321,1656
1787,73
1325,138
1469,196
778,95
1369,80
1533,103
368,1667
1096,61
852,41
541,1656
263,1680
1408,105
164,43
238,54
264,1665
1478,60
1892,1658
1472,101
194,91
1809,1678
713,71
416,65
237,23
1323,36
1727,1672
1108,56
1424,23
1208,1656
18,28
1216,233
1824,638
38,91
463,1676
1791,1670
621,66
1791,59
156,1679
485,85
452,1654
1500,64
1393,58
231,1675
1066,96
1729,1630
347,28
1400,84
259,56
1071,1659
760,1673
1083,89
1947,1670
1584,1660
1103,138
498,51
1716,73
652,1642
1598,109
1449,26
1602,112
1837,97
774,29
921,1663
439,1660
1096,43
1649,43
1428,106
678,633
1250,86
440,119
332,61
1075,97
1367,103
1169,36
1819,110
679,97
667,1657
856,1668
1944,119
609,32
1987,59
849,1679
619,1639
1648,75
1515,196
1366,1656
1002,17
1076,233
1738,84
1114,36
1154,37
1559,70
307,20
1728,66
658,62
245,1660
451,75
1504,17
1804,62
580,20
1372,24
1083,87
365,1666
754,633
299,28
1166,56
559,96
1611,1693
366,20
1492,1092
1715,1675
1351,1641
1938,64
781,119
1463,1663
1154,1641
663,119
1182,43
1293,28
691,1698
46,111
214,75
392,119
177,93
1027,1
1488,65
113,53
726,65
1749,1785
1674,37
682,43
1235,83
1128,119
995,32
299,1667
1336,100
1559,84
78,73
703,638
651,19
1828,43
1138,1677
508,1092
551,1676
1929,66
1569,59
1754,233
134,62
1133,28
983,79
13,29
1466,103
862,50
1006,1666
738,100
511,32
295,73
1551,108
1486,98
909,35
1602,84
697,1639
518,99
645,633
1025,1673
1017,20
265,31
470,64
330,1641
1965,1675
1487,1233
1431,19
1492,35
764,60
982,239
1559,1673
1304,131
480,41
244,50
1054,83
1015,109
1409,1698
1273,37
1970,69
813,58
1648,119
191,1658
217,65
1413,1
1876,111
1235,97
1527,103
1859,1797
675,54
1724,43
1524,1
1569,68
78,91
597,95
209,1676
950,31
290,1233
1167,1698
1443,138
1210,131
434,36
1767,1785
1588,70
1166,20
208,62
1264,33
1411,60
1431,33
1286,86
848,110
831,1667
1243,23
1780,1676
858,59
1725,29
965,95
1336,1671
183,54
851,24
1976,1667
1935,1672
160,31
1215,42
1380,107
888,19
44,239
1775,98
625,1698
1201,131
1845,16
543,84
1160,1092
897,98
1214,97
1966,106
1457,1670
974,112
1936,73
1151,1678
1846,1658
986,1666
1559,233
215,84
933,111
1396,73
1844,79
983,83
1227,1233
982,1666
805,37
1837,24
228,80
1459,24
232,19
467,98
655,1639
1409,233
532,104
1956,1639
1579,638
1228,1632
898,107
22,19
975,107
1606,633
1554,70
1239,96
332,69
1115,62
908,16
1869,233
655,1797
1914,1676
1769,1785
1711,108
555,103
741,1668
1715,105
1789,50
887,138
1010,1639
1053,109
1494,1
924,39
927,42
893,1670
736,85
1423,1760
1038,1670
250,31
793,131
1989,61
1497,61
357,68
1518,1663
269,56
1870,638
1412,50
1177,37
148,33
560,97
1777,86
1480,82
728,109
185,28
1291,106
741,63
193,1785
1649,28
1652,63
1924,36
204,1675
1921,64
1158,105
750,33
1026,1677
381,1656
1822,19
960,1673
597,1678
1333,110
234,94
877,98
654,1663
274,79
1077,105
1225,80
479,1663
956,1656
1734,83
229,1092
1742,638
364,89
788,1675
1275,17
1038,239
172,190
0,119
679,1673
1605,95
994,19
758,56
1844,1670
243,1654
1201,1676
360,68
325,100
895,70
181,90
1341,104
632,1670
1435,239
1458,132
1564,64
680,28
884,1678
298,41
1222,196
636,63
1461,58
841,111
1786,67
1930,19
996,1659
1255,132
1573,111
816,1679
7,1642
548,98
509,90
423,1678
1292,97
1459,1670
869,1670
1479,1639
1249,68
806,35
1935,196
245,1639
678,105
1875,105
333,110
1770,1671
1629,42
1177,1
1398,1663
1184,93
1538,26
229,190
1032,1
1051,239
956,105
299,64
1077,1673
966,86
1894,1676
1068,60
1130,1641
1127,1673
524,1678
999,26
1463,1675
1159,1656
1547,54
404,1660
780,29
653,233
1544,154
398,86
128,1654
1587,28
1950,64
756,1656
873,1672
1213,1666
1624,23
1826,1785
578,101
393,633
1704,111
671,106
1620,67
1413,75
1452,1657
1457,33
1312,1670
1636,67
1813,1680
1603,154
628,132
1275,61
785,103
605,638
400,131
1106,91
1340,1641
1308,85
8,638
1254,35
1938,60
1817,35
571,1693
1388,26
1374,93
825,26
309,233
403,108
1847,1670
653,138
569,29
1229,65
679,96
1604,19
848,36
1223,1639
376,79
1039,1642
251,39
163,19
645,33
135,233
1350,132
341,26
1960,1676
1394,98
667,1670
277,104
850,90
1308,1672
1114,37
1704,93
303,82
985,111
182,63
298,1666
940,111
1572,1672
1600,1785
1118,1666
1400,99
647,112
1294,67
1337,1654
1062,239
754,1760
1089,131
1989,1642
761,1092
1365,54
1908,106
532,71
1267,98
1912,109
497,154
1941,84
379,154
218,20
953,95
1971,59
318,107
446,60
1299,1654
750,110
897,1632
1909,1639
290,1678
1364,80
1112,233
1595,1658
780,1
412,107
1390,190
948,85
1273,26
116,103
1553,56
1131,84
1286,1678
951,89
3,633
1296,190
1849,56
910,56
841,1673
1872,119
1268,138
1626,138
1684,1668
1204,36
1889,66
587,106
1640,98
291,1667
1363,1233
1014,111
1977,1657
1293,1670
1980,1666
886,1665
781,23
620,1
1173,91
791,66
1662,43
162,1698
507,95
1645,1654
596,89
1240,61
1961,99
1054,80
905,95
1094,59
1119,1760
1541,1672
412,1797
402,67
1624,82
1424,98
267,93
1390,59
1542,84
1249,19
1286,1656
928,1698
524,131
1366,32
1117,28
1959,53
1703,1679
1467,53
1231,20
589,1657
368,67
44,24
1098,1679
448,43
732,1665
253,1698
1599,99
1288,69
386,1671
997,31
708,70
1116,75
856,71
805,50
899,53
1846,1675
430,73
185,112
403,41
664,83
1466,1660
594,1663
443,63
170,119
1846,63
872,101
1853,1233
1234,1667
990,1679
1712,63
1735,1659
422,33
652,24
391,196
1390,90
1323,111
609,93
723,1665
1056,1698
1644,99
1683,1641
1262,16
267,75
14,94
975,1665
1827,1670
175,73
1725,1785
1922,1678
786,94
790,638
940,65
1536,154
597,96
1021,42
1978,1673
1784,132
805,83
1147,62
795,69
1939,1760
1119,60
1192,633
74,62
475,1665
1326,638
869,71
1168,1666
484,59
856,196
1561,109
252,79
1520,91
1213,24
1270,43
1567,67
996,94
1189,31
603,84
362,132
1006,19
1268,1698
882,37
691,1679
999,80
503,239
1245,1678
569,85
163,1678
1529,61
958,97
395,63
1004,633
55,73
1731,104
1176,1092
1182,1660
723,1679
4,119
1057,105
428,61
1980,51
1606,29
502,1233
523,1660
1464,196
863,66
1626,112
390,16
944,50
1406,70
1558,67
531,1672
55,1642
1469,190
977,62
942,1676
1462,71
540,1657
1385,90
1934,75
1685,1665
1746,69
1377,1668
1628,33
1280,73
1021,1679
1763,100
435,638
1008,1676
848,75
976,16
1844,633
1753,190
1714,1676
1170,1666
1367,60
545,109
123,89
733,54
1669,1667
1064,68
824,19
1637,31
1270,1698
588,20
810,42
1915,1785
1577,138
1563,1671
1040,1665
142,239
1549,84
7,105
1208,104
1336,29
1021,93
1861,83
1266,1673
1120,73
1986,1678
1412,33
679,1672
145,1807
1055,61
249,95
1740,77
1355,41
646,98
295,16
410,112
670,100
929,190
1562,1676
970,104
1806,19
979,154
925,42
619,131
1078,16
1263,28
379,80
1102,154
754,60
1625,85
704,131
1736,112
686,23
1695,131
1044,23
894,154
1959,1760
1580,65
234,62
398,69
498,1659
1471,112
1865,1675
659,1676
605,1698
1518,53
969,1630
783,82
572,1671
1237,633
213,59
1959,108
1158,1663
1965,1797
1157,50
917,35
1821,75
1050,28
684,1668
125,26
587,83
1488,1676
115,28
318,1641
1133,68
1409,36
1144,77
316,26
1827,90
1901,63
1369,86
1170,97
801,1656
1571,65
1941,63
895,119
623,82
181,1233
1489,16
823,1670
1475,69
1478,50
1461,154
237,132
1769,105
204,83
1715,37
1128,1673
1867,1658
465,1657
1886,94
768,638
1816,54
841,24
323,1639
1289,154
1732,138
1240,1630
1809,233
393,1665
531,59
1067,29
1731,50
759,33
1610,23
561,26
1496,1675
857,41
1155,1678
470,638
771,1785
1124,41
971,17
1527,60
1902,24
1117,86
179,66
789,107
164,1656
313,1654
505,112
1669,42
1248,26
1750,79
1057,1678
1494,1673
1541,96
488,103
1173,70
1089,33
792,95
1220,103
546,1670
1405,61
397,1678
1020,29
1446,1675
268,26
1682,73
690,63
658,1675
569,28
996,1673
728,1659
1782,105
1343,89
1181,110
1553,77
991,1630
998,80
213,110
1634,16
742,85
1405,1675
766,95
1653,101
452,131
365,1630
1033,24
660,1668
1826,1659
1753,1673
1845,89
742,36
390,73
1446,60
1982,66
1584,1693
1419,26
449,1670
931,1680
413,1807
1854,24
1858,1233
1052,50
8,1667
1592,103
173,1657
447,110
691,90
1435,43
1402,42
481,106
353,39
707,58
1938,190
359,73
939,95
922,61
773,1639
599,233
1354,24
1568,190
187,41
1190,1639
1137,1641
1319,65
345,63
146,56
897,1680
1157,1676
223,58
1553,63
1343,1233
1134,64
456,101
521,109
1627,65
742,71
619,638
967,56
1157,24
1141,131
1528,56
1258,1693
1228,99
1743,154
1818,79
510,1676
1653,24
1584,1675
1607,1807
704,1807
316,93
651,98
1811,100
1482,1656
363,90
1416,1672
1291,82
559,112
