3423,11
3320,1726
1078,3924
1954,4978
3618,1727
712,4747
3272,21
515,4885
4711,4921
2547,4249
1607,4970
3950,3881
4080,4771
3858,1
1120,2810
1172,21
704,4883
2087,45
4710,4921
975,6
1338,4773
5030,1816
2881,4743
3758,2851
314,4752
3288,1727
4549,4963
3585,67
3142,1896
3586,4779
4038,4672
596,4907
949,4966
1631,2773
3131,284
4721,2866
604,114
3535,54
2197,58
2236,1726
3472,2788
3632,5065
2965,4988
4162,2846
3661,58
550,5077
2644,4736
2636,3877
2063,3915
1750,4690
1576,3880
3230,1733
701,2851
2065,4890
3326,2820
3568,4947
4427,4972
1075,318
2954,4747
4030,1838
4148,4693
1952,2798
4165,3879
798,4919
1794,4670
2230,4613
575,1841
3173,3924
3238,55
4408,34
3749,4763
3457,3882
3306,4919
2903,3878
4318,1817
4401,69
768,4731
2025,1851
2946,4883
2290,4908
4306,4940
3583,1737
1958,3915
2633,2773
2283,40
1269,4790
2371,3924
2941,4800
4397,145
109,3912
4637,4921
94,4857
380,2823
4041,4902
475,4969
2521,2867
3444,2827
3016,2835
1663,2818
3408,4921
1822,68
1272,2784
1944,4789
3026,4759
2188,4685
653,4953
1322,1840
4649,3615
1707,21
4460,4778
1585,283
5059,68
583,4265
1187,67
488,1835
208,4776
3604,4884
2125,218
4145,319
985,4781
1688,4910
716,4990
3501,4264
256,4958
5041,4781
4833,4248
4589,4972
413,4775
3315,5075
4318,4800
4086,4918
4140,3885
2850,8
3832,218
1718,2789
696,1818
1574,2787
2967,21
2594,1849
1436,1728
2545,5019
1232,4877
1340,5004
4279,114
4609,4931
3197,2845
243,2832
2755,42
1400,1861
3966,1896
842,4978
2491,4880
1890,2816
2334,2865
2359,1838
2158,47
3253,4848
1273,2818
3022,1748
588,2774
3282,4737
1747,4776
2472,4889
1520,3915
2056,4824
2234,4824
4,4742
2314,4746
4261,4941
1064,4799
4852,4768
4133,21
3013,2838
193,2795
1073,2862
2371,5019
4719,5018
999,5065
1708,4769
804,1732
1294,4934
3662,4742
2949,1849
378,4964
346,4749
503,2822
256,4797
4347,4803
4401,4753
3086,4829
3128,4969
944,4683
3384,4872
4371,4988
2634,4849
5030,4861
2089,2658
3997,4917
358,2816
2326,4750
1636,2779
4147,4952
2687,2860
2414,218
3660,4689
3380,4905
2793,51
2376,4688
4122,1742
2257,4902
2612,4918
3217,4732
2738,4697
370,2671
1273,4830
2470,4692
2000,1839
942,2773
4169,4787
3052,4803
3905,4831
2696,4824
4163,4694
3417,4914
2953,4693
444,4739
4189,4673
3784,2845
4269,5064
4315,133
1648,52
2586,4679
4001,4736
1128,4912
4589,3914
2507,80
716,34
500,4762
4520,4909
4465,4764
3332,4787
2127,2841
3039,4654
4183,4803
4624,1728
3465,2783
4057,2837
4576,4968
3423,284
3594,8
3660,4961
2069,53
3529,4916
2615,4785
1498,4791
1063,4743
2595,21
4032,2796
1874,4743
677,2809
4168,4754
4224,5065
3202,4687
2751,1844
677,4803
4895,2785
3206,4787
535,4752
4424,1730
3264,1839
4193,55
1965,69
2282,4761
2205,2837
715,2839
4437,1860
3905,2822
2715,4776
187,4735
1251,4944
3416,4683
740,4673
4427,1740
3030,4926
1754,2831
2771,2812
3256,284
3905,3885
1565,4265
811,4956
3823,4737
2038,9
1261,4903
4087,4801
3411,4695
1084,2809
171,4912
1989,4734
1628,3615
4845,5004
4114,4963
1188,4870
4244,1857
1902,1837
689,1855
2018,2794
1859,4786
2959,4883
3213,116
2531,68
2043,1731
293,2781
625,4850
2268,11
353,4887
3033,4978
889,4856
2668,4743
3502,114
1423,1734
3668,3913
522,4829
3254,3882
5039,1840
82,4747
435,2783
2142,4929
861,4786
887,319
3597,4888
4370,1849
3974,2813
299,2786
573,4692
4222,4695
3027,5018
300,5075
2116,4944
4706,4695
583,4734
2667,1857
3685,4858
2968,2765
3617,4797
134,1818
44,4995
1080,5064
3645,4786
3304,4939
1431,4674
4703,3505
442,4674
3089,2851
2734,3886
2487,3885
948,5073
2602,4803
2621,4880
874,319
4,4682
1162,4862
4036,5
232,4694
1680,2851
3604,1857
2286,4909
941,2781
4809,5074
3435,2767
1641,38
3625,1849
2398,2808
611,283
1922,4890
1826,80
4083,1833
1496,285
1176,4957
3160,5074
2151,2764
2193,1728
2407,4792
1702,4885
2089,2845
4215,4847
329,4817
1556,40
3797,1740
24,4779
3376,2864
3172,4947
2220,1728
1548,4743
1290,4755
3894,4911
2220,4819
822,1839
4314,4264
1801,16
4600,5066
1568,4674
1885,80
1942,1827
526,2865
3559,2671
3714,2866
423,2817
431,4739
2482,4994
2585,4691
4106,4940
1161,4887
2736,4736
1172,284
4406,2856
2186,4769
3337,319
3608,4673
2422,4957
1167,4718
1013,2860
916,3886
2318,2846
2359,284
4205,4964
4096,4792
3656,1856
1253,1748
125,4748
2246,1730
393,132
801,7
2647,4902
1555,4820
2204,3878
523,4755
3205,4969
494,284
183,2789
3738,1729
374,1846
419,4951
1070,4850
3218,4891
4999,50
3311,4801
2326,1843
409,4890
3717,4692
4225,4936
3303,3615
4419,1862
4301,3924
1019,60
1059,2811
4,4958
912,1836
816,2823
958,4251
852,4919
1421,4780
5055,2857
2352,131
1700,132
1565,4672
3434,4856
3695,4797
1684,4741
4191,4803
243,1
1307,1788
141,5077
3890,4897
2261,56
4160,5020
2582,1730
4411,1844
1346,4873
2379,133
2852,4847
1739,4969
1137,2658
1322,5016
111,4957
4048,2841
2353,4944
101,4828
1358,34
2695,8
1082,4953
2674,4938
806,1839
241,2789
4361,38
2467,4770
1882,4989
3543,4765
1202,3505
816,4791
620,4991
3769,1728
4503,4929
3514,45
1253,4674
480,4727
3771,4896
941,4961
2115,2786
676,5000
220,2800
2288,4681
1495,61
3192,2800
259,4971
4108,5016
4401,2808
3291,2788
4703,4994
2491,2783
866,1861
173,21
3077,2845
3711,4746
3649,34
1017,3883
167,2831
3606,5069
2677,53
3453,3912
810,80
1380,114
2419,2843
5060,1742
4294,320
3997,4747
194,4997
3559,8
3448,5075
3174,4873
4556,1856
4230,1
564,4734
3187,4987
3980,1862
309,3913
4089,4781
4496,53
4048,84
4167,3912
1440,4887
601,4855
1760,5020
321,4693
2194,4685
1509,1855
2710,4759
1018,4879
2103,4671
3741,4989
4395,4872
580,5
5067,2825
1970,4878
2210,2785
385,2853
1225,4752
2336,4720
3677,56
3037,4910
2891,2799
729,284
3730,5066
4622,1834
4859,1844
983,4689
417,4720
4141,4890
1800,4746
2021,4760
4361,4970
2366,4860
2345,5066
2922,4782
3925,69
3339,1838
3412,1896
134,4685
998,4876
842,2774
3851,4972
2900,68
3695,1733
1819,4989
2082,1735
4460,1730
1113,4613
3828,4788
3686,4768
3118,4737
483,41
4358,4674
4403,4951
4199,2824
1557,4685
2674,4778
621,4939
1887,4828
3977,4891
3030,55
2137,132
2529,4250
873,2838
1825,4654
2441,2858
4211,4674
3939,4681
2919,1861
2311,48
2251,4820
2354,1727
2960,1838
2190,41
3517,1850
982,319
1399,4952
4369,4850
4040,2787
2946,2772
2625,4689
3603,4718
5080,4921
2230,51
3581,4748
2060,4849
1650,4860
4452,54
2277,2816
2928,4249
2156,4958
3724,4919
1144,2795
1745,4816
3474,52
2385,58
4295,1748
1337,2858
1435,4791
3933,4946
166,2822
1912,2800
1444,4964
2287,4831
1670,4896
4064,1835
1720,2829
544,4830
264,4998
2983,4937
4039,1844
438,2814
509,4903
534,4760
3922,66
3970,2847
1635,55
3132,2794
1387,4969
825,70
2586,1730
4118,5075
731,4753
1175,4911
3162,4752
1811,3882
4149,4755
1773,4683
3518,1740
1257,1742
2541,4952
1409,4748
1115,1848
1676,4775
4464,40
1677,4858
2903,4718
1765,52
972,145
31,4791
1739,4692
2716,4678
4218,4972
4533,2772
1916,4735
1980,63
142,4729
3019,2787
3783,4953
635,2826
3803,5073
1180,4820
4060,4878
3714,5004
1898,2849
496,2772
1793,4266
648,5
4522,4988
3270,1840
3172,4971
2217,4890
3157,4718
3747,4674
4295,1845
4658,4855
993,4921
2336,283
3344,4969
91,47
2181,1841
2425,2867
23,2856
3487,49
3944,5065
567,4692
4413,4887
697,4763
4705,1862
1663,4995
4113,4909
1457,5069
785,45
3862,4799
4388,4992
4050,4919
4355,4815
3224,4883
1800,1732
1499,2862
2333,1737
799,2864
4009,5020
259,2773
2968,68
829,2795
1531,4816
201,2795
4293,1818
221,2808
4561,4730
321,2818
2474,132
3251,6
4067,4941
3460,5075
1943,4892
4214,4815
1522,4731
3300,3505
3053,5000
3610,4679
3721,4696
4999,4797
2214,4613
4608,5019
4651,3914
390,3879
4205,4686
1572,4901
4948,2772
2369,132
1624,1860
4434,4903
4984,2808
1109,4773
4032,63
4490,4929
2076,4781
3013,4673
1442,4955
664,3615
3019,4966
2544,2796
3892,2765
1002,4930
891,1844
1104,4741
2017,48
2006,4730
3239,4690
5050,4799
1335,4739
648,51
452,4780
4004,12
3484,4730
4114,4266
1166,4267
3919,4891
3958,4919
205,13
5030,1729
3787,4800
4050,4905
378,4679
4034,4824
4174,4873
4053,4775
4449,4768
2252,5001
4064,1847
3764,4816
4836,7
3293,4829
447,4681
3511,4668
1759,5070
4582,4994
2627,4860
1496,4684
2221,2835
2960,4884
1105,218
515,2820
460,131
2530,1818
793,1788
1319,4930
107,4781
512,2774
3392,4919
2507,4778
2368,1847
3027,4669
355,1849
1772,4877
2606,3878
3931,1831
737,2821
1177,4763
808,5000
1068,4996
3980,4772
87,2817
2444,2825
4260,4267
3388,4754
2728,4654
4378,2808
2211,4930
4272,2853
2709,4917
3609,1842
2898,4677
4495,2773
2283,4890
1526,3913
3903,4952
1200,4903
1636,4963
3517,4963
4576,4969
2608,2799
1059,218
3288,4896
1466,2822
862,4743
1680,4678
1405,5064
621,4675
4317,4264
2937,1816
4051,5018
2034,2779
2398,4919
3550,2824
2735,4828
2011,2864
1772,4799
5026,4963
1268,115
2435,61
3184,4815
2281,4900
822,4735
3816,4986
3945,4935
2264,9
3672,5001
2995,2857
3860,4918
1453,2862
2626,3915
333,1733
4561,5077
2162,4669
293,4879
3208,2781
4493,3924
4256,1
4804,4936
1016,1788
1544,2860
2393,2803
2566,64
3031,4727
1123,1845
2529,133
1137,4888
3676,47
873,4861
897,4668
820,2803
1176,4897
3043,4986
2534,2810
1683,2849
429,2816
768,284
4595,21
4493,4768
2380,66
1904,4944
618,4939
4630,4738
3597,4772
4558,4946
3363,4776
3066,4904
2993,4728
1423,4775
2620,4748
968,2820
1124,4765
2515,4905
3692,1851
1613,4782
4027,4911
1470,9
346,1728
4198,3914
3962,4732
1924,4955
2431,4986
2039,4771
2590,4746
1530,4689
832,4772
212,4911
2339,5019
521,1831
4118,2772
2706,3
2665,4820
560,4894
165,1842
163,4883
3225,40
2242,4654
4726,1834
225,4670
4407,4772
573,124
3831,4894
4614,4818
3795,4786
1356,4878
3656,4747
4289,4720
3469,4762
1035,5020
2562,2817
1020,9
4350,4892
3030,4937
4246,4683
4841,4760
4595,114
4130,4765
3024,133
3625,2817
3370,4903
1006,5016
2470,4800
3866,2857
3466,4783
1528,4654
730,5
3841,4905
1293,4979
3337,1733
1464,4939
3119,2821
2424,42
2092,4687
4206,2783
1943,124
1637,49
1565,1844
1452,2855
1008,2786
1970,58
1389,5019
3773,1847
2453,4816
1033,4676
1330,2847
2486,65
965,4766
2066,4896
4227,4911
4586,318
840,2786
790,4886
1381,4817
266,3885
1045,1847
1091,4919
4023,4680
2264,4911
4167,4857
3873,114
2882,2785
1630,4689
4137,4670
2347,1742
3763,4877
2966,4267
127,4675
3467,5074
4145,4688
3815,2774
3486,4952
3750,4613
1461,2865
2685,4763
1959,4762
1138,4728
1948,4886
3175,4978
1116,3
3751,1842
703,4763
3294,2865
896,16
4834,4728
1046,4970
1232,4935
3527,1827
4572,50
686,5075
2380,1818
2267,4697
971,2857
3835,2796
968,4820
4107,4858
3629,114
685,4766
2777,4776
4867,4763
1811,4779
2002,4941
4432,3915
1705,15
3562,5002
3607,3883
948,66
4396,6
4124,131
2163,2808
2491,2865
754,4968
1363,4970
902,4912
1867,4935
1370,4917
428,7
4036,5073
2171,1836
534,4911
1147,4720
967,68
297,4746
2901,4734
3591,4784
2354,4892
504,4877
414,4900
4983,3878
4134,1818
343,1817
3966,4763
846,4764
2613,3924
1094,3913
1967,4940
701,2845
1060,4691
581,4678
3857,285
3628,4685
1115,4760
4421,114
1617,4670
5024,4817
3084,4946
4354,45
2421,4772
3842,1742
551,2813
794,1836
1284,2814
2432,4892
3483,4800
2750,4987
4715,4913
37,4906
4127,2803
4223,4773
3895,3
3164,15
2665,5074
2042,4688
3147,4979
2908,4831
1229,4919
4501,4890
3746,2835
823,4753
785,2781
1063,1816
443,4979
1707,1788
1579,1731
1038,2855
4278,4878
2271,2776
4155,4779
1798,4909
4556,4752
3635,3885
3618,4728
1411,4890
2228,113
4100,11
1791,2858
1271,4882
2687,4742
459,5
1511,45
304,1896
3102,4918
2350,4897
3076,4952
3006,51
2529,2827
1374,4935
1870,4680
5081,1827
3955,1896
404,4972
851,2844
28,2795
1349,4747
482,4991
3231,3877
4225,4731
1906,4900
2106,4905
3576,4878
4520,2814
3358,4938
1192,2781
219,9
1865,4979
4200,58
1385,2854
672,4738
3280,4817
2082,4996
3575,2814
4653,4780
1757,4901
1079,124
1004,1850
4299,2786
4446,1737
3011,4692
940,3878
3852,6
1233,1844
4570,4668
1062,4788
4030,84
213,4831
2020,1808
913,4857
2558,4880
430,66
4533,4687
3825,2867
5052,4817
4384,15
2022,4926
1736,4873
3717,2809
3143,4787
1164,4882
2995,4770
3619,115
2742,4797
1085,55
1571,1808
3345,80
1149,218
3748,5002
2957,2764
2922,4670
2661,1840
3518,1731
3330,4904
3409,4897
675,2846
3092,64
4088,4634
2759,2853
3748,4889
1944,1837
723,4918
4960,2788
3480,4682
4047,4986
2542,3915
96,1857
3554,4679
1070,4734
98,4776
3838,1730
1486,1831
3692,6
4325,45
1535,4849
1619,2840
1005,4668
3434,1742
1409,4947
2562,1731
174,1839
4560,4634
935,5066
591,4878
2961,2862
2076,4857
4325,1832
2460,4755
4868,4829
1395,1727
3315,4777
967,4736
4074,2820
3554,4777
1517,4919
4305,4970
3191,2795
1279,3877
2416,1896
3919,2794
4655,60
3696,2785
2737,2658
1582,2816
2446,4693
4374,4971
1505,4957
2884,21
4431,13
3384,4829
4369,4883
4529,2803
3338,2794
2356,4930
1081,4773
883,5070
1986,4993
3826,2845
3490,4790
4644,4729
412,1729
1593,4820
1000,2781
597,4683
4589,4873
3870,1860
3317,5016
18,4951
3568,6
5039,4886
4977,2790
356,3878
2601,65
1026,1842
244,4995
1258,4720
4573,4917
3981,2854
456,4787
4468,4988
680,5075
4058,4938
4319,84
1540,1855
1205,2796
2046,4882
348,115
3513,5020
4708,4829
235,4746
345,4944
1724,2833
3522,2822
917,4731
4285,2803
2403,4855
1745,62
2243,3915
483,4862
2852,5069
2670,4940
2104,4739
4073,2827
59,113
674,4771
3647,4920
2936,2658
3448,4993
1061,2774
3178,4736
2740,1732
2591,4737
4309,2772
1684,4921
3093,4730
4117,4832
3036,2844
2071,4951
862,4776
2938,4674
3793,2837
468,1834
2604,2858
956,1735
4864,40
3534,4951
2695,2813
3232,5020
1331,2783
2682,4789
258,4829
2869,4860
2501,4914
4203,3
1337,4780
151,34
453,4718
4838,4931
4393,2827
2383,5063
636,2816
4024,4737
1510,3884
4851,4737
92,2854
1219,1861
4155,2817
2626,4883
4606,47
313,4882
2327,4892
304,2846
1024,2835
542,4738
3052,4792
940,1733
78,2854
275,5
3853,4829
4851,1827
4013,2782
3700,2799
923,4669
436,48
3204,4682
2384,11
3705,4971
1106,320
1711,4958
2933,4791
3383,2856
837,114
3154,1732
235,1788
4565,4894
3163,4720
4532,4970
4044,4882
2158,4693
1543,4668
930,2865
1363,4789
3378,4855
776,4675
3949,2818
1807,4887
3284,54
726,4886
1265,5002
2873,4690
3672,1788
827,21
762,4987
3168,4820
2019,4894
3413,4739
4924,4253
239,4732
1073,4728
3013,4672
4606,4889
2352,1816
1236,1838
90,4921
554,2786
2396,3877
1909,4761
2992,4746
4834,1727
1649,4897
364,4996
801,2854
317,2809
2341,55
1939,4862
3562,3913
77,65
2706,1817
1559,1896
1402,2853
223,1730
159,4953
4232,4678
1876,4815
1566,4857
1158,4730
4295,2786
2449,1839
5029,4900
1893,1855
3975,4986
3249,2816
4259,1
2088,1748
2293,4969
4404,4742
2038,61
2797,4990
1082,4720
3965,2799
3154,4779
2306,5018
615,1844
101,1726
462,2794
1093,4677
3311,4761
4795,4914
1897,3912
3805,2783
4943,4800
4285,4736
4838,4793
2947,2857
2998,2825
2397,4940
1518,46
823,38
1583,48
2221,3914
339,4788
1515,5075
3047,1730
1454,124
4869,4734
4140,4738
1618,4992
3339,4894
968,2839
4186,4669
1282,53
3556,46
3513,4762
3176,2814
186,8
415,4760
10,218
1486,4820
2172,2855
2925,9
89,2773
504,4947
4636,4747
1191,4858
4476,80
3320,1818
1938,5065
2102,2794
2516,49
163,4964
3982,4861
1985,4671
1355,42
5026,5075
1180,2795
1504,2840
2466,2785
4054,4937
2441,4849
3715,4947
4512,124
623,4886
197,38
5041,65
249,4684
1285,2803
3581,1846
2434,2858
3129,283
3068,65
2403,4784
44,4668
4541,80
1309,2854
1189,4799
929,4771
4067,4857
2541,4909
1375,4873
3242,2823
1641,5077
851,1818
2739,4955
4710,62
2685,4267
1555,5016
3563,4765
4523,1850
1374,4990
252,5069
2344,4955
2761,51
1363,4926
4490,4962
3179,5069
4240,4689
3896,4799
869,4906
4121,4819
2485,4887
1797,2867
5008,4694
3638,5065
3931,2795
716,1840
1152,4873
3017,4786
4490,285
4653,4693
515,4654
580,61
3971,4992
4593,4830
3968,1740
2657,4690
3210,4885
691,67
3824,4751
4364,2812
1511,5064
4286,114
515,1851
1787,61
584,4793
2895,5016
2561,1817
538,4765
997,4685
1132,4966
2734,3884
202,2849
1866,1847
2499,1831
3502,5001
2505,12
2441,4940
1035,2768
1367,4996
4342,1730
3593,4731
43,1726
4500,2786
255,4979
842,4998
3141,4786
4714,4684
1400,4964
3048,4265
2668,5073
4295,4880
3294,4901
3455,64
2390,1856
2431,3882
1712,4913
591,4790
280,4776
4206,3914
4333,4952
3014,4732
1677,47
2080,12
3513,1850
226,4793
2496,4996
3465,5
2573,3924
1370,4819
2602,4991
1238,52
489,4858
3413,4634
540,4938
3407,3
2455,2824
213,4681
27,11
20,4872
1253,4988
3147,2866
3973,2786
1419,4940
886,4991
98,4932
374,2848
800,4769
2019,2796
4049,4678
2756,6
3705,2783
4319,2857
3289,4870
1775,4253
4076,318
4707,4861
707,49
4019,4692
1870,2824
4462,285
1753,4752
1489,7
3406,5075
1003,5000
507,4953
1427,4932
1616,2818
2159,2785
1473,4901
2899,4674
1109,5001
1300,41
1610,2837
1537,4903
4368,4788
2078,4670
2726,4986
4484,4670
1358,4886
3243,2829
948,67
4665,4900
223,2803
2442,4781
1021,5077
4135,4953
1384,9
2676,2857
3707,2827
3132,4819
2514,1856
859,4993
3923,4892
202,4775
169,4904
2331,4691
557,4741
5021,1846
828,2837
3136,4799
2680,4768
3231,4735
893,1851
3995,285
3187,4892
1194,1860
432,4676
4429,4697
1980,2838
238,4685
888,4910
916,115
1052,13
4871,4989
1687,4728
3002,4915
1360,5074
411,1731
804,2816
4094,4897
1901,4728
221,1832
2481,5020
1947,1816
3046,3883
901,2864
2875,4902
4416,4785
680,4969
4151,46
922,4906
1968,1838
1679,2864
1624,3882
4804,2858
1796,2812
2881,4889
4124,4747
2155,11
1014,4784
2155,4861
1914,63
3727,284
3358,11
229,4782
1227,2862
3034,7
4833,285
1134,4988
1598,4885
3322,4995
1198,4920
3296,3879
4049,1
1410,55
374,2803
3031,4878
2096,4737
393,4926
1667,4764
3529,115
4621,4768
2023,4916
3646,5070
329,2773
383,2800
3856,4801
2753,4754
3415,4910
4154,3877
796,2785
1528,4248
2282,2817
2985,132
4703,2818
4037,124
506,4723
4537,4777
2179,3877
3140,2848
2123,5069
1514,133
1247,2781
877,2839
139,3915
1146,4692
1294,4793
3617,16
882,3505
3998,2845
1705,4906
4284,4687
209,131
2417,4918
3925,4778
1941,3877
1427,2829
2903,1729
4386,4251
137,4870
4423,4968
1313,4993
4487,2767
971,4862
1668,2856
4487,4678
1290,4966
3436,4902
4232,84
893,4930
912,4789
4447,4889
1820,2765
894,4979
514,2798
3353,2774
3183,2671
2064,4906
790,13
932,4910
1943,2786
94,4765
1498,66
1320,2772
3378,4816
4409,3879
3831,1838
2242,2658
1882,2858
2597,4763
4233,2853
3480,4683
2955,1849
3341,4889
1338,4883
2659,4965
4767,2848
4163,4783
2318,113
4285,1735
4704,2816
3307,4913
22,2843
2629,2823
2754,11
1889,4910
1940,4766
4519,4249
4158,3883
5068,1842
4274,1818
2255,4989
2632,3505
596,4773
1534,1732
905,4691
2271,64
3354,4824
3344,70
4576,4896
1208,49
1931,4799
4213,34
2116,4891
871,4819
1559,4750
3653,2767
4020,1734
1183,34
3812,2776
1940,2821
4520,1850
1190,80
26,4697
491,16
4646,4996
3528,1837
77,45
417,4759
1004,4781
2377,2837
3802,4995
1427,2843
4725,40
4351,4749
3485,1847
4470,1831
2421,6
1715,320
3214,3
2239,3
2478,55
397,4820
3517,4761
19,4693
174,2858
3255,4799
2465,4730
243,2823
3392,4909
3301,3885
2515,46
4541,4907
1023,4876
3908,4880
4539,2823
1877,4901
1205,2795
734,1817
3557,124
2306,1851
3266,4848
4268,4788
2353,2812
479,2671
3552,4966
2332,52
4096,1737
3790,4733
4239,4913
4650,5000
1169,4613
1884,4754
1370,4888
3578,2843
1783,4689
3594,2855
3653,4870
4405,2786
1794,3883
3508,4939
1885,4780
1497,4251
2441,1841
3852,4668
1278,7
1506,4996
2589,4998
3572,58
1588,2796
333,2808
3153,4906
4653,4751
2928,2818
388,4780
1219,4860
3290,3914
1704,4753
2200,65
4290,56
2615,4684
4479,4675
3717,9
5056,2779
4599,4991
3526,4733
213,1851
1926,2837
2486,4915
2532,13
4504,2829
1300,2854
1136,15
1642,4919
3611,2783
4740,2847
3311,4901
4562,1835
292,1857
1931,4888
2148,2817
2401,52
1550,60
2058,1861
2620,4996
3039,3912
3908,4870
3800,4743
828,1841
1697,4685
3774,3924
2027,4828
460,4934
2064,2658
3992,2810
1205,2813
2702,4774
1189,4762
1774,1737
4016,145
1014,4889
4159,4686
2650,61
1668,3505
2999,52
3888,1729
2052,1827
4308,8
2108,2829
1520,4877
187,4887
4220,4831
1165,4675
3763,1840
4593,2783
1602,4759
2143,5004
1959,2788
4361,4683
2220,4747
1327,4772
1249,285
2723,4679
1276,4679
552,1733
1018,4915
4391,4674
1292,1731
1415,34
3266,2865
5024,4634
3854,4773
3464,1836
814,2867
3821,4686
495,2816
400,61
176,4791
357,4728
2062,4678
2234,2821
982,4937
4359,4668
2073,4962
1585,4781
1471,4734
2167,4742
3543,4679
2383,4677
4007,4777
2595,4728
422,2853
2470,3880
344,4860
140,6
2730,1836
4012,1848
3744,38
461,1896
2149,1846
4238,52
3131,1788
833,4696
427,4900
4038,3915
1763,4993
415,2796
1345,4947
1282,131
2778,3505
1054,4965
110,1844
2494,1735
4983,2855
587,2826
4701,4979
3193,5
1607,2840
3272,2826
303,4929
2521,3924
2590,4766
2370,4676
2898,42
1632,5020
1988,1735
2091,3914
1747,4870
4346,4253
4025,4998
2062,4769
3186,4829
3413,132
3842,34
914,5077
744,2831
2902,4990
1973,4916
3726,1834
3159,2821
2933,1839
2443,1731
4698,5064
2575,4754
3863,4961
3581,2798
3565,4680
3581,1860
2378,4694
823,2854
354,4764
3986,4921
3115,1726
154,4951
4620,45
128,1742
908,4858
960,2803
2524,2772
4019,4889
2663,4799
3789,2824
3281,55
4384,4990
1519,5019
4168,67
876,4847
4402,4718
5041,1748
3289,3879
1224,4777
2672,4892
2724,4909
1418,2799
4137,4880
3079,4735
1322,4737
3688,4978
734,4997
2747,2847
1973,11
3797,1735
1639,4732
4237,4736
2153,5069
571,55
3559,64
1374,4878
5054,4910
161,4986
3967,1833
3702,1740
3542,4965
3990,4264
1309,2808
317,218
3943,4759
2743,132
100,2826
26,4718
1429,53
1561,4965
3668,4671
3905,4251
1871,4672
2371,53
4722,1840
1188,2838
3460,4737
59,1728
4722,45
4575,2781
2046,4681
39,2765
2447,4929
2473,3882
1087,2779
4141,4946
1564,4929
2181,4832
4254,4723
2870,3883
2441,4979
2097,4731
680,15
3476,4848
4359,9
4087,4816
3006,2671
3068,80
3731,4913
2192,4635
3457,4723
3356,2849
1412,2809
3866,5073
1216,2820
1101,4926
118,1728
314,4953
24,4671
4388,2858
3649,1816
5084,4785
1892,1862
3008,3924
3018,4720
2606,2841
2319,2848
3365,1848
3476,285
1180,4847
166,4953
2459,4753
742,4941
1722,4935
3507,2839
3450,3878
2019,2865
4042,1846
3815,5064
2693,4894
2740,2774
4851,2822
78,4926
263,2849
2905,4901
3218,2821
290,1835
2565,4723
1035,4782
4309,4907
1298,9
2582,284
560,4878
1397,1831
1503,64
4386,4731
2652,4915
3189,4782
3078,4915
1640,2776
515,4780
1918,15
3120,4746
3856,4996
1054,4855
3954,4858
3159,2857
3566,4748
4983,2773
1109,42
3760,4879
2750,4830
4216,4876
2590,4903
2081,2782
224,4738
612,4801
3430,1732
118,4729
3730,2848
1377,2860
5044,56
2819,4896
3025,2813
3767,113
1926,4682
4015,3924
272,4872
3811,11
383,2835
3984,4957
848,4801
3929,84
3940,4917
3222,4956
2881,2848
4087,4774
128,4829
4559,4816
3780,4779
2113,4693
421,4772
1310,5018
3723,68
982,1816
1955,4886
2726,5066
4036,2779
2258,4947
3986,4265
3193,66
2111,2851
4569,4680
4384,2781
3250,11
3423,4801
3077,4931
3479,4819
817,3914
4538,1728
2685,4681
1179,2826
4594,4870
1465,4686
1852,4820
2452,4934
3369,2820
3150,2837
2171,2825
3953,4654
3069,4880
4317,4966
1803,4674
266,2866
3262,54
3237,4249
902,2839
3153,4972
4643,1831
4339,4759
3005,4250
1366,4728
4337,4860
2058,45
3739,4754
2900,1844
1510,319
1212,4995
1506,4768
2758,2786
4387,4774
3561,2783
1419,2831
4881,2864
3021,2794
3208,4815
4074,2786
2961,1733
972,4847
2456,4947
183,4830
4976,2826
2110,4672
1222,132
595,4720
4974,2821
1686,4901
474,4901
4413,4770
368,4730
2402,4780
1122,4963
545,41
4615,4884
1245,4870
2990,145
1599,4850
2353,124
2690,2825
1634,62
1372,1737
613,5069
5049,5004
155,4966
2393,4749
2771,34
4000,2832
3602,3878
3065,1729
514,4697
2488,4855
1935,132
3211,4792
3098,3885
4822,5066
3988,1841
4898,4900
1026,68
4584,4890
1554,4778
3953,4687
2340,2785
1929,4691
3266,1843
995,1837
2384,2825
3448,3878
2244,113
485,115
2736,4673
3515,16
2706,4914
1171,4778
2718,1817
273,4996
3541,4815
1148,4913
834,4978
1111,4956
4334,4921
2691,4993
2925,1734
855,15
1706,1
2698,1856
2850,4760
4625,2811
4043,1862
3894,318
4451,4921
2750,4858
676,3913
1746,4771
3861,2785
5027,4938
4582,2783
1799,7
3940,4954
802,4992
674,5069
1263,4747
4101,4762
2609,1846
293,4694
3322,4784
407,1851
1535,117
1387,4877
2551,4249
3121,1861
4534,4788
1612,4692
2431,4681
3455,132
2181,4935
3995,45
1390,1851
1591,3924
2828,4850
3312,4736
3717,4789
3932,2798
4268,2781
3552,4969
5037,2846
1201,1850
1260,1737
1246,2790
2534,2835
3701,2831
519,2848
2593,1808
1933,1860
4017,4991
1880,4963
3492,2860
1090,4675
1325,4690
4898,4918
2480,4889
3533,4938
2211,5019
1871,4890
2958,49
1969,4679
3344,4990
4808,2795
1332,4862
1801,2839
1444,4880
531,4847
3516,4847
1600,4678
2001,4918
3321,5070
807,4849
2906,2823
4618,1856
3327,4894
3862,4768
5024,2773
3024,4671
4472,4763
5025,4251
1290,4998
2667,4675
1406,5073
2635,4634
1307,68
2147,2822
414,4787
3574,4892
883,4929
1828,2846
439,4697
3062,4958
4663,4996
1255,4931
3826,4694
5052,4944
2018,5064
1054,52
2679,4905
1567,4886
3969,3881
4498,4690
1587,42
2132,1732
620,4732
4254,1735
3691,4774
4288,4727
3930,4760
475,4762
348,4882
2349,4739
4335,4958
2133,2844
3208,5065
120,131
2922,2812
2308,62
553,3885
2472,4685
1265,2790
4927,2866
3764,4920
919,4683
1254,4764
3643,4793
774,4668
982,4690
2268,4782
3942,4248
4277,11
2144,4905
1968,4686
2426,42
2792,4997
1154,132
853,3885
3845,2787
1900,4738
685,2658
1194,1835
2067,4784
3780,4911
4867,1834
4049,2795
4207,319
1343,4913
4628,2784
1202,4743
1313,4915
2116,4761
231,5020
4522,4765
3686,2831
4140,3881
4588,2786
3582,2817
1917,4743
3128,3879
544,4847
1581,1849
3596,4729
845,2821
1690,4860
489,4988
1557,3914
3440,2773
3806,4677
3272,4860
4188,5069
1232,2855
4358,2853
310,2851
1668,4907
1513,320
1005,2786
3887,2776
774,4989
1588,4963
3116,13
1199,4894
3187,4763
2090,2799
3907,4691
3423,2786
3887,1843
424,4998
3473,5019
1440,2851
163,46
2718,320
3213,1848
1677,4986
520,4682
210,4679
4150,4691
4416,11
4498,4966
1972,5063
1074,1833
535,2849
2738,319
4247,4769
1010,2866
2430,283
902,5001
43,4938
3306,3914
2614,4886
2890,4848
4523,4995
2354,1841
721,4789
4667,2823
4040,4947
212,4997
4063,4958
1639,2839
4252,2835
4928,4887
2324,4762
4463,2779
5041,4819
3552,53
3056,42
1536,4879
938,4932
2408,3884
2724,3878
4129,2765
1449,53
4131,2849
1641,4670
3959,2799
4833,9
2546,4777
4001,5065
3202,4763
1874,11
4343,50
2336,4892
3372,4815
4486,3913
324,4905
4216,4946
2436,4680
4544,4953
299,2857
980,2814
192,4743
4006,4990
1172,4860
716,4829
475,4937
4509,4730
2890,131
2721,4991
1547,145
1323,49
3965,114
3014,4743
861,2824
3248,3913
2197,4732
1174,4730
910,2841
4835,2794
2144,4728
3918,2810
3858,2867
869,5077
504,4727
980,4776
2889,4991
3103,4769
4120,8
1859,4953
2495,5064
4346,4910
3292,4267
981,2827
484,2773
3840,2782
1490,2837
4875,1849
1977,4694
1929,51
472,4681
1429,4730
2454,4728
2067,2790
526,5
888,4870
1650,2853
4513,5069
1376,56
4167,4775
1140,1
4615,4755
3945,4932
1746,4681
2804,4936
3313,55
4442,4783
328,1827
4228,5020
3795,4777
3145,1742
786,4921
3855,1817
806,4971
4329,4828
1791,3505
1775,2844
3741,1728
4977,4885
2102,4797
1877,16
1139,4768
3245,4681
2432,4675
894,4921
4433,4782
208,4267
1492,4951
1570,2867
2117,4938
2791,2848
2001,4799
2417,4831
917,4670
270,2779
1350,3
2685,4930
3665,1855
4299,2843
3773,2808
3356,4264
2426,4266
3716,4885
200,4654
230,7
3468,4635
4881,4682
4064,4947
3541,2839
1157,1842
1341,4888
5025,4861
513,320
2076,4748
4081,4964
3369,4768
4893,3879
2871,4926
1323,2827
3208,4962
1713,4682
3065,4856
4236,4729
3509,4830
4706,4832
1131,4736
452,4739
3617,3879
1290,4732
2627,4910
3806,4966
3940,11
2664,2776
2666,2788
3188,4248
1592,80
2469,4909
4057,4748
3178,4889
3312,1788
2347,4727
4493,5020
301,2823
495,2855
4388,5077
2727,4887
3785,1817
1264,2860
713,4889
2533,2858
4440,5063
2744,1838
3645,1836
2580,6
3552,319
4866,2841
298,4887
995,4743
2964,4791
3357,2844
348,4907
1170,2853
1262,1735
4335,4897
2674,4752
2267,4970
2141,4941
1313,7
1713,4762
120,2848
2938,4774
4300,1827
2999,4944
1363,115
4540,4855
1489,4939
2433,4752
4854,2831
4581,4947
1700,5004
2279,4688
496,116
1678,1731
339,1844
1467,4988
1389,54
3607,2803
1236,4941
3109,3914
28,2865
1294,4912
212,4920
3634,5019
2116,80
803,3912
518,4759
3235,4829
1422,2798
1375,116
1923,4987
181,2776
3499,4877
1066,4674
2434,4848
942,1727
476,4689
2680,4978
1083,2811
2126,4944
413,51
4528,4996
2246,4768
1223,4914
1242,4777
3721,4906
4047,4828
4451,4892
4448,3
4113,4731
4811,4877
2996,4954
2529,53
3487,1832
4313,49
2304,4730
3940,2856
2127,4739
3696,4680
4703,5016
3791,4680
1344,5
4099,4902
1193,4735
2990,21
2122,2813
106,1896
830,4801
1955,4889
2222,3914
529,4861
345,4760
3669,4919
4229,4876
2052,4817
1211,2822
3984,4732
655,70
2953,4848
996,4940
1754,4862
3097,1838
2312,16
3757,4682
3891,3924
584,4965
1998,4872
1479,4872
2254,2813
293,2813
169,4910
208,4932
3845,2827
3152,1732
522,4970
121,4870
4042,1849
3356,3912
3565,124
1449,4747
1194,5070
3068,1838
4590,21
3756,3883
1035,4686
3752,4870
3901,4848
550,1838
3951,2810
2914,2768
2580,4954
3998,4879
219,4955
2344,4695
1942,1841
937,1788
2026,116
1125,2773
2252,4989
3870,5075
2200,4896
3580,4793
4457,4678
4361,4883
3706,2822
1476,4669
1830,4786
1196,84
2317,4930
3359,3880
428,4769
3106,284
3595,4991
1522,5070
2017,2788
2718,4849
3510,4754
2425,2772
1385,2788
1121,4267
2875,4265
1583,2789
1746,4929
2239,4903
2993,4777
3559,3878
3564,1740
963,4682
3517,4693
1915,1862
2253,4891
413,2838
2122,2799
1586,4669
1190,2818
2909,2795
2420,4774
520,5074
866,4940
2691,4718
3795,4894
919,4785
2888,4992
2083,4862
356,4784
121,4775
3834,4613
3177,2846
785,4886
330,4762
240,4718
2006,4672
3267,1733
4490,2658
2390,4697
1211,4987
3909,2768
4519,4986
843,5064
3941,4784
363,2818
3909,4679
2129,4672
2634,4820
2194,4681
3839,34
387,80
2471,4674
4414,64
800,4815
4233,1
2357,4886
3958,4940
1482,2860
1224,52
2408,1726
1578,53
2906,3915
4294,4887
1292,3915
689,4951
1167,4686
201,2803
4412,4979
1799,4884
1978,2840
4008,1848
3329,2841
204,2855
3789,4783
2080,4856
5045,2818
3647,4689
4038,4763
4436,4773
3773,2767
4537,1731
2943,4746
3956,4731
4488,4994
1602,4988
2391,2824
1182,5064
3985,2786
1988,3885
393,4829
5040,65
4135,4991
2955,4848
2907,4884
3118,2782
1410,4735
4490,1837
4866,2794
2929,53
3235,5001
2282,2798
503,4774
4933,1730
1130,131
2106,1845
613,4816
672,4755
1503,2864
341,4930
3003,2867
4114,2857
3620,4739
2010,4678
3847,5065
2005,1817
4875,5073
1611,1726
635,4883
2225,4884
2979,4885
3374,1734
902,1817
1257,62
2478,53
2461,3
148,4965
2924,3913
439,4696
4255,4778
1671,41
4648,4793
3933,2844
2482,4790
3477,5077
4033,4951
3635,4858
537,4723
876,2809
2609,4916
554,283
3431,319
3096,4941
2300,4782
3297,4938
35,4903
2289,4909
2087,4887
549,2856
183,4946
2936,4735
815,2860
972,4963
1476,4934
912,4675
1139,4996
2505,4681
1503,4730
2504,3881
3105,4773
4580,4727
3553,6
2026,4929
877,8
1916,4731
1424,4792
1692,2841
1201,132
237,3883
1783,4691
4519,2816
4392,55
2868,2851
4615,65
3278,1860
729,1733
3050,4966
1984,1837
1724,48
3064,2768
2084,4912
1171,4952
197,4751
1783,4800
2908,1849
4240,2764
181,2799
1294,51
2109,5001
3394,4885
4868,2862
2097,4929
2561,2671
1681,4769
3648,4683
370,41
4094,4941
2836,80
629,4723
2907,2784
3012,2848
4207,4951
436,2776
1687,4267
1302,4912
4362,4729
2388,2823
1802,218
3239,5020
2210,4815
3693,9
3590,5004
243,2839
1961,4760
4051,4670
3205,3881
1272,4766
1873,1843
3616,84
2188,4890
1258,4848
2656,5074
1227,4931
2151,115
3095,2862
3213,4787
3468,4720
2738,4885
425,4728
3490,2788
999,4727
2354,4801
766,4934
29,4741
4087,4894
2501,4734
200,4738
1395,4979
3122,4847
4811,1896
2707,48
912,1896
289,1837
544,4914
1113,4249
3282,1816
3725,1862
3054,4737
865,3912
415,4759
2540,2800
2452,5000
2023,4936
4533,3885
1402,4978
2355,4786
4506,53
75,145
3352,4882
3507,1734
121,1843
4532,2795
182,1896
1000,4956
4120,4737
1410,4965
1655,3885
1153,2817
2749,4688
2364,4952
3464,1838
1987,4930
2032,2800
3565,4803
4090,2838
3541,1896
2971,1862
3673,4679
231,2820
190,2800
942,4265
3494,4730
167,34
2251,4912
894,4876
1965,2849
2691,2786
3705,2832
1711,4856
25,5016
3949,145
3223,1848
1255,4855
1229,53
3146,4771
3163,4675
2679,2858
5037,4953
2679,4797
475,4857
1547,4937
3159,4855
2153,4912
2528,48
1974,4679
4520,4882
2015,4995
2099,2773
4546,4743
2266,4832
3154,4955
3157,4765
3407,2844
618,3886
1405,1841
4303,2774
2276,4681
619,2814
2525,1727
711,4690
2,2848
3309,49
1801,4267
751,3915
605,3884
1401,4687
562,3880
1182,4676
3736,4917
1449,38
4197,1896
1160,47
3036,4671
1907,2835
2195,3878
2453,4886
2910,2787
3764,4770
4698,2786
232,4830
4950,41
3695,2854
929,4934
1586,2844
2766,4693
1304,4929
1547,4761
1139,1748
2708,46
703,4929
3823,4748
2074,1816
4261,2782
879,1837
201,4995
3301,4754
4601,4762
762,4907
764,4635
874,4897
4083,4909
2927,4787
3299,4676
1449,5004
2324,4987
3337,4780
2679,4787
59,4250
1153,1817
2209,2860
4548,2866
3082,4697
679,2841
1198,4992
2220,4683
4564,4998
965,320
832,4873
5051,4765
3499,4720
2936,2814
3310,42
3602,4972
1948,4734
1493,1728
205,4782
4208,2824
5039,1855
1515,4832
4474,3615
4156,4738
3371,4820
1311,34
74,4801
4927,2772
3151,5
1310,4728
2299,4989
4581,2814
617,4250
1541,4799
3171,4889
4330,1860
2921,84
2158,5066
3847,4992
3575,4872
2682,4681
4539,48
4583,4979
151,3886
722,3878
623,1735
1244,4800
4282,4903
1375,2772
803,5018
1050,4774
1506,4762
503,1733
3980,283
2184,2839
4334,4723
596,2808
4099,4778
1090,1835
4053,4904
2051,4885
422,3884
3181,2783
592,3885
842,2844
2910,4742
325,3881
1030,4900
787,4754
3063,4831
3119,53
2877,2816
3222,4915
2684,34
396,4671
1068,4964
4162,4249
3910,4749
1081,34
2205,4964
3346,3915
1509,2782
1428,4953
2132,4907
247,4693
1154,4995
2956,285
4012,2826
4840,4763
4496,4912
2138,4884
595,2790
575,2866
2599,4993
4577,5069
253,3882
897,5070
1784,4634
3998,4264
873,60
4532,1835
1545,1834
650,4750
3183,4935
2173,4910
1158,3505
595,1729
919,13
3118,2818
2766,4759
4401,1838
4361,4250
3747,4847
1191,4968
966,40
1278,2798
3158,218
430,4920
2911,4753
2850,2841
3047,5020
3072,3912
1185,4894
1975,4775
3581,2800
1144,319
998,4965
1072,1808
3208,4897
3639,4267
3975,6
4454,4961
3272,4917
137,5065
2498,4897
3842,2839
4586,2767
2947,4732
3887,4872
3540,4946
1679,4751
1391,218
2094,4264
4563,2813
651,319
411,2800
957,4801
2433,40
4005,4249
3629,4734
2081,1844
1323,4944
3125,4762
5007,4888
4702,5077
4623,2809
3233,4873
2912,63
900,2658
3430,145
2942,4754
999,4253
708,4916
205,64
359,2851
1574,1842
1738,318
2900,4675
3955,2854
258,4754
434,56
828,4784
255,80
4422,4671
2434,1748
72,5075
3889,4729
4333,1843
111,5065
2296,4790
1440,4860
229,5065
3001,4880
5041,2812
1455,34
2548,1731
3032,1808
459,4739
4604,4739
2219,116
2016,5066
1112,65
3301,4695
2637,3882
1355,2803
991,4769
2238,4635
449,4921
439,3882
1275,1848
623,2851
655,2784
1984,4818
350,4668
2686,2833
2664,4787
3327,4792
3901,2786
2089,4954
4055,4894
3078,8
2574,4677
3380,4792
619,5065
4984,4793
4575,4876
2930,4848
290,4694
696,2765
3665,54
258,2820
3067,2774
4001,84
3871,2812
4980,4909
1341,2855
1610,132
346,4769
155,46
2636,3885
748,1849
4296,3882
789,1827
249,5069
3538,1725
2652,7
3092,4890
2515,2825
3370,4676
4372,4824
3323,2840
1710,2820
436,4831
508,4829
3853,4900
2700,4760
3012,2765
1248,1841
3577,1857
178,4735
3667,4887
2025,1843
3235,145
4398,4886
4164,4828
3287,4773
5062,3915
4526,2803
584,4693
2233,4857
342,4901
3998,4779
368,4635
1272,4739
2166,5000
1490,4956
2212,67
2262,4988
653,4735
3730,3883
2354,4683
2726,4965
3222,4990
3173,4990
3960,4735
4167,46
74,4267
3063,4785
574,4750
938,2796
3766,2800
2701,2768
992,3878
2143,4855
1755,1855
2322,11
2459,4828
2991,4911
1220,3883
3325,2843
4401,3877
225,2808
1167,2767
1649,4776
3186,5
3559,4248
4441,4743
618,2671
4338,1850
3476,4969
288,4670
507,4770
935,4695
4527,4913
3468,4264
1004,47
4167,4815
925,4926
3174,2785
4367,42
2471,4723
3306,4782
2173,2808
2942,2853
1693,1742
4133,4828
2522,4902
1335,4696
723,1844
2753,4995
234,1841
2667,4677
888,3878
579,4266
4386,4894
2113,2864
438,1841
2902,3884
274,1838
2341,4761
2000,4918
2737,4759
1128,4668
192,4797
4949,1848
3829,4947
2898,3885
2130,1731
3757,2787
3492,2799
2707,3505
2212,113
1308,4951
1044,116
2548,41
999,1788
905,114
2519,2822
834,56
2178,2798
398,4777
2884,4832
4083,2783
1691,2776
4156,2844
2897,4971
4949,4963
1890,1728
3901,4675
4444,4896
3203,4784
1553,1808
2000,4824
2089,5063
2074,4879
1305,4669
1805,5004
3195,4759
2686,2799
1554,4748
3762,66
3733,4694
999,4902
0,3884
1117,2764
1968,4672
477,4781
2505,1727
4601,4911
2208,4995
2749,132
376,4831
3294,4781
896,4886
2432,4955
3056,2800
3420,113
1958,2823
3180,5069
4474,4896
995,4993
1560,1840
4233,60
4542,54
1911,9
961,4676
2988,2833
3262,4848
464,47
4577,2813
3335,9
3319,132
1439,4764
3630,4671
3643,1844
344,4849
1482,2768
2603,2825
1368,2788
3278,4931
1672,4678
4321,4672
4464,1816
959,2790
173,4781
4628,4739
612,3880
5013,4987
2709,4797
3448,4900
1530,4964
23,4890
1638,1841
3579,284
747,4723
2708,4731
4244,1818
1673,4992
2109,4679
985,63
5060,4904
2334,5001
369,2814
4705,4996
4122,5000
1300,4828
2876,3924
1249,4873
3232,4671
2632,1788
1145,5064
426,4790
3971,4635
1648,4786
4281,4759
1191,4800
1959,2785
337,7
4428,1843
3944,84
4657,1827
2194,4764
4744,4978
1543,3915
1562,2796
1553,4965
1545,64
2424,4894
2003,1788
1051,283
3052,4891
4020,56
3902,4931
430,4883
91,2799
1980,4919
4804,3877
2197,4253
2214,3882
554,4978
3981,4891
2327,4910
1552,2767
1629,4696
3029,2854
3948,3882
3991,4251
4143,4731
3299,2786
1401,4766
4447,114
4309,2849
3901,4884
302,4690
3497,4956
654,4749
1330,80
3248,5019
763,1841
1581,4935
3540,4905
5030,55
361,1733
3403,2866
4090,38
4314,4787
1078,4832
3258,4857
4660,16
3145,2855
3646,4824
4283,4768
932,4979
4838,4797
2403,4887
3893,5020
2541,1860
2314,4774
4042,4684
3433,1788
669,4779
1423,4956
1775,4907
4430,4768
3101,4739
950,4683
3856,4718
4054,4737
400,4889
3063,4888
331,4979
3583,2848
1270,4988
4350,4769
4105,4739
845,4634
420,4689
3764,4894
2244,2768
4529,4735
3455,4792
3594,4896
2421,1740
3270,4900
518,4777
501,4800
3943,58
4027,4248
2341,4685
4591,3878
94,4266
4217,4891
4113,4250
1528,2838
243,3882
1296,4749
1522,2817
398,5066
871,320
4745,2817
1760,15
2388,3615
4141,58
2315,4771
4189,4747
2743,4771
4638,3914
3481,4686
3374,4832
2508,4765
1898,4992
2705,4676
2470,1732
30,4687
2913,4921
718,2832
1391,4962
4642,4789
3731,4900
1531,2835
3987,4750
904,4777
4626,3878
1974,4775
2398,2800
2375,4991
1119,4884
0,4904
4802,4955
1708,2774
3586,4858
3164,4882
1678,2782
565,4694
4192,4718
57,3877
3326,1737
2050,4779
1464,4251
1275,4772
553,319
3127,4972
1078,4892
669,4654
1655,1734
756,68
734,4635
3020,2767
2989,4888
207,4793
3107,2839
2406,4769
3263,2833
696,4857
2432,4998
4231,4766
1379,4947
1072,4793
1185,3915
3810,4634
2502,4787
2728,5070
4537,4848
3830,4697
4213,4687
2533,133
1298,2809
4178,4793
386,1862
2442,1840
1435,68
3520,2821
913,4791
5048,65
1675,2773
3156,4914
653,63
1810,8
253,1861
4606,3885
156,2821
1255,4916
1975,4688
3213,3885
289,4634
2203,4909
3659,4768
2240,5073
614,4793
2156,4816
712,4934
930,2800
4467,51
1873,60
3000,1735
1164,3885
4637,2837
4377,2841
2000,2811
1469,4748
274,5075
2149,4789
4436,4691
2273,4966
943,2820
4700,4762
3326,4947
2541,1832
1388,4905
4705,4673
2563,4686
341,4792
1705,4743
2441,2822
5043,21
631,2855
1484,4769
4893,2832
710,4691
4310,4635
1552,4777
886,4689
996,4911
2403,4992
2688,5073
1870,4832
4121,4769
1874,4818
1525,4870
4544,2794
3892,4613
4105,4799
4125,4750
4331,4883
3944,47
388,2823
1243,4954
2000,4671
3320,4935
3826,47
4046,1860
3138,4789
4813,15
3481,2790
2481,2849
4508,4803
3968,4946
558,4774
3548,4783
4093,2809
4197,4919
1102,4727
1717,4916
2337,2776
278,2843
3073,1837
1056,1843
1958,4897
2450,5019
967,4952
2618,4989
4303,4672
4401,4995
3956,2854
3472,4879
847,2825
3067,3877
3127,4748
151,2822
2945,4830
4595,4264
4842,4830
345,133
2117,4908
2570,1862
5006,3879
493,5
476,67
2119,4964
3713,50
3342,1836
570,4267
3667,2787
2889,132
3784,4935
815,2820
1221,2817
705,4672
4510,4775
3437,4736
521,3879
4959,4993
1462,4921
2374,4786
3480,4723
1648,2856
1133,2864
2443,4765
1353,4848
1801,4997
1914,4870
3657,4691
3786,4873
3340,1839
3893,2831
1131,4817
1032,1730
1439,4264
4580,70
970,2855
3356,3914
987,132
3733,3882
727,4993
830,2788
810,285
2792,1850
2469,4990
3951,4919
1609,4916
3280,4727
4435,2821
4712,4691
2048,2827
3785,4799
4474,4970
2239,4675
2684,4954
4667,4994
734,7
5050,3882
3889,16
1075,1845
4047,4780
505,4746
797,4964
516,2844
2585,4816
163,4995
2138,218
1613,2767
2516,4734
3699,4251
329,55
421,2867
57,2772
2714,4778
14,4917
733,4718
1998,3886
4243,1728
415,65
4065,4790
2143,4723
4425,2844
777,4989
4700,4815
371,4674
607,1848
4551,4746
4700,2843
4023,1740
146,2783
2981,4918
2249,4735
3215,4856
3714,4915
3039,2789
1890,4769
3847,2841
1370,1855
3590,116
1631,2796
5024,4870
4509,4930
1415,4831
4237,4819
3981,1833
5028,4991
4130,2779
897,2849
2882,145
4027,1857
1525,4890
3999,5063
1156,2825
4643,5069
4576,1817
3805,2848
2133,1726
790,2857
3855,1725
1023,4695
951,4250
3990,38
326,4749
4643,4954
4080,4824
1083,124
2173,2789
2004,2832
475,1725
1223,4995
1046,5016
493,2808
3482,4250
2941,62
2087,4780
3332,2821
1298,2767
4835,3914
2437,5069
1334,47
1313,4997
761,2811
1485,2813
3962,5002
179,4695
789,5069
564,2810
1440,4730
1142,13
3857,3879
4075,2818
750,1836
2208,2790
1592,2840
5043,4687
194,4815
3042,1839
4633,4264
1769,56
1698,2840
3373,1833
4203,2866
3095,2820
3348,55
3584,4635
1088,4992
616,1816
3722,4972
1444,4782
2258,1831
4113,117
843,4762
1322,4789
3103,4824
544,4904
2705,4910
1574,4718
2254,2783
305,2857
964,50
4246,1850
2044,4265
4395,54
2028,4677
3062,3913
530,4774
3996,4251
651,56
3653,4769
2082,133
2120,80
175,48
4895,4862
3430,4634
1530,4754
471,51
851,4850
1303,1726
4065,4886
3294,4768
590,63
4032,4783
3698,56
2162,4750
4532,116
1324,4998
697,4755
4588,1734
2901,4991
3062,1855
3229,4901
4657,4964
383,4939
966,7
2165,1856
1990,4907
1477,4748
228,2838
2939,4904
555,1839
3768,2774
2741,4913
2091,12
448,4674
2222,60
3526,132
4472,2803
2881,4857
801,55
810,4679
2094,5074
3585,2833
4178,1831
3194,2824
2591,2860
1599,4738
3971,1840
5035,2831
452,62
279,4900
4643,2808
3650,4819
2603,4830
911,4793
4245,2774
3174,4956
1252,4900
2093,4965
2594,4938
1222,4697
1035,3924
2718,2864
79,2856
2911,4884
3129,67
2278,2790
581,4742
1400,38
1337,4678
4591,2858
2652,117
2990,4993
3399,4831
541,4782
3863,4731
1170,4936
2894,1730
3793,4685
856,4886
2759,46
4400,4688
57,4670
2519,63
1608,4737
25,4978
2270,9
32,1817
4592,4897
2603,4250
4039,5020
1761,285
2678,53
4197,2857
4826,21
2947,4761
4714,4816
4592,131
2269,1844
2735,2785
593,2786
266,4885
4040,61
3677,1848
1913,318
1752,124
365,3886
3521,4891
4942,2823
2089,4886
2306,4916
2659,4916
2068,1725
1823,4876
2616,2776
1512,4264
1960,1725
3491,4966
2439,2844
2087,2845
801,2783
5029,67
3984,4678
1139,2847
2124,2658
3107,4793
1907,3615
1717,2812
3307,3
3942,4926
1449,4784
2019,4754
1200,4730
1903,3879
222,4862
2394,1808
2705,4251
4215,4688
2518,1847
4520,2765
2379,4907
4210,15
839,1851
3716,1832
1934,4818
2367,4848
3402,4876
905,4828
4435,4966
2481,2826
1503,2838
2162,4786
1506,4613
2760,2832
3360,4797
3206,2865
4633,2825
3565,4801
1324,84
4075,4905
1760,114
4943,65
3541,4963
939,4791
483,3912
3736,4952
3991,4250
1231,2857
1780,2768
3628,2817
1344,1818
4064,4730
3684,4741
2376,4267
450,4958
932,4251
2624,4972
662,4964
4406,68
3192,2862
1597,13
4611,4880
3916,4682
3308,2812
736,2658
3282,4970
3636,5018
5059,4771
644,4774
87,2847
4516,2789
604,285
405,4828
3076,4750
4103,2803
1370,1860
3550,2768
222,4697
4331,4761
2515,4897
394,1731
3702,4803
404,1846
2890,2823
3778,1844
1653,40
1235,4955
86,4936
2217,3615
1375,3924
3458,132
1770,4777
3375,4911
87,68
3469,4992
4259,2821
1057,4930
109,1848
4388,4947
3605,1846
2067,4817
4611,11
3450,4831
1534,284
3415,4675
785,3
2956,4772
387,4947
4662,5000
1523,45
2263,4987
791,45
2750,4902
4337,1839
2680,5064
4401,4966
4418,4892
313,4913
537,4267
1591,4860
740,4680
2225,4896
2156,4684
3440,4937
4983,2658
1708,4920
4135,4690
3689,5002
902,131
3941,4921
2107,4753
4521,2865
2705,2839
1474,4773
2204,4775
4922,5074
3441,4815
4099,4815
3362,61
1937,41
3038,1748
153,4902
3291,4972
3547,4941
3905,4691
1215,1730
4196,4885
1115,1896
4578,4792
180,2767
1416,4731
314,4947
2687,4683
3862,4249
4345,3505
2690,4937
2697,4828
5079,4937
3714,5069
4187,4900
4014,4937
940,124
3941,4759
1774,3615
3973,4870
3146,2800
4192,4941
2692,5019
3709,4971
1249,4997
4063,1851
2435,4681
3603,4780
3936,2858
2316,3915
632,4993
1825,5066
1573,4961
4863,4820
1111,4774
2140,4819
4159,2858
4618,4872
456,4995
971,4938
2521,2782
2544,4965
856,7
1501,1843
4740,3877
2439,4998
812,4876
2374,4884
1950,284
1443,4735
4148,124
1933,1788
2317,1832
1451,4693
3906,3884
1703,2794
498,1840
2178,2818
4076,4860
4365,4917
3530,5065
225,3615
4646,4947
5052,4772
3640,40
1445,4816
1194,3914
2051,4887
826,4253
4345,4947
4155,115
3444,320
2859,58
4048,4885
3240,5074
3073,1788
1759,4793
379,4766
729,4911
917,4685
1297,132
4439,4766
3952,4752
4188,4689
1340,62
2929,4938
3090,1733
2583,4669
1233,2782
3105,4850
4077,4828
1498,4720
4564,49
2975,124
1089,4760
1803,4970
3053,34
4092,4689
4043,4901
2225,4736
1812,4801
2964,4253
803,4831
2433,4870
4489,4849
795,4994
4806,2864
2345,12
411,4694
4813,4267
4345,55
103,4878
2640,4784
3354,4718
1365,2808
1926,4253
3241,4935
3319,4849
3826,1816
1262,2782
2607,4789
1536,4941
120,4932
3356,2785
4109,285
3136,4676
2416,2776
2981,8
3983,2765
4610,2803
4103,2817
2000,4958
1947,4678
4353,132
1871,1788
3503,1832
2043,1833
1870,4919
1746,4938
904,4855
760,4775
1644,4635
1880,3878
4083,4250
1315,4906
1868,4998
2673,4929
4225,115
2063,40
3009,4892
2791,3880
1658,51
2673,5074
1873,4741
3688,4803
2970,2840
1546,3877
130,4988
2620,1834
669,4736
1244,4884
4869,4687
876,4958
4344,4759
4740,1848
700,5069
934,4849
547,113
2645,4754
4299,4938
4525,2776
2452,4930
4542,4727
4399,5066
683,4918
3209,61
2254,1850
3553,2814
198,2789
1985,4735
2366,5019
2202,4952
633,4720
2884,4956
3338,2800
2452,2847
3689,4918
2274,2827
1962,4876
5081,4635
1526,4882
3297,4673
3543,1842
694,4739
2408,46
2511,4930
1091,2826
3365,4908
118,4687
1225,5065
324,4972
4340,3881
2503,4901
1131,2799
3676,4775
153,4963
3457,2846
1142,1845
3426,4797
838,4681
4585,46
3586,1843
410,320
3965,4905
120,2768
10,2822
1170,2820
2104,1839
3641,5075
4,4772
2739,4891
3837,12
794,2782
4302,4771
3815,3883
1370,51
5054,2823
2975,3883
4713,2799
2292,2847
2664,1856
4833,1838
111,4746
4379,4880
1440,2795
4701,4791
498,3881
828,2848
194,4879
2501,4791
1032,3877
4586,284
1210,4889
2945,54
2775,4682
913,124
2225,4669
1090,84
3963,2790
87,4265
1030,4788
2544,4896
4410,3883
277,4944
1187,2810
501,4743
4827,2774
838,4878
1435,1850
1287,1845
2714,5019
398,4880
3765,4992
546,1843
4098,50
92,5073
938,4877
3065,4997
1514,4857
2422,3886
346,41
3184,5020
2983,4944
3581,13
1142,2781
3572,4819
1981,4718
1083,4862
2729,2808
4544,4963
17,1742
1562,1740
3327,4682
1955,4824
541,5020
3114,4830
728,4797
3647,4690
1821,2835
4555,4894
254,4674
2751,4880
3357,5077
2762,2840
3014,4781
3441,4759
1873,4944
4123,3913
3647,2858
3530,41
184,4969
3817,65
286,5001
560,1832
4258,1
3381,40
1103,4769
1449,5066
3682,1837
2611,5069
3310,3886
519,2844
4218,115
1706,4265
3856,4773
1506,4892
3729,4265
26,4736
520,2837
809,3882
4102,4729
2005,1732
220,2817
381,4888
1405,1816
3785,4728
4212,1732
4508,4743
3452,2803
2277,2825
2549,218
881,4253
2887,6
267,2783
3011,4680
3313,4789
2420,2823
2290,1734
3391,1816
2007,1850
4699,133
4102,5019
1175,4678
4269,45
941,4909
3242,4752
845,2831
2886,2809
3902,145
3925,80
511,318
2037,2866
4575,4671
2602,4738
916,2864
4188,50
5030,9
2281,1851
240,4944
1262,319
1904,11
1882,4730
3592,67
1438,5001
2162,1860
4539,4848
2397,4962
2231,38
3258,2822
2393,4988
3493,4675
316,1842
1941,4857
914,4793
990,4686
2626,4831
4949,4961
4087,1846
4976,1726
1716,4894
3680,2822
2209,5064
4025,1851
1270,2824
1448,4775
3377,4784
2602,2838
732,5
597,3886
370,2816
3324,2783
2754,2813
4386,4829
4288,2831
625,1833
3706,4800
4121,4760
1213,4671
4405,66
3502,2809
4252,4963
2173,4963
925,4878
4323,1725
211,4896
434,4971
2802,4779
4158,4685
327,4265
802,38
995,4995
4853,4791
791,8
862,3912
2946,4938
4155,2823
917,4932
1507,3886
3242,4738
3150,4253
628,2829
5072,4679
3371,4906
3567,3924
1942,1740
4455,4251
4227,1857
4347,2796
4821,285
1113,2853
3743,47
3350,1850
3863,5065
3436,113
2053,2810
4414,4944
3179,4793
2050,68
2684,4691
3678,4781
290,1725
1868,5070
895,5074
2499,2827
2613,2781
3823,4683
4130,4672
4404,3882
824,4790
3984,4679
4195,2798
2682,2849
4399,2658
1517,4996
4013,4901
4839,4818
3092,320
4624,4993
739,4937
3310,2767
125,13
2921,4996
4332,4829
205,3913
466,4862
4716,9
4262,4848
4376,4799
3964,4817
1532,2846
3233,4919
3630,1843
2311,4955
2089,40
492,1849
3330,4820
2989,283
2203,48
1430,4914
2125,4669
2324,4774
3319,4751
4432,2799
692,1860
3145,1728
4141,4824
654,2814
2421,4887
4547,4737
2370,4992
3296,4816
3001,2773
4578,4677
1099,3884
79,4908
521,2848
4404,4748
2955,2846
1956,4883
4556,4679
905,3
1939,1860
571,4684
1261,1850
3225,2854
3652,1837
3540,4907
1480,2835
1096,3880
1972,4787
850,3881
1769,5
1887,4766
626,4266
2521,2839
3293,283
1027,67
2904,4882
2461,4990
44,2823
682,70
454,2783
771,3883
4575,4913
2072,5070
808,4894
3465,4861
3596,1835
2220,4688
851,4673
397,4897
967,4803
2983,4782
2362,4891
5021,4755
1550,4819
4483,2765
2868,2818
611,4746
424,3924
3482,2782
1596,4916
865,2854
3447,4897
4874,4951
1555,1847
3734,2794
1679,4890
2459,2810
1456,2832
1582,2864
2385,9
3550,4885
2756,40
3075,4742
627,4904
1086,5019
4097,2773
2801,1862
2333,4968
138,4720
971,2818
4320,4952
1383,4682
3750,4941
3951,4690
1635,70
4532,4773
3734,4747
4259,4903
299,4815
2964,4781
79,12
2285,2785
3591,1827
608,4694
2351,1847
4531,63
2578,2841
2095,4820
1641,60
2549,1732
3141,2772
1821,4803
2564,1727
2186,4963
4316,2822
4535,1816
4376,21
3624,1837
3058,4748
3397,4978
1791,2671
226,4769
120,4697
537,1850
917,42
3344,116
4322,3877
1369,131
2760,1733
1825,4952
1647,2838
1223,2798
3494,4904
871,4737
1405,5075
711,4780
585,4994
103,4891
335,320
982,5004
2474,4786
2432,2833
3940,55
2965,133
3209,145
5060,2776
4213,4685
715,4903
572,4772
2276,5065
2792,4962
3274,5069
536,48
2047,4752
983,4791
2565,4910
344,4654
3483,4970
3135,4876
394,2798
2467,1808
308,132
518,2799
3769,3913
1386,4732
1067,2855
4458,1832
598,1837
18,4761
1878,4940
2992,4894
3368,2794
744,4916
4586,2776
2743,4896
2793,1841
2617,1839
190,51
697,4885
4334,1748
961,2817
650,4937
1756,5074
619,4689
668,2820
4853,4896
719,34
3436,218
28,41
3773,53
2663,4921
2285,38
2166,4979
3477,1860
1934,4250
338,4691
4006,4728
4123,68
686,2779
3421,2796
4562,3912
3805,1732
2395,4988
3836,4998
2066,2817
2529,4991
437,4750
1001,218
1738,2821
2725,2858
902,5064
1294,4997
1276,4752
3383,5066
645,3505
1990,4774
1019,4815
1036,6
3081,5020
676,4688
2587,4752
640,4908
1234,4765
4436,4915
940,4880
3055,1842
3947,12
4303,4908
2236,2866
838,2825
3816,5070
290,4883
3963,4692
212,3
4661,4763
1946,5070
765,115
5045,4988
863,3884
1122,4761
1938,50
3826,2814
1368,3882
4603,4790
679,1844
2115,2671
656,4938
1945,4676
213,4789
1085,4894
2769,4906
992,4787
3140,4689
3889,117
3127,4750
3608,4856
4158,1808
3392,5065
3554,4952
716,4764
5058,4251
317,2822
1987,4687
668,4831
2941,4754
3496,4919
2247,4251
1005,4911
4809,131
2643,4687
356,4671
2970,2841
4521,4935
3274,63
3708,4946
789,4858
262,2845
3351,145
3303,2814
26,4781
2012,2860
4315,4828
2365,2853
5028,4939
2625,1844
4156,4914
3244,4782
2941,1726
3756,3879
1402,4777
3385,2860
822,69
2370,4791
1684,4732
3411,2860
363,4910
971,5016
1278,114
3738,51
4205,2816
2967,133
4198,2849
2432,4883
672,3505
434,1840
3093,2783
1859,2822
3770,3505
397,4778
728,1844
1314,7
4070,4750
3764,4759
2946,1843
269,1730
500,2809
2243,4800
2577,4938
1432,70
4263,4952
3707,4774
2711,5070
3972,12
2917,4955
3153,1850
4539,319
2514,4680
3530,4989
2447,4817
422,51
735,2854
4302,4913
4521,4896
3927,4689
2644,4248
281,2789
3173,1862
2976,4728
2980,1841
1181,3883
3439,4988
1982,2812
824,4749
1226,2810
3482,50
4333,4918
2923,4743
4549,4873
257,2839
3429,3883
4356,4613
1158,4992
1425,2786
2055,2821
457,1726
2184,1840
542,2779
1268,3
5045,2811
2464,4686
466,4792
4384,1848
3454,8
2296,4952
2057,4894
886,4957
4810,4961
3705,2813
1773,65
1566,4762
3245,2658
2961,38
1398,4694
542,4777
1683,4689
1236,2847
2897,62
2082,4961
2870,4688
2043,4936
1418,4739
1800,218
634,4793
3194,1839
2317,4801
4011,4849
1199,56
4114,34
237,4963
2751,4883
1354,51
4605,4961
3056,4890
3673,2849
802,4876
1330,8
1015,1816
1033,4793
1269,5069
1434,4786
3516,5
4311,4734
3091,4892
5060,8
1309,52
2885,50
1960,2826
2568,4906
3055,2844
3967,5019
3706,62
433,1827
530,4885
1489,2862
4177,4782
4016,3505
3904,21
2530,4668
1015,4860
1614,4920
2253,4860
1503,4886
3464,2781
122,68
3036,3886
1664,2825
2205,4729
3176,133
4442,4947
2036,4951
3873,2787
642,4988
4375,5066
620,2862
2508,1848
2645,63
1067,4920
1776,2765
4725,50
3446,131
259,2799
657,4681
1761,4793
1267,4753
3721,3913
685,4956
4210,4680
4548,116
4374,4671
1650,1844
2360,2825
5039,5004
1158,4787
1959,1728
3622,5064
3603,2822
1899,4779
2943,4772
308,1855
2395,4742
1532,66
2748,2767
2147,4754
774,4887
1935,2823
2519,1729
1058,4773
413,4880
4492,1896
348,2821
2278,68
2389,1845
331,4936
841,1730
1187,2858
4619,41
4975,4917
2268,42
1435,3878
432,4918
3280,2831
4062,133
2322,2783
3682,2821
1804,4828
4068,84
2544,7
3937,4884
1678,1727
1897,1844
3496,1729
1154,2783
1205,1729
195,116
976,4733
2679,1838
2689,4947
3283,1827
3193,2831
3816,4870
787,4897
3792,45
4303,2671
4822,4789
1056,4800
1015,4880
4237,3885
3195,46
2558,4919
1067,4918
3391,4890
4525,4934
3729,4799
743,2814
2298,2846
1803,1838
2723,4797
635,4901
2530,2799
802,4686
2763,4780
1483,4685
288,5020
903,4737
2940,4266
559,4766
3531,4771
2611,2779
3825,1855
3887,4956
3669,5001
623,4968
3711,4855
3148,1726
3726,4789
1025,3879
369,4781
1513,2821
904,4784
1903,4986
1885,4251
1153,4728
3138,4873
2600,11
1939,2788
3935,4785
2757,1839
2709,4907
4638,4691
3708,5018
3092,2862
1741,53
761,4887
2863,4783
2572,2658
4025,2782
2612,1827
4191,4850
3354,4759
4710,4668
3253,65
470,4972
1300,4831
296,4734
3400,4968
4589,2823
4370,4265
4758,4998
2444,4957
1874,4746
248,2835
4603,4654
831,2835
1073,65
3425,4817
3709,4918
4160,4939
2717,4952
1292,4912
1115,2824
4092,1740
328,1850
1533,4965
3120,2764
567,5075
312,2803
1761,2787
2802,4909
3843,1846
1297,124
2755,4992
206,4914
2967,34
3504,2810
681,2833
842,4890
1189,2779
3981,4969
1323,4815
470,117
521,2855
5023,2844
192,4764
3423,5063
787,4730
972,4908
824,2800
3957,2844
2014,61
1130,4786
3906,2846
1272,4784
2624,2820
3905,4679
3117,4905
2488,4694
643,4913
1418,320
2634,1827
2453,4691
4661,4249
2615,2782
3817,46
830,4751
1088,84
3972,4677
4137,4904
4614,4906
3996,4905
2650,9
845,4742
3103,4780
4859,5002
3643,4971
4811,4824
2496,3881
3161,2837
44,1833
5051,4739
860,2790
1763,4965
4981,5070
4074,4939
4059,5019
3903,9
2968,283
5046,4762
4224,4691
829,3882
1975,4872
1557,4957
4492,114
3536,4763
1819,4849
820,2857
533,4938
769,4905
2931,2774
2063,2862
208,4749
4514,4900
1276,4691
296,67
1473,3
2801,4787
203,3505
3363,3
229,1835
3448,4849
4517,2854
4054,5073
4643,4884
1300,318
2209,2788
3593,4752
4429,2837
4626,4801
4304,1740
3287,4857
2927,49
3902,45
2941,2864
1201,3878
1326,4861
373,2840
2989,2818
3595,1837
825,11
1006,4903
1611,67
2438,4931
344,1731
3474,4860
4154,4970
3619,48
4089,4265
2002,4961
2090,4770
4259,133
4767,4939
2975,2856
1575,2767
4521,116
3623,4815
1421,4654
2174,4873
3308,2796
3386,4829
1694,55
2667,1788
1560,4250
2446,2849
4588,68
1507,4668
754,4988
2127,5064
205,4680
3677,4792
2646,4668
2710,124
3386,4940
759,1817
3797,4820
3228,4894
2529,4972
564,53
3240,3915
155,4915
1648,4674
1682,4858
572,3924
3238,1851
4660,4914
3710,4889
2081,2827
2990,4264
3735,3879
2237,1862
1984,4878
1333,1788
1517,2671
223,4890
1567,4753
4959,2860
4186,4904
4663,4788
3528,4830
1935,4936
3897,5069
1184,4934
3460,4856
1437,1838
2396,4935
2358,5002
1050,4915
4660,2767
4431,4762
570,4793
2314,54
1709,4672
4510,4879
3142,3883
4133,4753
1217,16
1781,4989
3631,5002
3614,4904
1091,4860
3754,4759
1341,1817
3249,283
1332,5073
3686,4912
4698,12
1926,4690
4642,4947
4011,2833
4041,4884
351,4654
2097,2849
3042,4963
3522,4783
3222,3915
4211,1844
1314,2820
2313,2765
1390,4817
2304,4751
2398,4718
5036,4251
2099,3886
3386,4958
3132,4820
1395,1836
4726,4904
656,4751
1079,4929
1395,4897
3560,4250
4639,4906
1310,4940
2550,4820
5082,5077
4933,2853
2098,4748
486,4779
3298,4799
638,4916
2984,4789
2528,2829
3020,2808
3995,2800
3603,4687
665,4955
3020,318
4863,4727
1330,4818
3934,4734
1859,2813
2445,4958
4353,4957
791,1735
333,21
4925,2790
690,1856
4072,4910
4127,4680
528,2847
2630,4801
4418,52
2581,4765
5022,3880
4466,4689
4841,4944
1507,5020
160,3914
4605,2862
1508,4917
415,318
2608,12
3332,4938
3775,2823
2586,4961
2303,3881
365,4686
402,4674
3968,4723
1058,2782
3741,1727
4152,4783
1585,1855
3534,4789
1736,7
3021,4969
3817,2840
4271,4687
1093,4739
721,2789
3394,1725
4080,2768
1650,4963
1456,2794
1416,2817
941,132
1532,41
2050,2785
2009,4877
4598,70
3261,4697
3817,4787
2273,2814
2017,3924
2335,60
1859,4761
1609,4686
4112,4970
3118,133
4552,4780
2083,4855
585,4675
303,4992
1265,4939
3066,1788
3467,4634
4028,116
1583,4904
4981,1840
331,4878
3075,2800
4024,4993
2668,4828
3907,1851
4115,4939
4459,42
892,2865
1486,4613
3097,319
2682,4759
4188,2864
761,4792
2009,4696
562,2818
1497,4903
1608,2857
1562,4907
4216,4674
412,2816
2511,4654
3309,4885
1554,4692
5029,4995
483,4248
4418,6
1945,4772
2206,84
4522,1740
3739,1840
4274,2845
584,4828
1753,34
1929,4249
4081,1839
3703,68
202,4962
3491,2831
321,2851
3025,4815
4114,5004
2758,5000
1130,2858
3340,2860
1677,4732
1400,4888
1065,1835
2462,3882
743,3615
2548,2821
2188,4989
626,63
1223,4669
2224,1837
3316,5073
2043,5019
1417,4801
2116,2867
2538,3505
3399,4929
2221,2788
1312,4888
4324,2811
802,4970
2792,84
3210,2767
2041,3879
1412,4684
1028,1845
1697,5002
832,5064
4619,12
4387,4891
3386,4978
2653,4763
1224,4857
2449,4965
2084,4746
4744,4686
3967,1896
4056,4891
1588,4692
2453,4860
596,4766
2716,1832
2333,4737
2758,4692
3168,4880
2042,1834
455,2844
1110,38
4547,5019
893,80
796,2808
1592,2783
2574,4971
3586,2845
4391,9
502,4727
967,4635
3437,47
3320,2799
1548,4915
4049,3615
2042,5000
2497,4904
4811,5070
1026,4686
822,4671
4637,4635
3395,4696
3960,3881
2251,2823
4294,4872
3495,1850
3509,4897
2517,4791
307,4965
3432,4989
2448,15
2727,1841
2717,4739
5005,2794
1482,4738
1071,12
3171,4613
4074,2782
105,2849
1190,3912
4804,5000
240,4900
2011,4947
1051,1862
1281,4904
4486,2809
3113,1855
310,4673
1406,2776
2719,4671
427,4944
160,4789
3027,51
3906,4978
4579,4951
3267,4971
618,2776
4316,4635
3663,4754
3563,1816
2186,320
4230,4752
156,1862
1406,3884
2323,1727
3162,4952
2144,218
1163,2827
4659,16
2997,4886
4316,5002
4461,4889
2221,1850
2905,7
361,145
98,4994
1004,4885
2107,5018
1049,4779
4347,4782
1972,2808
3437,2787
814,2846
281,4934
1330,4987
4982,5065
1508,1740
328,4882
2527,4738
4040,4635
1166,4680
4045,4769
2643,3881
144,4773
1691,5016
391,283
497,4894
4365,4987
4943,4679
2726,4920
3271,1834
1492,69
1028,4856
2805,4940
3335,4957
1586,4683
3443,3883
1768,4986
1624,4692
1998,4654
5003,4691
369,4786
4076,45
349,318
1752,113
3795,4944
1358,4935
2600,2794
430,2765
952,4751
1947,4944
4184,4750
1220,4972
1752,2764
265,4613
361,4920
4446,4793
1598,4920
5058,4986
1032,4996
2753,4693
4716,4654
635,4856
3201,4784
999,5069
3028,2817
31,4687
1074,1841
2312,63
2035,4847
3559,4892
540,4890
2350,4788
4425,4979
2171,4764
3836,1843
3521,1748
3176,2841
1517,4897
5005,54
220,2833
3958,2840
4341,4992
3435,4991
4447,1733
2208,3885
3145,5001
4133,2829
77,2843
1522,1840
3428,2841
897,3881
3520,4873
491,4783
3008,4771
304,3885
269,1845
4354,1831
1885,4679
422,285
1079,4778
843,3880
2145,4688
2792,4777
4246,132
4422,4760
4189,4771
4131,1808
1996,4829
3721,4965
2951,4873
4411,2784
3975,53
4294,4743
2696,1729
2620,4995
3763,4760
772,4695
1942,1725
479,4889
425,4818
1074,4671
4418,2789
2437,4800
274,62
2591,2847
2709,4793
3800,4669
1637,4682
2687,8
3792,2820
1572,4910
4201,42
3570,4880
515,3913
1005,4743
1469,4803
598,70
3392,1731
2608,1836
4191,4861
3495,4896
2364,2814
3967,1842
4501,4763
729,6
1915,4678
1016,2831
3671,46
176,4672
2869,4773
2108,2811
3984,58
253,4718
4031,4931
3928,4971
2070,4801
4400,4850
2777,1788
4726,84
4836,1834
2009,4752
2534,4935
1047,1841
4448,2866
814,1740
3811,2812
4609,5001
2646,3915
3521,42
602,4908
948,4944
4629,1748
121,16
2236,4849
782,3505
3952,5001
2218,1862
4118,4613
3282,3878
2733,5064
4859,4670
1867,46
4005,5020
2286,9
2579,5077
394,4773
3782,3913
3302,4936
562,34
2761,1839
4140,2765
3545,4249
2939,4774
4604,2818
408,2862
4190,4988
3666,4720
2021,84
704,319
3557,2779
3479,4929
622,4878
1445,4635
2147,4785
589,4958
1530,4978
909,1846
2919,4803
147,1737
3077,4966
3942,4956
2874,4989
3019,2857
3279,2837
4621,4752
3974,3
3314,2813
4353,5063
3122,50
1871,4901
1655,4857
5008,4688
4236,4673
3029,4885
1486,132
1867,4994
3642,2774
638,4968
1491,4963
3894,5064
3937,4768
1754,2803
1829,4776
4041,58
3904,4801
1138,4685
1248,4891
4305,5065
1324,69
4135,4862
3532,4671
3105,4906
719,4816
2351,4731
1290,1834
3556,4815
911,2848
569,1849
4524,4857
2294,4880
2737,4769
209,4675
1812,4969
3578,145
3210,1729
4228,4792
3979,4883
4473,4732
24,5001
2260,4887
3790,4752
599,4817
104,4780
4193,4912
2393,1836
390,318
2983,2803
3432,4691
3117,1831
421,4634
462,2671
4112,4879
1498,5
942,4771
4316,2816
3393,1835
3612,4697
2266,4684
4380,4932
2508,5070
565,283
2686,4994
2337,4913
3238,4917
1194,2671
1636,4890
4653,4668
3702,1735
2247,2783
3175,4753
1721,3880
1460,2820
4580,61
4160,1846
216,4787
2732,4768
3990,12
4074,5069
4097,2843
593,4830
719,4992
3273,5020
4122,34
725,4734
2496,4780
1167,2849
2641,4848
4725,2860
3061,4749
1958,5
3966,4678
956,4947
2883,4687
5062,4937
2129,124
4573,4691
3800,1831
195,4800
2106,4829
1238,4978
2131,2851
258,2809
3894,2824
4237,2857
1786,4824
4223,1862
2683,4737
2610,4771
4228,70
3067,4654
1326,4735
1312,4750
3999,133
3665,4894
1951,2768
2746,5020
4585,55
4328,4861
4285,1848
3468,4784
1057,4765
4705,2816
4344,1834
2211,4248
2793,1728
3184,133
2144,4634
1288,4695
3479,2812
2093,4889
1223,3878
4096,3885
4461,4785
2249,4816
3332,4761
1759,4696
3337,4690
2968,4961
4234,4790
1915,4739
172,4962
5013,4751
3496,4856
4632,4264
466,4675
4837,4939
4339,4720
711,4879
5038,4729
2713,5075
2101,2839
3713,4964
2450,285
4579,284
3568,4916
953,2786
4182,1729
3351,4749
4145,4687
1012,4890
3859,4755
4203,4971
4702,4878
4507,1838
2742,5004
3276,4986
2056,3915
1316,4753
3670,4691
1656,4697
1565,4887
4709,2799
1483,1851
614,4941
3072,4900
3008,1833
3898,4909
4298,4675
2377,4953
3719,4937
4315,1748
1998,2783
1303,4671
2027,4735
1665,4955
825,38
1003,2811
2418,4265
1439,2851
379,9
939,4883
2008,5066
4078,1834
1571,1740
1711,3885
4016,5002
3063,1727
3302,4966
1102,4996
4467,4966
1983,4613
3431,4678
265,2826
3824,2774
3362,4887
1112,2776
2791,3877
4196,1849
529,4855
2249,2808
2052,4831
3024,4248
1059,2789
3341,4267
1271,4996
4863,4870
4492,4751
2975,3878
4222,4876
3076,4947
1927,2860
4546,319
1566,2818
1084,4732
110,4824
1484,4819
877,2811
4594,2855
4794,9
2636,63
2291,4696
1895,4677
4219,2856
2032,4878
219,1855
726,4801
102,4753
3542,63
1820,2867
3502,2774
1265,3880
159,2781
3785,4673
3292,2814
4598,1740
3013,4753
1184,2776
2280,318
332,4688
2552,4790
2480,4690
3109,4957
800,4791
3217,1896
1360,5066
392,2795
3766,4890
2423,4680
4075,1725
800,4902
1075,1849
2694,4955
2397,4729
699,4937
1794,283
2278,4686
3936,4987
1918,4769
4096,4736
166,3912
4924,4720
3137,4762
4575,3877
281,1740
4077,5019
2549,4995
3058,38
2700,2865
3582,4784
1509,4911
688,4858
2227,4832
543,4916
1819,4886
3038,2843
4495,1740
1005,1836
955,4737
602,1857
818,4760
4154,4992
1608,2795
2167,3883
1049,1816
2089,4957
5059,4732
3692,4785
2918,5016
4140,1726
4605,4687
3411,4969
565,2831
3815,2831
4096,64
136,1836
2405,5004
3345,4267
1325,2821
291,318
5015,4739
594,61
1262,4993
4282,4613
3816,58
870,4654
4564,2800
2662,1838
4213,4992
3057,4679
2221,4965
2153,2812
3306,4793
178,1831
1514,4693
2370,4918
737,1896
802,4793
412,4251
3407,4718
1050,4966
2338,2811
563,4944
3151,4803
5041,2785
2620,3880
2688,113
3023,4779
4418,4931
1637,283
882,53
2159,4730
568,4905
3572,4685
3023,4696
240,4901
1433,4958
1812,2773
3450,1846
1392,4764
3670,2867
3781,4911
1601,4905
264,1831
2519,2831
2655,2841
1890,2786
100,4683
4355,4879
2374,4754
953,4932
4117,2811
1684,34
2258,4910
3419,2860
4169,4957
2553,4941
1717,2788
3236,1849
2077,1730
3538,2844
342,4747
2984,4849
1379,4785
335,1840
3964,4697
3379,4779
2730,40
678,2822
850,1839
892,4829
1877,1788
2743,84
444,2658
570,68
4276,2824
1559,4742
2883,1841
1230,2786
2096,45
2046,6
1312,1851
2114,4905
1167,2841
4183,2781
1637,4884
2586,4901
1342,4970
3791,8
4439,5004
1119,67
1365,3879
4079,4880
1460,4910
1475,1861
4053,4986
259,4896
134,2817
354,3924
467,4728
3321,2843
3927,2831
1165,1748
4702,1849
2592,5000
3589,3880
1532,4741
4497,4850
3546,2837
2463,4870
3355,1844
2696,4790
4298,1862
4124,4886
2424,4803
3068,4769
908,4670
799,4887
3992,4919
4427,4696
3436,2782
4,117
2501,2813
4101,2846
2592,4694
2164,4749
3370,1726
675,66
3853,3
1953,2765
4466,4901
1692,2839
4604,3
328,3615
2389,62
3379,4793
2972,4961
3498,116
2574,5077
3402,4791
3457,4958
4261,4770
3498,4828
4037,2787
968,4953
4068,4862
3943,3924
2274,4947
1483,2827
4367,1848
991,4932
3165,4970
3973,4941
4462,4792
828,3880
3663,4993
4481,4965
3717,5075
4652,4786
751,4690
4895,4729
661,4934
997,2785
3332,1726
4184,2847
905,4903
853,2829
2971,58
313,80
2303,4870
1676,5018
3178,4941
845,4900
2073,4248
5081,4678
4174,1848
1017,4858
4024,1847
3853,4820
2271,4862
83,65
4842,4739
345,2838
3603,5077
443,4919
613,2795
618,5066
3532,4858
3942,4673
2021,3878
74,4883
2894,4248
1866,4970
574,1737
1697,4677
4006,2786
2587,1896
835,4679
5034,4771
107,4678
3447,4761
1339,4768
3762,4855
880,4913
341,117
800,2671
207,4994
1953,4634
97,2829
4293,4971
3843,3885
3921,4939
4275,4848
2948,2811
1540,2796
3087,4681
95,4953
3564,4970
2052,1835
2718,2854
457,3885
4837,4900
2294,1730
322,2857
3158,4790
1709,4792
1750,4634
3300,46
3917,4720
2156,4901
2707,4687
1596,4897
1604,2838
4000,3882
414,4965
2213,4992
2329,5020
3933,4891
384,1851
3508,2796
176,4816
4415,1862
2980,5064
2931,4848
715,3615
4354,2782
4525,4901
1225,284
2159,38
998,1733
3960,3924
4340,2800
5034,133
97,2764
2479,4793
2650,4951
811,2814
561,4778
1062,4682
1785,2835
4394,4684
2673,4830
1961,2794
256,4267
3927,4917
1319,2846
194,4750
2072,4915
2987,4830
2953,4674
4497,4830
4149,4861
1238,2821
830,2838
4181,62
2105,5070
1212,4768
3729,4954
4564,4879
3697,4996
3144,2820
2770,1847
1300,4728
4305,117
245,4265
5078,2866
2200,1816
2214,84
3279,4914
2971,3915
899,2800
3942,4908
2924,1833
1593,2794
1897,4250
996,4743
23,4613
122,4769
2667,2853
749,4762
661,2658
2145,4753
2894,4774
440,4729
1080,46
5048,2840
854,2823
647,5066
2134,4902
210,4946
661,145
4479,4766
2568,124
2594,2840
2605,2795
2340,3882
2698,4862
3104,4693
4794,4957
3488,2776
2198,1818
3120,2812
105,2782
1921,60
4576,2783
4508,114
929,4952
3539,2847
1247,4680
1962,4676
2714,4673
2116,1842
892,55
2990,4850
2676,1748
2978,2817
1166,4774
3515,4932
1582,4771
1390,2787
4,4830
2177,319
2902,4803
2095,4817
1047,62
1009,70
643,1836
949,4993
1262,2823
3208,3882
824,2671
2940,1896
449,15
4490,4760
3972,2841
3747,3879
3708,2855
1135,2810
2214,4782
1769,5018
843,4774
4442,2779
608,1843
5051,4755
425,1833
3730,1850
161,4978
1929,4766
4437,4741
1254,4781
739,4966
4237,4873
1792,4771
4567,4685
516,65
4154,4780
939,1840
4536,1896
248,2865
3416,4870
212,2772
3380,4961
3662,4888
413,1855
4422,5077
1220,1850
4427,4897
1670,4951
4182,1831
3150,3913
826,4909
4157,1839
1116,4735
1976,5000
1796,4873
4600,2844
2750,4820
4426,1808
2673,2784
3589,12
383,4879
2073,4934
1753,4749
1806,2773
5027,4921
2262,4952
4660,1846
3356,1808
1905,4778
2186,2800
2311,1837
148,4746
141,2844
1705,11
1780,1737
3719,5
4663,4986
2117,4790
1260,4828
3533,4682
236,4847
2488,2813
2164,4694
4076,4251
1363,4966
4585,4872
4866,4958
1741,4966
927,4940
4127,283
1618,4957
4609,8
2319,2856
3823,38
3973,283
1677,5001
2059,4889
2143,42
2194,5069
397,4930
292,2822
2503,4847
2379,4968
3482,4887
1335,3915
1640,4779
3197,4938
2437,4914
2719,4890
2482,2810
540,2671
4041,68
2880,2857
4371,1847
3058,3880
3980,4919
1783,4742
2326,4800
1071,4730
1393,1839
2709,46
1012,4891
752,11
4875,2821
3642,1728
3506,1838
2539,2851
1578,2860
4563,5070
3757,145
4186,4267
692,4753
4117,4978
179,4734
3390,4856
4152,9
3754,63
3784,4718
2413,4896
4976,1835
3253,4891
3203,2829
2418,69
926,4770
2241,2862
1482,4972
250,4777
3687,4729
1800,4968
2218,4692
1438,2803
1255,4790
3302,1808
2272,2774
643,5004
4853,2837
2719,4677
4406,2800
3841,4913
952,15
1720,4879
3737,4749
3255,4962
2283,4800
264,49
2532,4992
5055,284
1161,1818
791,3877
3992,4989
2339,4675
95,114
4130,63
191,1733
111,4736
3005,4789
2160,1857
385,4978
4166,4916
3323,4797
3843,2809
3179,4913
3975,1728
1204,4995
2207,4723
3729,320
491,1730
2914,2795
4375,2856
2598,1851
2190,4770
2515,2817
1804,3881
2338,2790
2633,1742
2091,4670
3983,4249
442,4858
4157,1843
2423,4683
687,4693
1516,4755
2726,4739
4354,4768
3962,4997
4701,1846
4512,48
623,4818
1629,1827
4096,1833
554,4919
1408,67
1347,4964
4609,4961
371,4907
2885,4894
4512,2779
729,4766
5054,4768
1908,2783
4976,2818
2747,1734
797,4993
1005,4894
3782,2860
74,4957
4980,2671
287,2794
334,4817
2721,4920
2375,4940
2384,3913
4465,4800
3948,1849
917,4830
3108,4793
4276,5065
3897,4782
3103,1849
456,145
4713,1861
2561,4253
5050,4909
1956,7
1368,1832
3838,4993
89,2795
1699,4685
1881,4978
4444,5065
1661,1846
3226,4872
936,5063
3710,4901
2650,2864
1327,4741
2069,114
1494,4735
3404,4803
1167,4785
1315,4750
1103,2843
2249,4909
3301,4880
1481,2799
3708,4784
2471,4731
4174,2820
1773,2671
4354,53
486,3883
2650,3913
2154,5074
3694,2779
2969,1837
3751,2765
359,4901
4625,2803
3210,2826
3967,1732
1546,4915
3451,4947
3286,4880
3014,2658
3050,4801
807,113
3799,2779
235,4857
4246,4735
3908,4907
3196,4613
3267,4687
3972,3881
5078,4951
750,5
2440,2860
1222,4934
460,4955
912,4669
3018,4780
3478,2835
0,4966
3302,4249
1339,4743
3591,16
2617,46
630,4936
1895,5002
1796,1848
2124,42
2446,1748
1446,283
4024,4929
882,1726
3381,1816
4653,115
4355,4248
1986,2800
2634,5020
3063,1843
1973,218
2705,1737
2653,51
4013,2851
645,4913
1830,2849
297,4675
1015,4680
3065,2841
1747,2671
3671,2787
4794,42
2619,3880
3662,4790
501,4979
1313,4831
4698,2840
3932,1726
1906,4940
3640,1788
2125,2829
808,4694
857,2808
2706,46
2687,1733
3747,4673
3796,4920
2080,2796
261,4654
4095,4891
2095,4956
1044,3924
3634,16
3821,3880
2963,4877
2676,5074
2109,2809
3551,2773
4342,4938
2324,4750
3337,4953
1134,3883
888,4947
4411,218
546,4946
4621,67
3684,5000
315,1849
4985,2803
608,3885
3944,4693
2726,2773
4306,4785
3556,4944
3033,1818
4025,4929
4468,8
797,4931
1658,1808
5014,4896
259,1838
1301,4691
3564,53
3517,4752
4982,4990
3402,1726
2033,284
168,4876
3705,319
143,62
339,4676
1533,4768
3261,4779
4595,4249
3763,4748
3187,45
935,131
2859,2858
2357,4788
1193,4686
1552,5064
3528,4938
4795,2765
4494,4684
3368,4968
2919,113
1303,2860
2050,4815
3500,4266
4328,4677
1699,5016
1133,2817
3804,2820
2187,9
176,60
1490,4861
4373,1727
4126,4913
3079,1726
4592,4728
2422,63
2015,4938
4326,4676
3255,1843
1090,4828
798,2798
1784,145
4598,1851
2561,5019
3952,2813
552,1728
545,4782
477,1835
3630,2796
1244,2767
1505,4965
2087,4862
516,4918
2324,4764
2758,2838
3433,4862
2422,4961
4435,2866
3305,2779
234,4894
2761,1729
2546,4783
926,131
2383,4734
4255,4848
3538,145
4242,4250
1206,4787
3431,2864
2436,4674
103,61
3315,65
711,1730
4334,4671
1321,2772
1071,34
4114,5
1360,4803
384,4914
3855,4266
3605,4905
225,4968
2897,1849
3412,6
2996,5000
1978,4752
326,4880
1558,2837
2178,2810
3242,2857
3591,116
676,1831
2237,4635
2149,4969
2706,2851
4065,1748
3016,2829
1971,2768
1309,21
2362,4770
1186,1856
2517,9
1406,145
4949,4991
2054,4788
774,4759
3950,4686
2498,4613
1899,2796
2348,131
2486,4830
3695,49
3671,4894
3636,4791
2262,1847
4028,62
3894,4941
1035,4670
1982,4993
960,4718
4607,2835
4381,2826
1000,4916
782,4876
857,4941
585,2833
2700,4938
3610,2764
3696,2823
613,4861
2635,4266
2126,2789
2165,4860
2255,4734
2086,2817
4497,2814
4405,4777
3799,1845
3343,2781
915,2787
2580,5000
3974,4790
3283,2829
3502,4872
1124,4958
4470,4768
2303,124
4568,4670
3773,2844
1041,4915
3938,4265
2030,4901
716,3879
4031,4784
4256,4971
1779,1836
750,64
2687,4962
3865,4674
449,4938
3619,7
2656,4872
1101,4992
3187,9
560,4831
1826,4914
4650,4915
1067,4692
3773,45
689,1849
2365,5070
1589,4689
1348,3924
4269,1856
431,4908
281,145
2379,4862
3373,5016
3948,4876
4304,285
2224,4797
2547,1838
843,1847
1432,1742
537,64
2932,2812
503,4832
587,4891
2968,4790
948,2788
1897,4249
1688,319
1150,4908
1614,4965
2503,4763
3691,4905
580,49
2039,4951
3948,4248
3734,2798
1113,2810
3187,2799
2245,3886
300,5073
2532,4780
546,4889
4222,4689
3730,319
1204,4681
1969,45
3264,4872
1133,1856
3708,4856
4804,4253
1396,4986
3339,4679
4719,2765
3619,4751
1338,116
1119,7
3188,1731
3541,4751
2744,4934
1603,3924
584,4789
1179,2790
3140,2800
1872,4668
183,4686
185,4251
1367,2767
3089,4857
1978,68
1472,2851
4332,4988
1895,2781
3643,2812
1329,1732
4841,4763
693,2767
3818,4958
272,4901
1499,3886
4565,4951
1470,1727
454,4760
4598,4971
4393,38
1754,4723
569,124
4722,3924
2923,4880
3094,4249
3243,4913
550,1737
413,4946
1424,8
3190,2767
480,4902
588,63
900,131
1198,46
2013,5070
530,5065
1135,2821
1449,4870
1909,4818
3656,4932
4332,1896
1552,4785
1864,4963
3825,4979
1594,4727
1154,5000
383,2768
2863,4669
2737,4963
831,4855
4594,124
2423,2822
474,4792
4446,2860
1301,1845
2405,4934
819,1831
3013,4940
1298,1848
4651,4892
2137,4857
1358,2790
3026,4988
3286,5000
1491,4832
1307,4671
168,4774
4117,1735
4218,1836
4327,3924
1960,4760
328,4908
1991,65
1524,4994
2229,55
3010,4670
5083,4947
3898,5000
2859,1850
4796,4815
4373,4970
875,4955
3139,3878
1391,4873
1566,2789
680,4870
1105,5069
2099,1857
2320,114
4207,3505
3076,2845
2978,2832
3817,4917
1155,5066
1783,4957
3422,1730
3540,4939
4598,4965
4608,5073
520,4926
425,4670
3121,2829
696,4266
3628,66
230,41
1410,41
1348,3912
4722,4911
2222,2841
4622,50
2629,2855
2289,4735
2932,4906
2253,4689
528,218
1346,4760
1264,1838
3088,2840
1937,4654
1911,1848
4375,1842
2918,115
1968,2822
3104,2843
1009,2835
3747,2831
4839,4832
3027,5063
3299,1834
3106,5000
706,2837
1015,4791
1127,4920
915,1733
2590,3915
3352,4931
3333,4820
1675,2843
3119,4850
37,2773
241,4749
3016,70
2077,4677
1148,4902
3701,4879
413,4850
3308,1851
1191,4961
1918,52
2758,1728
1508,4912
1057,5074
4025,4890
3413,1732
2893,145
2365,2658
436,1862
774,12
3449,4694
2702,2865
4384,4789
3525,1735
1389,4815
1120,4690
536,2799
551,4953
4123,4816
1637,2855
2898,4957
4225,4907
356,4692
380,4824
861,4956
1033,4737
4120,1734
1987,40
4016,4635
3098,2827
3013,21
4117,2789
1197,4723
1713,4748
630,4764
4166,4762
1346,4731
689,4753
1643,2803
2299,4675
1078,4931
4329,3885
3112,4858
964,5065
3024,3914
1895,4679
3273,4956
4007,4900
2083,4681
2883,1734
1597,4654
640,4926
797,2864
1391,1740
411,2839
1830,2788
3212,1857
618,4785
4530,2658
3421,4776
3280,4830
2506,4941
3363,65
957,84
3176,5066
2544,4919
4223,47
142,2822
1156,1850
1537,2856
1905,66
4136,2845
4207,284
2096,4986
1799,1788
3690,1728
3714,2840
552,4761
2632,1816
487,58
2436,1842
4434,133
1197,3877
4430,4902
3482,3912
3928,4675
2425,45
2542,4762
947,2818
2755,4957
3750,4876
357,4872
3996,4831
4639,2781
566,3885
3560,4684
1930,4778
4859,4856
689,2813
153,4966
777,4886
2349,4613
4859,16
230,4249
3960,4728
1786,2788
3605,16
3588,56
2492,4249
2114,4743
3102,3886
3123,4996
459,4253
4546,4951
996,4986
1738,4750
275,2826
4519,4253
2189,1728
3810,218
3159,4901
2006,4696
3088,40
3482,2787
3208,4266
3834,4732
2072,4793
3050,2785
2340,1731
1090,4857
2064,4850
451,4750
3719,2816
4256,4692
3010,4978
1812,2818
3242,1862
1460,4779
3873,132
3309,1734
4744,4926
382,4688
4525,4958
1431,4635
4182,4929
2460,4901
2065,4677
4589,4876
490,4900
1257,52
736,4857
2378,3879
3144,4906
813,4635
3628,2853
3546,4674
2408,4979
2035,69
2904,2765
1778,4818
1364,5
199,4776
3957,2866
1433,4956
3340,4694
3958,131
2627,4783
3730,4832
2815,4937
2048,4691
3479,4904
3042,4884
401,218
4283,4860
3446,2816
2539,4819
3831,4760
301,1857
2211,3
4052,34
1682,4782
1513,4963
4129,3505
102,4896
290,2794
5009,2817
4074,4961
1585,4940
324,2787
1355,1839
2167,4251
2725,2812
4662,4746
3644,4998
3789,4885
956,1732
3302,4861
1204,56
4037,4966
5084,1834
2045,4693
4863,4634
1386,4879
1219,2857
985,4782
1545,4964
516,2776
3477,2833
2760,6
4367,51
2268,3879
3323,5065
2523,1846
2007,4761
307,2849
2700,4918
1783,69
2163,2845
3899,12
325,2765
529,34
3843,4774
3618,1730
5044,68
1636,4737
4507,4800
510,4684
1649,3878
1882,4820
3730,4675
2522,4675
4518,4671
22,16
3497,2768
3426,34
2115,3505
3247,48
3585,63
1108,16
2476,1845
3121,4979
326,4903
1219,4266
1509,5074
2919,4824
3010,3914
2682,3615
3367,4921
1570,54
578,12
82,41
3283,4685
3898,145
4359,2847
1328,4792
96,4957
2585,284
689,4783
2388,4890
2872,4755
2879,3880
2121,4769
310,2811
4335,1731
3907,4746
4072,4683
2433,4816
3963,4914
2537,67
2729,1847
157,2774
111,4789
972,1727
3195,4780
3720,4882
2044,2811
1577,4849
974,67
2890,4855
1136,4857
1673,4729
2503,1731
2502,132
1754,5070
3788,4788
1676,1742
3554,1725
1130,4894
3640,3878
1407,4997
2341,4690
1483,4963
3373,2671
3021,4731
453,4691
2305,2853
1114,319
3045,4847
301,2856
1097,2847
3511,2785
5082,4778
3417,3912
3895,2829
639,4992
2911,4673
967,5001
3853,4929
3916,66
1331,50
3355,4730
2412,2786
1525,4634
3281,1831
2947,55
350,2818
4419,3883
3151,4769
4362,2808
3284,3882
4104,4990
384,4996
3182,4738
1478,4782
2429,4775
1397,2810
2254,3914
3374,4670
92,4816
365,4772
2888,2816
2935,4776
704,4940
1897,3915
4533,4938
294,56
32,4266
1352,4733
2457,65
3042,4920
925,1732
1778,4937
1541,4885
2128,4914
4277,2835
4664,4265
2651,4769
3346,4995
1287,2816
760,2855
2087,2843
584,3881
195,3912
1215,4918
426,4910
3273,4747
2465,2835
2025,2820
389,4763
1983,116
1607,2844
2957,4787
1554,4966
1923,4730
2972,1862
2922,41
2102,1837
4559,131
730,4956
1249,2788
3248,4694
2605,4829
277,4880
2598,13
2162,4957
300,3914
3127,2785
3183,4901
296,2853
1440,4957
2062,4829
2652,4947
690,4906
2557,4753
4557,4940
1083,4929
292,4677
3542,2821
3651,4678
1640,2823
179,2785
3317,2855
4322,1851
1388,3913
1587,4747
2280,2776
998,4935
1283,4877
4119,4779
551,4998
2583,4267
1966,5063
1039,2826
4459,4791
4809,4944
2593,4680
2023,3914
4378,4787
4756,1837
1090,4989
4571,2779
4238,2803
1786,64
2869,4961
10,2779
3684,2851
1277,4953
3771,4674
872,4774
2724,4897
2329,9
3153,4817
2140,4870
3472,49
2567,5070
4244,1847
599,1726
3390,2831
2534,2854
574,4910
1629,3913
1881,4920
803,55
4458,4909
2337,4900
1467,2768
4021,41
1871,4902
205,4788
1296,2866
2039,3877
216,4776
3411,2825
2090,4970
128,4921
2002,4783
1344,4755
1261,15
3005,4735
3187,2798
4523,218
4421,2671
3920,4917
1750,61
4557,4990
493,2857
1710,4957
340,4770
2425,6
2288,4829
2061,48
257,4815
979,2809
189,4962
4585,4689
4130,4908
2243,4861
577,3882
3316,4676
913,4687
829,4914
3544,4882
3009,4249
2956,4992
2169,4946
303,1748
2978,2847
1751,4671
2269,62
2380,4932
4345,4916
919,4897
1317,1857
4534,2849
4389,5064
4115,4693
2721,1730
3258,4754
2248,4963
855,4670
2650,116
4667,117
3721,2799
4047,2841
4359,4955
2953,4803
2260,4993
2476,4678
1632,4934
517,116
3847,4677
3388,4788
3781,2831
2048,4746
2932,4901
695,4763
4133,60
1858,4677
3846,47
1488,4909
3917,4737
3233,2776
281,4720
3890,1827
4402,15
2000,4777
2485,4892
127,4848
1318,2837
2970,4265
1949,4267
1763,1896
1165,4765
1507,48
1049,1730
1655,2790
590,2786
3249,2798
3338,4860
3411,2839
2324,4816
3118,4886
1875,4799
783,2779
2090,4956
2902,4887
2801,3877
1298,1849
2955,4894
1201,4892
5062,2785
1962,4882
3818,4783
1231,4988
827,4746
2605,4946
3697,4634
4254,3879
728,4906
1085,1818
4949,4832
652,3879
443,4850
1401,2854
4404,4862
1755,4966
3509,4968
3075,4872
453,2772
1759,4886
517,4694
4019,4800
4209,2865
261,4264
599,2855
206,4797
4481,1844
2398,1740
2147,4673
841,2774
3951,4828
741,4249
3962,8
2298,4862
2470,2774
1118,4670
3888,4915
3725,4799
263,55
1446,2832
3840,4929
4466,320
2705,4937
3763,70
3156,54
3355,2841
2983,4856
325,4946
3939,2773
2255,5020
725,2783
621,50
2365,4674
2654,1861
2611,4886
1269,1734
3526,2865
2157,5077
901,1896
1031,2857
862,2790
193,131
1004,2849
832,4750
2556,5065
2653,4693
4076,1855
4948,4969
1365,4903
4431,47
1206,4958
341,4884
3987,115
1522,4930
1246,3886
3051,1727
1061,3884
4445,2803
4545,4781
688,1827
2775,2798
3344,2784
4409,4673
3709,4697
4843,4909
1321,64
97,2808
2905,4734
2364,1727
4555,2787
561,2837
59,4682
4554,2798
5027,4905
2434,5018
2687,124
806,4718
4767,4907
3930,4792
2623,4998
2301,2813
101,1737
3146,4849
4097,4858
2943,4718
570,1846
2804,1748
1724,4969
1751,66
74,2867
1706,4908
4318,2833
3938,3
2225,1817
1382,4748
4514,4613
1565,1818
2201,60
868,1728
1171,5064
3089,133
1676,2671
3942,4969
3671,4944
76,4891
1087,4265
1316,3880
1763,1847
4846,4690
2280,4768
3696,2658
941,4752
2607,2849
2180,16
2648,2862
980,4938
118,38
4540,4877
3390,1842
1744,50
3380,2796
1574,4903
2253,4772
1429,4791
2995,1860
5041,4737
4342,4250
1162,5074
3326,4785
4112,4763
1942,4682
126,3879
1853,2832
311,4729
