3320,1726
1078,3924
4370,2787
1954,4978
3618,1727
712,4747
163,2817
4711,4921
2547,4249
1607,4970
2046,4755
3950,3881
1120,2810
1172,21
704,4883
2087,45
1513,4694
975,6
1338,4773
1177,4782
5030,1816
3758,2851
314,4752
3288,1727
4549,4963
3053,4918
3142,1896
1586,4741
3586,4779
596,4907
1064,4690
949,4966
3131,284
4721,2866
604,114
3535,54
355,4761
2236,1726
4580,115
3472,2788
2965,4988
4162,2846
3661,58
550,5077
1231,4266
2636,3877
2063,3915
1750,4690
1576,3880
3400,4818
3152,1850
2065,4890
3326,2820
3568,4947
4427,4972
1075,318
3533,3884
4030,1838
4148,4693
1952,2798
1363,2855
1794,4670
798,4919
1092,2865
2230,4613
3173,3924
1964,4799
3238,55
4408,34
3457,3882
3306,4919
2903,3878
4318,1817
1503,319
399,47
2025,1851
2946,4883
2290,4908
4306,4940
3583,1737
2283,40
2633,2773
1269,4790
3122,4879
2371,3924
4481,45
3036,1846
4397,145
4637,4921
380,2823
475,4969
4041,4902
2703,2768
2521,2867
3444,2827
2026,4917
1663,2818
3408,4921
1822,68
1272,2784
1944,4789
1793,1748
1236,2776
2188,4685
653,4953
1322,1840
2879,4918
4460,4778
1585,283
5059,68
583,4265
1666,124
488,1835
208,4776
3604,4884
2125,218
1131,4675
985,4781
1688,4910
716,4990
3501,4264
473,4916
4052,5064
4833,4248
4589,4972
413,4775
3315,5075
4318,4800
2605,2851
4140,3885
1944,3878
3832,218
1718,2789
696,1818
1574,2787
2967,21
4624,58
1436,1728
1617,4912
1340,5004
1232,4877
4279,114
4609,4931
3197,2845
243,2832
2769,2845
1033,3912
1400,1861
3966,1896
842,4978
2491,4880
3340,4677
2359,1838
2158,47
3253,4848
1273,2818
523,4824
588,2774
3282,4737
1747,4776
2472,4889
2234,4824
2056,4824
4559,4748
4578,4765
2314,4746
4261,4941
1064,4799
4852,4768
458,2808
4088,2860
3013,2838
1073,2862
2371,5019
4719,5018
999,5065
1708,4769
2015,4903
1218,4990
3662,4742
2949,1849
378,4964
4449,5063
503,2822
256,4797
4347,4803
4401,4753
3086,4829
3128,4969
3257,3882
1150,4737
4371,4988
2634,4849
5030,4861
2089,2658
3300,5074
358,2816
1636,2779
4147,4952
2687,2860
3166,2827
2414,218
3660,4689
3380,4905
1469,46
2376,4688
4629,1742
4122,1742
2257,4902
1273,4830
3217,4732
2738,4697
901,2827
2470,4692
2000,1839
942,2773
1300,5
3052,4803
3905,4831
2696,4824
2567,4917
4163,4694
3542,4635
444,4739
4189,4673
3784,2845
4269,5064
1648,52
2586,4679
5037,4958
4001,4736
1128,4912
4589,3914
287,1856
1132,4789
500,4762
4520,4909
4465,4764
3332,4787
2127,2841
3039,4654
890,285
4399,4266
4624,1728
3465,2783
4057,2837
860,4966
3594,8
3660,4961
2069,53
3529,4916
2615,4785
1498,4791
5040,1860
2513,3879
4032,2796
1874,4743
677,2809
2321,54
4224,5065
3202,4687
2751,1844
4895,2785
3206,4787
1584,4774
535,4752
4424,1730
3264,1839
4193,55
1662,4681
2205,2837
2282,4761
2979,4779
715,2839
269,4775
3905,2822
1251,4944
187,4735
3416,4683
4427,1740
425,4902
3030,4926
1754,2831
2771,2812
3256,284
18,4783
1565,4265
864,4915
3823,4737
2038,9
1261,4903
2627,51
4087,4801
1084,2809
289,1748
1989,4734
1628,3615
4845,5004
4114,4963
1188,4870
5024,116
4244,1857
909,2800
689,1855
2018,2794
1859,4786
4587,3924
3213,116
2043,1731
293,2781
625,4850
4194,2781
353,4887
3033,4978
889,4856
2668,4743
3502,114
3246,2776
1391,4779
3668,3913
3254,3882
5039,1840
82,4747
435,2783
2142,4929
5062,9
1872,4880
3597,4888
4370,1849
3974,2813
299,2786
573,4692
3027,5018
2358,1841
300,5075
2116,4944
2351,4897
583,4734
2667,1857
3685,4858
2968,2765
473,4962
134,1818
44,4995
400,38
3645,4786
3649,4919
1431,4674
4703,3505
442,4674
3089,2851
2734,3886
3957,4849
948,5073
2602,4803
2621,4880
2280,5
4,4682
1162,4862
4548,4969
4036,5
1680,2851
3604,1857
2286,4909
4704,2789
941,2781
252,320
3435,2767
3625,1849
2398,2808
611,283
1922,4890
1826,80
3176,4771
3000,2824
1176,4957
3160,5074
2151,2764
2193,1728
2407,4792
2906,4675
2089,2845
329,4817
1021,2765
1556,40
3797,1740
24,4779
3354,12
3172,4947
2220,1728
1548,4743
1911,4733
3894,4911
822,1839
2220,4819
1549,4912
4314,4264
1801,16
941,4668
1568,4674
1885,80
526,2865
3559,2671
423,2817
2482,4994
431,4739
2470,2827
2585,4691
2256,2845
1161,4887
2610,4733
1172,284
4406,2856
2186,4769
2422,4957
3608,4673
4827,4958
1167,4718
1013,2860
916,3886
3287,4746
2359,284
4205,4964
4096,4792
3656,1856
1146,34
4321,4613
2246,1730
393,132
801,7
222,4979
1555,4820
2204,3878
523,4755
3205,4969
494,284
183,2789
35,4889
3042,4988
419,4951
1070,4850
3218,4891
4999,50
3311,4801
409,4890
4347,2829
3717,4692
4225,4936
4593,4886
4419,1862
4301,3924
3820,4988
1019,60
4,4958
816,2823
912,1836
958,4251
2392,2857
1421,4780
4049,1733
2352,131
1700,132
1565,4672
3434,4856
2425,4672
3695,4797
699,133
243,1
1307,1788
141,5077
3890,4897
2261,56
4160,5020
2345,4781
947,41
1346,4873
2379,133
2852,4847
1739,4969
1137,2658
1322,5016
881,4962
1146,4676
2353,4944
101,4828
1358,34
2695,8
806,1839
2674,4938
4361,38
241,2789
2467,4770
3593,4902
634,46
4089,2820
3543,4765
816,4791
620,4991
3769,1728
1529,1851
4503,4929
1253,4674
480,4727
2333,4934
941,4961
2115,2786
676,5000
220,2800
2288,4681
3265,4944
3192,2800
1986,4958
4108,5016
4401,2808
3291,2788
3540,6
2491,2783
866,1861
173,21
3077,2845
3711,4746
1498,114
1017,3883
4942,1727
2677,53
3453,3912
2995,4979
810,80
1380,114
2419,2843
5060,1742
4294,320
3997,4747
4318,2838
2129,4770
3559,8
3448,5075
3174,4873
263,2811
4230,1
3187,4987
3980,1862
309,3913
4089,4781
3782,2658
4496,53
3839,4766
1440,4887
601,4855
1760,5020
321,4693
1018,4879
1509,1855
2710,4759
2103,4671
3741,4989
1291,2832
580,5
4073,4788
1634,2866
5067,2825
1970,4878
745,4778
1225,4752
2336,4720
3677,56
3037,4910
2891,2799
5014,2849
3730,5066
289,21
4622,1834
983,4689
417,4720
4141,4890
1800,4746
2021,4760
2528,4748
2345,5066
2366,4860
2291,5016
3925,69
3339,1838
134,4685
3909,1728
998,4876
842,2774
2900,68
3695,1733
3942,4783
3229,4731
2082,1735
4460,1730
1113,4613
3828,4788
3686,4768
3923,4824
483,41
4358,4674
3587,4720
4199,2824
1557,4685
2674,4778
621,4939
1887,4828
3190,4770
3030,55
2622,4847
2137,132
2529,4250
1825,4654
2298,4994
2441,2858
3939,4681
2919,1861
2311,48
2251,4820
3021,3880
755,4855
2190,41
3517,1850
982,319
1399,4952
4369,4850
4040,2787
395,2818
4243,132
3603,4718
5080,4921
2230,51
4095,4886
2060,4849
1650,4860
4452,54
2277,2816
2928,4249
2156,4958
1745,4816
2385,58
255,2772
3474,52
395,4888
4295,1748
1337,2858
1435,4791
1675,4784
4826,4792
1912,2800
1444,4964
2287,4831
1670,4896
4064,1835
1720,2829
1290,5019
264,4998
3727,80
2983,4937
438,2814
2205,145
509,4903
534,4760
3922,66
1759,9
3132,2794
1387,4969
825,70
2586,1730
4118,5075
4845,124
731,4753
3162,4752
1811,3882
1549,4788
1773,4683
3518,1740
2074,117
1257,1742
1409,4748
1105,4266
1676,4775
4464,40
1677,4858
2600,21
1765,52
972,145
31,4791
1739,4692
2235,2814
4218,4972
4533,2772
1916,4735
1980,63
4239,4919
142,4729
2468,4932
3783,4953
635,2826
1180,4820
1528,4931
1898,2849
496,2772
1793,4266
1333,4753
648,5
4522,4988
3270,1840
3172,4971
3157,4718
4658,4855
2336,283
4295,1845
747,4780
993,4921
1058,1862
3344,4969
91,47
2181,1841
27,4946
23,2856
2543,62
3487,49
567,4692
4413,4887
697,4763
4705,1862
1907,320
1457,5069
785,45
2512,4697
3862,4799
4388,4992
4050,4919
1800,1732
3224,4883
2267,4832
1499,2862
2333,1737
4101,114
668,4969
259,2773
2968,68
829,2795
1531,4816
201,2795
2761,4944
221,2808
4561,4730
989,4687
2474,132
3251,6
4067,4941
3460,5075
1943,4892
3407,4766
1522,4731
3300,3505
1654,1838
3610,4679
2981,4929
3721,4696
4999,4797
2214,4613
4651,3914
1952,4987
390,3879
1572,4901
4948,2772
2369,132
1624,1860
3302,4995
4612,55
1109,4773
4032,63
4490,4929
2076,4781
3013,4673
3792,5070
1442,4955
3168,4930
2544,2796
3892,2765
1002,4930
891,1844
1104,4741
672,58
2017,48
10,4979
5050,4799
1335,4739
648,51
452,4780
4004,12
395,2862
3484,4730
4447,1728
3919,4891
3958,4919
205,13
5030,1729
3787,4800
3470,4780
4050,4905
4465,4951
4034,4824
4449,4768
4053,4775
2252,5001
4064,1847
2384,4743
4836,7
3293,4829
447,4681
3511,4668
3131,4760
3872,4935
4582,4994
1496,4684
2221,2835
2960,4884
1105,218
300,4253
515,2820
2728,4250
1319,4930
107,4781
3392,4919
512,2774
2507,4778
2368,1847
355,1849
1505,4789
3027,4669
1772,4877
466,4932
3686,4734
737,2821
1177,4763
808,5000
1068,4996
3980,4772
87,2817
4490,4832
4260,4267
4316,4677
2728,4654
4378,2808
2211,4930
4272,2853
2709,4917
4874,4682
4341,4731
4495,2773
2283,4890
1526,3913
3903,4952
1636,4963
2608,2799
4576,4969
4288,3615
3079,4764
1466,2822
862,4743
3167,3615
1680,4678
1405,5064
621,4675
4317,4264
2506,4912
4051,5018
2034,2779
2398,4919
3550,2824
483,1726
2011,2864
3341,5073
5026,4963
1268,115
3184,4815
2281,4900
2719,2809
822,4735
3816,4986
3945,4935
2264,9
3672,5001
2702,1841
2257,4742
3860,4918
2626,3915
333,1733
4561,5077
2162,4669
293,4879
2216,4819
4493,3924
4256,1
2525,4978
1016,1788
1544,2860
2393,2803
4609,4782
3031,4727
1123,1845
2529,133
3676,47
873,4861
3905,4776
2437,116
820,2803
1176,4897
3043,4986
2534,2810
1683,2849
4608,5064
4493,4768
4595,21
574,4850
2380,66
1904,4944
4630,4738
1684,5004
3597,4772
4558,4946
144,2845
3363,4776
3066,4904
1541,1742
1423,4775
968,2820
1124,4765
2515,4905
140,1857
3692,1851
4027,4911
1470,9
346,1728
4198,3914
3962,4732
4308,2814
144,4930
2039,4771
2590,4746
1530,4689
832,4772
300,4669
212,4911
1078,5002
521,1831
2706,3
2665,4820
560,4894
165,1842
4401,1848
163,4883
4960,1727
4726,1834
225,4670
4407,4772
2979,4952
3831,4894
4614,4818
3795,4786
1356,4878
1675,2782
4289,4720
3469,4762
1035,5020
1020,9
3639,4904
4350,4892
3030,4937
4246,4683
4841,4760
673,65
497,4911
4130,4765
3024,133
3625,2817
5034,4848
2470,4800
3866,2857
3466,4783
1528,4654
730,5
3841,4905
1607,3914
2011,4766
1464,4939
3119,2821
2424,42
2359,4743
2092,4687
4206,2783
1943,124
1565,1844
1452,2855
1008,2786
3063,66
3552,4908
3773,1847
2453,4816
1033,4676
1330,2847
800,2814
965,4766
2066,4896
4227,4911
4586,318
2564,5065
840,2786
2644,4952
1091,4919
266,3885
1045,1847
4023,4680
2264,4911
4167,4857
2882,2785
2704,4668
82,4730
4137,4670
2347,1742
3763,4877
2966,4267
1461,2865
4145,4688
3815,2774
1960,2790
3486,4952
3750,4613
2685,4763
4950,4673
1959,4762
3447,2858
4293,70
1948,4886
1116,3
3751,1842
1822,4971
703,4763
3294,2865
4834,4728
1046,4970
1232,4935
4572,50
1675,4679
2465,21
2380,1818
2267,4697
971,2857
3835,2796
968,4820
4259,40
4107,4858
685,4766
2777,4776
3673,40
1811,4779
2002,4941
4432,3915
915,4969
3562,5002
3607,3883
948,66
2170,4768
4396,6
4063,4817
2163,2808
2491,2865
754,4968
2938,4781
1867,4935
1370,4917
428,7
57,4915
2171,1836
534,4911
1147,4720
967,68
297,4746
2901,4734
504,4877
2354,4892
3786,2808
3629,4755
4983,3878
4134,1818
343,1817
1967,4940
1852,1733
2613,3924
1094,3913
1245,145
701,2845
1060,4691
851,4819
3628,4685
3857,285
1115,4760
4421,114
1617,4670
399,4682
4071,4978
3084,4946
4354,45
2421,4772
1782,1857
794,1836
1284,2814
2432,4892
3483,4800
2750,4987
736,4961
37,4906
4127,2803
1294,4697
4223,4773
3164,15
2665,5074
2042,4688
459,4751
3147,4979
2581,4729
1229,4919
4501,4890
3746,2835
1087,2813
785,2781
1707,1788
443,4979
1579,1731
1038,2855
4278,4878
1405,4684
1125,47
1798,4909
4556,4752
3635,3885
3618,4728
1411,4890
3077,2844
2228,113
1791,2858
1271,4882
2687,4742
2601,4847
3870,3913
304,1896
3102,4918
2350,4897
3076,4952
3006,51
2455,283
5081,1827
1374,4935
1870,4680
3996,4889
3955,1896
851,2844
3893,4730
1349,4747
482,4991
3231,3877
4225,4731
1906,4900
4294,1727
4520,2814
1688,2862
3358,4938
1192,2781
3290,4944
1865,4979
1385,2854
4200,58
672,4738
2082,4996
1757,4901
1169,4932
3575,2814
4653,4780
1858,4937
1326,4947
1004,1850
4299,2786
4446,1737
4030,84
3852,6
1233,1844
4570,4668
3341,4889
4080,4771
2020,1808
1261,2831
1168,3912
913,4857
2558,4880
3381,1732
430,66
4533,4687
3825,2867
5052,4817
3297,4697
4499,4819
2022,4926
3717,2809
3143,4787
1164,4882
2995,4770
1085,55
4480,2854
129,1734
1571,1808
3345,80
1149,218
3748,5002
2957,2764
2922,4670
723,4937
882,1849
3330,4904
3409,4897
4088,4634
3092,64
479,47
2759,2853
3748,4889
1944,1837
723,4918
4960,2788
3734,4907
3992,4896
2542,3915
96,1857
3554,4679
3688,4921
98,4776
3838,1730
1486,1831
3692,6
4325,45
2369,2820
1619,2840
103,4676
3434,1742
1409,4947
2562,1731
174,1839
4560,4634
935,5066
2344,4882
645,4956
2076,4857
4325,1832
2460,4755
4868,4829
1395,1727
3544,3913
3315,4777
967,4736
1517,4919
3554,4777
3025,2825
4305,4970
3191,2795
2416,1896
3051,2825
269,16
4655,60
3696,2785
2737,2658
1582,2816
2446,4693
2645,69
2884,21
1505,4957
2896,4979
4369,4883
3384,4829
4529,2803
3338,2794
3625,1730
1081,4773
680,4789
1986,4993
3826,2845
3490,4790
4644,4729
412,1729
1000,2781
597,4683
3899,4779
4589,4873
3870,1860
1275,2824
18,4951
3568,6
5039,4886
2079,2813
356,3878
2601,65
244,4995
4114,2764
1258,4720
3015,4941
4573,4917
3981,2854
3371,4951
680,5075
4058,4938
4319,84
1540,1855
1205,2796
2046,4882
1715,3915
2597,4669
4708,4829
235,4746
345,4944
3522,2822
4394,4741
917,4731
4285,2803
2403,4855
1745,62
2243,3915
2738,4964
2852,5069
2670,4940
220,53
59,113
674,4771
3647,4920
2936,2658
1979,4894
1061,2774
3178,4736
4811,21
2740,1732
2591,4737
4309,2772
3865,4907
3093,4730
720,3914
3036,2844
2071,4951
862,4776
2938,4674
1915,4784
3793,2837
468,1834
1092,4951
956,1735
4864,40
2695,2813
3232,5020
2509,4939
1331,2783
258,4829
3197,4988
2501,4914
4203,3
1337,4780
151,34
4838,4931
4795,1735
4393,2827
2383,5063
98,4249
636,2816
1510,3884
4851,4737
92,2854
2220,131
1219,1861
1499,2849
4606,47
313,4882
2327,4892
304,2846
1024,2835
542,4738
4833,2765
78,2854
275,5
5026,2826
3853,4829
4851,1827
4013,2782
3700,2799
794,4684
427,4774
436,48
3204,4682
1106,320
3705,4971
2524,4990
2933,4791
3383,2856
837,114
3154,1732
235,1788
179,1742
4532,4970
4044,4882
2404,4877
2158,4693
1543,4668
4985,4963
1363,4789
3378,4855
776,4675
3095,1733
3949,2818
3284,54
762,4987
3672,1788
2873,4690
827,21
3168,4820
4924,4253
3306,2820
3182,2853
2019,4894
3413,4739
239,4732
3778,2816
3013,4672
2507,53
4606,4889
2352,1816
2054,2768
554,2786
2396,3877
1909,4761
2992,4746
4834,1727
1098,4819
1649,4897
3040,4689
317,2809
2341,55
1939,4862
3562,3913
77,65
2706,1817
3155,2768
1052,4764
223,1730
159,4953
4232,4678
1876,4815
1566,4857
1158,4730
4074,4739
773,4776
5029,4900
1893,1855
3975,4986
3249,2816
4259,1
2088,1748
2730,1839
4297,4862
2038,61
2797,4990
1082,4720
3965,2799
3154,4779
2306,5018
101,1726
670,283
281,1725
462,2794
1093,4677
758,4248
1897,3912
3805,2783
4943,4800
1637,2765
4285,4736
2998,2825
2947,2857
2397,4940
1518,46
823,38
3031,4934
339,4788
1515,5075
3047,1730
2111,2846
4869,4734
4140,4738
1618,4992
4356,4679
968,2839
2500,51
4186,4669
1282,53
3556,46
3513,4762
186,8
265,5002
415,4760
10,218
2931,2848
2925,9
89,2773
2330,4749
504,4947
4636,4747
1191,4858
4476,80
3320,1818
4005,4819
836,2829
2516,49
163,4964
3982,4861
1985,4671
652,2773
5026,5075
1180,2795
1504,2840
2466,2785
2139,3879
2441,4849
3715,4947
4512,124
3005,2854
623,4886
3797,65
5041,65
1285,2803
3581,1846
2434,2858
3129,283
3068,65
1898,4887
44,4668
4667,4771
4541,80
1309,2854
983,4990
4067,4857
2541,4909
1375,4873
3242,2823
1641,5077
851,1818
1560,48
5025,4878
2685,4267
1555,5016
3563,4765
4523,1850
2143,1846
1374,4990
252,5069
2230,2844
1363,4926
4490,4962
3179,5069
4240,4689
3896,4799
869,4906
786,4856
2485,4887
2328,4847
1797,2867
3638,5065
3931,2795
4146,2857
1152,4873
3017,4786
4490,285
4653,4693
515,4654
4231,4770
2295,4266
4593,4830
3968,1740
2657,4690
3210,4885
691,67
3824,4751
408,4897
4286,114
2633,4979
515,1851
1787,61
584,4793
2895,5016
2561,1817
2386,4728
1701,3879
1132,4966
2734,3884
202,2849
1866,1847
2499,1831
3502,5001
2203,4905
3306,5020
2441,4940
1367,4996
4342,1730
3593,4731
43,1726
255,4979
788,4962
3539,4634
3141,4786
4714,4684
1400,4964
3048,4265
4661,2847
4295,4880
3294,4901
3455,64
2390,1856
2431,3882
1599,4831
2409,1735
280,4776
4206,3914
4333,4952
1019,4696
3014,4732
1677,47
2080,12
1568,4966
2496,4996
3465,5
2573,3924
3639,3885
2602,4991
1238,52
489,4858
4376,2813
540,4938
3407,3
2455,2824
213,4681
1910,4743
27,11
20,4872
168,4635
3973,2786
1419,4940
886,4991
98,4932
374,2848
800,4769
4263,4686
1187,4879
2756,6
3705,2783
4319,2857
3289,4870
4865,5064
4076,318
4707,4861
3448,2796
4019,4692
1870,2824
4462,285
1753,4752
1489,7
1003,5000
2679,3915
750,4889
507,4953
1616,2818
2159,2785
1473,4901
1109,5001
1610,2837
1300,41
2699,5018
2352,4789
4368,4788
2078,4670
1207,4941
4484,4670
1358,4886
3243,2829
4233,4903
4665,4900
223,2803
2442,4781
1021,5077
4135,4953
1384,9
4175,4956
3707,2827
4441,4917
2514,1856
859,4993
3923,4892
202,4775
169,4904
5060,4964
557,4741
5021,1846
828,2837
378,4907
2165,5004
3231,4735
893,1851
3995,285
2499,4911
3187,4892
432,4676
4429,4697
1980,2838
238,4685
888,4910
3417,2798
4306,1737
4871,4989
1687,4728
3002,4915
1360,5074
411,1731
804,2816
3729,4847
2414,2774
221,1832
2481,5020
1947,1816
3046,3883
901,2864
4715,34
4416,4785
680,4969
4151,46
1620,4765
1968,1838
1679,2864
1624,3882
4804,2858
1583,2779
2881,4889
4124,4747
2155,11
1294,1808
5046,2811
1914,63
3727,284
3358,11
229,4782
1227,2862
2451,4909
4833,285
1134,4988
1598,4885
3322,4995
4049,1
3296,3879
4056,4965
374,2803
2096,4737
3031,4878
88,1732
1667,4764
3127,5077
3529,115
2197,4903
4621,4768
2023,4916
1386,4996
329,2773
3856,4801
2753,4754
3415,4910
4154,3877
1528,4248
2540,113
2282,2817
2985,132
4703,2818
5042,1842
506,4723
4537,4777
72,4687
3140,2848
2123,5069
1514,133
1247,2781
877,2839
1146,4692
2188,1729
908,2784
3617,16
882,3505
3998,2845
1705,4906
1940,4957
1192,4979
209,131
3925,4778
1941,3877
1427,2829
2903,1729
3507,4673
137,4870
4423,4968
1313,4993
263,4820
4487,2767
1668,2856
1711,4820
4487,4678
1290,4966
121,3878
893,4930
912,4789
4447,4889
1820,2765
894,4979
716,4746
514,2798
3183,2671
2064,4906
790,13
3443,4816
1140,4897
94,4765
1498,66
1320,2772
3378,4816
4409,3879
3831,1838
995,4668
3220,4774
2597,4763
4233,2853
3480,4683
2955,1849
1338,4883
4767,2848
1246,4728
252,4998
2318,113
4285,1735
4704,2816
3307,4913
22,2843
2629,2823
1889,4910
1940,4766
1164,2860
4274,1818
4158,3883
5068,1842
2266,4668
2255,4989
1503,5019
4463,3912
1534,1732
905,4691
2271,64
3354,4824
3344,70
4576,4896
4501,4847
2923,1861
4213,34
2116,4891
871,4819
1559,4750
3653,2767
508,4961
1183,34
3812,2776
1940,2821
2679,4251
1190,80
26,4697
3066,4786
491,16
3528,1837
77,45
417,4759
1004,4781
4843,1896
1206,1836
3802,4995
1427,2843
4725,40
2730,2835
4470,1831
1715,320
3214,3
2239,3
397,4820
2478,55
3517,4761
5014,4907
19,4693
4300,3912
3255,4799
2465,4730
243,2823
3610,4800
3301,3885
2515,46
3908,4880
1023,4876
4539,2823
4610,1
3105,4677
1877,4901
1205,2795
3955,4832
3557,124
3266,4848
4268,4788
2353,2812
479,2671
1154,4906
3552,4966
4096,1737
1859,4986
3790,4733
4239,4913
3715,2808
1884,4754
1370,4888
3578,2843
1654,4728
3594,2855
3653,4870
4405,2786
1794,3883
3508,4939
1885,4780
3998,1841
2441,1841
3724,4944
1278,7
1506,4996
2589,4998
3572,58
2775,4691
333,2808
3153,4906
4653,4751
2928,2818
2489,4684
2915,4904
3290,3914
1704,4753
2200,65
4290,56
2615,4684
4479,4675
2900,132
2306,2798
5056,2779
4599,4991
213,1851
1646,4697
1926,2837
2486,4915
2532,13
2970,4747
1300,2854
1642,4919
1931,4888
4740,2847
3311,4901
4562,1835
292,1857
2148,2817
2401,52
410,2765
736,2785
2058,1861
2620,4996
828,1841
3908,4870
3800,4743
1190,4690
328,4855
3774,3924
251,114
460,4934
2064,2658
3992,2810
1205,2813
2702,4774
1189,4762
4556,4779
880,4921
4016,145
4159,4686
2650,61
1668,3505
2999,52
3888,1729
4243,2818
173,4690
4308,8
1520,4877
187,4887
4220,4831
3658,4766
3763,1840
4593,2783
1602,4759
2143,5004
1959,2788
3501,4870
5023,4919
1327,4772
1249,285
2723,4679
1276,4679
552,1733
1018,4915
1292,1731
1415,34
3266,2865
545,4769
2413,4801
2054,4968
3464,1836
814,2867
3821,4686
3849,34
495,2816
400,61
357,4728
2062,4678
2234,2821
982,4937
4573,2765
2429,2776
1585,4781
1471,4734
2167,4742
2383,4677
3543,4679
422,2853
2914,58
2595,4728
2470,3880
344,4860
2201,4696
1259,1730
4012,1848
3744,38
461,1896
2149,1846
5003,2767
3131,1788
833,4696
427,4900
4038,3915
1763,4993
659,4753
1648,55
1345,4947
2778,3505
1054,4965
110,1844
3176,1734
4983,2855
587,2826
3495,47
3193,5
1607,2840
3272,2826
303,4929
2521,3924
2590,4766
2908,64
2992,4793
2898,42
1632,5020
2091,3914
3794,4749
4346,4253
4025,4998
2062,4769
3186,4829
3413,132
3842,34
4354,2776
2727,2824
744,2831
1973,4916
3726,1834
3159,2821
2933,1839
576,1838
2443,1731
3960,46
3565,4680
3863,4961
3581,2798
3581,1860
2378,4694
823,2854
4359,4675
3095,318
3115,1726
154,4951
4620,45
128,1742
908,4858
960,2803
237,4913
4019,4889
2663,4799
4346,4689
3281,55
4384,4990
2295,2855
1519,5019
876,4847
3283,4860
5041,1748
2672,4892
1224,4777
2724,4909
1418,2799
4137,4880
1503,2779
3079,4735
3688,4978
734,4997
1973,11
1639,4732
888,66
3797,1735
3495,3915
4237,4736
2153,5069
571,55
565,4858
1880,1831
5054,4910
161,4986
3967,1833
3702,1740
3542,4965
3735,3881
3990,4264
317,218
3943,4759
4344,4693
2743,132
1918,2764
1429,53
1561,4965
3668,4671
3905,4251
1871,4672
2371,53
3335,4729
3206,2841
1188,2838
59,1728
4722,45
4575,2781
4606,3886
2046,4681
39,2765
1754,2844
2473,3882
4141,4946
1564,4929
2181,4832
239,4946
2870,3883
2441,4979
2097,4731
680,15
4359,9
4404,4763
4087,4816
3006,2671
1979,4731
3731,4913
3259,2835
3457,4723
3356,2849
1412,2809
3866,5073
1216,2820
1101,4926
3196,4793
314,4953
24,4671
4871,3
3649,1816
154,4731
1892,1862
3008,3924
3018,4720
2606,2841
2319,2848
1928,4970
3476,285
1180,4847
166,4953
2459,4753
2265,2779
2685,3885
1722,4935
3507,2839
2019,2865
4042,1846
3815,5064
2693,4894
1745,2789
3323,4759
78,4926
263,2849
2905,4901
3218,2821
290,1835
3597,1850
2565,4723
2568,3881
1298,9
2582,284
560,4878
1397,1831
4386,4731
4706,2840
2652,4915
3189,4782
3078,4915
1640,2776
1918,15
3120,4746
179,5065
3856,4996
3062,4849
297,5065
3159,2857
3566,4748
4983,2773
1109,42
1446,4792
2750,4830
4216,4876
2626,4952
2081,2782
224,4738
612,4801
3430,1732
118,4729
3730,2848
1799,2767
3400,1847
5044,56
3767,113
3025,2813
4015,3924
272,4872
383,2835
3811,11
3984,4957
2323,4957
848,4801
2632,2857
1905,4780
3940,4917
3222,4956
4087,4774
3392,4963
4559,4816
3780,4779
2113,4693
421,4772
1310,5018
3723,68
4275,4787
1955,4886
2726,5066
4036,2779
3731,4780
919,4768
3986,4265
2111,2851
4569,4680
4384,2781
3250,11
3423,4801
3077,4931
1334,4766
817,3914
2685,4681
1996,1818
2918,116
4594,4870
1465,4686
1852,4820
2452,4934
3369,2820
3150,2837
2489,4788
3953,4654
3069,4880
4317,4966
3454,21
4149,1847
3262,54
3237,4249
902,2839
3153,4972
4466,4681
4643,1831
4339,4759
4515,68
4337,4860
2058,45
3739,4754
2900,1844
1510,319
1212,4995
4300,3877
2758,2786
4387,4774
3561,2783
3971,4253
1041,4250
4881,2864
3208,4815
4074,2786
2961,1733
2456,4947
183,4830
1222,132
2110,4672
4974,2821
1321,4877
595,4720
811,4267
1686,4901
2472,4915
4413,4770
2402,4780
1122,4963
545,41
932,4921
392,4741
4615,4884
1245,4870
1599,4850
2353,124
2690,2825
2934,4790
1634,62
3164,5065
5049,5004
155,4966
2393,4749
2771,34
4000,2832
3602,3878
4440,1837
2488,4855
1061,4634
1935,132
3211,4792
3098,3885
4822,5066
2340,2785
1026,68
4584,4890
1554,4778
3953,4687
1929,4691
396,2857
735,4672
3607,4979
995,1837
2384,2825
3448,3878
3430,2812
2244,113
3943,4696
3515,16
2706,4914
1171,4778
2718,1817
4031,4992
273,4996
3541,4815
792,4776
834,4978
4334,4921
2691,4993
2925,1734
855,15
1706,1
1718,2845
3546,5066
2850,4760
4625,2811
3894,318
4108,1839
2750,4858
676,3913
1746,4771
2061,66
5027,4938
4582,2783
1799,7
3016,4681
802,4992
674,5069
1263,4747
4101,4762
2609,1846
293,4694
407,1851
514,2799
4639,4675
1387,4877
2551,4249
3121,1861
4534,4788
1612,4692
2761,5019
1576,4920
2181,4935
3995,45
1390,1851
1591,3924
2828,4850
3312,4736
1805,2812
3932,2798
2343,1808
3552,4969
5037,2846
1201,1850
1260,1737
193,65
1246,2790
26,4885
519,2848
2593,1808
1933,1860
4459,131
1880,4963
3492,2860
1090,4675
1325,4690
4898,4918
3525,4768
2480,4889
4945,4782
2211,5019
1871,4890
2958,49
4230,4905
4808,2795
1332,4862
1801,2839
1444,4880
531,4847
1600,4678
1410,4736
2001,4918
3321,5070
3371,4634
807,4849
4618,1856
3327,4894
3862,4768
2793,3879
551,2787
3024,4671
5025,4251
1290,4998
2667,4675
25,4876
1406,5073
2635,4634
1272,3885
2147,2822
414,4787
3574,4892
4443,1730
439,4697
3062,4958
4663,4996
1255,4931
3826,4694
3525,2832
2018,5064
1054,52
2103,4957
2679,4905
3969,3881
2741,4773
4498,4690
2132,1732
620,4732
4254,1735
3691,4774
4288,4727
3896,1845
348,4882
338,55
2349,4739
4335,4958
2133,2844
3208,5065
2395,4912
120,131
3609,4739
2308,62
553,3885
1265,2790
3629,2765
4927,2866
919,4683
1254,4764
3643,4793
774,4668
1607,4248
982,4690
1685,4831
3942,4248
4277,11
2426,42
1968,4686
2631,2813
2792,4997
853,3885
2964,1838
1900,4738
685,2658
1194,1835
2067,4784
4867,1834
4049,2795
3120,4803
2715,4691
1343,4913
4628,2784
1202,4743
1313,4915
2116,4761
1652,4968
4522,4765
3686,2831
4140,3881
1039,1818
4588,2786
4086,1849
3128,3879
544,4847
1581,1849
3596,4729
1690,4860
489,4988
847,1727
169,4779
3440,2773
3806,4677
3272,4860
4188,5069
1314,2658
4358,2853
1668,4907
3559,1748
1513,320
1005,2786
3887,2776
774,4989
1588,4963
994,5065
1199,4894
3187,4763
2090,2799
1746,2864
3423,2786
1134,131
424,4998
1440,2851
3473,5019
163,46
339,4776
3213,1848
1677,4986
4327,4743
210,4679
4150,4691
4416,11
4498,4966
1972,5063
1368,4803
4852,4819
535,2849
2738,319
4247,4769
1010,2866
1525,4946
43,4938
3306,3914
2614,4886
2890,4848
4523,4995
2354,1841
3293,64
950,4997
4667,2823
4040,4947
212,4997
4925,4783
1639,2839
4928,4887
2324,4762
4463,2779
5041,4819
3552,53
938,4932
2724,3878
2408,3884
1396,4972
4129,2765
1449,53
4131,2849
2746,116
2370,4885
1918,113
4833,9
2546,4777
4001,5065
942,4930
1874,11
4343,50
2336,4892
3372,4815
4486,3913
324,4905
1072,1861
2436,4680
4544,4953
4527,4766
980,2814
192,4743
4006,4990
4333,4688
716,4829
1389,2825
4509,4730
2890,131
2721,4991
361,1735
1323,49
3965,114
3014,4743
861,2824
3647,5065
3248,3913
910,2841
1174,4730
4835,2794
2144,4728
4594,3886
1981,4970
869,5077
504,4727
980,4776
2889,4991
329,4921
4120,8
1859,4953
2495,5064
4346,4910
3292,4267
3785,3912
3587,4989
484,2773
3840,2782
4875,1849
1929,51
2653,4730
472,4681
1429,4730
2454,4728
2067,2790
526,5
1769,4801
4513,5069
277,4891
1376,56
1140,1
2214,319
4615,4755
3945,4932
1746,4681
2804,4936
3313,55
4548,4673
4442,4783
3539,1855
3795,4777
3145,1742
786,4921
3855,1817
806,4971
416,3886
3741,1728
1791,3505
1775,2844
4977,4885
2136,4654
1085,12
1877,16
3245,4681
2432,4675
894,4921
2624,5064
208,4267
1492,4951
1570,2867
2117,4938
2791,2848
4033,4878
2098,145
3665,1855
917,4670
270,2779
1350,3
3356,4264
2250,1742
4299,2843
3773,2808
2426,4266
3716,4885
2115,1732
230,7
3496,45
4881,4682
4064,4947
3541,2839
1157,1842
2133,132
1341,4888
2698,4250
513,320
2076,4748
4081,4964
917,46
2871,4926
1323,2827
3208,4962
1391,4791
1713,4682
3065,4856
4236,4729
948,318
1131,4736
4706,4832
3617,3879
1290,4732
2627,4910
3940,11
340,46
2664,2776
2666,2788
423,2831
1592,80
179,3505
2469,4909
3178,4889
3312,1788
2347,4727
4493,5020
1977,2816
495,2855
898,1849
4388,5077
3785,1817
713,4889
1264,2860
2533,2858
4440,5063
2744,1838
1025,1733
729,2816
3552,319
4866,2841
298,4887
995,4743
741,2813
3357,2844
1569,1848
348,4907
1170,2853
1262,1735
2674,4752
2267,4970
2141,4941
4403,67
1713,4762
1630,68
2938,4774
4300,1827
2999,4944
1363,115
1454,1840
2433,4752
1489,4939
4854,2831
2722,1835
4581,4947
1259,4634
496,116
1678,1731
339,1844
1467,4988
3516,2776
1236,4941
3607,2803
3109,3914
28,2865
1294,4912
715,11
3634,5019
2116,80
803,3912
347,4906
5081,5019
1422,2798
1375,116
1923,4987
181,2776
3499,4877
1066,4674
3371,4688
3965,4679
476,4689
2680,4978
1083,2811
2126,4944
413,51
4528,4996
3066,4861
1575,5063
1223,4914
1242,4777
4047,4828
4451,4892
3721,133
4448,3
4113,4731
3253,4882
2529,53
3487,1832
4313,49
2304,4730
3940,2856
2127,4739
3828,66
3261,53
3791,4680
1344,5
4099,4902
1193,4735
2990,21
2122,2813
3094,2787
830,4801
1955,4889
2222,3914
3077,4267
2104,4828
345,4760
4229,4876
2052,4817
3075,62
3984,4732
655,70
2953,4848
996,4940
1754,4862
3097,1838
2110,4785
927,4917
584,4965
1998,4872
1479,4872
2254,2813
293,2813
3036,2853
169,4910
3808,4815
3845,2827
3152,1732
522,4970
121,4870
4042,1849
3356,3912
2202,1855
2929,2776
1194,5070
3068,1838
4590,21
3756,3883
1035,4686
3752,4870
3244,1725
3951,2810
550,1838
2580,4954
695,2867
1815,4830
219,4955
2344,4695
1942,1841
937,1788
166,2846
2026,116
1125,2773
3870,5075
2200,4896
4457,4678
4361,4883
3706,2822
3599,4773
1476,4669
669,2821
3874,1840
2317,4930
3359,3880
428,4769
3106,284
3379,1808
1522,5070
2017,2788
2718,4849
3510,4754
1385,2788
1184,2847
4095,2841
2875,4265
1583,2789
1746,4929
2239,4903
2993,4777
380,318
963,4682
3564,1740
3517,4693
1915,1862
2909,2795
413,2838
2122,2799
2910,4733
3016,1726
1359,4733
2420,4774
520,5074
866,4940
2249,4729
3795,4894
919,4785
2793,4815
2888,4992
2083,4862
121,4775
2196,5063
3177,2846
785,4886
330,4762
240,4718
1380,4916
3267,1733
4490,2658
2390,4697
1211,4987
3941,4784
3207,4250
843,5064
2609,1735
363,2818
3909,4679
2129,4672
111,8
2194,4681
3839,34
387,80
3783,4759
4414,64
800,4815
4233,1
2357,4886
3958,4940
2531,1729
1047,4962
1224,52
1578,53
2906,3915
4294,4887
1292,3915
689,4951
2409,4799
1085,1849
4412,4979
1799,4884
1978,2840
4008,1848
3329,2841
248,4870
204,2855
2080,4856
5045,2818
2685,2794
3647,4689
1132,113
4436,4773
4537,1731
2943,4746
3956,4731
4488,4994
1602,4988
4464,62
2115,4916
3985,2786
1988,3885
393,4829
5040,65
4135,4991
2955,4848
5036,21
2869,5077
3118,2782
1410,4735
4490,1837
187,4877
3235,5001
2282,2798
503,4774
4933,1730
1130,131
4836,4926
2106,1845
23,4682
672,4755
341,4930
3003,2867
4114,2857
3620,4739
2010,4678
3212,1788
3072,1729
2005,1817
4875,5073
1611,1726
4315,4979
2979,4885
3374,1734
902,1817
1257,62
1925,4858
2478,53
148,4965
165,4993
439,4696
4255,4778
1671,41
4648,4793
3933,2844
2482,4790
448,4672
3652,4915
3635,4858
537,4723
876,2809
2609,4916
4541,55
3096,4941
3431,319
2300,4782
3297,4938
2289,4909
1502,2867
3134,4857
2087,4887
183,4946
2936,4735
815,2860
972,4963
1476,4934
4547,3885
4486,3615
2505,4681
1503,4730
2504,3881
3105,4773
4580,4727
3553,6
4146,4691
1916,4731
894,80
1424,4792
1692,2841
1201,132
237,3883
1783,4691
399,4763
2474,4958
2868,2851
4615,65
1724,48
3278,1860
729,1733
3064,2768
1984,1837
2013,1737
1663,2671
1171,4952
197,4751
1783,4800
2908,1849
1036,4873
181,2799
4653,4749
2109,5001
3394,4885
4868,2862
2097,4929
1681,4769
2539,1725
3648,4683
370,41
2912,2786
4094,4941
629,4723
2907,2784
3012,2848
796,4785
436,2776
1687,4267
1302,4912
4362,4729
659,2862
1765,320
3239,5020
2210,4815
3693,9
3590,5004
243,2839
1961,4760
2378,4739
814,54
3205,3881
1272,4766
1873,1843
518,4872
1258,4848
2656,5074
1227,4931
2151,115
3095,2862
2399,4727
3468,4720
2130,4690
2738,4885
425,4728
29,4741
2354,4801
766,4934
2501,4734
2456,319
4087,4894
3286,2809
1395,4979
4811,1896
2707,48
289,1837
3282,1816
2592,4718
544,4914
1113,4249
4587,2658
3725,1862
865,3912
3369,4683
415,4759
2540,2800
2452,5000
2023,4936
4533,3885
4616,133
3791,2833
4506,53
75,145
3352,4882
3507,1734
121,1843
4532,2795
1811,2658
3177,1726
1000,4956
4120,4737
1410,4965
3091,116
2749,4688
2364,4952
3464,1838
1987,4930
2032,2800
2548,4887
3565,4803
441,3877
2971,1862
3673,4679
231,2820
190,2800
942,4265
3494,4730
1270,63
3740,4966
2251,4912
1965,2849
2691,2786
3705,2832
1711,4856
25,5016
1630,2825
3566,1845
3146,4771
1255,4855
1229,53
3163,4675
1717,2862
2679,2858
2679,4797
475,4857
1547,4937
3159,4855
229,2867
2528,48
3823,2856
4520,4882
2015,4995
2099,2773
4546,4743
4062,2822
3154,4955
3157,4765
3407,2844
618,3886
3113,4792
4303,2774
617,1856
2276,4681
2525,1727
711,4690
2,2848
3309,49
751,3915
605,3884
1430,5065
1401,4687
4527,4681
2682,4679
3736,4917
1449,38
4197,1896
1160,47
3036,4671
1907,2835
2487,5002
2453,4886
2910,2787
3764,4770
3249,4957
1112,4741
232,4830
4950,41
3695,2854
1586,2844
2766,4693
1304,4929
1616,2841
1139,1748
1448,1861
703,4929
3823,4748
2074,1816
4261,2782
879,1837
175,4793
105,4751
4601,4762
762,4907
764,4635
874,4897
4083,4909
2927,4787
4449,4267
4580,2817
2324,4987
3337,4780
2679,4787
59,4250
1153,1817
2209,2860
3526,3878
456,65
3308,48
679,2841
1198,4992
2220,4683
4564,4998
965,320
832,4873
1161,1861
4244,4785
2936,2814
3310,42
3602,4972
1948,4734
1493,1728
2592,4857
4208,2824
1571,4801
1515,4832
4474,3615
4156,4738
3371,4820
1311,34
74,4801
590,4963
3151,5
3640,4768
1310,4728
4581,2814
617,4250
3171,4889
2158,5066
4330,1860
2921,84
3847,4992
3340,3924
2904,1896
1560,2779
2682,4681
4583,4979
151,3886
722,3878
623,1735
2656,4671
4282,4903
1375,2772
803,5018
3614,4900
1506,4762
503,1733
1241,4734
2184,2839
596,2808
4334,4723
323,4759
1090,1835
4053,4904
2051,4885
422,3884
4536,4779
592,3885
842,2844
3332,4734
325,3881
1030,4900
787,4754
3063,4831
1511,2810
2877,2816
3225,4903
3222,4915
396,4671
1068,4964
4162,4249
3910,4749
3006,4965
2205,4964
3346,3915
1509,2782
1428,4953
809,4674
2340,2767
247,4693
1154,4995
4012,2826
4840,4763
4555,1735
2138,4884
595,2790
575,2866
2599,4993
4577,5069
1940,5077
3673,4755
1784,4634
3998,4264
873,60
4532,1835
1545,1834
3444,7
3183,4935
226,2786
1158,3505
919,13
3118,2818
2766,4759
4401,1838
1191,4968
4361,4250
3435,1740
476,4690
966,40
1278,2798
3158,218
430,4920
5055,2810
2911,4753
4708,3884
3047,5020
1185,4894
1975,4775
3581,2800
1144,319
998,4965
3432,2851
2691,2764
3639,4267
4454,4961
3272,4917
137,5065
2498,4897
1158,62
4586,2767
2947,4732
3887,4872
1103,4690
3540,4946
289,2845
2094,4264
4563,2813
651,319
411,2800
957,4801
4005,4249
4319,1836
3629,4734
3497,4677
1323,4944
3125,4762
5007,4888
4702,5077
4623,2809
4209,5066
1617,4769
900,2658
3430,145
2942,4754
999,4253
708,4916
205,64
2091,2864
3598,4828
1738,318
3955,2854
258,4754
828,4784
434,56
3407,131
4122,61
255,80
4422,4671
2434,1748
72,5075
1141,5066
4333,1843
111,5065
2296,4790
1359,4265
3001,4880
5041,2812
1455,34
2548,1731
3032,1808
3536,2824
4604,4739
2219,116
2016,5066
4106,2772
3301,4695
2637,3882
1355,2803
991,4769
821,1843
3084,1729
439,3882
1275,1848
623,2851
655,2784
1984,4818
1080,1850
2686,2833
2664,4787
3327,4792
3901,2786
4328,2810
3978,4265
3078,8
2574,4677
3380,4792
619,5065
3498,4972
4575,4876
2930,4848
290,4694
696,2765
3665,54
4206,4930
5046,4831
4001,84
3871,2812
4980,4909
1341,2855
280,8
346,4769
155,46
2636,3885
5041,4906
748,1849
4296,3882
2406,4734
3538,1725
2652,7
3092,4890
2515,2825
2955,2788
3370,4676
508,4829
1710,2820
436,4831
3853,4900
2124,4250
1762,4936
3012,2765
1248,1841
3577,1857
178,4735
3667,4887
3235,145
4108,1833
4398,4886
4164,4828
3287,4773
923,2817
2309,1840
584,4693
2233,4857
342,4901
2441,60
3998,4779
1272,4739
2166,5000
1490,4956
2212,67
4389,2779
2262,4988
1819,66
3730,3883
2354,4683
3960,4735
3222,4990
4558,1896
4167,46
74,4267
2216,5069
574,4750
938,2796
3766,2800
2701,2768
992,3878
2143,4855
1243,319
1259,2866
2459,4828
2991,4911
1220,3883
3325,2843
1167,2767
628,1851
225,2808
1649,4776
784,2825
3186,5
3559,4248
4338,1850
618,2671
2017,47
288,4670
507,4770
935,4695
2467,2798
3468,4264
394,34
1004,47
925,4926
3174,2785
4367,42
3103,5004
2471,4723
3306,4782
703,4696
2942,2853
1693,1742
4133,4828
1761,4683
723,1844
2753,4995
234,1841
2667,4677
432,1833
2902,3884
579,4266
2113,2864
438,1841
274,1838
4352,4754
1242,4764
2000,4918
2737,4759
1128,4668
4628,2866
4949,1848
3829,4947
2898,3885
2130,1731
1910,4877
3757,2787
1308,4951
2707,3505
2212,113
1044,116
2907,4679
563,4729
905,114
834,56
2519,2822
2178,2798
398,4777
1197,4671
2884,4832
3721,1818
1691,2776
2897,4971
4949,4963
1890,1728
3549,2796
4444,4896
3203,4784
4980,4754
1553,1808
2000,4824
2074,4879
1305,4669
1805,5004
3195,4759
2686,2799
4291,5004
3762,66
1015,4849
999,4902
0,3884
1783,4803
1968,4672
477,4781
2505,1727
4601,4911
2749,132
1417,2840
1823,2814
3294,4781
896,4886
2432,4955
3056,2800
3420,113
1958,2823
4651,133
814,1726
995,4993
1560,1840
961,4676
4542,54
1911,9
357,4723
2988,2833
3262,4848
464,47
3993,1844
4577,2813
5083,4963
1439,4764
3630,4671
3643,1844
344,4849
1482,2768
1138,4879
1368,2788
3278,4931
1672,4678
4321,4672
3979,4249
2340,1834
173,4781
4628,4739
612,3880
5013,4987
3537,4670
2709,4797
3448,4900
280,4674
1638,1841
3579,284
747,4723
2708,4731
830,38
4244,1818
2109,4679
985,63
5060,4904
2334,5001
2154,4749
4705,4996
1461,4830
4122,5000
2876,3924
1890,4694
1249,4873
2632,1788
1145,5064
426,4790
3971,4635
1648,4786
2220,2851
4008,4911
1959,2785
337,7
4428,1843
3944,84
3304,1843
4657,1827
4744,4978
1543,3915
4821,4913
1562,2796
2424,4894
1545,64
4109,2839
2003,1788
1051,283
2317,4920
3902,4931
430,4883
91,2799
1980,4919
4804,3877
2214,3882
18,4900
554,4978
3981,4891
504,132
2327,4910
3678,4991
3029,2854
3948,3882
3991,4251
4143,4731
3299,2786
1401,4766
4493,4696
3126,4909
4309,2849
3901,4884
3497,4956
654,4749
1330,80
2676,3882
763,1841
1581,4935
3540,4905
5030,55
1422,3886
1645,4990
4090,38
4314,4787
1078,4832
3258,4857
3145,2855
3646,4824
4283,4768
563,4693
2216,2862
4838,4797
2403,4887
3893,5020
2541,1860
2314,4774
2265,3877
514,52
669,4779
1423,4956
1775,4907
4430,4768
3101,4739
400,4889
3856,4718
4054,4737
1270,4988
3583,2848
331,4979
4378,4682
3693,4905
208,4972
4350,4769
1199,1730
420,4689
3764,4894
2244,2768
4529,4735
3286,1842
3594,4896
2421,1740
1171,2814
518,4777
501,4800
3943,58
4027,4248
2341,4685
1497,1818
94,4266
4217,4891
4113,4250
677,54
243,3882
1296,4749
1522,2817
398,5066
600,61
4745,2817
1366,1816
2388,3615
4141,58
2315,4771
1646,4728
2743,4771
4638,3914
3481,4686
3374,4832
2679,4972
1898,4992
593,4891
2470,1732
30,4687
2913,4921
718,2832
1391,4962
3387,2831
4642,4789
712,3883
3987,4750
904,4777
4626,3878
1974,4775
2398,2800
2375,4991
3151,5074
388,34
0,4904
1708,2774
3586,4858
2275,4696
1678,2782
565,4694
4192,4718
57,3877
3326,1737
1464,4251
3732,84
1275,4772
2433,124
3127,4972
1078,4892
669,4654
1655,1734
756,68
3208,4250
144,4935
2989,4888
207,4793
3107,2839
2406,4769
3263,2833
696,4857
3602,2823
4231,4766
1379,4947
1532,1742
1072,4793
3752,2799
2502,4787
2728,5070
4537,4848
3830,4697
4213,4687
2533,133
4178,4793
386,1862
4710,3912
2442,1840
2324,4792
3520,2821
2908,4673
1675,2773
5048,65
3156,4914
1810,8
272,4750
253,1861
4606,3885
156,2821
1255,4916
4061,4668
3213,3885
2224,1727
289,4634
2203,4909
2240,5073
4020,5066
2156,4816
712,4934
930,2800
1497,3915
4467,51
3000,1735
1164,3885
2110,66
4377,2841
2000,2811
1469,4748
274,5075
2149,4789
2273,4966
2541,1832
3326,4947
4700,4762
1363,4963
3808,4932
1388,4905
2441,2822
341,4792
1705,4743
5043,21
631,2855
4893,2832
710,4691
1484,4769
756,3505
412,4760
254,2811
1552,4777
2403,4992
996,4911
2274,4668
1494,4847
1870,4832
4121,4769
1874,4818
4544,2794
3892,4613
4105,4799
4125,4750
511,4788
4331,4883
3944,47
1241,4266
4271,2764
2000,4671
3320,4935
3826,47
4046,1860
3138,4789
809,4963
3481,2790
2481,2849
3968,4946
558,4774
4614,64
2174,3880
4093,2809
4197,4919
1102,4727
1717,4916
2337,2776
2079,4935
3073,1837
1056,1843
1958,4897
967,4952
2618,4989
4303,4672
2252,2855
4515,40
4401,4995
4020,4905
847,2825
3067,3877
3127,4748
151,2822
2945,4830
1761,4862
4842,4830
345,133
2117,4908
2570,1862
483,4938
493,5
476,67
4863,2810
3713,50
3342,1836
750,5004
570,4267
3667,2787
3784,4935
841,2783
815,2820
1221,2817
1261,2772
4510,4775
3437,4736
4959,4993
1462,4921
3480,4723
3242,4990
1648,2856
1133,2864
2443,4765
1353,4848
260,1846
876,4957
1914,4870
3657,4691
3786,4873
4007,4910
1131,4817
1439,4264
1032,1730
4580,70
970,2855
3356,3914
292,2831
3733,3882
3565,4968
727,4993
810,285
2792,1850
2469,4990
2293,4762
1609,4916
2589,3615
4435,2821
4712,4691
2048,2827
3785,4799
4474,4970
2684,4954
4667,4994
5050,3882
3889,16
797,4964
2917,4731
1075,1845
505,4746
3608,4693
2585,4816
516,2844
2116,4801
4350,15
2138,218
1613,2767
2670,2823
3699,4251
329,55
421,2867
534,1838
14,4917
2714,4778
733,4718
1998,3886
4243,1728
2510,4791
1579,1734
2143,4723
4425,2844
777,4989
4700,4815
371,4674
607,1848
4700,2843
2249,4735
146,2783
4023,1740
1974,4765
3958,4742
3215,4856
3714,4915
2850,4937
2604,1818
1890,4769
3847,2841
1631,2796
3590,116
5024,4870
3868,2772
1415,4831
947,1846
4237,4819
5028,4991
4130,2779
897,2849
2882,145
2924,4969
4027,1857
1156,2825
1548,4769
4643,5069
4576,1817
3805,2848
1097,4828
2133,1726
3855,1725
3799,4992
1023,4695
951,4250
326,4749
1461,2832
4643,4954
4080,4824
2173,2789
2004,2832
475,1725
1223,4995
2540,4692
4618,4817
3482,4250
2087,4780
3332,2821
1298,2767
4835,3914
1334,47
2437,5069
863,4883
2481,4994
1313,4997
1485,2813
3962,5002
179,4695
4051,4791
789,5069
2427,4929
1440,4730
3857,3879
4075,2818
129,2843
2208,2790
5043,4687
1592,2840
194,4815
3042,1839
1769,56
1698,2840
3373,1833
4203,2866
498,2773
3532,4905
4178,4266
3584,4635
1088,4992
616,1816
3722,4972
1444,4782
895,5004
4113,117
843,4762
1322,4789
3103,4824
1404,116
2705,4910
1574,4718
1033,2798
305,2857
3101,4957
964,50
2044,4265
4395,54
2134,4741
2028,4677
530,4774
3996,4251
4459,21
651,56
2082,133
2120,80
4895,4862
3430,4634
414,1816
1530,4754
148,1850
851,4850
1303,1726
4065,4886
3294,4768
590,63
4032,4783
2504,4759
3036,4816
4532,116
697,4755
1324,4998
4588,1734
2901,4991
931,4913
3229,4901
4657,4964
2127,4689
966,7
2165,1856
1990,4907
1477,4748
4481,38
228,2838
1555,3885
3768,2774
2741,4913
2091,12
448,4674
2012,4742
3526,132
4472,2803
1063,4910
2881,4857
801,55
810,4679
1038,2820
4178,1831
3194,2824
2591,2860
1599,4738
3971,1840
5035,2831
2184,4720
4643,2808
716,53
3650,4819
2603,4830
911,4793
4245,2774
3174,4956
3246,4819
2093,4965
3565,2800
2594,4938
1222,4697
79,2856
3221,4938
2911,4884
3129,67
2278,2790
581,4742
4091,2671
1144,3878
1337,4678
2652,117
2990,4993
3399,4831
541,4782
1170,4936
3793,4685
2894,1730
856,4886
2551,4780
1976,4971
4226,4888
4400,4688
57,4670
25,4978
32,1817
2270,9
1662,4692
4592,4897
2603,4250
2712,2786
4039,5020
2678,53
4197,2857
4826,21
2947,4761
1274,46
1598,2787
2269,1844
2735,2785
593,2786
266,4885
4040,61
3677,1848
1338,1740
2757,2826
1752,124
3521,4891
2089,4886
2306,4916
2659,4916
2519,2839
2068,1725
1823,4876
1380,4858
1512,4264
1960,1725
4256,2826
3491,4966
2439,2844
2087,2845
1268,4731
5029,67
1139,2847
2124,2658
3107,4793
1907,3615
2244,4872
1717,2812
4837,4920
1449,4784
2019,4754
1200,4730
1903,3879
1643,4910
2394,1808
2705,4251
705,56
4520,2765
2379,4907
4435,4966
3716,1832
2481,2826
839,1851
1585,5063
1934,4818
2367,4848
3402,4876
905,4828
1427,1735
1503,2838
1784,2776
1506,4613
2760,2832
3206,2865
4633,2825
2995,2849
4221,4944
1324,84
4075,4905
1760,114
4943,65
3541,4963
483,3912
1789,4673
3736,4952
4326,1817
1231,2857
1780,2768
3628,2817
1344,1818
4064,4730
4044,4782
1148,2832
450,4958
932,4251
2624,4972
662,4964
4406,68
3192,2862
210,2790
2460,2785
4611,4880
3916,4682
736,2658
2495,1727
3636,5018
5059,4771
644,4774
87,2847
604,285
2130,4674
405,4828
3076,4750
4103,2803
3133,2786
3550,2768
1693,4654
4331,4761
2515,4897
394,1731
3702,4803
404,1846
864,2799
1235,4955
1653,40
1942,5
86,4936
2217,3615
1375,3924
2070,4828
3375,4911
1770,4777
3469,4992
4259,2821
1057,4930
802,218
109,1848
4388,4947
3605,1846
3653,3879
4611,11
2305,2831
1534,284
3415,4675
785,3
2956,4772
4662,5000
677,53
4224,4991
2263,4987
791,45
2750,4902
4337,1839
844,4751
2680,5064
537,4267
4418,4892
313,4913
740,4680
3440,4937
2927,55
2225,4896
2156,4684
4168,4727
2226,4751
4135,4690
3689,5002
902,131
3941,4921
2107,4753
3687,2768
2705,2839
1474,4773
2204,4775
2427,4873
3441,4815
4099,4815
3362,61
4713,4718
1937,41
3712,4787
153,4902
3291,4972
3547,4941
1641,61
1215,1730
1115,1896
4578,4792
180,2767
1416,4731
314,4947
3579,4995
1637,9
4345,3505
2690,4937
2697,4828
5079,4937
3714,5069
4187,4900
4726,4939
3233,42
3941,4759
1774,3615
3973,4870
3146,2800
836,4741
4192,4941
2692,5019
1765,4915
1249,4997
4063,1851
2435,4681
4037,4916
2316,3915
632,4993
1825,5066
1573,4961
4863,4820
1111,4774
4079,4718
1923,4878
4618,4872
456,4995
971,4938
2521,2782
2544,4965
856,7
3319,4752
4740,3877
2439,4998
812,4876
2489,38
745,4694
1443,4735
1933,1788
4148,124
498,1840
3906,3884
1703,2794
1451,4693
2178,2818
2182,1847
976,4979
4076,4860
4391,1832
3530,5065
225,3615
4646,4947
2744,4926
1445,4816
1194,3914
2051,4887
826,4253
4345,4947
4155,115
4064,2866
3986,4903
2859,58
3240,5074
3073,1788
379,4766
729,4911
2338,4994
917,4685
1297,132
4381,4870
4439,4766
3952,4752
1491,2812
1340,62
2929,4938
3090,1733
4168,117
3105,4850
4077,4828
1498,4720
4505,1832
2975,124
1089,4760
1803,4970
3053,34
4092,4689
4043,4901
897,48
1610,4877
2964,4253
803,4831
2433,4870
4489,4849
4506,4785
795,4994
411,4694
4813,4267
4345,55
1365,2808
3241,4935
2640,4784
3354,4718
1388,5064
1926,4253
3319,4849
1262,2782
1869,4993
3607,145
2607,4789
3947,4264
120,4932
3356,2785
4109,285
343,4730
2416,2776
2981,8
3983,2765
4610,2803
3775,4754
2000,4958
3060,4788
4353,132
1871,1788
3503,1832
2043,1833
1870,4919
1746,4938
5060,4668
3702,2776
1644,4635
1880,3878
4083,4250
1315,4906
1868,4998
2673,4929
3013,1839
2063,40
3009,4892
1260,2858
1658,51
1188,4897
1873,4741
3688,4803
2970,2840
1546,3877
130,4988
2620,1834
725,4930
3092,4673
1244,4884
4869,4687
4344,4759
4740,1848
1874,4914
934,4849
547,113
2645,4754
455,1748
4299,4938
4525,2776
4542,4727
4399,5066
683,4918
640,1836
2254,1850
3553,2814
198,2789
3288,4799
4003,4760
2202,4952
633,4720
2884,4956
870,5000
3338,2800
2452,2847
2274,2827
1962,4876
5081,4635
1526,4882
2240,4880
3530,5018
694,4739
2408,46
2511,4930
3379,4870
3365,4908
118,4687
1225,5065
324,4972
4340,3881
2503,4901
4063,66
4274,4799
153,4963
3457,2846
1142,1845
1312,4759
838,4681
4585,46
3586,1843
3725,4696
3965,4905
120,2768
10,2822
1170,2820
3641,5075
4,4772
2739,4891
903,4690
2188,4818
794,2782
4302,4771
3815,3883
4960,1827
5054,2823
2975,3883
4713,2799
2967,2833
2292,2847
4833,1838
111,4746
2680,4676
1440,2795
4701,4791
498,3881
961,4956
194,4879
2501,4791
1032,3877
4586,284
1210,4889
3089,4883
913,124
1541,1840
2225,4669
1090,84
3963,2790
4270,2790
1030,4788
2544,4896
4410,3883
4252,4750
1187,2810
501,4743
4827,2774
2336,4727
1435,1850
1287,1845
2714,5019
546,1843
3765,4992
4098,50
92,5073
3065,4997
3305,2811
4261,3884
1514,4857
346,41
3184,5020
2499,4670
2975,4849
2983,4944
3581,13
3572,4819
1083,4862
1285,4763
2729,2808
4544,4963
17,1742
1562,1740
3327,4682
5061,2814
541,5020
3114,4830
728,4797
33,4697
4555,4894
1052,318
254,4674
2751,4880
3357,5077
4153,3879
2762,2840
3441,4759
1873,4944
2378,4861
3647,2858
3530,41
184,4969
2946,38
3817,65
286,5001
3893,284
3381,40
1103,4769
1449,5066
3682,1837
3310,3886
519,2844
1738,4791
3132,4748
1706,4265
3856,4773
1506,4892
3729,4265
485,16
520,2837
809,3882
4102,4729
2005,1732
220,2817
3572,5020
1405,1816
725,16
4508,4743
4212,1732
3452,2803
2277,2825
211,4882
2549,218
3351,4778
267,2783
2887,6
3313,4789
2420,2823
4272,1846
3391,1816
2007,1850
4699,133
4102,5019
1175,4678
201,4760
127,8
941,4909
3242,4752
2886,2809
3902,145
3925,80
511,318
1907,4801
4575,4671
986,4953
916,2864
4188,50
5030,9
240,4944
1262,319
1904,11
3592,67
1399,4752
2947,1740
1438,5001
2162,1860
4539,4848
2397,4962
120,2796
2551,2764
3258,2822
3493,4675
316,1842
1941,4857
914,4793
990,4686
763,117
4949,4961
4087,1846
4976,1726
2250,2864
4553,2857
3680,2822
2209,5064
1270,2824
1448,4775
189,3
3377,4784
2602,2838
666,4915
370,2816
3324,2783
2754,2813
4386,4829
625,1833
4795,4731
3706,4800
4121,4760
3502,2809
4405,66
3796,4930
4252,4963
4165,2810
4323,1725
925,4878
211,4896
434,4971
2802,4779
4536,1834
327,4265
2969,5001
802,38
995,4995
3330,2857
791,8
862,3912
4155,2823
917,4932
2592,2787
3150,4253
3242,4738
628,2829
5072,4679
3371,4906
588,4961
4455,4251
1113,2853
3350,1850
4347,2796
4821,285
3743,47
3863,5065
738,5064
189,3882
2053,2810
4414,4944
1669,4730
3179,4793
2347,4940
2050,68
3678,4781
906,4930
290,1725
895,5074
2499,2827
2613,2781
1605,4952
4130,4672
4404,3882
824,4790
3984,4679
4195,2798
2528,4988
4399,2658
3852,2855
4013,4901
4839,4818
3092,320
4624,4993
627,4751
3310,2767
125,13
4007,3615
4332,4829
205,3913
2007,2822
466,4862
4716,9
4376,4799
3964,4817
1532,2846
3233,4919
1549,4963
2311,4955
2089,40
2989,2671
3330,4820
977,2817
2989,283
1430,4914
2324,4774
3319,4751
4432,2799
2570,4762
692,1860
2134,4992
4141,4824
654,2814
2421,4887
4547,4737
2370,4992
3829,4996
3296,4816
1137,2829
4578,4677
1099,3884
79,4908
4404,4748
901,3882
2955,2846
1956,4883
1364,34
1939,1860
571,4684
1261,1850
3225,2854
3540,4907
1947,4749
1480,2835
1096,3880
850,3881
3241,4671
1769,5
1887,4766
2740,283
2521,2839
3293,283
1027,67
2904,4882
2461,4990
18,47
1583,62
682,70
454,2783
771,3883
505,4876
808,4894
3465,4861
3596,1835
2220,4688
851,4673
4288,40
967,4803
2983,4782
1549,1847
5021,4755
1550,4819
4483,2765
2868,2818
611,4746
4560,66
82,4753
1596,4916
865,2854
3447,4897
4874,4951
1555,1847
2346,4253
1679,4890
2459,2810
853,4751
1582,2864
2385,9
3550,4885
2756,40
3075,4742
4541,4730
4016,2823
4097,2773
2801,1862
2333,4968
138,4720
971,2818
4320,4952
684,1849
1877,4965
3951,4690
1635,70
4532,4773
3734,4747
4259,4903
299,4815
898,69
547,4251
2285,2785
3591,1827
608,4694
4531,63
2351,1847
2578,2841
1712,4778
3253,4828
1641,60
2549,1732
3141,2772
2564,1727
775,4797
4535,1816
4316,2822
4376,21
3624,1837
3058,4748
1060,15
849,4670
226,4769
120,4697
537,1850
2308,12
3344,116
4322,3877
1369,131
2760,1733
3858,4737
1647,2838
1223,2798
4512,4763
871,4737
1405,5075
711,4780
585,4994
103,4891
982,5004
4031,4965
3445,2851
2432,2833
3940,55
2965,133
3209,145
5060,2776
4213,4685
3341,1856
3889,4690
572,4772
2792,4962
3274,5069
536,48
2047,4752
983,4791
4138,4876
3135,4876
344,4654
3206,4916
394,2798
4119,4675
308,132
518,2799
3769,3913
1386,4732
1067,2855
4458,1832
3536,4267
18,4761
2992,4894
424,4918
3368,2794
744,4916
4586,2776
2743,4896
623,2824
1924,4739
2617,1839
697,4885
4334,1748
961,2817
650,4937
3888,12
1756,5074
668,2820
4853,4896
719,34
4013,4697
28,41
3773,53
536,4250
2285,38
2166,4979
686,2779
1934,4250
4123,68
4006,4728
3421,2796
2339,8
1943,117
4562,3912
552,2843
2395,4988
3836,4998
2066,2817
2529,4991
437,4750
1001,218
3503,4251
2499,2658
2725,2858
902,5064
3383,5066
1990,4774
689,4860
645,3505
1019,4815
1744,4872
1036,6
676,4688
2587,4752
640,4908
1234,4765
312,4952
5076,4764
3055,1842
940,4880
3947,12
582,4910
2236,2866
3816,5070
1946,5070
290,4883
3963,4692
725,218
4661,4763
765,115
5045,4988
4197,1848
863,3884
4394,4251
1938,50
3826,2814
1368,3882
679,1844
2115,2671
4516,5002
213,4789
3614,4885
1085,4894
2769,4906
992,4787
3140,4689
2565,1837
3889,117
3608,4856
4158,1808
1146,42
3392,5065
716,4764
5058,4251
317,2822
1987,4687
339,2866
581,2783
2941,4754
2247,4251
1005,4911
4809,131
2643,4687
3218,4883
356,4671
4140,4803
3274,63
3708,4946
789,4858
262,2845
3351,145
3303,2814
3866,3914
1558,3878
4315,4828
2365,2853
5028,4939
2625,1844
4156,4914
1968,2864
3244,4782
2695,4635
3756,3879
3385,2860
822,69
2370,4791
1684,4732
3411,2860
1213,2786
971,5016
2932,5074
3738,51
4205,2816
2967,133
4198,2849
2432,4883
159,4750
3800,4997
434,1840
3093,2783
3770,3505
397,4778
1620,4763
4070,4750
1314,7
3764,4759
269,1730
500,2809
3650,115
2243,4800
2577,4938
1432,70
2528,1838
3707,4774
2711,5070
3972,12
504,45
5080,4855
4539,319
2514,4680
3530,4989
2447,4817
422,51
1005,4897
4521,4896
2518,1730
3927,4689
2644,4248
281,2789
3173,1862
2976,4728
2980,1841
2530,5064
1181,3883
2587,1837
1982,2812
824,4749
4431,4873
4333,4918
2923,4743
4549,4873
257,2839
3429,3883
4356,4613
3806,3
1425,2786
2065,2658
2055,2821
457,1726
1152,4938
542,2779
1268,3
2464,4686
466,4792
4384,1848
3454,8
2206,54
2057,4894
4810,4961
215,58
3705,2813
1773,65
1566,4762
2961,38
1687,2847
5023,5001
542,4777
1683,4689
1236,2847
2897,62
2082,4961
2870,4688
3210,2831
1066,4789
1800,218
634,4793
3194,1839
2317,4801
2945,4920
1199,56
4114,34
237,4963
2751,4883
1354,51
3226,1788
3543,5001
3056,4890
3673,2849
802,4876
2677,4775
1015,1816
1269,5069
1434,4786
3516,5
2009,4970
3091,4892
5060,8
1309,52
2885,50
2568,4906
543,218
992,4908
3055,2844
3967,5019
433,1827
356,4770
530,4885
4177,4782
4016,3505
3904,21
2530,4668
1015,4860
808,2794
4357,4915
1503,4886
3464,2781
122,68
3036,3886
1664,2825
151,4891
3176,133
4442,4947
2036,4951
4618,4990
4451,4684
642,4988
4375,5066
620,2862
2645,63
3631,5074
1776,2765
4725,50
3446,131
259,2799
657,4681
1761,4793
931,4992
5037,4687
685,4956
4210,4680
4548,116
4374,4671
5084,70
2360,2825
5039,5004
1158,4787
4608,4886
1959,1728
1899,4779
942,4613
2943,4772
308,1855
2395,4742
3154,4689
2748,2767
2147,4754
774,4887
1935,2823
2519,1729
1058,4773
1492,2788
4642,283
4492,1896
2278,68
2389,1845
2056,4770
841,1730
2268,42
1187,2858
4619,41
4975,4917
1591,4936
1435,3878
1801,5073
4062,133
2322,2783
3682,2821
1804,4828
4068,84
286,50
3937,4884
3733,4691
1897,1844
3496,1729
1154,2783
1205,1729
195,116
976,4733
1429,9
384,1835
2689,4947
3283,1827
3816,4870
787,4897
3792,45
4303,2671
4590,2658
2404,4679
1015,4880
4237,3885
3195,46
2558,4919
2380,4678
3391,4890
3729,4799
4525,4934
202,4920
2298,2846
1803,1838
2723,4797
635,4901
2530,2799
78,2857
2665,6
1483,4685
288,5020
903,4737
2940,4266
1125,1841
3531,4771
2611,2779
3825,1855
3887,4956
3669,5001
2732,4991
1141,4831
3148,1726
3726,4789
1025,3879
3154,1727
1513,2821
904,4784
1903,4986
1885,4251
1153,4728
3138,4873
1306,4919
1939,2788
3935,4785
2757,1839
4510,1855
1233,2839
4638,4691
3092,2862
1741,53
761,4887
2863,4783
2572,2658
1550,2833
1957,5002
4191,4850
3354,4759
4710,4668
3253,65
470,4972
1300,4831
2516,1726
2224,4891
3400,4968
4589,2823
4370,4265
2444,4957
1626,70
1874,4746
4603,4654
831,2835
4500,4961
3425,4817
3709,4918
4160,4939
2717,4952
1292,4912
3072,4937
4092,1740
328,1850
1533,4965
175,4689
567,5075
2802,4909
1761,2787
696,4926
3843,1846
1297,124
2755,4992
1743,1731
3876,2798
3504,2810
681,2833
842,4890
1189,2779
1323,4815
2113,4800
470,117
521,2855
192,4764
4081,4786
3423,5063
787,4730
824,2800
3957,2844
3906,2846
2014,61
1272,4784
2547,4689
2128,4765
3113,3
2624,2820
3905,4679
2488,4694
1418,320
643,4913
2634,1827
3930,4729
2679,4793
2615,2782
3817,46
830,4751
1088,84
3972,4677
2128,132
4614,4906
3996,4905
470,4879
2650,9
3103,4780
4859,5002
4865,1896
4811,4824
2496,3881
3161,2837
44,1833
860,2790
565,4850
1763,4965
4981,5070
4074,4939
666,4884
3903,9
1648,3913
4224,4691
5046,4762
829,3882
1975,4872
1557,4957
4100,4912
2364,2658
3536,4763
820,2857
533,4938
769,4905
2931,2774
1805,4926
2063,2862
4514,4900
1276,4691
4153,4938
820,4951
1473,3
2801,4787
203,3505
3363,3
3448,4849
4517,2854
2501,3884
4643,4884
1300,318
2209,2788
3593,4752
2030,4929
746,1728
3902,45
2927,49
2941,2864
1326,4861
373,2840
3595,1837
1201,3878
2989,2818
1200,4903
825,11
1536,4993
1241,4720
1006,4903
1611,67
4710,2837
2438,4931
3007,4790
3474,4860
3619,48
4089,4265
2002,4961
2090,4770
4259,133
1261,1835
4206,1788
1575,2767
4521,116
3623,4815
1421,4654
4368,4830
3386,4829
3308,2796
1694,55
2667,1788
1560,4250
5034,4761
2038,2803
1507,4668
754,4988
2127,5064
205,4680
3677,4792
2710,124
583,1788
4423,4829
3386,4940
3797,4820
3228,4894
2529,4972
564,53
4726,145
155,4915
1648,4674
1682,4858
572,3924
1815,4672
897,4935
3710,4889
2081,2827
2990,4264
3735,3879
2237,1862
803,4768
1984,4878
1517,2671
223,4890
757,4680
4959,2860
4663,4788
3528,4830
3897,5069
1184,4934
4445,1836
3421,2860
3460,4856
1437,1838
2396,4935
4660,2767
1050,4915
2314,54
570,4793
1709,4672
607,2773
4617,2822
4510,4879
3423,1735
3142,3883
1217,16
2948,2833
1781,4989
3631,5002
3614,4904
2600,3880
1341,1817
3249,283
1332,5073
3686,4912
4698,12
4639,2812
4011,2833
4642,4947
4041,4884
351,4654
2262,4954
2675,4761
3522,4783
3222,3915
4211,1844
1314,2820
2313,2765
1390,4817
191,4683
2304,4751
5036,4251
2679,2826
2099,3886
3635,15
1395,1836
4726,4904
656,4751
1079,4929
1395,4897
3560,4250
2435,4763
3292,1734
2550,4820
5082,5077
4933,2853
2098,4748
2003,70
3298,4799
638,4916
2384,2851
2984,4789
2528,2829
3995,2800
3603,4687
665,4955
3324,4916
4863,4727
3934,4734
1859,2813
2445,4958
4353,4957
2171,4677
5030,4785
333,21
4925,2790
690,1856
4072,4910
2213,2783
528,2847
4428,1856
2630,4801
5022,3880
4466,4689
1823,113
4841,4944
1507,5020
160,3914
4605,2862
1508,4917
415,318
337,4817
3332,4938
2934,2818
3775,2823
2303,3881
365,4686
402,4674
3968,4723
3741,1727
586,2855
2458,4764
1585,1855
3534,4789
1736,7
3021,4969
3817,2840
3212,4988
1348,2827
1093,4739
3394,1725
4080,2768
1650,4963
1456,2794
947,4934
1416,2817
1445,4689
2050,2785
2009,4877
4598,70
3261,4697
1237,1740
3817,4787
2273,2814
4301,3915
2335,60
1859,4761
1609,4686
4112,4970
4203,4779
2083,4855
585,4675
303,4992
1265,4939
3066,1788
4564,65
3105,2788
1583,4904
4981,1840
331,4878
3075,2800
4024,4993
1366,4897
3907,1851
4115,4939
4459,42
129,2808
1486,4613
3097,319
4188,2864
562,2818
761,4792
2009,4696
2880,4879
2459,4882
1497,4903
3482,2821
1562,4907
412,2816
2511,4654
1554,4692
2095,4911
5029,4995
483,4248
4418,6
1945,4772
2206,84
4543,4878
811,4995
3739,1840
4274,2845
1753,34
1929,4249
2118,5
202,4962
3703,68
3491,2831
3025,4815
3796,2800
4114,5004
2758,5000
1130,2858
2586,2845
3340,2860
4307,2843
1065,1835
2462,3882
743,3615
4365,4776
2188,4989
626,63
1223,4669
2224,1837
3316,5073
1941,2809
1417,4801
2116,2867
2538,3505
3399,4929
1553,4829
1435,2866
4324,2811
802,4970
2792,84
3210,2767
2041,3879
1412,4684
2072,5016
1355,4954
1697,5002
4619,12
4387,4891
1537,4820
2653,4763
1224,4857
2449,4965
2084,4746
4744,4686
3967,1896
3121,4668
715,4613
2453,4860
596,4766
2716,1832
2333,4737
2758,4692
3168,4880
1512,2835
1110,38
3057,4855
4547,5019
893,80
1592,2783
2574,4971
4391,9
3586,2845
4304,113
502,4727
1026,4831
3437,47
4503,5000
1548,4915
4049,3615
2042,5000
2497,4904
4811,5070
817,4762
822,4671
2558,4888
3395,4696
3960,3881
2251,2823
4294,4872
4650,2833
3509,4897
2517,4791
307,4965
1027,4936
2448,15
2727,1841
2717,4739
5005,2794
611,2788
3171,4613
1071,12
1821,2833
105,2849
1190,3912
4804,5000
240,4900
2011,4947
2631,4743
1281,4904
4486,2809
2057,16
310,4673
1406,2776
2719,4671
427,4944
4434,1837
1938,4790
3027,51
3906,4978
4579,4951
3802,4694
4316,4635
3663,4754
3563,1816
2186,320
4365,84
4230,4752
156,1862
4068,3915
3162,4952
2144,218
1163,2827
3069,4957
2997,4886
4316,5002
4461,4889
2221,1850
2905,7
1624,4994
98,4994
1004,4885
2107,5018
1049,4779
1535,3880
3999,4679
3437,2787
814,2846
281,4934
1330,4987
2680,218
1508,1740
328,4882
2527,4738
666,4720
4040,4635
1166,4680
499,3915
144,4773
1691,5016
391,283
2043,4953
4365,4987
4943,4679
2726,4920
3271,1834
1028,4856
1998,4654
2805,4940
3335,4957
783,4265
3443,3883
1768,4986
5003,4691
369,4786
3837,4613
349,318
1752,113
3795,4944
1761,5018
1358,4935
2600,2794
952,4751
3605,55
1947,4944
4184,4750
2966,4741
1752,2764
3656,113
361,4920
4446,4793
1598,4920
5058,4986
1032,4996
2753,4693
4369,2854
1415,4783
635,4856
3201,4784
3028,2817
31,4687
2312,63
738,3915
2035,4847
3562,4858
3559,4892
2350,4788
4425,4979
2633,4723
3836,1843
3521,1748
3176,2841
1517,4897
5005,54
4299,4966
3958,2840
4341,4992
3435,4991
1235,4913
2208,3885
4133,2829
3343,4992
77,2843
1522,1840
3428,2841
897,3881
2291,2774
491,4783
4290,4901
304,3885
269,1845
4354,1831
1885,4679
763,4820
1079,4778
843,3880
2145,4688
1166,2822
4246,132
4422,4760
4189,4771
1996,4829
3721,4965
4802,2776
2695,2856
2951,4873
4411,2784
3975,53
2437,4799
2620,4995
3763,4760
772,4695
4083,66
2437,4800
479,4889
425,4818
1074,4671
4418,2789
274,62
2223,4750
1976,4778
3800,4669
1637,4682
2687,8
3792,2820
1572,4910
4201,42
2757,1838
4382,113
515,3913
1005,4743
598,70
1073,4720
2608,1836
4191,4861
3495,4896
2364,2814
3967,1842
4501,4763
1532,1847
1952,4690
1915,4678
1016,2831
176,4672
3984,58
2108,2811
2230,4829
253,4718
4031,4931
3928,4971
2070,4801
926,1849
2777,1788
2656,1
4836,1834
2009,4752
2534,4935
1047,1841
4823,60
814,1740
3811,2812
4510,4880
2646,3915
3521,42
602,4908
4592,4946
4629,1748
121,16
2236,4849
782,3505
607,5000
3952,5001
4118,4613
3282,3878
763,1860
4859,4670
1867,46
463,2820
2286,9
2579,5077
394,4773
3782,3913
3302,4936
3121,4873
2357,2784
4140,2765
3545,4249
2939,4774
408,2862
4190,4988
3666,4720
2021,84
3545,2779
3585,6
3479,4929
622,4878
1445,4635
589,4958
2147,4785
4498,1727
1530,4978
909,1846
2919,4803
722,4695
707,4962
3077,4966
3942,4956
3019,2857
3279,2837
4621,4752
539,4752
3314,2813
4353,5063
3122,50
1871,4901
1749,2823
2275,1851
4236,4673
3029,4885
1486,132
1867,4994
3642,2774
638,4968
2863,319
2256,4885
3894,5064
1754,2803
1829,4776
4041,58
3904,4801
1248,4891
1461,5070
4305,5065
3175,4929
1324,69
3532,4671
3105,4906
22,4938
719,4816
2351,4731
1374,4789
3556,4815
4524,4857
569,1849
2294,4880
2737,4769
4609,4773
1812,4969
2156,4830
3210,1729
4228,4792
3979,4883
4473,4732
3466,4770
24,5001
2260,4887
4333,5069
104,4780
4193,4912
2393,1836
390,318
2983,2803
1498,5
3117,1831
462,2671
2947,2847
4112,4879
4316,2816
942,4771
3087,4669
2453,12
3393,1835
2266,4684
3851,4749
4380,4932
565,283
2686,4994
3068,4681
2337,4913
3238,4917
3712,12
4653,4668
3702,1735
2247,2783
3175,4753
4170,2784
1460,2820
4580,61
4160,1846
216,4787
3535,4696
2732,4768
1525,4769
4074,5069
4097,2843
719,4992
3273,5020
2496,4780
725,4734
1167,2849
1383,4249
2641,4848
4725,2860
2606,4738
300,1788
956,4947
3966,4678
2883,4687
5062,4937
2973,4817
3800,1831
4573,4691
195,4800
2106,4829
2229,41
2131,2851
258,2809
3894,2824
4237,2857
3125,2833
3680,66
4223,1862
2683,4737
1326,4735
4228,70
1012,4697
1312,4750
3999,133
3665,4894
1951,2768
2746,5020
1997,4251
750,4998
4285,1848
3468,4784
1057,4765
4705,2816
4344,1834
2211,4248
3344,1862
235,4938
2144,4634
1288,4695
3479,2812
2093,4889
1223,3878
4096,3885
1291,4956
1442,4887
3332,4761
1759,4696
3337,4690
2968,4961
4234,4790
1915,4739
1425,2820
2026,4994
4632,4264
466,4675
711,4879
358,4733
4837,4939
4339,4720
5038,4729
2713,5075
2101,2839
531,2788
2450,285
4579,284
3568,4916
3243,4696
4182,1729
3351,4749
4145,4687
4487,4788
1012,4890
4959,2845
4507,1838
4702,4878
2742,5004
3276,4986
2056,3915
1316,4753
4557,4965
1656,4697
437,4265
4709,2799
1483,1851
1535,1730
3072,4900
3008,1833
3898,4909
4298,4675
2377,4953
1721,4694
3719,4937
4014,4779
1303,4671
2027,4735
1665,4955
825,38
3240,4916
2418,4265
1439,2851
379,9
939,4883
2008,5066
1458,4938
1711,3885
947,4937
4016,5002
3063,1727
3302,4966
4467,4966
1446,3878
3431,4678
1983,4613
4032,1740
3362,4887
3824,2774
1112,2776
2791,3877
4196,1849
4726,5000
2645,1841
2052,4831
3024,4248
1059,2789
3341,4267
1271,4996
4492,4751
2975,3878
4222,4876
1274,4248
3076,4947
1828,4892
4546,319
102,4870
1084,4732
110,4824
1484,4819
877,2811
4794,9
2291,4696
2636,63
1895,4677
2988,4856
1214,4668
2060,4720
219,1855
726,4801
102,4753
3542,63
1820,2867
44,40
1265,3880
159,2781
3654,4754
3292,2814
4598,1740
3013,4753
1184,2776
1805,1862
2280,318
3140,4771
2552,4790
3109,4957
800,4791
3217,1896
1360,5066
507,3886
392,2795
848,5000
4075,1725
800,4902
1075,1849
2694,4955
2397,4729
487,2781
1794,283
72,1850
2278,4686
1918,4769
4096,4736
166,3912
4924,4720
3137,4762
4273,1856
1872,4771
4077,5019
2549,4995
3058,38
2700,2865
1509,4911
688,4858
892,1844
543,4916
738,2796
1819,4886
3038,2843
4495,1740
1005,1836
955,4737
2027,4747
3072,4815
4154,4992
1608,2795
2167,3883
1049,1816
5082,1788
5059,4732
3692,4785
2918,5016
4140,1726
4605,4687
3034,5004
1500,4979
565,2831
4096,64
3815,2831
2405,5004
4573,1844
1325,2821
291,318
5015,4739
1262,4993
4282,4613
305,4885
3816,58
4564,2800
2662,1838
3843,5016
3271,3924
3057,4679
2221,4965
2153,2812
3306,4793
178,1831
737,1896
4124,1844
1854,49
802,4793
412,4251
3407,4718
1050,4966
2338,2811
2011,2784
3151,4803
5041,2785
3873,2865
2688,113
3023,4779
4418,4931
2035,67
882,53
2159,4730
568,4905
3572,4685
2613,1839
240,4901
1433,4958
1812,2773
2641,64
1392,4764
3670,2867
3781,4911
2926,2767
2519,2831
264,1831
2655,2841
1890,2786
3638,4860
5061,2845
2374,4754
953,4932
4117,2811
1684,34
2258,4910
3419,2860
2392,2831
1249,47
1717,2788
3236,1849
2077,1730
3538,2844
2893,4883
2984,4849
1379,4785
335,1840
3964,4697
3379,4779
2348,4931
401,6
850,1839
892,4829
1877,1788
2743,84
444,2658
3994,8
570,68
196,4799
2883,1841
1230,2786
2096,45
2046,6
37,4964
2114,4905
1167,2841
4183,2781
3459,4894
2586,4901
1342,4970
3791,8
59,4741
4439,5004
1365,3879
4079,4880
1460,4910
1475,1861
415,4971
259,4896
134,2817
2457,4760
467,4728
1257,1835
3927,2831
1165,1748
4702,1849
2592,5000
370,4894
3589,3880
4497,4850
3546,2837
2463,4870
241,6
2696,4790
4298,1862
4124,4886
602,9
3068,4769
799,4887
3992,4919
3436,2782
4427,4696
4,117
1353,4913
3160,2827
4101,2846
2592,4694
2164,4749
675,66
1475,4921
3853,3
2697,66
1953,2765
1692,2839
4604,3
328,3615
2389,62
1069,4753
1373,2764
2972,4961
2574,5077
3402,4791
2391,4934
4261,4770
3498,4828
4068,4862
4037,2787
968,4953
3943,3924
4657,4264
4367,1848
1483,2827
991,4932
3803,4952
3343,4995
3973,4941
4462,4792
3663,4993
3717,5075
4481,4965
4652,4786
4500,4957
4895,4729
661,4934
997,2785
2383,5070
853,2829
4184,2847
905,4903
313,80
2303,4870
1372,4671
97,131
1676,5018
2073,4248
3040,2867
5081,4678
4174,1848
3975,2824
1017,4858
4715,1728
3853,4820
2271,4862
83,65
4842,4739
345,2838
3102,4824
732,1848
613,2795
618,5066
3532,4858
2021,3878
1866,4970
74,4883
2894,4248
574,1737
3841,48
3301,4728
4006,2786
2587,1896
835,4679
3380,2831
5034,4771
3447,4761
3762,4855
880,4913
924,133
769,4738
800,2671
207,4994
1953,4634
4293,4971
3843,3885
3921,4939
4275,4848
4152,4934
2948,2811
1960,4991
1540,2796
3873,4681
3564,4970
2052,1835
2718,2854
457,3885
4837,4900
404,1836
322,2857
3158,4790
1709,4792
4136,3883
1750,4634
3917,4720
2499,4958
2156,4901
2707,4687
1171,4972
4000,3882
414,4965
2213,4992
3559,4962
3933,4891
384,1851
3508,2796
176,4816
4415,1862
2980,5064
4173,4739
715,3615
4474,1856
4354,2782
1225,284
2159,38
638,4697
3960,3924
4340,2800
5034,133
1253,4671
811,2814
2479,4793
561,4778
262,4683
1062,4682
1785,2835
4394,4684
2673,4830
968,4788
1961,2794
1319,2846
3927,4917
3529,1835
2072,4915
2896,4613
2953,4674
4497,4830
4149,4861
1238,2821
830,2838
4181,62
1811,4856
1587,15
3729,4954
4564,4879
3697,4996
3144,2820
2770,1847
409,4778
1300,4728
2411,2845
245,4265
2214,84
2200,1816
2971,3915
3279,4914
5022,16
899,2800
2924,1833
4259,1838
1897,4250
996,4743
23,4613
122,4769
2667,2853
4839,2779
2433,2768
2145,4753
2894,4774
440,4729
1427,2671
5048,2840
854,2823
647,5066
210,4946
2568,124
2594,2840
4479,4766
118,4939
920,21
2605,2795
2340,3882
2698,4862
3104,4693
3358,4634
3488,2776
2198,1818
3120,2812
3399,62
1921,60
4576,2783
3549,4955
4508,114
3539,2847
4229,4735
1247,4680
2714,4673
2116,1842
892,55
2676,1748
828,4969
2978,2817
1166,4774
3515,4932
3444,4680
1390,2787
3026,4670
2177,319
2902,4803
2095,4817
1047,62
3051,4682
643,1836
949,4993
1262,2823
3208,3882
824,2671
449,15
2896,4738
4490,4760
372,2794
3972,2841
2393,4783
1135,2810
2214,4782
1769,5018
843,4774
4442,2779
608,1843
3746,117
251,4780
3730,1850
161,4978
1929,4766
4437,4741
1254,4781
739,4966
3140,4921
1225,2866
1792,4771
4567,4685
516,65
939,1840
4536,1896
3815,1836
3416,4870
212,2772
3380,4961
413,1855
4422,5077
30,1847
1220,1850
888,1731
4182,1831
2213,4917
3150,3913
826,4909
4157,1839
3096,13
1116,4735
1976,5000
1796,4873
2475,11
3252,131
4426,1808
2673,2784
3589,12
2073,4934
383,4879
3045,5016
1753,4749
1650,4892
2262,4952
4660,1846
3356,1808
1905,4778
2186,2800
2311,1837
2448,4776
219,4742
1705,11
1780,1737
3719,5
4663,4986
2117,4790
2221,2814
1260,4828
4598,2846
2488,2813
2164,4694
4076,4251
1363,4966
4585,4872
4866,4958
2749,1856
991,49
4127,283
1618,4957
4609,8
2319,2856
3823,38
1710,4654
1677,5001
2059,4889
3583,4671
2143,42
2194,5069
3369,4763
2503,4847
2379,4968
3482,4887
1335,3915
1640,4779
2437,4914
1458,1861
2719,4890
2482,2810
4337,5016
4041,68
2017,5002
4371,1847
3058,3880
3980,4919
1783,4742
4719,51
1071,4730
1393,1839
2709,46
1012,4891
752,11
3719,2845
1147,4954
3642,1728
2539,2851
1578,2860
4563,5070
3223,3913
4186,4267
692,4753
4117,4978
3390,4856
2413,4896
3754,63
3784,4718
4976,1835
982,4991
4859,4730
14,2826
3203,2829
2418,69
926,4770
2241,2862
1482,4972
250,4777
4933,13
1800,4968
2218,4692
1438,2803
3345,4877
3302,1808
374,4894
2272,2774
643,5004
2087,4986
4406,2800
3841,4913
952,15
1720,4879
3255,4962
2283,4800
1613,4966
264,49
1646,2856
2532,4992
1161,1818
791,3877
85,4847
2339,4675
95,114
4130,63
191,1733
111,4736
4270,4743
3702,69
2160,1857
385,4978
4166,4916
1701,1827
3179,4913
3975,1728
1204,4995
2207,4723
3729,320
491,1730
4375,2856
3269,7
1292,4971
2190,4770
2515,2817
1804,3881
3630,4776
2633,1742
2091,4670
442,4858
4157,1843
2423,4683
5053,2824
687,4693
1516,4755
2925,4944
4701,1846
4354,4768
3962,4997
4512,48
4802,2784
3618,4780
1629,1827
554,4919
1408,67
1347,4964
4609,4961
371,4907
1493,4723
4512,2779
729,4766
5054,4768
1499,4884
4413,4681
4976,2818
797,4993
1005,4894
3782,2860
74,4957
4980,2671
2307,4986
2064,1848
2721,4920
2375,4940
2384,3913
4465,4800
3948,1849
2027,124
917,4830
4285,1740
3897,4782
3103,1849
456,145
4713,1861
2561,4253
5050,4909
247,4998
4484,4939
3838,4993
89,2795
1699,4685
1881,4978
2072,283
4444,5065
3226,4872
749,4817
936,5063
3710,4901
2650,2864
3953,4816
2069,114
1494,4735
1315,4750
1167,4785
1103,2843
2249,4909
1526,1730
2624,4858
3708,4784
486,3883
2471,4731
4174,2820
4354,53
3751,2765
4382,4969
2650,3913
1183,2789
3694,2779
2969,1837
359,4901
4625,2803
3210,2826
3767,60
37,2860
3451,4947
3286,4880
3014,2658
3050,4801
3494,4790
3799,2779
235,4857
4246,4735
3908,4907
1122,5018
3196,4613
4254,4673
5078,4951
750,5
1222,4934
460,4955
2349,4728
912,4669
3018,4780
622,4966
0,4966
3302,4249
1339,4743
2162,4957
630,4936
1895,5002
1796,1848
1446,283
2446,1748
4024,4929
882,1726
4653,115
2634,5020
1773,3913
3951,1850
4355,4248
3063,1843
4001,2776
1973,218
2705,1737
2653,51
4013,2851
645,4913
1750,4748
297,4675
1015,4680
4421,4684
1747,2671
3671,2787
3946,2840
4794,42
501,4979
1313,4831
4698,2840
1310,3878
4726,4791
1906,4940
2125,2829
3796,4920
3208,4897
808,4694
857,2808
2687,1733
3747,4673
1044,3924
3389,4862
3716,1841
261,4654
2095,4956
3634,16
3609,2841
2029,4860
3821,3880
2963,4877
2676,5074
2109,2809
3551,2773
4342,4938
4086,4737
3737,1833
1134,3883
888,4947
4411,218
546,4946
4621,67
3684,5000
2428,4253
3164,1834
608,3885
3944,4693
2726,2773
4306,4785
3556,4944
3033,1818
3774,113
4661,4991
797,4931
1658,1808
5014,4896
259,1838
1301,4691
3517,4752
4982,4990
289,4692
1981,4732
2033,284
168,4876
3705,319
25,4997
143,62
1533,4768
3261,4779
2582,4914
3763,4748
3187,45
1999,1740
935,131
2357,4788
1193,4686
1552,5064
3528,4938
4795,2765
405,4803
3368,4968
1503,2808
1303,2860
2050,4815
3500,4266
4328,4677
934,4784
1133,2817
3804,2820
2416,4926
2187,9
1490,4861
4373,1727
4126,4913
3079,1726
5049,4897
94,132
2422,63
4326,4676
3255,1843
1090,4828
5031,2810
798,2798
4598,1851
2561,5019
552,1728
545,4782
873,4931
477,1835
2341,4691
1505,4965
1244,2767
2087,4862
2324,4764
3433,4862
1904,1728
2758,2838
4114,1788
4435,2866
3305,2779
234,4894
2761,1729
3595,4913
926,131
2011,2767
4255,4848
3538,145
4242,4250
1206,4787
842,1816
3431,2864
2436,4674
3315,65
711,1730
2226,4727
4334,4671
3335,1856
4114,5
1360,4803
384,4914
3855,4266
3148,2835
3605,4905
2897,1849
3412,6
2996,5000
1978,4752
2429,4889
3580,218
1558,2837
3242,2857
3591,116
2237,4635
2149,4969
4065,1748
2706,2851
3016,2829
149,4857
1971,2768
1100,5063
3207,5063
1186,1856
2517,9
1406,145
4949,4991
2054,4788
774,4759
3638,4936
1593,4930
1899,2796
2348,131
2486,4830
3695,49
3636,4791
1982,4993
410,1838
4028,62
3894,4941
1035,4670
1174,4930
960,4718
4607,2835
4381,2826
1766,320
782,4876
857,4941
2486,4681
2700,4938
3610,2764
613,4861
1109,2776
2635,4266
2126,2789
2255,4734
2086,2817
4497,2814
3578,4765
3951,4970
3799,1845
3343,2781
915,2787
3974,4790
3283,2829
363,4728
2018,2843
1124,4958
4470,4768
2303,124
4568,4670
3773,2844
1041,4915
1746,54
1087,1896
2030,4901
716,3879
4031,4784
4437,4900
1779,1836
2687,4962
3865,4674
449,4938
3619,7
1220,2786
1101,4992
3187,9
560,4831
1826,4914
5028,4687
1088,56
3773,45
689,1849
2365,5070
1589,4689
1348,3924
1312,4930
4269,1856
1763,4889
2379,4862
3373,5016
3948,4876
4304,285
2224,4797
2547,1838
742,4958
736,113
537,64
2932,2812
503,4832
587,4891
2968,4790
1039,51
1897,4249
1688,319
2962,1847
1614,4965
2503,4763
3691,4905
580,49
2039,4951
127,4688
3873,4772
1113,2810
3187,2799
2245,3886
2532,4780
4222,4689
1204,4681
546,4889
4148,4764
3730,319
1969,45
3806,1732
1785,4937
3708,4856
4804,4253
1396,4986
3339,4679
3619,4751
3541,4751
1119,7
3188,1731
494,4746
3785,4763
2744,4934
1603,3924
584,4789
2469,2829
1872,4668
2359,3924
183,4686
185,4251
1367,2767
3089,4857
1978,68
1112,4748
1472,2851
1895,2781
3643,2812
3129,4803
1329,1732
3204,4737
3818,4958
272,4901
1499,3886
4565,4951
1470,1727
454,4760
3387,2821
1754,4723
4722,3924
569,124
465,3886
2923,4880
778,4671
550,1737
3243,4913
413,4946
1005,4824
1424,8
480,4902
588,63
4814,4783
900,131
530,5065
2013,5070
140,4669
1135,2821
1909,4818
238,4957
4332,1896
1552,4785
1864,4963
3825,4979
1594,4727
1154,5000
3737,5074
2489,2840
2737,4963
831,4855
4594,124
2423,2822
474,4792
4446,2860
4099,131
1550,4688
2405,4934
1298,1848
3013,4940
4651,4892
2137,4857
1358,2790
1354,5074
713,4784
1491,4832
1307,4671
168,4774
4117,1735
2227,2772
4327,3924
1960,4760
328,4908
1991,65
2970,4695
2229,55
3010,4670
1493,2818
3898,5000
2859,1850
4796,4815
4454,55
875,4955
1566,2789
1391,4873
2542,2784
680,4870
1105,5069
2099,1857
2320,114
4207,3505
4455,4265
2978,2832
2553,4683
1155,5066
1783,4957
3422,1730
4232,4938
3540,4939
4598,4965
520,4926
425,4670
3121,2829
488,4987
3669,4909
3628,66
230,41
1410,41
4614,1725
4722,4911
4622,50
2629,2855
2289,4735
2932,4906
2253,4689
3428,4759
598,114
1264,1838
3088,2840
1937,4654
1911,1848
4219,2844
2918,115
1968,2822
3747,2831
1009,2835
4839,4832
1585,2824
3178,4689
3106,5000
3299,1834
706,2837
1127,4920
1015,4791
2341,114
915,1733
3259,4941
3352,4931
3333,4820
37,2773
3119,4850
329,4671
241,4749
3016,70
2700,4892
3701,4879
413,4850
3308,1851
1191,4961
1326,1726
2758,1728
1508,4912
1057,5074
4025,4890
2893,145
707,4850
2365,2658
2351,4776
774,12
3449,4694
2702,2865
4384,4789
4646,4934
1389,4815
1637,2855
1153,5019
536,2799
551,4953
4123,4816
2898,4957
3969,4956
356,4692
380,4824
861,4956
2382,4735
1033,4737
2249,47
1987,40
3098,2827
3013,21
4117,2789
1713,4748
1462,3878
630,4764
4408,3883
1346,4731
689,4753
1643,2803
2299,4675
3112,4858
4329,3885
3611,4800
964,5065
3024,3914
4529,4670
3273,4956
4007,4900
2083,4681
1207,4250
1597,4654
640,4926
971,4249
1391,1740
411,2839
1830,2788
884,2764
3212,1857
3421,4776
4530,2658
4068,4773
3280,4830
957,84
3816,4896
3176,5066
2544,4919
4223,47
142,2822
1156,1850
1905,66
4207,284
4136,2845
2096,4986
3611,3879
4533,2821
3690,1728
3714,2840
1962,4873
552,4761
3301,4990
487,58
4434,133
1197,3877
4430,4902
4525,2822
2425,45
3928,4675
2542,4762
947,2818
1078,40
3750,4876
357,4872
3996,4831
4639,2781
3942,4777
1618,4749
1930,4778
4859,4856
689,2813
153,4966
777,4886
2349,4613
2886,5077
230,4249
4045,5020
1786,2788
3605,16
3588,56
2492,4249
850,4695
3102,3886
3123,4996
459,4253
4546,4951
4087,1833
4257,4776
275,2826
4519,4253
2189,1728
3810,218
3159,4901
2006,4696
3681,4986
3327,2803
3208,4266
3834,4732
2072,4793
3050,2785
2340,1731
1090,4857
3934,2853
4153,4886
451,4750
3719,2816
3010,4978
4868,2866
3242,1862
1460,4779
3873,132
3309,1734
4744,4926
3849,4778
4525,4958
1431,4635
4621,4873
2460,4901
2065,4677
4589,4876
490,4900
1257,52
187,1742
2378,3879
3144,4906
3546,4674
3628,2853
2035,69
2408,4979
425,4970
2740,4764
763,4907
1364,5
199,4776
3957,2866
3340,4694
4277,1816
3958,131
2627,4783
3730,4832
2815,4937
308,1845
3479,4904
3042,4884
1412,4782
401,218
3831,4760
3446,2816
2539,4819
4558,2824
2211,3
4052,34
1682,4782
1513,4963
102,4896
5009,2817
290,2794
575,2671
451,4958
4576,4939
324,2787
1355,1839
2167,4251
2725,2812
4662,4746
3789,4885
4566,3615
701,145
956,1732
3302,4861
4037,4966
5084,1834
2045,4693
4863,4634
1056,4679
1219,2857
985,4782
1545,4964
913,4951
2442,55
2760,6
4367,51
2268,3879
3323,5065
307,2849
2700,4918
4034,1860
3620,4747
1783,69
2163,2845
3899,12
325,2765
335,1729
3843,4774
3618,1730
4371,4685
1636,4737
4507,4800
510,4684
4096,1846
3730,4675
1882,4820
2522,4675
4518,4671
22,16
4539,4742
3497,2768
3965,4951
3247,48
3585,63
1108,16
2476,1845
3121,4979
326,4903
1168,1855
4002,4776
2919,4824
3010,3914
2682,3615
3367,4921
2713,2784
1570,54
578,12
3898,145
4359,2847
767,4727
1328,4792
96,4957
2585,284
689,4783
4629,4787
2872,4755
2879,3880
2121,4769
1550,1733
142,4677
4072,4683
2433,4816
3963,4914
2537,67
111,4789
2729,1847
157,2774
3195,4780
1106,4763
3544,4858
3720,4882
2044,2811
1577,4849
2890,4855
1136,4857
4005,2837
1446,5004
2503,1731
2502,132
3788,4788
3554,1725
1676,1742
1130,4894
4119,1843
3640,3878
360,4267
3373,2671
2341,4690
987,4780
3021,4731
453,4691
2305,2853
1114,319
3045,4847
3477,2851
4599,4800
3511,2785
5082,4778
3417,3912
3895,2829
639,4992
967,5001
3489,1727
3916,66
1331,50
3355,4730
2412,2786
1525,4634
713,4986
3281,1831
512,116
2511,2782
350,2818
4419,3883
4362,2808
3284,3882
4104,4990
718,4885
384,4996
3865,15
2429,4775
1397,2810
2254,3914
3374,4670
92,4816
3930,4800
2888,2816
2935,4776
2008,4996
1897,3915
1352,4733
32,4266
2457,65
1778,4937
1541,4885
3042,4920
925,1732
1662,1733
2559,4953
2128,4914
2572,4771
4277,2835
2651,4769
3346,4995
1287,2816
760,2855
3388,4752
1282,2794
195,3912
1215,4918
426,4910
3273,4747
2465,2835
1554,4966
389,4763
1607,2844
2957,4787
1923,4730
944,4890
4424,4668
2972,1862
2922,41
2366,4986
1040,4958
730,4956
1249,2788
3248,4694
2605,4829
2598,13
3127,2785
2602,1850
813,4926
3183,4901
296,2853
1440,4957
2062,4829
2652,4947
690,4906
2993,2671
4557,4940
1923,4888
292,4677
3542,2821
2955,283
1640,2823
3317,2855
4322,1851
1388,3913
1587,4747
4403,4734
1168,4934
998,4935
1283,4877
4119,4779
2583,4267
3483,4914
1966,5063
1039,2826
684,4947
4459,4791
4809,4944
2593,4680
986,4870
4756,1837
1090,4989
4571,2779
4238,2803
1786,64
2869,4961
934,4674
1343,4248
3684,2851
872,4774
3771,4674
2724,4897
3153,4817
2140,4870
3388,4774
3472,49
1876,2829
4244,1847
599,1726
3390,2831
3025,4905
574,4910
1629,3913
1881,4920
803,55
4458,4909
1657,70
1467,2768
4021,41
1871,4902
1356,4831
1117,68
1296,2866
216,4776
3411,2825
2090,4970
2002,4783
4161,4855
1344,4755
1261,15
3005,4735
1138,1732
3187,2798
295,2803
4421,2671
1750,61
4557,4990
493,2857
1710,4957
813,4929
2425,6
2288,4829
2061,48
257,4815
1893,4750
4283,49
4585,4689
4130,4908
2243,4861
577,3882
3316,4676
1084,4998
913,4687
3544,4882
3009,4249
1751,4671
303,1748
2978,2847
2269,62
4383,4265
1736,4940
2538,4870
4345,4916
919,4897
1317,1857
4534,2849
4389,5064
3258,4754
2721,1730
589,1856
855,4670
4973,2784
2650,116
3411,4819
3721,2799
4047,2841
4359,4955
2953,4803
2260,4993
2476,4678
2118,4916
3388,4788
3781,2831
2048,4746
3067,1841
4473,2772
2932,4901
695,4763
4133,60
1858,4677
1488,4909
3438,116
3917,4737
3233,2776
281,4720
3890,1827
5080,7
3507,1725
2000,4777
2485,4892
127,4848
5024,4946
1949,4267
1763,1896
1165,4765
1507,48
1049,1730
3411,2839
1482,4253
3249,2798
3338,4860
2090,4956
3118,4886
3155,4993
1875,4799
783,2779
2801,3877
2902,4887
1226,2818
2955,4894
1201,4892
88,8
5049,4799
5062,2785
3818,4783
1231,4988
827,4746
2605,4946
928,2820
4254,3879
728,4906
1085,1818
1572,284
4468,4761
652,3879
443,4850
1401,2854
2434,116
3509,4968
3075,4872
453,2772
1759,4886
517,4694
4019,4800
3479,2843
1918,2855
599,2855
206,4797
4481,1844
2398,1740
2147,4673
841,2774
3679,1840
3198,4904
3962,8
2298,4862
2470,2774
1118,4670
2422,1835
3888,4915
263,55
1446,2832
3840,4929
4466,320
4043,4938
3156,54
3763,70
1764,2799
2983,4856
325,4946
3939,2773
2086,2787
725,2783
621,50
2365,4674
2611,4886
4167,2864
1269,1734
3526,2865
2157,5077
1002,5020
1031,2857
862,2790
4619,4906
193,131
4487,4896
832,4750
2556,5065
2653,4693
4948,4969
982,2856
1365,4903
1206,4958
341,4884
4051,4915
1522,4930
1246,3886
4445,2803
1061,3884
4545,4781
688,1827
4796,55
4812,4888
3344,2784
4409,4673
3709,4697
2771,4673
1321,64
97,2808
2905,4734
2364,1727
3746,2837
561,2837
59,4682
4554,2798
5027,4905
1574,4763
2603,4972
806,4718
4767,4907
3930,4792
2623,4998
101,1737
3351,63
3146,4849
1084,80
2943,4718
570,1846
2804,1748
1724,4969
74,2867
1706,4908
3864,4251
4318,2833
3938,3
2225,1817
1667,51
4514,4613
3185,5019
2201,60
868,1728
1171,5064
3089,133
3942,4969
3137,4952
3688,4952
76,4891
1087,4265
1316,3880
1763,1847
4846,4690
2280,4768
481,4635
484,2833
2607,2849
2180,16
2648,2862
980,4938
5071,4914
4540,4877
3390,1842
1744,50
3380,2796
1574,4903
2484,4886
533,4988
1429,4791
4342,4250
5041,4737
1162,5074
3326,4785
4112,4763
1602,2767
126,3879
311,4729
