3423,11
3320,1726
4370,2787
1954,4978
3618,1727
163,2817
3272,21
515,4885
4711,4921
2547,4249
2046,4755
3950,3881
3858,1
1120,2810
1172,21
704,4883
1513,4694
4710,4921
975,6
1177,4782
5030,1816
2881,4743
314,4752
3288,1727
3053,4918
3585,67
3142,1896
1586,4741
3586,4779
4038,4672
1064,4690
949,4966
1631,2773
3131,284
4721,2866
604,114
355,4761
2197,58
4580,115
3472,2788
3632,5065
2965,4988
3661,58
550,5077
2644,4736
2636,3877
2063,3915
1231,4266
3400,4818
3230,1733
701,2851
2065,4890
3326,2820
3568,4947
3152,1850
1075,318
3533,3884
2954,4747
4148,4693
1952,2798
1363,2855
4165,3879
798,4919
1092,2865
2230,4613
575,1841
1964,4799
3238,55
4408,34
3749,4763
3457,3882
3306,4919
1503,319
399,47
4401,69
768,4731
2025,1851
2946,4883
2290,4908
3583,1737
1958,3915
2633,2773
2283,40
3122,4879
4481,45
3036,1846
2941,4800
4397,145
109,3912
4637,4921
94,4857
380,2823
4041,4902
2703,2768
2521,2867
3016,2835
2026,4917
1663,2818
3408,4921
1272,2784
1793,1748
3026,4759
1236,2776
2188,4685
653,4953
2879,4918
4649,3615
1707,21
4460,4778
1585,283
5059,68
1187,67
1666,124
488,1835
208,4776
3604,4884
1131,4675
4145,319
985,4781
1688,4910
473,4916
4052,5064
256,4958
5041,4781
4833,4248
4589,4972
413,4775
3315,5075
4086,4918
2605,2851
2850,8
1944,3878
3832,218
1718,2789
1574,2787
2967,21
4624,58
2594,1849
1617,4912
2545,5019
1232,4877
1340,5004
4279,114
4609,4931
2769,2845
2755,42
1033,3912
1400,1861
3966,1896
2491,4880
1890,2816
2334,2865
2359,1838
2158,47
3340,4677
1273,2818
3022,1748
523,4824
588,2774
1747,4776
2472,4889
1520,3915
2056,4824
4559,4748
4,4742
4578,4765
2314,4746
4261,4941
458,2808
4133,21
4088,2860
3013,2838
193,2795
1073,2862
2371,5019
4719,5018
2015,4903
804,1732
1218,4990
1294,4934
3662,4742
2949,1849
4449,5063
346,4749
503,2822
256,4797
4347,4803
4401,4753
3257,3882
944,4683
3384,4872
4371,4988
1150,4737
2634,4849
2089,2658
3300,5074
3997,4917
358,2816
2326,4750
1636,2779
4147,4952
3166,2827
3660,4689
3380,4905
1469,46
2793,51
4629,1742
4122,1742
2257,4902
2612,4918
3217,4732
2738,4697
370,2671
901,2827
2000,1839
942,2773
1300,5
4169,4787
3905,4831
2696,4824
2567,4917
3417,4914
2953,4693
3542,4635
444,4739
4189,4673
3784,2845
4269,5064
4315,133
5037,4958
4001,4736
1128,4912
287,1856
2507,80
716,34
500,4762
1132,4789
4520,4909
4465,4764
3332,4787
890,285
4399,4266
4183,4803
4624,1728
3465,2783
4576,4968
860,4966
3423,284
3594,8
3660,4961
2069,53
2615,4785
5040,1860
2513,3879
1063,4743
2595,21
4032,2796
1874,4743
2321,54
4168,4754
4224,5065
3202,4687
2751,1844
677,4803
4895,2785
1584,4774
4424,1730
3264,1839
1662,4681
1965,69
2282,4761
2205,2837
2979,4779
4437,1860
269,4775
3905,2822
2715,4776
187,4735
1251,4944
3416,4683
740,4673
425,4902
1754,2831
2771,2812
18,4783
3905,3885
1565,4265
864,4915
811,4956
3823,4737
2038,9
2627,51
4087,4801
3411,4695
289,1748
171,4912
1989,4734
1628,3615
4114,4963
1188,4870
5024,116
1902,1837
689,1855
2018,2794
909,2800
4587,3924
2959,4883
3213,116
2531,68
2043,1731
293,2781
4194,2781
2268,11
353,4887
3033,4978
889,4856
3246,2776
1391,4779
1423,1734
3668,3913
522,4829
3254,3882
5039,1840
435,2783
5062,9
1872,4880
861,4786
887,319
3597,4888
4370,1849
3974,2813
299,2786
2358,1841
4222,4695
300,5075
2116,4944
4706,4695
2351,4897
583,4734
2667,1857
473,4962
3617,4797
134,1818
44,4995
400,38
1080,5064
3649,4919
3304,4939
1431,4674
4703,3505
442,4674
3089,2851
3957,4849
2487,3885
948,5073
2280,5
2621,4880
874,319
4,4682
4548,4969
4036,5
232,4694
1680,2851
2286,4909
4704,2789
252,320
4809,5074
3435,2767
1641,38
3625,1849
2398,2808
611,283
3176,4771
4083,1833
1496,285
1176,4957
3160,5074
3000,2824
2151,2764
2407,4792
2906,4675
1702,4885
4215,4847
329,4817
1556,40
1021,2765
3797,1740
3354,12
3376,2864
3172,4947
2220,1728
1911,4733
1290,4755
3894,4911
2220,4819
1549,4912
4314,4264
941,4668
4600,5066
1568,4674
1885,80
1942,1827
526,2865
3559,2671
3714,2866
2470,2827
431,4739
2585,4691
2256,2845
4106,4940
2610,4733
2736,4736
1172,284
4406,2856
2186,4769
3337,319
3608,4673
4827,4958
1167,4718
916,3886
3287,4746
2318,2846
4205,4964
4096,4792
1146,34
4321,4613
1253,1748
125,4748
2246,1730
393,132
222,4979
2647,4902
1555,4820
2204,3878
523,4755
3205,4969
35,4889
3042,4988
3738,1729
374,1846
419,4951
1070,4850
3218,4891
3311,4801
2326,1843
409,4890
3717,4692
4347,2829
4593,4886
3303,3615
4419,1862
3820,4988
1019,60
1059,2811
4,4958
912,1836
2392,2857
4049,1733
852,4919
1421,4780
5055,2857
2352,131
1700,132
1565,4672
2425,4672
699,133
1684,4741
4191,4803
243,1
1307,1788
141,5077
3890,4897
2345,4781
2582,1730
4411,1844
947,41
1346,4873
2379,133
2852,4847
1137,2658
881,4962
111,4957
1146,4676
4048,2841
2353,4944
101,4828
1358,34
2695,8
1082,4953
2674,4938
3593,4902
241,2789
634,46
4089,2820
1882,4989
3543,4765
1202,3505
816,4791
620,4991
1529,1851
4503,4929
3514,45
480,4727
3771,4896
941,4961
2115,2786
2333,4934
676,5000
3265,4944
1495,61
3192,2800
259,4971
1986,4958
4108,5016
4401,2808
3540,6
4703,4994
2491,2783
866,1861
173,21
1498,114
3649,34
1017,3883
4942,1727
167,2831
3606,5069
2677,53
2995,4979
810,80
1380,114
2419,2843
5060,1742
4318,2838
2129,4770
194,4997
3559,8
3448,5075
4556,1856
263,2811
4230,1
564,4734
3187,4987
309,3913
4089,4781
3782,2658
4048,84
3839,4766
4167,3912
1440,4887
601,4855
1760,5020
321,4693
2194,4685
1509,1855
2710,4759
1291,2832
4073,4788
1634,2866
4395,4872
580,5
5067,2825
2210,2785
745,4778
385,2853
1225,4752
2336,4720
3677,56
3037,4910
5014,2849
729,284
289,21
4622,1834
4859,1844
983,4689
417,4720
1800,4746
2528,4748
4361,4970
2366,4860
2345,5066
2922,4782
2291,5016
3339,1838
3412,1896
134,4685
998,4876
3909,1728
842,2774
3851,4972
3942,4783
1819,4989
2082,1735
4460,1730
3229,4731
1113,4613
3686,4768
3923,4824
3118,4737
483,41
3587,4720
4403,4951
4199,2824
1557,4685
2674,4778
3977,4891
3030,55
2622,4847
2137,132
3190,4770
873,2838
1825,4654
2298,4994
2441,2858
4211,4674
3939,4681
2919,1861
3021,3880
2354,1727
2960,1838
2190,41
755,4855
3517,1850
982,319
1399,4952
395,2818
4243,132
2946,2772
2625,4689
3603,4718
5080,4921
3581,4748
4095,4886
2060,4849
1650,4860
4452,54
2277,2816
2928,4249
255,2772
3724,4919
1144,2795
1745,4816
3474,52
395,4888
4295,1748
1675,4784
4826,4792
3933,4946
166,2822
1912,2800
1444,4964
2287,4831
1670,4896
1290,5019
544,4830
264,4998
3727,80
2983,4937
4039,1844
2205,145
509,4903
534,4760
1759,9
3970,2847
1635,55
3132,2794
1387,4969
825,70
4118,5075
4845,124
1175,4911
3162,4752
1811,3882
1549,4788
4149,4755
3518,1740
2074,117
1257,1742
2541,4952
1115,1848
1105,4266
1676,4775
4464,40
2600,21
2903,4718
1765,52
972,145
31,4791
2235,2814
2716,4678
4218,4972
4533,2772
1916,4735
4239,4919
2468,4932
3019,2787
3783,4953
635,2826
3803,5073
1528,4931
4060,4878
3714,5004
1898,2849
496,2772
1333,4753
648,5
4522,4988
3270,1840
747,4780
2217,4890
3157,4718
3747,4674
4295,1845
4658,4855
993,4921
1058,1862
91,47
27,4946
2425,2867
23,2856
2543,62
3487,49
3944,5065
567,4692
4413,4887
1907,320
1663,4995
4113,4909
1457,5069
785,45
3862,4799
2512,4697
4388,4992
4050,4919
4355,4815
3224,4883
2267,4832
799,2864
4101,114
4009,5020
259,2773
2968,68
829,2795
668,4969
201,2795
4293,1818
2761,4944
4561,4730
989,4687
321,2818
2474,132
3251,6
4067,4941
3407,4766
4214,4815
1522,4731
3300,3505
1654,1838
3053,5000
2981,4929
3721,4696
4999,4797
4608,5019
4651,3914
390,3879
1952,4987
4205,4686
1572,4901
2369,132
4434,4903
3302,4995
4612,55
4984,2808
1109,4773
4032,63
4490,4929
3013,4673
3792,5070
3168,4930
664,3615
3019,4966
2544,2796
3892,2765
1002,4930
891,1844
672,58
2006,4730
10,4979
3239,4690
5050,4799
1335,4739
648,51
452,4780
395,2862
4447,1728
4114,4266
1166,4267
3919,4891
3958,4919
205,13
5030,1729
3470,4780
4465,4951
378,4679
4034,4824
4174,4873
4053,4775
4449,4768
2252,5001
2384,4743
3764,4816
4836,7
447,4681
3131,4760
1759,5070
3872,4935
4582,4994
2627,4860
1496,4684
2221,2835
2960,4884
300,4253
2728,4250
460,131
2530,1818
793,1788
1319,4930
107,4781
512,2774
3392,4919
2507,4778
1505,4789
3027,4669
466,4932
2606,3878
3686,4734
3931,1831
737,2821
1177,4763
808,5000
1068,4996
4490,4832
2444,2825
4260,4267
4316,4677
3388,4754
2728,4654
4378,2808
2211,4930
4874,4682
3609,1842
4341,4731
2898,4677
4495,2773
2283,4890
1526,3913
1636,4963
3517,4963
4576,4969
4288,3615
1059,218
3288,4896
1466,2822
3079,4764
3167,3615
1680,4678
1405,5064
621,4675
2506,4912
2937,1816
4051,5018
2034,2779
2398,4919
483,1726
2735,4828
3341,5073
1772,4799
5026,4963
1268,115
2435,61
3184,4815
2719,2809
822,4735
3816,4986
3945,4935
2702,1841
2995,2857
2257,4742
3860,4918
1453,2862
2626,3915
333,1733
2162,4669
2216,4819
3208,2781
4493,3924
4256,1
2525,4978
4804,4936
1016,1788
1544,2860
4609,4782
2566,64
3031,4727
1123,1845
1137,4888
3676,47
3905,4776
2437,116
897,4668
820,2803
1176,4897
2534,2810
4608,5064
574,4850
429,2816
768,284
4595,21
4493,4768
1904,4944
618,4939
4630,4738
1684,5004
4558,4946
144,2845
3363,4776
1541,1742
2993,4728
1423,4775
2620,4748
968,2820
1124,4765
140,1857
3692,1851
1613,4782
4027,4911
1470,9
3962,4732
1924,4955
2431,4986
4308,2814
2039,4771
144,4930
2590,4746
832,4772
300,4669
1078,5002
2339,5019
521,1831
4118,2772
2706,3
2665,4820
560,4894
4401,1848
4960,1727
3225,40
2242,4654
4726,1834
225,4670
2979,4952
573,124
3831,4894
4614,4818
3795,4786
1675,2782
3656,4747
4289,4720
3469,4762
1035,5020
2562,2817
3639,4904
4350,4892
4246,4683
673,65
497,4911
4595,114
4130,4765
3024,133
3370,4903
5034,4848
1006,5016
2470,4800
3866,2857
3466,4783
1528,4654
1607,3914
1293,4979
2011,4766
3337,1733
1464,4939
3119,2821
2359,4743
2092,4687
4206,2783
1637,49
1565,1844
1452,2855
3063,66
1970,58
1389,5019
3552,4908
3773,1847
2453,4816
1033,4676
800,2814
2486,65
965,4766
2066,4896
4586,318
2564,5065
790,4886
2644,4952
1381,4817
266,3885
1045,1847
1091,4919
4023,4680
4167,4857
3873,114
2704,4668
1630,4689
82,4730
4137,4670
2347,1742
3763,4877
127,4675
3467,5074
4145,4688
3815,2774
3486,4952
3750,4613
1960,2790
4950,4673
3447,2858
4293,70
1138,4728
1948,4886
3175,4978
1116,3
1822,4971
703,4763
3294,2865
896,16
4834,4728
1046,4970
3527,1827
1675,4679
2465,21
686,5075
2380,1818
2267,4697
971,2857
3835,2796
4259,40
3629,114
685,4766
2777,4776
3673,40
4867,4763
1811,4779
2002,4941
915,4969
1705,15
3562,5002
3607,3883
2170,4768
4124,131
4063,4817
2163,2808
2491,2865
1363,4970
2938,4781
902,4912
1867,4935
1370,4917
57,4915
4036,5073
2171,1836
534,4911
1147,4720
967,68
3786,2808
3591,4784
2354,4892
504,4877
3629,4755
414,4900
4983,3878
4134,1818
3966,4763
846,4764
2613,3924
1094,3913
1852,1733
1245,145
1060,4691
851,4819
581,4678
3857,285
3628,4685
1115,4760
399,4682
4071,4978
5024,4817
3084,4946
4354,45
1782,1857
3842,1742
551,2813
794,1836
1284,2814
2432,4892
3483,4800
736,4961
4715,4913
4127,2803
1294,4697
4223,4773
3895,3
3164,15
2042,4688
459,4751
2581,4729
2908,4831
1229,4919
4501,4890
1087,2813
823,4753
785,2781
1063,1816
443,4979
1707,1788
1579,1731
1405,4684
1125,47
2271,2776
4155,4779
1798,4909
4556,4752
3635,3885
1411,4890
3077,2844
4100,11
1791,2858
1271,4882
459,5
2601,4847
3870,3913
1511,45
304,1896
3102,4918
2350,4897
3076,4952
2455,283
2529,2827
1374,4935
1870,4680
3996,4889
404,4972
851,2844
3893,4730
28,2795
1349,4747
482,4991
3231,3877
4294,1727
2106,4905
3576,4878
1688,2862
3358,4938
1192,2781
3290,4944
219,9
1865,4979
4200,58
1385,2854
672,4738
3280,4817
1169,4932
3575,2814
4653,4780
1858,4937
1079,124
1004,1850
4299,2786
4446,1737
3011,4692
940,3878
3852,6
1233,1844
4570,4668
1062,4788
1261,2831
213,4831
1168,3912
913,4857
2558,4880
3381,1732
430,66
4533,4687
3297,4697
4384,15
4499,4819
2022,4926
1736,4873
3717,2809
3143,4787
1164,4882
4480,2854
3619,115
2742,4797
129,1734
1571,1808
3345,80
1149,218
2957,2764
723,4937
2661,1840
882,1849
3518,1731
3330,4904
3409,4897
675,2846
3092,64
479,47
2759,2853
3748,4889
723,4918
3734,4907
3992,4896
3480,4682
4047,4986
2542,3915
96,1857
3688,4921
1070,4734
98,4776
3838,1730
1486,1831
3692,6
2369,2820
1535,4849
103,4676
1005,4668
3434,1742
1409,4947
2562,1731
174,1839
2344,4882
591,4878
645,4956
2961,2862
2076,4857
4325,1832
2460,4755
3544,3913
1395,1727
3315,4777
967,4736
4074,2820
3554,4777
3025,2825
4305,4970
1279,3877
3051,2825
3919,2794
269,16
4655,60
3696,2785
2737,2658
2645,69
2446,4693
4374,4971
1505,4957
2896,4979
4431,13
3384,4829
4369,4883
4529,2803
3625,1730
2356,4930
680,4789
883,5070
1986,4993
3826,2845
3490,4790
4644,4729
412,1729
1593,4820
3899,4779
1275,2824
4589,4873
3317,5016
18,4951
3568,6
2079,2813
4977,2790
356,3878
2601,65
1026,1842
4114,2764
1258,4720
3015,4941
4573,4917
3371,4951
456,4787
4468,4988
680,5075
4058,4938
4319,84
1540,1855
1715,3915
348,115
3513,5020
4708,4829
2597,4669
235,4746
345,4944
1724,2833
4394,4741
917,4731
4285,2803
2403,4855
2738,4964
483,4862
2852,5069
2670,4940
2104,4739
4073,2827
59,113
674,4771
220,53
1979,4894
3448,4993
1061,2774
3178,4736
4811,21
2591,4737
4309,2772
3865,4907
1684,4921
720,3914
4117,4832
3036,2844
2071,4951
862,4776
1915,4784
3793,2837
1092,4951
2604,2858
956,1735
4864,40
3534,4951
3232,5020
2509,4939
1331,2783
2682,4789
3197,4988
2869,4860
2501,4914
4203,3
1337,4780
151,34
453,4718
4795,1735
4393,2827
98,4249
636,2816
4024,4737
1510,3884
4851,4737
2220,131
4155,2817
2626,4883
4606,47
1499,2849
313,4882
2327,4892
304,2846
4833,2765
3052,4792
940,1733
78,2854
275,5
5026,2826
3853,4829
4013,2782
794,4684
427,4774
923,4669
436,48
3204,4682
2384,11
3705,4971
2524,4990
1711,4958
2933,4791
3383,2856
837,114
179,1742
4565,4894
3163,4720
4532,4970
4044,4882
2404,4877
2158,4693
4985,4963
930,2865
1363,4789
3378,4855
3095,1733
3949,2818
1807,4887
3284,54
726,4886
1265,5002
2873,4690
3672,1788
827,21
3306,2820
3182,2853
2019,4894
3413,4739
3778,2816
1073,4728
3013,4672
2507,53
4606,4889
1236,1838
90,4921
554,2786
2396,3877
1909,4761
2054,2768
4834,1727
1098,4819
3040,4689
364,4996
801,2854
317,2809
2341,55
1939,4862
3562,3913
3155,2768
1052,4764
1559,1896
1402,2853
223,1730
159,4953
4232,4678
1876,4815
4074,4739
4295,2786
2449,1839
773,4776
5029,4900
1893,1855
3975,4986
3249,2816
2730,1839
2293,4969
4297,4862
4404,4742
2038,61
2797,4990
1082,4720
3154,4779
615,1844
101,1726
670,283
462,2794
281,1725
758,4248
3311,4761
4795,4914
1897,3912
3805,2783
1637,2765
4285,4736
4838,4793
2947,2857
2998,2825
2397,4940
3031,4934
2111,2846
1583,48
2221,3914
339,4788
1515,5075
3047,1730
1454,124
4869,4734
4356,4679
3339,4894
968,2839
2500,51
4186,4669
1282,53
3513,4762
3176,2814
186,8
265,5002
415,4760
2931,2848
1486,4820
2172,2855
2925,9
2330,4749
504,4947
4636,4747
1191,4858
4005,4819
836,2829
1938,5065
2102,2794
2516,49
163,4964
3982,4861
652,2773
1355,42
5026,5075
1180,2795
1504,2840
2139,3879
4054,4937
2441,4849
4512,124
3005,2854
197,38
3797,65
5041,65
249,4684
1285,2803
3581,1846
3129,283
2403,4784
1898,4887
44,4668
4667,4771
4541,80
983,4990
1189,4799
929,4771
4067,4857
2541,4909
1375,4873
1641,5077
1560,48
5025,4878
2739,4955
4710,62
2685,4267
1555,5016
3563,4765
2143,1846
1374,4990
2230,2844
2344,4955
2761,51
1363,4926
4490,4962
3179,5069
4240,4689
786,4856
4121,4819
2485,4887
2328,4847
1797,2867
5008,4694
3638,5065
4146,2857
716,1840
1152,4873
3017,4786
4490,285
4231,4770
580,61
2295,4266
3971,4992
4593,4830
3968,1740
3210,4885
691,67
408,4897
4364,2812
1511,5064
4286,114
515,1851
1787,61
584,4793
2633,4979
2386,4728
538,4765
1701,3879
997,4685
1132,4966
2734,3884
202,2849
1866,1847
2203,4905
3306,5020
2505,12
2441,4940
1035,2768
1367,4996
4342,1730
43,1726
4500,2786
788,4962
842,4998
3141,4786
4714,4684
3539,4634
3048,4265
4661,2847
2668,5073
4295,4880
3294,4901
3455,64
1599,4831
2409,1735
1712,4913
591,4790
280,4776
4206,3914
1019,4696
3014,4732
1677,47
3513,1850
1568,4966
226,4793
2496,4996
3465,5
3639,3885
1370,4819
2602,4991
1238,52
3413,4634
4376,2813
540,4938
3407,3
2455,2824
1910,4743
27,11
1253,4988
3147,2866
3973,2786
1419,4940
886,4991
98,4932
168,4635
1187,4879
4263,4686
2019,2796
4049,4678
2756,6
3705,2783
4319,2857
4865,5064
1775,4253
4076,318
3448,2796
707,49
4019,4692
1870,2824
4462,285
1753,4752
3406,5075
2679,3915
750,4889
507,4953
1427,4932
1616,2818
2159,2785
1473,4901
2899,4674
2699,5018
1300,41
2352,4789
1537,4903
4368,4788
2726,4986
1207,4941
4484,4670
1358,4886
4233,4903
948,67
4665,4900
223,2803
2442,4781
1021,5077
4175,4956
2676,2857
3707,2827
4441,4917
3132,4819
2514,1856
859,4993
3923,4892
5060,4964
2331,4691
557,4741
5021,1846
378,4907
3136,4799
2165,5004
2680,4768
3231,4735
893,1851
2499,4911
3187,4892
1194,1860
432,4676
4429,4697
238,4685
3417,2798
916,115
4306,1737
1052,13
4871,4989
1687,4728
3002,4915
1360,5074
3729,4847
2414,2774
4094,4897
1901,4728
221,1832
2481,5020
1947,1816
3046,3883
4715,34
2875,4902
4416,4785
1620,4765
4151,46
922,4906
1968,1838
1679,2864
1583,2779
1796,2812
2881,4889
4124,4747
1294,1808
5046,2811
1014,4784
2155,4861
1914,63
3727,284
3358,11
1227,2862
2451,4909
3034,7
4833,285
1598,4885
3322,4995
1198,4920
3296,3879
4056,4965
1410,55
374,2803
3031,4878
88,1732
393,4926
3127,5077
3529,115
2197,4903
4621,4768
1386,4996
3646,5070
329,2773
383,2800
3856,4801
2753,4754
3415,4910
796,2785
2540,113
2282,2817
2985,132
5042,1842
4037,124
506,4723
4537,4777
72,4687
2179,3877
3140,2848
1514,133
1247,2781
2188,1729
139,3915
1146,4692
908,2784
1294,4793
882,3505
3998,2845
1940,4957
4284,4687
209,131
2417,4918
3925,4778
1192,4979
1427,2829
2903,1729
3507,4673
4386,4251
137,4870
4423,4968
263,4820
971,4862
1668,2856
1711,4820
4487,4678
121,3878
3436,4902
4232,84
893,4930
912,4789
4447,4889
1820,2765
716,4746
3353,2774
3183,2671
2064,4906
3443,4816
1140,4897
932,4910
1943,2786
94,4765
1498,66
1320,2772
3378,4816
995,4668
3220,4774
2242,2658
1882,2858
2597,4763
4233,2853
3480,4683
2955,1849
1246,4728
252,4998
2659,4965
4163,4783
2318,113
4285,1735
4704,2816
22,2843
1164,2860
2754,11
1889,4910
1940,4766
4519,4249
4158,3883
5068,1842
2266,4668
1503,5019
4463,3912
2632,3505
596,4773
1534,1732
905,4691
3354,4824
3344,70
4501,4847
2923,1861
1208,49
1931,4799
4213,34
2116,4891
871,4819
1559,4750
508,4961
4020,1734
1183,34
3812,2776
2679,4251
4520,1850
1190,80
3066,4786
491,16
4646,4996
77,45
417,4759
4843,1896
2377,2837
1206,1836
3802,4995
1427,2843
2730,2835
4351,4749
3485,1847
4470,1831
2421,6
1715,320
3214,3
2239,3
2478,55
5014,4907
19,4693
4300,3912
174,2858
3255,4799
2465,4730
3610,4800
3392,4909
2515,46
4541,4907
1023,4876
3908,4880
4610,1
3105,4677
1877,4901
3955,4832
734,1817
3557,124
2306,1851
3266,4848
4268,4788
2353,2812
1154,4906
2332,52
4096,1737
1859,4986
3790,4733
3715,2808
4650,5000
1169,4613
1884,4754
1370,4888
1654,4728
1783,4689
3594,2855
3653,4870
4405,2786
1794,3883
3998,1841
1497,4251
2441,1841
3724,4944
3852,4668
1278,7
1506,4996
3572,58
2775,4691
1588,2796
333,2808
3153,4906
2489,4684
2915,4904
388,4780
1219,4860
3290,3914
1704,4753
2200,65
4290,56
2900,132
2306,2798
3717,9
5056,2779
4599,4991
3526,4733
1646,4697
1926,2837
2486,4915
4504,2829
1300,2854
1136,15
2970,4747
1642,4919
3611,2783
4740,2847
3311,4901
4562,1835
292,1857
410,2765
736,2785
1550,60
2058,1861
2620,4996
3039,3912
3908,4870
3800,4743
1190,4690
328,4855
1697,4685
251,114
2027,4828
460,4934
2064,2658
3992,2810
1205,2813
4556,4779
880,4921
1774,1737
4016,145
1014,4889
4159,4686
2650,61
2999,52
4243,2818
173,4690
2052,1827
4308,8
2108,2829
1520,4877
187,4887
3658,4766
1165,4675
3763,1840
4593,2783
1602,4759
3501,4870
4361,4683
5023,4919
2220,4747
1327,4772
1249,285
2723,4679
1276,4679
545,4769
4391,4674
1292,1731
1415,34
2413,4801
5024,4634
3854,4773
3464,1836
814,2867
2054,4968
3849,34
495,2816
400,61
176,4791
357,4728
2234,2821
4573,2765
2429,2776
4359,4668
2073,4962
1585,4781
1471,4734
2167,4742
3543,4679
4007,4777
2595,4728
2914,58
2470,3880
2201,4696
1259,1730
140,6
2730,1836
4012,1848
3744,38
2149,1846
4238,52
5003,2767
3131,1788
833,4696
427,4900
659,4753
1648,55
415,2796
1345,4947
1282,131
2778,3505
1054,4965
3176,1734
2494,1735
4983,2855
3495,47
4701,4979
3193,5
1607,2840
3272,2826
303,4929
2908,64
2992,4793
2370,4676
2898,42
1632,5020
1988,1735
3794,4749
1747,4870
4346,4253
4025,4998
2062,4769
3186,4829
4354,2776
914,5077
2727,2824
744,2831
2902,4990
1973,4916
3726,1834
3159,2821
576,1838
4698,5064
3960,46
2575,4754
3863,4961
3581,2798
3581,1860
2378,4694
4359,4675
3095,318
354,4764
3986,4921
3115,1726
154,4951
4620,45
128,1742
237,4913
2524,2772
4019,4889
2663,4799
3789,2824
4346,4689
4384,4990
2295,2855
1519,5019
4168,67
3283,4860
4402,4718
5041,1748
3289,3879
1224,4777
2672,4892
2724,4909
1503,2779
3079,4735
1322,4737
3688,4978
734,4997
2747,2847
1973,11
3797,1735
888,66
3495,3915
4237,4736
3559,64
565,4858
1880,1831
1374,4878
5054,4910
161,4986
3967,1833
3702,1740
3735,3881
1309,2808
317,218
3943,4759
4344,4693
100,2826
1918,2764
26,4718
1429,53
1561,4965
3668,4671
3905,4251
3335,4729
4722,1840
3206,2841
1188,2838
3460,4737
59,1728
4722,45
4606,3886
2046,4681
1754,2844
2447,4929
2473,3882
1087,2779
4141,4946
1564,4929
239,4946
4254,4723
2870,3883
2441,4979
680,15
3476,4848
4359,9
4404,4763
4087,4816
1979,4731
3068,80
3259,2835
2192,4635
3457,4723
3356,2849
1412,2809
1216,2820
3196,4793
118,1728
314,4953
24,4671
4388,2858
4871,3
5084,4785
1892,1862
154,4731
3008,3924
3018,4720
2606,2841
1928,4970
3365,1848
1180,4847
166,4953
2265,2779
2685,3885
742,4941
1722,4935
3507,2839
3450,3878
2019,2865
4042,1846
1745,2789
3323,4759
2740,2774
4851,2822
78,4926
263,2849
2905,4901
290,1835
3597,1850
2568,3881
1035,4782
4309,4907
1298,9
2582,284
4706,2840
1397,1831
1503,64
4386,4731
2652,4915
3189,4782
1640,2776
515,4780
1918,15
179,5065
3062,4849
1054,4855
297,5065
3954,4858
3159,2857
3566,4748
4983,2773
1446,4792
3760,4879
2750,4830
2626,4952
2590,4903
2081,2782
224,4738
3430,1732
118,4729
1799,2767
1377,2860
5044,56
2819,4896
3025,2813
3767,113
1926,4682
4015,3924
272,4872
3811,11
3400,1847
2323,4957
2632,2857
3929,84
1905,4780
3940,4917
3222,4956
2881,2848
3392,4963
128,4829
4559,4816
3780,4779
2113,4693
421,4772
982,1816
1955,4886
4275,4787
2726,5066
2258,4947
3731,4780
3986,4265
919,4768
3193,66
2111,2851
4569,4680
4384,2781
3423,4801
1334,4766
3479,4819
817,3914
4538,1728
1996,1818
2918,116
1179,2826
4594,4870
1465,4686
1852,4820
2452,4934
2489,4788
2171,2825
3953,4654
3069,4880
3454,21
1803,4674
4149,1847
266,2866
3262,54
3237,4249
902,2839
4466,4681
4643,1831
3005,4250
4515,68
1366,4728
4337,4860
2058,45
3739,4754
2900,1844
4300,3877
1506,4768
2758,2786
4387,4774
3971,4253
1041,4250
1419,2831
4881,2864
3021,2794
3208,4815
4074,2786
2961,1733
972,4847
2456,4947
183,4830
4976,2826
2110,4672
1321,4877
595,4720
811,4267
474,4901
2472,4915
4413,4770
368,4730
2402,4780
932,4921
392,4741
4615,4884
1245,4870
2990,145
1599,4850
2353,124
2934,4790
1372,1737
613,5069
5049,5004
155,4966
3164,5065
2393,4749
2771,34
4440,1837
3065,1729
514,4697
2488,4855
1935,132
3211,4792
3098,3885
1061,4634
3988,1841
4898,4900
1026,68
4584,4890
1554,4778
3953,4687
396,2857
735,4672
3266,1843
3607,4979
2384,2825
3448,3878
3430,2812
3943,4696
485,115
2736,4673
3515,16
2706,4914
1171,4778
4031,4992
273,4996
792,4776
1148,4913
834,4978
1111,4956
4334,4921
2691,4993
2925,1734
1718,2845
3546,5066
2698,1856
2850,4760
4625,2811
4043,1862
4108,1839
4451,4921
2750,4858
676,3913
2061,66
3861,2785
5027,4938
4582,2783
3016,4681
3940,4954
802,4992
674,5069
1263,4747
4101,4762
514,2799
3322,4784
407,1851
1535,117
4639,4675
1387,4877
2551,4249
3121,1861
2761,5019
1576,4920
2431,4681
3455,132
2181,4935
3995,45
1390,1851
1591,3924
1805,2812
2343,1808
3717,4789
3932,2798
4268,2781
3552,4969
5037,2846
1201,1850
193,65
2534,2835
26,4885
3701,2831
519,2848
2593,1808
4459,131
4017,4991
1880,4963
3492,2860
1090,4675
1325,4690
3525,4768
3533,4938
2211,5019
1871,4890
4945,4782
4230,4905
1969,4679
3344,4990
4808,2795
1332,4862
1801,2839
1444,4880
1410,4736
3516,4847
3371,4634
2001,4918
3321,5070
2906,2823
4618,1856
3327,4894
2793,3879
551,2787
5024,2773
3024,4671
4472,4763
5025,4251
1290,4998
25,4876
1406,5073
1307,68
1272,3885
2147,2822
414,4787
4443,1730
883,4929
1828,2846
439,4697
3062,4958
4663,4996
1255,4931
3525,2832
5052,4944
2018,5064
2103,4957
2679,4905
1567,4886
2741,4773
4498,4690
1587,42
2132,1732
620,4732
3896,1845
3691,4774
338,55
3930,4760
475,4762
348,4882
2349,4739
4335,4958
3208,5065
2395,4912
3609,4739
2922,2812
2308,62
553,3885
2472,4685
3629,2765
4927,2866
3764,4920
919,4683
1254,4764
3643,4793
1607,4248
1685,4831
2268,4782
3942,4248
4277,11
2144,4905
1968,4686
2631,2813
2792,4997
1154,132
2964,1838
3845,2787
1900,4738
685,2658
1194,1835
3780,4911
4867,1834
3120,4803
4207,319
2715,4691
1343,4913
4628,2784
1202,4743
1313,4915
1652,4968
231,5020
4522,4765
3686,2831
1039,1818
3582,2817
1917,4743
4086,1849
3128,3879
544,4847
1581,1849
3596,4729
845,2821
847,1727
169,4779
1557,3914
3440,2773
3806,4677
3272,4860
1314,2658
1232,2855
4358,2853
310,2851
3559,1748
1513,320
1005,2786
3887,2776
774,4989
994,5065
3116,13
1199,4894
3187,4763
1746,2864
3907,4691
1134,131
3887,1843
424,4998
3473,5019
1440,2851
339,4776
2718,320
3213,1848
520,4682
4327,4743
210,4679
4150,4691
4416,11
4498,4966
1368,4803
1074,1833
535,2849
2738,319
4852,4819
1525,4946
2430,283
902,5001
43,4938
3306,3914
2614,4886
2890,4848
3293,64
950,4997
721,4789
4667,2823
4040,4947
4063,4958
4925,4783
1639,2839
4252,2835
4928,4887
2324,4762
5041,4819
1396,4972
3056,42
1536,4879
938,4932
2408,3884
2724,3878
4129,2765
2746,116
2370,4885
1918,113
1641,4670
3959,2799
4833,9
2546,4777
942,4930
3202,4763
1874,11
4343,50
2336,4892
3372,4815
1072,1861
4216,4946
2436,4680
4544,4953
4527,4766
299,2857
192,4743
4006,4990
4333,4688
1172,4860
1389,2825
475,4937
4509,4730
2890,131
361,1735
1547,145
1323,49
3965,114
3014,4743
3647,5065
3248,3913
2197,4732
1174,4730
910,2841
4594,3886
1981,4970
3918,2810
3858,2867
869,5077
504,4727
980,4776
329,4921
3103,4769
4120,8
1859,4953
2495,5064
3785,3912
981,2827
484,2773
3840,2782
1490,2837
4875,1849
1977,4694
3587,4989
2653,4730
472,4681
1429,4730
2454,4728
1769,4801
277,4891
888,4870
1650,2853
4513,5069
1376,56
4167,4775
2214,319
4615,4755
3945,4932
1746,4681
2804,4936
4548,4673
3539,1855
328,1827
4228,5020
3795,4777
3145,1742
786,4921
3855,1817
416,3886
4329,4828
1791,3505
1775,2844
2136,4654
1085,12
2102,4797
1877,16
1139,4768
3245,4681
2432,4675
2624,5064
4433,4782
208,4267
1492,4951
1570,2867
4033,4878
2098,145
2001,4799
2417,4831
917,4670
270,2779
1350,3
2685,4930
3665,1855
4299,2843
3773,2808
2250,1742
2115,1732
200,4654
230,7
3496,45
3468,4635
4881,4682
4064,4947
3541,2839
2133,132
2698,4250
5025,4861
513,320
2076,4748
917,46
3369,4768
4893,3879
2871,4926
1323,2827
1391,4791
1713,4682
3065,4856
948,318
3509,4830
4706,4832
1131,4736
452,4739
3617,3879
340,46
2627,4910
3806,4966
3940,11
2666,2788
423,2831
3188,4248
179,3505
2469,4909
4057,4748
3178,4889
2347,4727
4493,5020
301,2823
1977,2816
898,1849
4388,5077
2727,4887
3785,1817
1264,2860
2533,2858
2744,1838
3645,1836
1025,1733
729,2816
2580,6
3552,319
4866,2841
995,4743
741,2813
2964,4791
1569,1848
348,4907
1170,2853
4335,4897
2674,4752
2267,4970
4403,67
1313,7
1713,4762
1630,68
120,2848
2938,4774
4300,1827
1363,115
1454,1840
4540,4855
1489,4939
2433,4752
2722,1835
1259,4634
1700,5004
2279,4688
496,116
1678,1731
339,1844
3516,2776
1389,54
3607,2803
1236,4941
3109,3914
715,11
212,4920
3634,5019
2116,80
347,4906
5081,5019
518,4759
3235,4829
1422,2798
1375,116
1923,4987
181,2776
3371,4688
2434,4848
3965,4679
942,1727
476,4689
2680,4978
1083,2811
2126,4944
3066,4861
2246,4768
1223,4914
1242,4777
3721,4906
1575,5063
4451,4892
3721,133
4448,3
3253,4882
4811,4877
2996,4954
2529,53
3487,1832
4313,49
3940,2856
3828,66
3696,4680
3261,53
4703,5016
3791,4680
1344,5
4099,4902
1193,4735
3094,2787
106,1896
830,4801
1955,4889
3077,4267
2104,4828
529,4861
345,4760
3669,4919
4229,4876
1211,2822
3984,4732
3075,62
655,70
2953,4848
996,4940
2110,4785
2312,16
3757,4682
3891,3924
584,4965
1998,4872
1479,4872
2254,2813
927,4917
3036,2853
3808,4815
208,4932
3845,2827
3152,1732
522,4970
121,4870
2202,1855
3565,124
1449,4747
1194,5070
3068,1838
4590,21
3756,3883
2929,2776
3244,1725
3901,4848
550,1838
3951,2810
2914,2768
695,2867
1815,4830
3998,4879
219,4955
2344,4695
1942,1841
166,2846
2026,116
2252,4989
3870,5075
2200,4896
3580,4793
4457,4678
4361,4883
3599,4773
669,2821
3874,1840
1830,4786
1196,84
2317,4930
3359,3880
428,4769
3379,1808
3595,4991
1522,5070
2718,4849
3510,4754
2425,2772
1184,2847
4095,2841
1121,4267
2875,4265
1583,2789
1746,4929
2239,4903
380,318
3559,3878
3564,1740
3517,4693
2910,4733
2253,4891
413,2838
2122,2799
1586,4669
1190,2818
3016,1726
2420,4774
520,5074
1359,4733
2249,4729
2691,4718
3795,4894
2793,4815
2888,4992
2083,4862
356,4784
3834,4613
2196,5063
3177,2846
785,4886
330,4762
1380,4916
2006,4672
3267,1733
4490,2658
2390,4697
3909,2768
4519,4986
843,5064
3207,4250
363,2818
3909,4679
2609,1735
111,8
2634,4820
2194,4681
3839,34
3783,4759
2471,4674
4414,64
800,4815
2357,4886
2531,1729
1482,2860
1047,4962
1224,52
2408,1726
1578,53
2906,3915
4294,4887
2409,4799
1085,1849
1167,4686
201,2803
4412,4979
1799,4884
1978,2840
4008,1848
248,4870
3789,4783
2080,4856
5045,2818
2685,2794
1132,113
4038,4763
4436,4773
3773,2767
4537,1731
2943,4746
3956,4731
4464,62
2391,2824
1182,5064
2115,4916
3985,2786
1988,3885
393,4829
5040,65
5036,21
2907,4884
2869,5077
3118,2782
1410,4735
4866,2794
187,4877
2929,53
3235,5001
2282,2798
503,4774
4933,1730
4836,4926
613,4816
23,4682
672,4755
1503,2864
341,4930
3003,2867
4114,2857
3212,1788
3847,5065
3072,1729
2005,1817
4875,5073
635,4883
2225,4884
2979,4885
3374,1734
4315,4979
1257,62
1925,4858
2478,53
2461,3
165,4993
2924,3913
439,4696
4255,4778
1671,41
4648,4793
448,4672
3477,5077
3652,4915
4033,4951
3635,4858
537,4723
876,2809
4541,55
554,283
3431,319
3096,4941
2300,4782
1502,2867
35,4903
3134,4857
2087,4887
549,2856
183,4946
2936,4735
815,2860
4547,3885
912,4675
1139,4996
2505,4681
1503,4730
4486,3615
2504,3881
3105,4773
4146,4691
894,80
2026,4929
877,8
1916,4731
1424,4792
1201,132
237,3883
399,4763
2474,4958
4519,2816
4392,55
2868,2851
4615,65
3278,1860
729,1733
3050,4966
1984,1837
2013,1737
1663,2671
2084,4912
1171,4952
197,4751
2908,1849
1036,4873
4240,2764
4653,4749
1294,51
2109,5001
3394,4885
4868,2862
2097,4929
2561,2671
2539,1725
370,41
2912,2786
4094,4941
2836,80
629,4723
2907,2784
796,4785
4207,4951
436,2776
1687,4267
659,2862
2388,2823
1765,320
1802,218
3239,5020
2210,4815
3693,9
3590,5004
2378,4739
4051,4670
814,54
3205,3881
1272,4766
518,4872
3616,84
2188,4890
1258,4848
2656,5074
2151,115
3095,2862
2399,4727
3213,4787
2130,4690
2738,4885
425,4728
3490,2788
999,4727
2354,4801
766,4934
2456,319
4087,4894
3286,2809
200,4738
1395,4979
3122,4847
4811,1896
2707,48
912,1896
2592,4718
544,4914
1113,4249
4587,2658
3725,1862
3054,4737
3369,4683
415,4759
2540,2800
2452,5000
4616,133
1402,4978
3791,2833
2355,4786
4506,53
75,145
3352,4882
3507,1734
1811,2658
3177,1726
182,1896
1000,4956
4120,4737
1655,3885
3091,116
1153,2817
2749,4688
2364,4952
3464,1838
2548,4887
2032,2800
441,3877
4090,2838
3541,1896
2971,1862
3673,4679
231,2820
942,4265
1270,63
3740,4966
167,34
2251,4912
894,4876
1965,2849
2691,2786
3705,2832
1630,2825
3949,145
3566,1845
3223,1848
1255,4855
1229,53
3146,4771
1717,2862
2679,2858
5037,4953
2679,4797
475,4857
229,2867
2153,4912
2528,48
1974,4679
4520,4882
3823,2856
2099,2773
4546,4743
4062,2822
2266,4832
3154,4955
3157,4765
3113,4792
1405,1841
4303,2774
617,1856
2276,4681
619,2814
2525,1727
711,4690
2,2848
3309,49
1801,4267
1430,5065
4527,4681
2682,4679
562,3880
1182,4676
3736,4917
1449,38
4197,1896
1160,47
2195,3878
2487,5002
2453,4886
2910,2787
3249,4957
1112,4741
4698,2786
232,4830
4950,41
929,4934
1586,2844
2766,4693
1616,2841
1547,4761
1139,1748
2708,46
1448,1861
703,4929
3823,4748
2074,1816
175,4793
105,4751
201,4995
3301,4754
4601,4762
762,4907
764,4635
874,4897
4449,4267
3299,4676
4580,2817
1449,5004
2324,4987
3337,4780
2679,4787
59,4250
3526,3878
456,65
4548,2866
3082,4697
679,2841
1198,4992
2220,4683
4564,4998
1161,1861
4244,4785
5051,4765
3499,4720
2936,2814
3310,42
3602,4972
1948,4734
205,4782
2592,4857
1571,4801
5039,1855
1515,4832
4474,3615
4156,4738
1311,34
4927,2772
590,4963
3151,5
3640,4768
1310,4728
2299,4989
4581,2814
1541,4799
3171,4889
4330,1860
2921,84
3340,3924
2904,1896
1560,2779
3575,4872
2682,4681
4539,48
4583,4979
151,3886
623,1735
2656,4671
1244,4800
4282,4903
3614,4900
803,5018
1050,4774
503,1733
1241,4734
3980,283
2184,2839
4334,4723
323,4759
4099,4778
1090,1835
4053,4904
2051,4885
4536,4779
3181,2783
842,2844
3332,4734
2910,4742
325,3881
1030,4900
787,4754
1511,2810
3119,53
3225,4903
3222,4915
2684,34
396,4671
4162,4249
3910,4749
1081,34
3006,4965
3346,3915
1509,2782
809,4674
2340,2767
2132,4907
247,4693
1154,4995
2956,285
4012,2826
4555,1735
4496,4912
2138,4884
595,2790
575,2866
1940,5077
3673,4755
253,3882
897,5070
1784,4634
3998,4264
873,60
4532,1835
3444,7
650,4750
226,2786
2173,4910
1158,3505
595,1729
919,13
3118,2818
2766,4759
3435,1740
4361,4250
3747,4847
476,4690
966,40
3158,218
430,4920
5055,2810
4708,3884
2850,2841
3047,5020
3072,3912
1185,4894
1975,4775
3581,2800
3432,2851
1072,1808
2691,2764
3639,4267
3975,6
4454,4961
3272,4917
137,5065
1158,62
3842,2839
4586,2767
2947,4732
1103,4690
289,2845
1679,4751
1391,218
2094,4264
4563,2813
651,319
411,2800
4319,1836
2433,40
3629,4734
3497,4677
2081,1844
1323,4944
3125,4762
5007,4888
4209,5066
1617,4769
3233,4873
2912,63
900,2658
3430,145
2942,4754
999,4253
2091,2864
359,2851
3598,4828
1574,1842
1738,318
2900,4675
3955,2854
258,4754
434,56
3407,131
4122,61
255,80
4422,4671
1141,5066
3889,4729
4333,1843
111,5065
1359,4265
1440,4860
229,5065
3001,4880
5041,2812
1455,34
2548,1731
3536,2824
459,4739
4604,4739
2016,5066
4106,2772
1112,65
3301,4695
2637,3882
821,1843
2238,4635
3084,1729
449,4921
439,3882
1275,1848
623,2851
1984,4818
1080,1850
350,4668
2686,2833
2664,4787
4328,2810
3978,4265
2089,4954
4055,4894
3078,8
2574,4677
3380,4792
3498,4972
4984,4793
4575,4876
290,4694
696,2765
4206,4930
5046,4831
258,2820
3067,2774
4001,84
3871,2812
4980,4909
280,8
1610,132
346,4769
155,46
5041,4906
748,1849
789,1827
2406,4734
249,5069
3538,1725
2652,7
3092,4890
2955,2788
3370,4676
4372,4824
3323,2840
1710,2820
436,4831
2124,4250
1762,4936
2700,4760
3012,2765
1248,1841
3577,1857
178,4735
2025,1843
4108,1833
4398,4886
4164,4828
923,2817
2309,1840
5062,3915
4526,2803
584,4693
2233,4857
2441,60
3998,4779
368,4635
1272,4739
2166,5000
1490,4956
4389,2779
1819,66
653,4735
3730,3883
2354,4683
2726,4965
3222,4990
3173,4990
4558,1896
4167,46
2216,5069
3063,4785
574,4750
938,2796
3766,2800
992,3878
1755,1855
1243,319
1259,2866
2322,11
2459,4828
2991,4911
1220,3883
3325,2843
4401,3877
225,2808
628,1851
784,2825
3186,5
4441,4743
618,2671
4338,1850
2017,47
3476,4969
288,4670
507,4770
2467,2798
4527,4913
394,34
1004,47
4167,4815
925,4926
3174,2785
3103,5004
2471,4723
703,4696
2173,2808
2942,2853
1693,1742
2522,4902
1335,4696
723,1844
1761,4683
2753,4995
234,1841
432,1833
888,3878
579,4266
4386,4894
2113,2864
438,1841
4352,4754
1242,4764
2341,4761
2000,4918
2737,4759
4628,2866
192,4797
4949,1848
3829,4947
2898,3885
1910,4877
3757,2787
3492,2799
2707,3505
2212,113
2907,4679
563,4729
2548,41
999,1788
905,114
2519,2822
834,56
2178,2798
1197,4671
3721,1818
4083,2783
1691,2776
4156,2844
2897,4971
4949,4963
3549,2796
3901,4675
4444,4896
4980,4754
1553,1808
2000,4824
2089,5063
1305,4669
1805,5004
2686,2799
1554,4748
4291,5004
3762,66
3733,4694
1015,4849
999,4902
1783,4803
1117,2764
1968,4672
477,4781
2505,1727
2208,4995
1417,2840
1823,2814
376,4831
3294,4781
896,4886
3056,2800
3420,113
4651,133
3180,5069
4474,4896
814,1726
995,4993
1560,1840
4233,60
4542,54
1911,9
357,4723
2988,2833
464,47
3993,1844
5083,4963
3335,9
3319,132
1439,4764
3630,4671
3643,1844
344,4849
1138,4879
2603,2825
1368,2788
3278,4931
4464,1816
3979,4249
2340,1834
959,2790
173,4781
4628,4739
612,3880
3537,4670
2709,4797
1530,4964
23,4890
280,4674
1638,1841
3579,284
747,4723
830,38
4244,1818
1673,4992
2109,4679
985,63
2154,4749
369,2814
4705,4996
1461,4830
4122,5000
1300,4828
1890,4694
1249,4873
3232,4671
2632,1788
1145,5064
426,4790
2220,2851
4281,4759
4008,4911
1191,4800
1959,2785
337,7
4428,1843
3304,1843
4657,1827
2194,4764
1543,3915
4821,4913
1562,2796
1553,4965
1545,64
4109,2839
2003,1788
3052,4891
4020,56
3902,4931
430,4883
91,2799
1980,4919
2317,4920
2197,4253
18,4900
554,4978
3981,4891
504,132
3678,4991
1552,2767
1629,4696
3029,2854
3948,3882
3991,4251
3299,2786
4447,114
4493,4696
3126,4909
4309,2849
3901,4884
302,4690
3497,4956
1330,80
3248,5019
763,1841
1581,4935
2676,3882
1422,3886
1645,4990
361,1733
3403,2866
4090,38
4314,4787
1078,4832
3258,4857
4660,16
3145,2855
563,4693
2216,2862
932,4979
4838,4797
2403,4887
3893,5020
2265,3877
4042,4684
3433,1788
669,4779
1423,4956
1775,4907
514,52
3101,4739
950,4683
3856,4718
4054,4737
4378,4682
3063,4888
331,4979
3583,2848
3693,4905
208,4972
1199,1730
4105,4739
845,4634
420,4689
3764,4894
2244,2768
3286,1842
3455,4792
3594,4896
1171,2814
3270,4900
518,4777
501,4800
3943,58
4027,4248
1497,1818
4591,3878
94,4266
4113,4250
1528,2838
243,3882
677,54
1296,4749
871,320
4745,2817
1760,15
600,61
1366,1816
2388,3615
4141,58
1646,4728
4189,4747
2743,4771
4638,3914
3481,4686
2508,4765
2679,4972
593,4891
2705,4676
2470,1732
30,4687
2913,4921
718,2832
3387,2831
712,3883
3731,4900
1531,2835
3987,4750
904,4777
1974,4775
2398,2800
3151,5074
1119,4884
388,34
0,4904
4802,4955
1708,2774
2275,4696
3164,4882
1678,2782
565,4694
4192,4718
57,3877
3732,84
2050,4779
1275,4772
2433,124
553,319
3127,4972
1078,4892
669,4654
3208,4250
144,4935
734,4635
3020,2767
2989,4888
207,4793
3107,2839
3263,2833
3602,2823
2432,4998
4231,4766
1379,4947
1532,1742
1185,3915
3752,2799
3810,4634
2502,4787
2728,5070
4537,4848
3830,4697
2533,133
1298,2809
4178,4793
4710,3912
2324,4792
1435,68
3520,2821
2908,4673
913,4791
5048,65
1675,2773
3156,4914
653,63
272,4750
4606,3885
156,2821
4061,4668
1975,4688
3213,3885
2224,1727
289,4634
3659,4768
2240,5073
614,4793
4020,5066
2156,4816
712,4934
1497,3915
4467,51
1873,60
1164,3885
2110,66
4637,2837
4377,2841
2000,2811
1469,4748
274,5075
1363,4963
4436,4691
3808,4932
943,2820
4700,4762
3326,4947
1388,4905
4705,4673
2563,4686
341,4792
1705,4743
2441,2822
5043,21
756,3505
1484,4769
412,4760
254,2811
2274,4668
4310,4635
1552,4777
886,4689
996,4911
1494,4847
2688,5073
1870,4832
4121,4769
1874,4818
1525,4870
4544,2794
3892,4613
511,4788
4331,4883
1241,4266
4271,2764
388,2823
1243,4954
2000,4671
3320,4935
3826,47
4046,1860
4813,15
809,4963
2481,2849
4508,4803
3968,4946
4614,64
2174,3880
3548,4783
4093,2809
4197,4919
1102,4727
1717,4916
2079,4935
278,2843
3073,1837
1056,1843
1958,4897
2450,5019
967,4952
2252,2855
4515,40
4020,4905
3956,2854
3472,4879
847,2825
3067,3877
3127,4748
2945,4830
1761,4862
4595,4264
4842,4830
345,133
483,4938
2570,1862
5006,3879
493,5
4863,2810
2119,4964
3713,50
750,5004
570,4267
2889,132
3784,4935
815,2820
841,2783
705,4672
1261,2772
4510,4775
3437,4736
521,3879
4959,4993
1462,4921
2374,4786
3242,4990
1648,2856
1133,2864
260,1846
876,4957
1801,4997
1914,4870
3657,4691
3340,1839
3893,2831
1131,4817
1032,1730
1439,4264
4580,70
4007,4910
292,2831
987,132
3733,3882
3565,4968
727,4993
830,2788
810,285
2792,1850
2293,4762
3951,4919
2589,3615
3280,4727
4435,2821
4712,4691
2048,2827
3785,4799
4474,4970
2239,4675
2684,4954
4667,4994
734,7
2917,4731
3608,4693
1075,1845
4047,4780
505,4746
2116,4801
516,2844
4350,15
163,4995
2138,218
2670,2823
2516,4734
3699,4251
329,55
534,1838
57,2772
2714,4778
14,4917
733,4718
2510,4791
1579,1734
415,65
4065,4790
2143,4723
4425,2844
777,4989
4700,4815
4551,4746
4700,2843
4023,1740
146,2783
2981,4918
2249,4735
1974,4765
3958,4742
2850,4937
2604,1818
3039,2789
1890,4769
3847,2841
1370,1855
3590,116
1631,2796
3868,2772
4509,4930
947,1846
4237,4819
3981,1833
5028,4991
4130,2779
897,2849
2924,4969
1525,4890
3999,5063
1156,2825
4643,5069
4576,1817
1548,4769
1097,4828
2133,1726
790,2857
3799,4992
1023,4695
951,4250
3990,38
1461,2832
4643,4954
4080,4824
1083,124
2173,2789
2004,2832
2540,4692
1046,5016
493,2808
3482,4250
2941,62
2087,4780
3332,2821
1298,2767
4618,4817
2437,5069
863,4883
2481,4994
1313,4997
761,2811
1485,2813
3962,5002
4051,4791
564,2810
2427,4929
1440,4730
1142,13
3857,3879
129,2843
750,1836
2208,2790
1592,2840
5043,4687
194,4815
3042,1839
4633,4264
1769,56
498,2773
3532,4905
4178,4266
3095,2820
3348,55
3584,4635
1088,4992
616,1816
3722,4972
2258,1831
895,5004
843,4762
1322,4789
1404,116
544,4904
2705,4910
1574,4718
2254,2783
1033,2798
3101,4957
964,50
4246,1850
2044,4265
2134,4741
2028,4677
3062,3913
530,4774
4459,21
651,56
3653,4769
2082,133
2120,80
175,48
4895,4862
414,1816
471,51
851,4850
1303,1726
4065,4886
3294,4768
148,1850
2504,4759
3036,4816
3698,56
2162,4750
4532,116
1324,4998
697,4755
4588,1734
931,4913
3062,1855
3229,4901
2127,4689
383,4939
966,7
2165,1856
1990,4907
4481,38
1555,3885
2939,4904
555,1839
3768,2774
2741,4913
448,4674
2012,4742
2222,60
3526,132
1063,4910
2881,4857
801,55
1038,2820
2094,5074
3585,2833
4178,1831
3194,2824
2591,2860
1599,4738
2184,4720
452,62
279,4900
4643,2808
716,53
3650,4819
2603,4830
4245,2774
3246,4819
1252,4900
2093,4965
3565,2800
2594,4938
1035,3924
2718,2864
79,2856
3221,4938
2911,4884
3129,67
1400,38
4091,2671
1144,3878
1337,4678
4591,2858
2652,117
2990,4993
541,4782
3863,4731
1170,4936
2894,1730
2551,4780
1976,4971
4226,4888
2759,46
4400,4688
57,4670
2519,63
1608,4737
25,4978
2270,9
1662,4692
4592,4897
2712,2786
4039,5020
1761,285
2678,53
4826,21
1274,46
1598,2787
4714,4816
4592,131
2269,1844
2735,2785
593,2786
4040,61
1338,1740
1913,318
2757,2826
1752,124
365,3886
3521,4891
4942,2823
2089,4886
2306,4916
2519,2839
2068,1725
1380,4858
2616,2776
1512,4264
4256,2826
3491,4966
2439,2844
1268,4731
801,2783
5029,67
3984,4678
1139,2847
2124,2658
3107,4793
2244,4872
3307,3
4837,4920
3942,4926
1449,4784
2019,4754
1200,4730
1643,4910
222,4862
2394,1808
705,56
4215,4688
2518,1847
4520,2765
2379,4907
4210,15
839,1851
3716,1832
1934,4818
2367,4848
3402,4876
905,4828
1585,5063
1427,1735
1784,2776
2162,4786
1506,4613
2760,2832
3360,4797
2995,2849
4221,4944
3565,4801
1324,84
4075,4905
1760,114
4943,65
939,4791
1789,4673
3736,4952
4326,1817
3991,4250
1231,2857
1780,2768
1344,1818
4044,4782
1148,2832
3684,4741
2376,4267
450,4958
932,4251
2624,4972
662,4964
210,2790
2460,2785
1597,13
4611,4880
3916,4682
3308,2812
2495,1727
3282,4970
3636,5018
5059,4771
644,4774
2130,4674
4516,2789
604,285
3076,4750
4103,2803
3133,2786
1370,1860
1693,4654
222,4697
4331,4761
2515,4897
394,1731
3702,4803
864,2799
2890,2823
3778,1844
1653,40
1942,5
86,4936
2217,3615
2070,4828
3458,132
1770,4777
3375,4911
87,68
3469,4992
802,218
109,1848
4388,4947
2067,4817
3653,3879
4611,11
2305,2831
3450,4831
1534,284
3415,4675
785,3
387,4947
677,53
1523,45
4224,4991
2263,4987
791,45
2750,4902
844,4751
2680,5064
4401,4966
4418,4892
313,4913
2927,55
1591,4860
4168,4727
2225,4896
2156,4684
2226,4751
4983,2658
1708,4920
4135,4690
3689,5002
902,131
3941,4921
3687,2768
4521,2865
2705,2839
1474,4773
2427,4873
4922,5074
3441,4815
3362,61
4713,4718
3038,1748
3712,4787
153,4902
3291,4972
1641,61
3905,4691
1215,1730
4196,4885
1115,1896
4578,4792
180,2767
3579,4995
2687,4683
3862,4249
1637,9
4345,3505
2690,4937
5079,4937
3714,5069
4726,4939
3233,42
4014,4937
940,124
3941,4759
1774,3615
3973,4870
836,4741
4192,4941
3709,4971
1765,4915
1249,4997
4063,1851
4037,4916
3603,4780
3936,2858
2316,3915
632,4993
1825,5066
1573,4961
4079,4718
2140,4819
4159,2858
1923,4878
4618,4872
456,4995
971,4938
2521,2782
3319,4752
1501,1843
4740,3877
2439,4998
2489,38
745,4694
2374,4884
1950,284
1443,4735
4148,124
1933,1788
2317,1832
1451,4693
3906,3884
1703,2794
2182,1847
976,4979
4391,1832
4365,4917
3530,5065
225,3615
2744,4926
5052,4772
3640,40
1445,4816
1194,3914
2051,4887
826,4253
4064,2866
3444,320
3986,4903
2859,58
4048,4885
3240,5074
3073,1788
1759,4793
379,4766
2338,4994
917,4685
4381,4870
4439,4766
4188,4689
1340,62
1491,2812
2929,4938
2583,4669
1233,2782
4168,117
3105,4850
4077,4828
4505,1832
4564,49
2975,124
1089,4760
1803,4970
3053,34
2225,4736
897,48
1812,4801
1610,4877
2964,4253
803,4831
2433,4870
4506,4785
795,4994
4806,2864
2345,12
411,4694
4813,4267
4345,55
103,4878
2640,4784
3354,4718
1388,5064
1926,4253
1869,4993
3607,145
3826,1816
3947,4264
2607,4789
1536,4941
120,4932
4109,285
343,4730
3136,4676
2416,2776
2981,8
3983,2765
3775,4754
4103,2817
3060,4788
1947,4678
4353,132
1871,1788
3503,1832
2043,1833
5060,4668
3702,2776
904,4855
760,4775
1644,4635
1880,3878
4083,4250
1315,4906
4225,115
2063,40
3013,1839
3009,4892
1260,2858
2791,3880
1188,4897
2673,5074
1873,4741
3688,4803
2970,2840
130,4988
725,4930
3092,4673
669,4736
1244,4884
4869,4687
876,4958
4740,1848
700,5069
1874,4914
934,4849
547,113
455,1748
4299,4938
2452,4930
4542,4727
4399,5066
640,1836
3209,61
2254,1850
3553,2814
3288,4799
1985,4735
2366,5019
4003,4760
633,4720
2884,4956
870,5000
3338,2800
2452,2847
3689,4918
2274,2827
1962,4876
2240,4880
3530,5018
3297,4673
3543,1842
694,4739
2408,46
3379,4870
1091,2826
3365,4908
118,4687
324,4972
4340,3881
4063,66
4274,4799
1131,2799
3676,4775
153,4963
3457,2846
1312,4759
3426,4797
838,4681
4585,46
3725,4696
410,320
3965,4905
120,2768
10,2822
1170,2820
2104,1839
3641,5075
903,4690
2188,4818
3837,12
794,2782
4302,4771
4960,1827
1370,51
5054,2823
2975,3883
2967,2833
2292,2847
2664,1856
4833,1838
2680,4676
4379,4880
1440,2795
498,3881
828,2848
194,4879
961,4956
2501,4791
1032,3877
3089,4883
2945,54
2775,4682
913,124
1541,1840
2225,4669
1090,84
87,4265
4270,2790
1030,4788
2544,4896
4252,4750
277,4944
1187,2810
4827,2774
838,4878
2336,4727
1435,1850
3305,2811
2714,5019
398,4880
3765,4992
546,1843
4098,50
938,4877
4261,3884
1514,4857
2422,3886
346,41
2499,4670
2975,4849
2983,4944
3581,13
1142,2781
3572,4819
1981,4718
1285,4763
2729,2808
17,1742
1562,1740
1955,4824
5061,2814
541,5020
3114,4830
33,4697
3647,4690
1821,2835
4555,4894
1052,318
254,4674
2751,4880
4153,3879
2762,2840
3014,4781
3441,4759
2378,4861
4123,3913
3647,2858
3530,41
2946,38
3817,65
3893,284
560,1832
4258,1
3381,40
1103,4769
1449,5066
3682,1837
2611,5069
1738,4791
3132,4748
4218,115
1706,4265
3856,4773
1506,4892
485,16
26,4736
520,2837
809,3882
4102,4729
3572,5020
381,4888
1405,1816
725,16
3785,4728
4212,1732
4508,4743
3452,2803
211,4882
3351,4778
881,4253
2887,6
267,2783
3011,4680
4272,1846
2420,2823
2290,1734
3391,1816
4699,133
4102,5019
201,4760
127,8
4269,45
941,4909
3242,4752
845,2831
2886,2809
3902,145
1907,4801
2037,2866
4575,4671
986,4953
2602,4738
916,2864
4188,50
5030,9
2281,1851
240,4944
1262,319
1399,4752
1882,4730
2947,1740
1438,5001
2162,1860
120,2796
2551,2764
2231,38
3258,2822
2393,4988
3493,4675
316,1842
1941,4857
763,117
2626,4831
4949,4961
4087,1846
2250,2864
1716,4894
4553,2857
3680,2822
2209,5064
4025,1851
1448,4775
189,3
3377,4784
666,4915
732,5
597,3886
370,2816
3324,2783
2754,2813
4386,4829
4288,2831
4795,4731
3796,4930
4121,4760
1213,4671
4405,66
3502,2809
4165,2810
2173,4963
925,4878
4323,1725
211,4896
4536,1834
4158,4685
327,4265
2969,5001
802,38
3330,2857
4853,4791
791,8
862,3912
2946,4938
917,4932
1326,4947
2592,2787
1507,3886
3242,4738
3150,4253
628,2829
588,4961
3567,3924
1942,1740
4455,4251
4227,1857
4347,2796
4821,285
1113,2853
3743,47
738,5064
189,3882
3436,113
2053,2810
1669,4730
3179,4793
2347,4940
2050,68
2684,4691
906,4930
290,1725
1868,5070
895,5074
2499,2827
1605,4952
3823,4683
4130,4672
4404,3882
3984,4679
2528,4988
2682,2849
4399,2658
1517,4996
3852,2855
4013,4901
4839,4818
3092,320
627,4751
739,4937
125,13
2921,4996
4007,3615
4332,4829
2007,2822
466,4862
4716,9
4262,4848
4376,4799
3964,4817
3233,4919
3630,1843
1549,4963
2089,40
2989,2671
492,1849
977,2817
2989,283
2203,48
1430,4914
2125,4669
2324,4774
3319,4751
2570,4762
2134,4992
3145,1728
4141,4824
654,2814
2421,4887
4547,4737
3829,4996
3001,2773
4578,4677
1137,2829
1099,3884
521,2848
4404,4748
901,3882
2955,2846
1364,34
4556,4679
905,3
1939,1860
571,4684
1261,1850
3225,2854
3652,1837
1947,4749
1480,2835
1096,3880
1972,4787
3241,4671
1769,5
2740,283
626,4266
2521,2839
3293,283
1027,67
18,47
44,2823
682,70
454,2783
1583,62
505,4876
4575,4913
2072,5070
808,4894
3465,4861
3596,1835
2220,4688
4288,40
397,4897
967,4803
1549,1847
2362,4891
5021,4755
1550,4819
4483,2765
4560,66
82,4753
424,3924
3482,2782
1596,4916
865,2854
4874,4951
1555,1847
2346,4253
3734,2794
2459,2810
1456,2832
853,4751
1582,2864
2385,9
3550,4885
4541,4730
4016,2823
627,4904
1086,5019
4097,2773
2801,1862
2333,4968
971,2818
684,1849
1877,4965
1383,4682
3750,4941
3951,4690
1635,70
4532,4773
3734,4747
898,69
547,4251
2964,4781
79,12
2285,2785
3591,1827
608,4694
2351,1847
1712,4778
2095,4820
3253,4828
1641,60
2549,1732
1821,4803
2564,1727
775,4797
2186,4963
4316,2822
4535,1816
4376,21
1060,15
3397,4978
1791,2671
226,4769
849,4670
120,4697
2308,12
917,42
3344,116
4322,3877
2760,1733
3858,4737
1825,4952
1647,2838
4512,4763
3494,4904
871,4737
1405,5075
711,4780
585,4994
4031,4965
335,320
2474,4786
2432,2833
3445,2851
3940,55
2965,133
3209,145
3341,1856
3889,4690
715,4903
572,4772
2276,5065
2792,4962
3274,5069
536,48
4138,4876
2565,4910
344,4654
3483,4970
3135,4876
3206,4916
4119,4675
2467,1808
308,132
518,2799
3769,3913
1386,4732
3536,4267
598,1837
18,4761
1878,4940
2992,4894
424,4918
3368,2794
4586,2776
623,2824
2793,1841
1924,4739
2617,1839
190,51
697,4885
4334,1748
650,4937
3888,12
619,4689
668,2820
4853,4896
3436,218
4013,4697
28,41
3773,53
536,4250
2663,4921
2285,38
2166,4979
3477,1860
1934,4250
338,4691
4006,4728
4123,68
2339,8
1943,117
3805,1732
552,2843
2395,4988
3836,4998
2066,2817
437,4750
3503,4251
1738,2821
2499,2658
2725,2858
1294,4997
1276,4752
3383,5066
645,3505
1990,4774
689,4860
1744,4872
1036,6
3081,5020
676,4688
2587,4752
312,4952
5076,4764
4436,4915
940,4880
3055,1842
582,4910
4303,4908
2236,2866
838,2825
3816,5070
290,4883
3963,4692
212,3
4661,4763
725,218
5045,4988
4197,1848
4394,4251
1122,4761
1938,50
3826,2814
4603,4790
679,1844
2115,2671
4516,5002
656,4938
1945,4676
3614,4885
1085,4894
2769,4906
3140,4689
2565,1837
3889,117
3127,4750
4158,1808
1146,42
3392,5065
3554,4952
716,4764
5058,4251
668,4831
339,2866
2941,4754
581,2783
3496,4919
2247,4251
1005,4911
4809,131
3218,4883
2970,2841
4521,4935
3274,63
3708,4946
4140,4803
789,4858
262,2845
3866,3914
1558,3878
26,4781
2012,2860
4315,4828
2365,2853
5028,4939
4156,4914
1968,2864
2941,1726
2695,4635
3756,3879
1402,4777
3385,2860
822,69
2370,4791
1213,2786
363,4910
971,5016
2932,5074
1278,114
3738,51
2967,133
4198,2849
159,4750
3800,4997
672,3505
434,1840
3093,2783
1859,2822
397,4778
1620,4763
728,1844
1314,7
4070,4750
3764,4759
2946,1843
269,1730
3650,115
2243,4800
2528,1838
4263,4952
3707,4774
2711,5070
504,45
5080,4855
2917,4955
3153,1850
4539,319
2514,4680
3530,4989
2447,4817
1005,4897
735,2854
4302,4913
2518,1730
3927,4689
2644,4248
281,2789
2530,5064
2976,4728
1181,3883
3439,4988
1982,2812
2587,1837
1226,2810
4431,4873
3482,50
4333,4918
2923,4743
4549,4873
257,2839
3806,3
1158,4992
1425,2786
2065,2658
2055,2821
1152,4938
2184,1840
542,2779
1268,3
5045,2811
2464,4686
466,4792
2206,54
2296,4952
2057,4894
886,4957
4810,4961
215,58
3705,2813
1773,65
3245,2658
1687,2847
1398,4694
5023,5001
542,4777
1683,4689
1236,2847
2897,62
3210,2831
1066,4789
2043,4936
1418,4739
1800,218
634,4793
3194,1839
2945,4920
4011,4849
1199,56
4114,34
237,4963
3226,1788
3543,5001
4605,4961
3056,4890
3673,2849
1330,8
2677,4775
1015,1816
1033,4793
1269,5069
3516,5
2009,4970
4311,4734
3091,4892
5060,8
1309,52
1960,2826
543,218
992,4908
3055,2844
3967,5019
3706,62
356,4770
530,4885
1489,2862
4177,4782
4016,3505
3904,21
1614,4920
808,2794
4357,4915
2253,4860
1503,4886
3464,2781
122,68
3036,3886
2205,4729
151,4891
3176,133
2036,4951
3873,2787
4618,4990
642,4988
4375,5066
4451,4684
2508,1848
3631,5074
1067,4920
1776,2765
4725,50
3446,131
259,2799
931,4992
1267,4753
5037,4687
3721,3913
685,4956
4210,4680
4374,4671
1650,1844
5084,70
2360,2825
5039,5004
4608,4886
1959,1728
3622,5064
3603,2822
942,4613
2943,4772
308,1855
3154,4689
1532,66
2748,2767
2147,4754
774,4887
1935,2823
1492,2788
4642,283
413,4880
4492,1896
348,2821
2278,68
2056,4770
331,4936
841,1730
1187,2858
4619,41
4975,4917
1591,4936
432,4918
1801,5073
3280,2831
4062,133
2322,2783
3682,2821
1804,4828
286,50
2544,7
3733,4691
1678,1727
1897,1844
3496,1729
1154,2783
1205,1729
1429,9
2679,1838
2689,4947
384,1835
3283,1827
3193,2831
787,4897
3792,45
4590,2658
4822,4789
2404,4679
1056,4800
1015,4880
4237,3885
3195,46
2380,4678
1067,4918
3391,4890
4525,4934
202,4920
743,2814
2298,2846
1803,1838
2723,4797
78,2857
802,4686
2763,4780
2665,6
1483,4685
288,5020
2940,4266
559,4766
1125,1841
3531,4771
2611,2779
3825,1855
2732,4991
1141,4831
623,4968
3711,4855
3148,1726
3726,4789
3154,1727
369,4781
1513,2821
904,4784
1903,4986
1153,4728
1306,4919
2600,11
1939,2788
3935,4785
4510,1855
2709,4907
4638,4691
3708,5018
1233,2839
3092,2862
1741,53
761,4887
1550,2833
4025,2782
1957,5002
2612,1827
4191,4850
3354,4759
4710,4668
3253,65
2516,1726
296,4734
2224,4891
3400,4968
4589,2823
4758,4998
2444,4957
1626,70
1874,4746
248,2835
831,2835
4500,4961
1073,65
3425,4817
3709,4918
4160,4939
1115,2824
3072,4937
4092,1740
328,1850
3120,2764
175,4689
567,5075
312,2803
1761,2787
2802,4909
696,4926
3843,1846
1743,1731
206,4914
3876,2798
2967,34
3504,2810
681,2833
842,4890
1189,2779
3981,4969
2113,4800
470,117
521,2855
5023,2844
4081,4786
3423,5063
787,4730
972,4908
824,2800
2547,4689
2014,61
1130,4786
2128,4765
3113,3
2624,2820
3905,4679
3117,4905
2488,4694
643,4913
3930,4729
2453,4691
2679,4793
4661,4249
2615,2782
3817,46
830,4751
1088,84
2128,132
4137,4904
4614,4906
470,4879
2650,9
845,4742
4859,5002
4865,1896
3643,4971
4811,4824
2496,3881
44,1833
5051,4739
860,2790
565,4850
4981,5070
4059,5019
666,4884
3903,9
1648,3913
2968,283
5046,4762
4224,4691
829,3882
4100,4912
4492,114
3536,4763
1819,4849
820,2857
533,4938
769,4905
2364,2658
1805,4926
208,4749
4514,4900
1276,4691
4153,4938
296,67
1473,3
2801,4787
820,4951
229,1835
3448,4849
4517,2854
4054,5073
2501,3884
1300,318
2209,2788
2030,4929
746,1728
4429,2837
4626,4801
4304,1740
3287,4857
2927,49
3902,45
2941,2864
1201,3878
1326,4861
373,2840
2989,2818
1536,4993
1241,4720
1006,4903
1611,67
4710,2837
344,1731
3007,4790
3474,4860
4154,4970
3619,48
4089,4265
2002,4961
1261,1835
4767,4939
4206,1788
2975,2856
1575,2767
4521,116
1421,4654
4368,4830
2174,4873
3308,2796
3386,4829
1694,55
5034,4761
2038,2803
2446,2849
4588,68
1507,4668
754,4988
2127,5064
205,4680
583,1788
2646,4668
4423,4829
3386,4940
759,1817
3797,4820
3228,4894
2529,4972
3240,3915
4726,145
155,4915
1682,4858
1815,4672
897,4935
3238,1851
4660,4914
3710,4889
2081,2827
2990,4264
2237,1862
803,4768
1333,1788
1517,2671
223,4890
1567,4753
4959,2860
4186,4904
4663,4788
3528,4830
1935,4936
757,4680
4445,1836
3460,4856
1437,1838
3421,2860
2396,4935
2358,5002
1050,4915
607,2773
4431,4762
570,4793
4617,2822
4510,4879
3423,1735
3142,3883
4133,4753
2948,2833
1781,4989
3631,5002
2600,3880
1091,4860
3754,4759
1341,1817
3249,283
1332,5073
3686,4912
4639,2812
1926,4690
4642,4947
4011,2833
2262,4954
2097,2849
2675,4761
3042,4963
3522,4783
3222,3915
4211,1844
1314,2820
191,4683
2304,4751
2398,4718
5036,4251
2679,2826
3635,15
3386,4958
3132,4820
1395,1836
4726,4904
656,4751
1079,4929
2435,4763
4639,4906
3292,1734
1310,4940
2550,4820
5082,5077
4933,2853
2003,70
486,4779
3298,4799
2384,2851
2984,4789
2528,2829
3020,2808
3995,2800
3603,4687
3324,4916
3020,318
1330,4818
3934,4734
1859,2813
2445,4958
2171,4677
5030,4785
791,1735
333,21
4925,2790
690,1856
2213,2783
4127,4680
4428,1856
2630,4801
4418,52
2581,4765
5022,3880
1823,113
4841,4944
1507,5020
160,3914
4605,2862
337,4817
2608,12
3332,4938
2934,2818
3775,2823
2586,4961
2303,3881
365,4686
586,2855
1058,2782
3741,1727
2458,4764
4152,4783
1585,1855
3534,4789
1736,7
3212,4988
4271,4687
1348,2827
1093,4739
721,2789
3394,1725
4080,2768
1456,2794
947,4934
1445,4689
941,132
1532,41
2050,2785
2009,4877
4598,70
1237,1740
3817,4787
2017,3924
4301,3915
2335,60
1859,4761
4112,4970
3118,133
4552,4780
4203,4779
2083,4855
585,4675
303,4992
4564,65
3105,2788
3467,4634
4028,116
1583,4904
4981,1840
331,4878
3075,2800
1366,4897
2668,4828
3907,1851
4115,4939
129,2808
892,2865
2880,4879
3097,319
2682,4759
4188,2864
761,4792
2009,4696
2459,4882
1608,2857
3482,2821
1562,4907
4216,4674
412,2816
3309,4885
1554,4692
5029,4995
483,4248
2095,4911
4418,6
4543,4878
4522,1740
811,4995
3739,1840
4274,2845
584,4828
1753,34
2118,5
4081,1839
3703,68
202,4962
3491,2831
321,2851
3796,2800
4114,5004
2758,5000
2586,2845
4307,2843
1677,4732
1400,4888
1065,1835
2462,3882
4365,4776
2548,2821
2188,4989
626,63
1223,4669
2224,1837
1941,2809
2043,5019
1417,4801
2116,2867
1553,4829
2221,2788
1312,4888
1435,2866
4324,2811
802,4970
2792,84
3210,2767
1355,4954
2072,5016
1028,1845
1697,5002
832,5064
4619,12
1537,4820
3386,4978
2653,4763
1224,4857
2449,4965
2084,4746
3121,4668
715,4613
4056,4891
1588,4692
2453,4860
596,4766
2716,1832
2333,4737
1512,2835
2042,1834
455,2844
1110,38
3057,4855
4547,5019
893,80
796,2808
1592,2783
2574,4971
3586,2845
4304,113
1026,4831
967,4635
4503,5000
3320,2799
1548,4915
4049,3615
2497,4904
4811,5070
817,4762
1026,4686
2558,4888
4637,4635
3395,4696
3960,3881
2251,2823
3495,1850
4650,2833
3509,4897
2517,4791
1027,4936
3432,4989
2448,15
2727,1841
2717,4739
611,2788
1482,4738
1071,12
1821,2833
4074,2782
105,2849
1190,3912
4804,5000
2011,4947
1051,1862
2631,4743
1281,4904
2057,16
3113,1855
310,4673
1406,2776
4434,1837
1938,4790
160,4789
3027,51
3906,4978
3802,4694
3267,4971
618,2776
4316,4635
3663,4754
3563,1816
4365,84
4230,4752
4068,3915
1406,3884
2323,1727
3162,4952
2144,218
3069,4957
4659,16
2997,4886
4316,5002
4461,4889
2221,1850
361,145
1624,4994
1004,4885
2107,5018
1535,3880
3999,4679
4347,4782
1972,2808
3437,2787
814,2846
281,4934
2680,218
4982,5065
1508,1740
328,4882
666,4720
4040,4635
499,3915
4045,4769
2643,3881
144,4773
1691,5016
2043,4953
497,4894
4365,4987
4943,4679
2726,4920
3271,1834
1492,69
783,4265
2805,4940
3335,4957
1586,4683
3443,3883
1768,4986
1624,4692
3308,48
3837,4613
4076,45
349,318
1752,113
1761,5018
1358,4935
2600,2794
430,2765
3605,55
1947,4944
4184,4750
2966,4741
1220,4972
3656,113
265,4613
361,4920
4446,4793
1598,4920
5058,4986
4369,2854
4716,4654
1415,4783
635,4856
3201,4784
999,5069
738,3915
31,4687
1074,1841
2312,63
3562,4858
3559,4892
540,4890
2350,4788
2633,4723
2171,4764
3836,1843
3521,1748
3176,2841
1517,4897
4299,4966
220,2833
4341,4992
3435,4991
4447,1733
1235,4913
3145,5001
4133,2829
77,2843
3343,4992
3428,2841
897,3881
2291,2774
3520,4873
3008,4771
4290,4901
304,3885
269,1845
4354,1831
763,4820
422,285
1079,4778
843,3880
1166,2822
2792,4777
4246,132
4422,4760
4131,1808
1996,4829
4802,2776
2695,2856
2951,4873
4411,2784
2437,4799
4294,4743
2696,1729
2620,4995
3763,4760
4083,66
1942,1725
479,4889
425,4818
1074,4671
4418,2789
2223,4750
2591,2847
1976,4778
2709,4793
3800,4669
1637,4682
3792,2820
1572,4910
2757,1838
3570,4880
4382,113
515,3913
1005,4743
1469,4803
3392,1731
1073,4720
2608,1836
4191,4861
3495,4896
2364,2814
1532,1847
729,6
1952,4690
1915,4678
1016,2831
3671,46
176,4672
2869,4773
2108,2811
2230,4829
4031,4931
3928,4971
926,1849
4400,4850
2777,1788
2656,1
4726,84
4836,1834
2534,4935
1047,1841
4823,60
4448,2866
3811,2812
4609,5001
4510,4880
2646,3915
3521,42
4592,4946
948,4944
4629,1748
121,16
2236,4849
607,5000
2218,1862
4118,4613
3282,3878
763,1860
2733,5064
4859,4670
463,2820
4005,5020
2286,9
2579,5077
394,4773
3121,4873
2357,2784
562,34
2761,1839
4140,2765
3545,4249
2939,4774
4604,2818
408,2862
4190,4988
3545,2779
3585,6
704,319
3557,2779
3479,4929
622,4878
1445,4635
2147,4785
4498,1727
909,1846
722,4695
707,4962
147,1737
3077,4966
3942,4956
2874,4989
3019,2857
4621,4752
3974,3
539,4752
3314,2813
4353,5063
1749,2823
2275,1851
1655,4857
5008,4688
4236,4673
3029,4885
1486,132
1867,4994
2863,319
2256,4885
1491,4963
3894,5064
3937,4768
1754,2803
1829,4776
4041,58
1461,5070
1138,4685
4305,5065
3175,4929
1324,69
4135,4862
3532,4671
22,4938
719,4816
1374,4789
1290,1834
3556,4815
911,2848
569,1849
4524,4857
2294,4880
4609,4773
209,4675
2156,4830
3578,145
3210,1729
4228,4792
3979,4883
3466,4770
24,5001
3790,4752
4333,5069
599,4817
104,4780
4193,4912
2393,1836
2983,2803
3432,4691
3117,1831
421,4634
462,2671
4112,4879
2947,2847
942,4771
3087,4669
2453,12
3612,4697
2266,4684
3851,4749
4380,4932
2508,5070
2686,4994
3068,4681
2337,4913
3712,12
1194,2671
1636,4890
4653,4668
3702,1735
2247,2783
4170,2784
1721,3880
1460,2820
4580,61
4160,1846
3535,4696
3990,12
4074,5069
4097,2843
593,4830
1525,4769
3273,5020
4122,34
725,4734
2496,4780
1383,4249
2641,4848
2606,4738
300,1788
3061,4749
1958,5
3966,4678
956,4947
2883,4687
2973,4817
2129,124
4573,4691
3800,1831
195,4800
2229,41
1238,4978
2131,2851
258,2809
3125,2833
3680,66
1786,4824
4223,1862
2683,4737
2610,4771
4228,70
3067,4654
1012,4697
1312,4750
3999,133
3665,4894
4585,55
1997,4251
750,4998
4328,4861
4285,1848
3468,4784
1057,4765
4344,1834
3344,1862
2793,1728
235,4938
3184,133
2144,4634
1288,4695
3479,2812
2093,4889
1291,4956
1442,4887
4461,4785
2249,4816
3332,4761
1759,4696
3337,4690
2968,4961
1425,2820
2026,4994
172,4962
5013,4751
3496,4856
4632,4264
466,4675
4837,4939
4339,4720
358,4733
5038,4729
2713,5075
531,2788
3713,4964
2450,285
4579,284
953,2786
3243,4696
3351,4749
4145,4687
4487,4788
4959,2845
3859,4755
4203,4971
4702,4878
4507,1838
2742,5004
3276,4986
4557,4965
3670,4691
1656,4697
437,4265
1565,4887
4709,2799
614,4941
3072,4900
3008,1833
1535,1730
3898,4909
4298,4675
1721,4694
4014,4779
4315,1748
1998,2783
1303,4671
2027,4735
1665,4955
3240,4916
1003,2811
2418,4265
1439,2851
379,9
1458,4938
4078,1834
1571,1740
1711,3885
4016,5002
3063,1727
3302,4966
1102,4996
947,4937
1983,4613
1446,3878
4032,1740
265,2826
3824,2774
3362,4887
1112,2776
4726,5000
529,4855
2645,1841
2249,2808
2052,4831
3024,4248
1059,2789
3341,4267
1274,4248
4863,4870
4492,4751
2975,3878
1828,4892
102,4870
1927,2860
4546,319
1566,2818
1084,4732
110,4824
1484,4819
877,2811
4594,2855
2988,4856
2636,63
1214,4668
2060,4720
4219,2856
2032,4878
219,1855
726,4801
102,4753
3542,63
3502,2774
44,40
159,2781
3654,4754
3785,4673
3292,2814
4598,1740
3013,4753
1805,1862
3140,4771
332,4688
2552,4790
2480,4690
3109,4957
800,4791
3217,1896
507,3886
3766,4890
2423,4680
848,5000
4075,1725
800,4902
2694,4955
2397,4729
699,4937
487,2781
72,1850
2278,4686
3936,4987
1918,4769
166,3912
4924,4720
4273,1856
4575,3877
1872,4771
281,1740
4077,5019
2549,4995
3058,38
2700,2865
3582,4784
892,1844
738,2796
2227,4832
543,4916
1819,4886
3038,2843
4495,1740
2027,4747
602,1857
3072,4815
818,4760
4154,4992
1608,2795
2167,3883
5082,1788
2089,4957
5059,4732
3692,4785
2918,5016
3034,5004
1500,4979
3411,4969
565,2831
3815,2831
136,1836
2405,5004
3345,4267
4573,1844
1325,2821
5015,4739
594,61
1262,4993
4282,4613
305,4885
3816,58
870,4654
3843,5016
3271,3924
4213,4992
3057,4679
2221,4965
2153,2812
178,1831
1514,4693
2370,4918
4124,1844
1854,49
802,4793
412,4251
3407,4718
2338,2811
2011,2784
563,4944
5041,2785
3873,2865
2620,3880
2688,113
3023,4779
2035,67
1637,283
882,53
2159,4730
568,4905
2613,1839
3023,4696
240,4901
1812,2773
2641,64
3450,1846
1392,4764
3670,2867
2926,2767
1601,4905
264,1831
2519,2831
3638,4860
5061,2845
100,4683
4355,4879
2374,4754
953,4932
4117,2811
1684,34
2392,2831
1249,47
4169,4957
2553,4941
1717,2788
3236,1849
2077,1730
2893,4883
342,4747
2984,4849
1379,4785
335,1840
2348,4931
2730,40
401,6
678,2822
850,1839
892,4829
1877,1788
444,2658
3994,8
4276,2824
1559,4742
2883,1841
1230,2786
196,4799
2046,6
1312,1851
37,4964
2114,4905
1167,2841
3459,4894
1637,4884
2586,4901
1342,4970
59,4741
4439,5004
1119,67
1365,3879
4079,4880
415,4971
4053,4986
259,4896
134,2817
2457,4760
354,3924
3321,2843
1257,1835
3927,2831
1165,1748
4702,1849
370,4894
3589,3880
1532,4741
4497,4850
3546,2837
3355,1844
241,6
2696,4790
4298,1862
602,9
2424,4803
3068,4769
908,4670
799,4887
3992,4919
4427,4696
1353,4913
3160,2827
2501,2813
4101,2846
2592,4694
3370,1726
1475,4921
3853,3
2697,66
1953,2765
4466,4901
4604,3
328,3615
1069,4753
1373,2764
3379,4793
2972,4961
3498,116
2574,5077
2391,4934
3457,4958
4261,4770
3498,4828
4037,2787
968,4953
4657,4264
2274,4947
1483,2827
4367,1848
3803,4952
3343,4995
3165,4970
3973,4941
4462,4792
828,3880
3663,4993
4481,4965
4500,4957
751,4690
4895,4729
661,4934
2383,5070
3332,1726
4184,2847
905,4903
2971,58
313,80
2303,4870
1372,4671
97,131
3178,4941
845,4900
2073,4248
5081,4678
4174,1848
3040,2867
4715,1728
3975,2824
4024,1847
3853,4820
2271,4862
83,65
3102,4824
3603,5077
732,1848
443,4919
613,2795
618,5066
3532,4858
3942,4673
2021,3878
74,4883
2894,4248
3841,48
3301,4728
1697,4677
4006,2786
835,4679
3380,2831
107,4678
3447,4761
1339,4768
3762,4855
924,133
769,4738
341,117
800,2671
207,4994
1953,4634
97,2829
4293,4971
3843,3885
3921,4939
4152,4934
1960,4991
3873,4681
3087,4681
95,4953
3564,4970
2052,1835
2718,2854
4837,4900
2294,1730
404,1836
322,2857
3158,4790
4136,3883
3300,46
3917,4720
2499,4958
2156,4901
1596,4897
1604,2838
4000,3882
414,4965
1171,4972
2329,5020
3933,4891
3559,4962
384,1851
3508,2796
176,4816
4173,4739
2931,4848
715,3615
4474,1856
4354,2782
4525,4901
1225,284
638,4697
998,1733
3960,3924
4340,2800
1253,4671
97,2764
2479,4793
2650,4951
811,2814
262,4683
1062,4682
1785,2835
4394,4684
968,4788
256,4267
3927,4917
1319,2846
3529,1835
194,4750
2896,4613
2987,4830
2953,4674
4497,4830
4149,4861
830,2838
1811,4856
1587,15
2105,5070
1212,4768
3729,4954
4564,4879
3697,4996
3144,2820
409,4778
2411,2845
4305,117
245,4265
5078,2866
2200,1816
2214,84
3279,4914
5022,16
3942,4908
2924,1833
4259,1838
1593,2794
1897,4250
996,4743
23,4613
4839,2779
2433,2768
749,4762
661,2658
2145,4753
2894,4774
1080,46
1427,2671
5048,2840
854,2823
647,5066
2134,4902
210,4946
661,145
4479,4766
118,4939
920,21
2605,2795
2340,3882
2698,4862
3358,4634
4794,4957
3488,2776
2198,1818
3399,62
105,2782
1921,60
3549,4955
4508,114
929,4952
4229,4735
1247,4680
1962,4676
2714,4673
2116,1842
892,55
2990,4850
828,4969
1166,4774
3515,4932
3444,4680
1582,4771
3026,4670
4,4830
2177,319
2902,4803
1047,62
3051,4682
1009,70
643,1836
949,4993
1262,2823
2896,4738
824,2671
2940,1896
4490,4760
372,2794
2393,4783
3747,3879
3708,2855
1135,2810
2214,4782
1769,5018
4442,2779
3746,117
251,4780
5051,4755
425,1833
3730,1850
161,4978
1929,4766
4437,4741
3140,4921
1225,2866
4237,4873
1792,4771
4567,4685
4154,4780
939,1840
4536,1896
248,2865
3815,1836
212,2772
3380,4961
3662,4888
413,1855
4422,5077
30,1847
888,1731
4427,4897
1670,4951
2213,4917
3150,3913
826,4909
4157,1839
3096,13
1116,4735
2475,11
3252,131
4600,2844
2750,4820
4426,1808
2673,2784
3589,12
383,4879
3045,5016
1650,4892
1806,2773
5027,4921
2262,4952
4660,1846
3356,1808
1905,4778
2448,4776
219,4742
148,4746
141,2844
1705,11
1780,1737
4663,4986
2117,4790
2221,2814
3533,4682
4598,2846
236,4847
2488,2813
2164,4694
4076,4251
4585,4872
2749,1856
991,49
1741,4966
927,4940
4127,283
1618,4957
4609,8
2319,2856
3973,283
1710,4654
2059,4889
3583,4671
2143,42
3369,4763
397,4930
292,2822
2503,4847
2379,4968
3482,4887
1335,3915
1458,1861
3197,4938
2437,4914
2482,2810
540,2671
4337,5016
2880,2857
4371,1847
3058,3880
3980,4919
2017,5002
2326,4800
1071,4730
1393,1839
2709,46
4719,51
3719,2845
1147,4954
4875,2821
3642,1728
3506,1838
2539,2851
1578,2860
3223,3913
3757,145
4186,4267
692,4753
4117,4978
179,4734
982,4991
4152,9
3754,63
3784,4718
4859,4730
14,2826
3253,4891
3203,2829
2418,69
926,4770
2241,2862
4933,13
3687,4729
1800,4968
2218,4692
3345,4877
1255,4790
3302,1808
374,4894
2272,2774
4853,2837
2087,4986
2719,4677
4406,2800
3841,4913
952,15
1720,4879
3737,4749
1613,4966
264,49
1646,2856
2532,4992
5055,284
791,3877
3992,4989
2339,4675
95,114
85,4847
4130,63
4270,4743
3005,4789
3702,69
2160,1857
385,4978
3323,4797
1701,1827
3843,2809
3179,4913
3975,1728
1204,4995
2207,4723
3729,320
3269,7
2914,2795
1292,4971
2598,1851
2190,4770
2515,2817
3630,4776
2338,2790
2633,1742
2091,4670
3983,4249
442,4858
5053,2824
687,4693
1516,4755
2925,4944
2726,4739
4354,4768
3962,4997
4802,2784
3618,4780
623,4818
1629,1827
4096,1833
554,4919
1347,4964
4609,4961
1493,4723
2885,4894
4512,2779
729,4766
1499,4884
4413,4681
1908,2783
4976,2818
2747,1734
797,4993
1005,4894
3782,2860
2307,4986
2064,1848
287,2794
334,4817
2721,4920
2375,4940
2384,3913
3948,1849
2027,124
4285,1740
3108,4793
4276,5065
3897,4782
3103,1849
456,145
4713,1861
247,4998
4484,4939
1956,7
1368,1832
3838,4993
89,2795
1699,4685
2072,283
4444,5065
1661,1846
749,4817
936,5063
3710,4901
3953,4816
1327,4741
2069,114
1494,4735
3404,4803
1167,4785
1315,4750
1526,1730
2624,4858
3301,4880
1481,2799
3708,4784
2471,4731
4174,2820
1773,2671
4354,53
4382,4969
2650,3913
2154,5074
3694,2779
2969,1837
1183,2789
359,4901
3967,1732
3767,60
37,2860
1546,4915
3451,4947
3286,4880
3014,2658
807,113
3494,4790
3799,2779
4246,4735
3908,4907
1122,5018
3267,4687
4254,4673
3972,3881
5078,4951
750,5
2440,2860
1222,4934
2349,4728
912,4669
622,4966
3478,2835
0,4966
3302,4249
1339,4743
3591,16
2617,46
630,4936
1895,5002
1796,1848
2124,42
2446,1748
1446,283
4024,4929
882,1726
3381,1816
1773,3913
4355,4248
1986,2800
3951,1850
4001,2776
1973,218
2705,1737
645,4913
1830,2849
1750,4748
1015,4680
3065,2841
4421,4684
1747,2671
3671,2787
3946,2840
2619,3880
3662,4790
501,4979
1313,4831
1310,3878
4726,4791
3932,1726
1906,4940
3640,1788
2125,2829
808,4694
857,2808
2706,46
2687,1733
3747,4673
3389,4862
2080,2796
261,4654
4095,4891
2095,4956
3716,1841
3609,2841
2029,4860
3821,3880
2963,4877
2676,5074
4086,4737
3551,2773
2324,4750
3337,4953
3737,1833
1134,3883
888,4947
4411,218
546,4946
2428,4253
3164,1834
315,1849
4985,2803
608,3885
3944,4693
2726,2773
4306,4785
3774,113
4661,4991
4025,4929
4468,8
797,4931
1658,1808
5014,4896
259,1838
1301,4691
3564,53
289,4692
1981,4732
3402,1726
2033,284
168,4876
25,4997
143,62
339,4676
1533,4768
4595,4249
3763,4748
2582,4914
1999,1740
935,131
2859,2858
2357,4788
1193,4686
1552,5064
405,4803
4494,4684
3368,4968
1503,2808
2919,113
1303,2860
2050,4815
3500,4266
934,4784
1699,5016
3804,2820
2416,4926
2187,9
176,60
1490,4861
4373,1727
5049,4897
94,132
4592,4728
2422,63
2015,4938
4326,4676
1090,4828
5031,2810
798,2798
1784,145
2561,5019
3952,2813
552,1728
545,4782
873,4931
2341,4691
3630,2796
1244,2767
1505,4965
2087,4862
516,4918
1904,1728
2758,2838
4114,1788
2422,4961
4435,2866
3305,2779
3595,4913
2761,1729
2546,4783
2011,2767
2383,4734
4255,4848
3538,145
1206,4787
842,1816
3431,2864
103,61
3315,65
711,1730
2226,4727
3335,1856
1321,2772
1071,34
4114,5
1360,4803
384,4914
3148,2835
3605,4905
225,4968
2897,1849
2996,5000
2429,4889
3580,218
326,4880
1558,2837
2178,2810
3242,2857
3591,116
676,1831
2237,4635
2149,4969
2706,2851
149,4857
1100,5063
1309,21
3207,5063
2362,4770
1186,1856
2517,9
1406,145
4949,4991
3638,4936
3950,4686
1593,4930
2498,4613
1899,2796
2348,131
2486,4830
3695,49
3671,4894
410,1838
2262,1847
4028,62
3894,4941
1035,4670
1174,4930
960,4718
1766,320
1000,4916
782,4876
857,4941
2486,4681
585,2833
2700,4938
3610,2764
3696,2823
1109,2776
2635,4266
2126,2789
2165,4860
2255,4734
3578,4765
3951,4970
4405,4777
3799,1845
3343,2781
915,2787
2580,5000
363,4728
2018,2843
3502,4872
1124,4958
4470,4768
4568,4670
3773,2844
1746,54
1087,1896
3938,4265
2030,4901
716,3879
4256,4971
4437,4900
1779,1836
750,64
2687,4962
3865,4674
449,4938
1220,2786
2656,4872
1101,4992
3187,9
5028,4687
1088,56
4650,4915
1067,4692
3773,45
689,1849
2365,5070
1589,4689
1312,4930
431,4908
1763,4889
281,145
2379,4862
3373,5016
3948,4876
4304,285
742,4958
736,113
843,1847
1432,1742
537,64
2932,2812
503,4832
587,4891
1039,51
948,2788
1688,319
2962,1847
1150,4908
1614,4965
3691,4905
580,49
127,4688
3873,4772
3948,4248
3734,2798
1113,2810
3187,2799
2245,3886
300,5073
2532,4780
546,4889
4148,4764
3730,319
3806,1732
3264,4872
1785,4937
1133,1856
3708,4856
4804,4253
1396,4986
3339,4679
4719,2765
494,4746
1338,116
1119,7
3188,1731
3785,4763
2744,4934
1603,3924
2469,2829
1179,2790
3140,2800
2359,3924
183,4686
185,4251
1367,2767
3089,4857
1112,4748
4332,4988
1895,2781
3643,2812
3129,4803
3204,4737
4841,4763
693,2767
3818,4958
272,4901
1499,3886
4565,4951
3387,2821
4598,4971
4393,38
1754,4723
569,124
4722,3924
465,3886
778,4671
3094,4249
3243,4913
550,1737
1005,4824
1424,8
3190,2767
588,63
4814,4783
900,131
1198,46
2013,5070
140,4669
1135,2821
1449,4870
238,4957
3656,4932
4332,1896
1552,4785
3825,4979
1594,4727
3737,5074
2489,2840
383,2768
2863,4669
2737,4963
831,4855
4594,124
2423,2822
1301,1845
4099,131
1550,4688
2405,4934
819,1831
3013,4940
1298,1848
4651,4892
1354,5074
713,4784
3026,4988
3286,5000
1491,4832
1307,4671
168,4774
2227,2772
4218,1836
4327,3924
1960,4760
328,4908
2970,4695
1524,4994
2229,55
1493,2818
5083,4947
3898,5000
2859,1850
4373,4970
875,4955
3139,3878
1391,4873
4454,55
680,4870
1105,5069
2099,1857
2542,2784
4455,4265
3076,2845
2978,2832
2553,4683
3817,4917
1155,5066
1783,4957
4232,4938
3540,4939
4608,5073
520,4926
425,4670
488,4987
696,4266
3669,4909
3628,66
230,41
4614,1725
1348,3912
4722,4911
2222,2841
4622,50
2289,4735
2932,4906
3428,4759
598,114
528,218
1346,4760
1264,1838
3088,2840
1937,4654
4219,2844
4375,1842
2918,115
1968,2822
3104,2843
1009,2835
1585,2824
3178,4689
3027,5063
3299,1834
3106,5000
706,2837
1015,4791
2341,114
3259,4941
2590,3915
3352,4931
3333,4820
1675,2843
3119,4850
329,4671
241,4749
2700,4892
2077,4677
1148,4902
3701,4879
413,4850
1191,4961
1326,1726
1918,52
2758,1728
1508,4912
1057,5074
3413,1732
707,4850
2365,2658
436,1862
2351,4776
774,12
3449,4694
2702,2865
4646,4934
3525,1735
1389,4815
1120,4690
536,2799
551,4953
4123,4816
1153,5019
3969,4956
4225,4907
380,4824
861,4956
2382,4735
2249,47
4120,1734
1987,40
4016,4635
3098,2827
3013,21
4117,2789
1197,4723
1462,3878
4408,3883
4166,4762
1346,4731
689,4753
1643,2803
2299,4675
1078,4931
4329,3885
3611,4800
3024,3914
4529,4670
1895,4679
3273,4956
4007,4900
2883,1734
1207,4250
1597,4654
971,4249
797,2864
1391,1740
411,2839
884,2764
3212,1857
618,4785
4530,2658
4068,4773
3280,4830
2506,4941
3363,65
3816,4896
3176,5066
2544,4919
4223,47
142,2822
1156,1850
1537,2856
3611,3879
4136,2845
4533,2821
1799,1788
3690,1728
3714,2840
1962,4873
3301,4990
2632,1816
487,58
2436,1842
4434,133
1197,3877
4525,2822
3482,3912
3928,4675
2425,45
2542,4762
1078,40
2755,4957
357,4872
3996,4831
3942,4777
1618,4749
566,3885
3560,4684
1930,4778
4859,4856
689,2813
153,4966
2886,5077
4859,16
230,4249
3960,4728
4045,5020
1786,2788
3605,16
3588,56
2114,4743
850,4695
3102,3886
459,4253
4087,1833
996,4986
4257,4776
1738,4750
275,2826
4519,4253
2189,1728
3810,218
3681,4986
3327,2803
3088,40
3482,2787
3208,4266
3834,4732
2072,4793
3050,2785
3934,2853
4153,4886
2064,4850
451,4750
3719,2816
4256,4692
1812,2818
4868,2866
3242,1862
1460,4779
3873,132
3849,4778
4744,4926
382,4688
4525,4958
4621,4873
4182,4929
2460,4901
2065,4677
4589,4876
187,1742
736,4857
2378,3879
3144,4906
813,4635
3628,2853
425,4970
2408,4979
2740,4764
2904,2765
763,4907
1778,4818
1364,5
199,4776
3957,2866
1433,4956
4277,1816
3958,131
2627,4783
2815,4937
308,1845
2048,4691
3042,4884
1412,4782
401,218
4283,4860
3446,2816
2539,4819
4558,2824
301,1857
2211,3
4052,34
4129,3505
102,4896
290,2794
575,2671
451,4958
4576,4939
4074,4961
1585,4940
324,2787
1355,1839
2167,4251
2725,2812
4566,3615
3644,4998
701,145
956,1732
3302,4861
1204,56
5084,1834
2045,4693
1056,4679
1386,4879
1219,2857
985,4782
516,2776
913,4951
3477,2833
2760,6
4367,51
2268,3879
3323,5065
2523,1846
2007,4761
2442,55
4034,1860
3620,4747
1783,69
2163,2845
325,2765
335,1729
529,34
3843,4774
4371,4685
5044,68
1636,4737
4507,4800
4096,1846
1649,3878
1882,4820
3730,4675
2522,4675
4518,4671
4539,4742
3965,4951
3426,34
2115,3505
3247,48
3585,63
1108,16
2476,1845
1168,1855
4002,4776
1219,4266
1509,5074
2919,4824
3010,3914
2682,3615
2713,2784
1570,54
578,12
82,41
3283,4685
3898,145
767,4727
1328,4792
96,4957
4629,4787
2388,4890
2872,4755
2879,3880
1550,1733
142,4677
310,2811
4335,1731
3907,4746
4072,4683
2433,4816
3963,4914
2537,67
2729,1847
157,2774
1106,4763
972,1727
3544,4858
3720,4882
2044,2811
4005,2837
974,67
2890,4855
1446,5004
1673,4729
2503,1731
2502,132
1754,5070
3788,4788
1676,1742
4119,1843
3640,3878
360,4267
1407,4997
2341,4690
1483,4963
987,4780
3021,4731
453,4691
2305,2853
3477,2851
4599,4800
301,2856
1097,2847
3511,2785
5082,4778
3895,2829
639,4992
2911,4673
3489,1727
3853,4929
3916,66
1331,50
3355,4730
2412,2786
713,4986
512,116
2947,55
2511,2782
350,2818
4419,3883
3151,4769
4362,2808
3284,3882
718,4885
3865,15
3182,4738
1478,4782
2429,4775
1397,2810
2254,3914
3374,4670
3930,4800
365,4772
2888,2816
704,4940
2008,4996
1897,3915
4533,4938
294,56
32,4266
1352,4733
2457,65
3042,4920
925,1732
1662,1733
2559,4953
2572,4771
4277,2835
4664,4265
2651,4769
3346,4995
3388,4752
2087,2843
1282,2794
584,3881
195,3912
1215,4918
426,4910
3273,4747
944,4890
2025,2820
389,4763
1983,116
1607,2844
2957,4787
4424,4668
2972,1862
2366,4986
2102,1837
4559,131
1040,4958
730,4956
1249,2788
3248,4694
277,4880
2598,13
2602,1850
300,3914
813,4926
3183,4901
296,2853
1440,4957
2062,4829
2993,2671
1923,4888
2557,4753
4557,4940
1083,4929
292,4677
2955,283
3651,4678
1640,2823
179,2785
3317,2855
4322,1851
4403,4734
1168,4934
2280,2776
998,4935
1283,4877
4119,4779
551,4998
3483,4914
1966,5063
684,4947
4459,4791
4809,4944
2023,3914
986,4870
4378,4787
4756,1837
1090,4989
4571,2779
4238,2803
934,4674
10,2779
1343,4248
3684,2851
1277,4953
3771,4674
872,4774
2724,4897
2329,9
3388,4774
3472,49
1876,2829
2567,5070
4244,1847
599,1726
3025,4905
2534,2854
574,4910
1629,3913
1881,4920
1657,70
2337,4900
1467,2768
4021,41
1356,4831
205,4788
1117,68
1296,2866
2039,3877
216,4776
2090,4970
128,4921
2002,4783
1344,4755
1261,15
4161,4855
1138,1732
295,2803
4523,218
4421,2671
3920,4917
1750,61
4557,4990
493,2857
813,4929
340,4770
2425,6
2061,48
1893,4750
979,2809
189,4962
4585,4689
4130,4908
2243,4861
577,3882
4283,49
1084,4998
829,4914
3544,4882
3009,4249
2956,4992
2169,4946
303,1748
2978,2847
4383,4265
1736,4940
2538,4870
2380,4932
4345,4916
919,4897
1317,1857
4389,5064
4115,4693
2721,1730
589,1856
2248,4963
855,4670
4973,2784
3411,4819
4667,117
3721,2799
4047,2841
4359,4955
2260,4993
1632,4934
517,116
3847,4677
3388,4788
3781,2831
2118,4916
3067,1841
2932,4901
695,4763
4133,60
4473,2772
3846,47
1488,4909
3438,116
3917,4737
3233,2776
5080,7
3507,1725
4402,15
2000,4777
2485,4892
5024,4946
1318,2837
2970,4265
1949,4267
1763,1896
1165,4765
1507,48
1655,2790
590,2786
3249,2798
3338,4860
1482,4253
2324,4816
3118,4886
1875,4799
783,2779
3155,4993
2902,4887
1226,2818
1298,1849
2955,4894
88,8
5049,4799
5062,2785
1962,4882
3818,4783
1231,4988
928,2820
3697,4634
4254,3879
728,4906
1572,284
4468,4761
4949,4832
652,3879
443,4850
4404,4862
1755,4966
3509,4968
3075,4872
2434,116
453,2772
517,4694
3479,2843
1918,2855
4209,2865
261,4264
599,2855
206,4797
4481,1844
2398,1740
3679,1840
3198,4904
3951,4828
741,4249
3962,8
2298,4862
2470,2774
2422,1835
3888,4915
3725,4799
263,55
1446,2832
4043,4938
2705,4937
3763,70
3156,54
1764,2799
3355,2841
2983,4856
325,4946
2255,5020
2086,2787
725,2783
621,50
4167,2864
2654,1861
2611,4886
3526,2865
2157,5077
901,1896
1031,2857
1002,5020
4619,4906
1004,2849
4487,4896
832,4750
2556,5065
4076,1855
4948,4969
982,2856
1365,4903
4431,47
341,4884
3987,115
4051,4915
1522,4930
1246,3886
3051,1727
1061,3884
4445,2803
4796,55
4812,4888
2775,2798
3344,2784
3709,4697
2771,4673
4843,4909
1321,64
97,2808
2905,4734
3746,2837
4555,2787
561,2837
4554,2798
1574,4763
2603,4972
2434,5018
2687,124
806,4718
4767,4907
3930,4792
2623,4998
2301,2813
3351,63
1084,80
4097,4858
2943,4718
570,1846
2804,1748
1724,4969
1751,66
3864,4251
4318,2833
3938,3
1667,51
1382,4748
4514,4613
3185,5019
1565,1818
2201,60
868,1728
1171,5064
1676,2671
3137,4952
3671,4944
3688,4952
76,4891
1087,4265
1316,3880
1763,1847
481,4635
484,2833
3696,2658
941,4752
2607,2849
2180,16
2648,2862
5071,4914
118,38
4540,4877
3390,1842
1744,50
2484,4886
2253,4772
1429,4791
2995,1860
5041,4737
4342,4250
533,4988
3326,4785
1602,2767
1942,4682
126,3879
1853,2832
311,4729
