3423,11
3320,1726
1078,3924
4370,2787
3618,1727
712,4747
163,2817
3272,21
515,4885
2547,4249
1607,4970
2046,4755
3858,1
1172,21
704,4883
2087,45
1513,4694
4710,4921
1338,4773
1177,4782
5030,1816
2881,4743
3758,2851
3288,1727
4549,4963
3053,4918
3585,67
1586,4741
3586,4779
4038,4672
596,4907
1064,4690
1631,2773
3131,284
604,114
3535,54
355,4761
2197,58
2236,1726
4580,115
3632,5065
2965,4988
4162,2846
550,5077
2644,4736
1231,4266
2063,3915
1750,4690
1576,3880
3400,4818
3230,1733
701,2851
3152,1850
3568,4947
4427,4972
1075,318
3533,3884
2954,4747
4030,1838
1952,2798
1363,2855
4165,3879
1794,4670
1092,2865
2230,4613
575,1841
3173,3924
1964,4799
4408,34
3749,4763
3306,4919
2903,3878
4318,1817
1503,319
399,47
4401,69
768,4731
2290,4908
4306,4940
3583,1737
1958,3915
2283,40
1269,4790
3122,4879
2371,3924
4481,45
2941,4800
3036,1846
109,3912
94,4857
380,2823
475,4969
2703,2768
2521,2867
3444,2827
3016,2835
2026,4917
1663,2818
1822,68
1272,2784
1944,4789
1793,1748
3026,4759
1236,2776
653,4953
1322,1840
2879,4918
4649,3615
1707,21
5059,68
583,4265
1187,67
1666,124
488,1835
3604,4884
2125,218
1131,4675
4145,319
1688,4910
716,4990
3501,4264
473,4916
4052,5064
256,4958
5041,4781
413,4775
3315,5075
4318,4800
4086,4918
4140,3885
2850,8
2605,2851
1944,3878
696,1818
1718,2789
2967,21
4624,58
2594,1849
1436,1728
1617,4912
2545,5019
1340,5004
4609,4931
3197,2845
243,2832
2769,2845
2755,42
1033,3912
3966,1896
842,4978
3340,4677
1890,2816
2334,2865
2158,47
3253,4848
523,4824
3022,1748
588,2774
3282,4737
1747,4776
2472,4889
1520,3915
2234,4824
4559,4748
4,4742
4578,4765
4261,4941
1064,4799
4852,4768
458,2808
4133,21
4088,2860
193,2795
1073,2862
4719,5018
999,5065
1708,4769
2015,4903
804,1732
1218,4990
1294,4934
2949,1849
378,4964
4449,5063
346,4749
4347,4803
4401,4753
3086,4829
3128,4969
3257,3882
944,4683
3384,4872
1150,4737
2634,4849
5030,4861
3300,5074
3997,4917
1636,2779
2326,4750
4147,4952
2687,2860
3166,2827
2414,218
3380,4905
1469,46
2793,51
2376,4688
4629,1742
2257,4902
2612,4918
2738,4697
1273,4830
370,2671
901,2827
2470,4692
942,2773
1300,5
4169,4787
3052,4803
2696,4824
2567,4917
4163,4694
3417,4914
2953,4693
3542,4635
4189,4673
4269,5064
4315,133
1648,52
2586,4679
5037,4958
1128,4912
4589,3914
287,1856
2507,80
716,34
1132,4789
4520,4909
3332,4787
2127,2841
3039,4654
890,285
4399,4266
4183,4803
3465,2783
4057,2837
4576,4968
860,4966
3423,284
3660,4961
3529,4916
2615,4785
1498,4791
5040,1860
2513,3879
1063,4743
2595,21
1874,4743
677,2809
2321,54
4168,4754
2751,1844
677,4803
4895,2785
3206,4787
1584,4774
535,4752
3264,1839
4193,55
1662,4681
1965,69
2205,2837
2979,4779
715,2839
4437,1860
269,4775
2715,4776
1251,4944
3416,4683
740,4673
4427,1740
425,4902
3030,4926
2771,2812
3256,284
18,4783
3905,3885
864,4915
811,4956
2038,9
1261,4903
2627,51
4087,4801
3411,4695
1084,2809
289,1748
171,4912
1628,3615
4845,5004
1188,4870
5024,116
4244,1857
1902,1837
2018,2794
909,2800
1859,4786
4587,3924
2959,4883
2531,68
293,2781
625,4850
4194,2781
2268,11
3033,4978
889,4856
2668,4743
3502,114
3246,2776
1391,4779
1423,1734
522,4829
3254,3882
82,4747
435,2783
2142,4929
5062,9
861,4786
887,319
3974,2813
1872,4880
299,2786
573,4692
4222,4695
3027,5018
2358,1841
2116,4944
4706,4695
2351,4897
2667,1857
3685,4858
2968,2765
473,4962
3617,4797
44,4995
400,38
1080,5064
3645,4786
3649,4919
3304,4939
442,4674
3089,2851
2734,3886
3957,4849
2487,3885
2602,4803
2280,5
2621,4880
874,319
1162,4862
4548,4969
4036,5
232,4694
3604,1857
2286,4909
4704,2789
941,2781
252,320
4809,5074
1641,38
2398,2808
611,283
1922,4890
1826,80
3176,4771
4083,1833
1496,285
3000,2824
2151,2764
2193,1728
2407,4792
2906,4675
1702,4885
2089,2845
4215,4847
1021,2765
3797,1740
24,4779
3354,12
3376,2864
2220,1728
1548,4743
1911,4733
1290,4755
3894,4911
822,1839
1549,4912
4314,4264
1801,16
941,4668
4600,5066
1885,80
1942,1827
3559,2671
3714,2866
423,2817
2482,4994
2470,2827
2585,4691
2256,2845
4106,4940
1161,4887
2610,4733
2736,4736
4406,2856
2422,4957
3337,319
3608,4673
4827,4958
1013,2860
916,3886
3287,4746
2318,2846
2359,284
4096,4792
3656,1856
1146,34
4321,4613
1253,1748
125,4748
393,132
801,7
222,4979
2647,4902
523,4755
3205,4969
494,284
183,2789
35,4889
3042,4988
3738,1729
374,1846
1070,4850
4999,50
4347,2829
2326,1843
409,4890
3717,4692
4225,4936
4593,4886
3303,3615
4301,3924
3820,4988
1019,60
1059,2811
816,2823
912,1836
958,4251
2392,2857
852,4919
4049,1733
5055,2857
1700,132
1565,4672
3434,4856
2425,4672
3695,4797
699,133
1684,4741
4191,4803
141,5077
3890,4897
2261,56
4160,5020
2345,4781
2582,1730
4411,1844
947,41
2852,4847
1739,4969
1137,2658
1322,5016
881,4962
111,4957
1146,4676
4048,2841
1358,34
2695,8
806,1839
1082,4953
4361,38
3593,4902
241,2789
2467,4770
634,46
4089,2820
1882,4989
1202,3505
816,4791
3769,1728
1529,1851
4503,4929
3514,45
1253,4674
3771,4896
941,4961
2333,4934
676,5000
220,2800
2288,4681
3265,4944
1495,61
1986,4958
259,4971
4401,2808
3291,2788
3540,6
4703,4994
866,1861
173,21
3077,2845
3711,4746
3649,34
1498,114
4942,1727
167,2831
3606,5069
2677,53
3453,3912
1380,114
2995,4979
5060,1742
4294,320
3997,4747
4318,2838
2129,4770
194,4997
3448,5075
3174,4873
4556,1856
263,2811
564,4734
3187,4987
3980,1862
4089,4781
3782,2658
4496,53
4048,84
3839,4766
4167,3912
1760,5020
1018,4879
321,4693
2194,4685
1291,2832
2710,4759
2103,4671
3741,4989
4073,4788
4395,4872
1634,2866
5067,2825
1970,4878
2210,2785
745,4778
385,2853
3677,56
3037,4910
2891,2799
5014,2849
729,284
3730,5066
289,21
4859,1844
417,4720
4141,4890
1800,4746
2021,4760
2528,4748
4361,4970
2345,5066
2291,5016
2922,4782
3925,69
3909,1728
3412,1896
998,4876
842,2774
3851,4972
2900,68
3695,1733
1819,4989
3942,4783
3229,4731
1113,4613
3828,4788
3686,4768
3923,4824
3118,4737
4358,4674
3587,4720
4403,4951
1557,4685
2674,4778
621,4939
1887,4828
3977,4891
2622,4847
3190,4770
2137,132
2529,4250
873,2838
2298,4994
2441,2858
4211,4674
2919,1861
2311,48
2251,4820
3021,3880
2354,1727
2960,1838
755,4855
982,319
1399,4952
4369,4850
4040,2787
395,2818
4243,132
2946,2772
2625,4689
5080,4921
2230,51
3581,4748
4095,4886
4452,54
2277,2816
2156,4958
2928,4249
2385,58
3724,4919
1144,2795
255,2772
395,4888
4295,1748
1337,2858
1435,4791
1675,4784
3933,4946
4826,4792
166,2822
1444,4964
1670,4896
4064,1835
1720,2829
1290,5019
544,4830
3727,80
2983,4937
4039,1844
438,2814
2205,145
534,4760
3922,66
3970,2847
1635,55
1759,9
825,70
2586,1730
4118,5075
4845,124
731,4753
1175,4911
1811,3882
1549,4788
4149,4755
1773,4683
2074,117
1257,1742
2541,4952
1409,4748
1115,1848
1105,4266
4464,40
1677,4858
2600,21
2903,4718
972,145
1739,4692
2235,2814
2716,4678
4218,4972
1916,4735
1980,63
4239,4919
142,4729
2468,4932
3019,2787
635,2826
3803,5073
1180,4820
4060,4878
3714,5004
496,2772
1793,4266
1528,4931
1333,4753
747,4780
3270,1840
3172,4971
2217,4890
4658,4855
3747,4674
2336,283
1058,1862
993,4921
3344,4969
91,47
2181,1841
2425,2867
27,4946
2543,62
3487,49
3944,5065
4413,4887
697,4763
4705,1862
1907,320
1663,4995
4113,4909
2512,4697
3862,4799
4388,4992
4050,4919
4355,4815
1800,1732
2267,4832
1499,2862
2333,1737
799,2864
4101,114
4009,5020
829,2795
1531,4816
668,4969
2761,4944
201,2795
4293,1818
221,2808
989,4687
321,2818
3251,6
4067,4941
3460,5075
1943,4892
3407,4766
4214,4815
3300,3505
1654,1838
3053,5000
3610,4679
2981,4929
4999,4797
2214,4613
4608,5019
1952,4987
390,3879
4205,4686
4948,2772
2369,132
1624,1860
4434,4903
3302,4995
4612,55
4984,2808
4490,4929
2076,4781
3013,4673
3792,5070
1442,4955
3168,4930
664,3615
3019,4966
1002,4930
891,1844
1104,4741
672,58
2017,48
2006,4730
10,4979
3239,4690
648,51
452,4780
4004,12
395,2862
3484,4730
4447,1728
4114,4266
1166,4267
3958,4919
5030,1729
3787,4800
3470,4780
4050,4905
4465,4951
378,4679
4174,4873
4449,4768
2252,5001
4064,1847
3764,4816
2384,4743
3293,4829
447,4681
3511,4668
3131,4760
1759,5070
3872,4935
2627,4860
2221,2835
2960,4884
1105,218
300,4253
515,2820
2728,4250
460,131
2530,1818
793,1788
3392,4919
2507,4778
2368,1847
355,1849
1505,4789
3027,4669
1772,4877
466,4932
2606,3878
3686,4734
3931,1831
808,5000
1068,4996
3980,4772
87,2817
4490,4832
2444,2825
4316,4677
3388,4754
4378,2808
2211,4930
4272,2853
2709,4917
4874,4682
3609,1842
4341,4731
2898,4677
1526,3913
3903,4952
1636,4963
3517,4963
2608,2799
4288,3615
1059,218
3288,4896
1466,2822
862,4743
3079,4764
3167,3615
1405,5064
4317,4264
2506,4912
2937,1816
2034,2779
2398,4919
3550,2824
483,1726
2735,4828
2011,2864
1772,4799
3341,5073
3184,4815
2435,61
2281,4900
2719,2809
822,4735
3945,4935
2264,9
3672,5001
2702,1841
2995,2857
2257,4742
1453,2862
2626,3915
4561,5077
2162,4669
293,4879
3208,2781
2216,4819
4256,1
2525,4978
4804,4936
1544,2860
2393,2803
4609,4782
2566,64
1123,1845
2529,133
1137,4888
873,4861
3905,4776
2437,116
897,4668
820,2803
3043,4986
2534,2810
1683,2849
4608,5064
429,2816
768,284
4493,4768
2380,66
574,4850
4630,4738
618,4939
1684,5004
3597,4772
144,2845
3363,4776
3066,4904
2993,4728
1541,1742
2620,4748
1124,4765
2515,4905
140,1857
3692,1851
1613,4782
346,1728
1470,9
4198,3914
4308,2814
1924,4955
2431,4986
144,4930
2590,4746
1530,4689
832,4772
300,4669
212,4911
1078,5002
2339,5019
4118,2772
2665,4820
560,4894
165,1842
4401,1848
163,4883
4960,1727
3225,40
2242,4654
225,4670
4407,4772
2979,4952
573,124
3795,4786
1356,4878
1675,2782
3656,4747
4289,4720
1035,5020
1020,9
2562,2817
3639,4904
3030,4937
4246,4683
4841,4760
673,65
497,4911
4595,114
3024,133
3625,2817
3370,4903
5034,4848
1006,5016
3466,4783
1528,4654
730,5
3841,4905
1607,3914
1293,4979
2011,4766
3337,1733
3119,2821
2424,42
2359,4743
4206,2783
1943,124
1637,49
1452,2855
1008,2786
3063,66
1970,58
1389,5019
3552,4908
1033,4676
1330,2847
800,2814
2486,65
965,4766
4227,4911
4586,318
2564,5065
840,2786
790,4886
2644,4952
1381,4817
1091,4919
4023,4680
2264,4911
2882,2785
3873,114
2704,4668
1630,4689
82,4730
4137,4670
3763,4877
2966,4267
127,4675
3467,5074
3815,2774
1461,2865
1960,2790
3750,4613
2685,4763
4950,4673
1959,4762
3447,2858
4293,70
1138,4728
3175,4978
1116,3
3751,1842
1822,4971
3294,2865
896,16
1046,4970
1232,4935
3527,1827
4572,50
1675,4679
2465,21
686,5075
971,2857
3835,2796
968,4820
4259,40
4107,4858
3629,114
2777,4776
3673,40
4867,4763
2002,4941
4432,3915
915,4969
1705,15
3607,3883
948,66
2170,4768
4396,6
4124,131
4063,4817
2491,2865
754,4968
1363,4970
2938,4781
902,4912
1370,4917
428,7
57,4915
4036,5073
534,4911
967,68
297,4746
2901,4734
3786,2808
3591,4784
504,4877
3629,4755
414,4900
4134,1818
343,1817
3966,4763
846,4764
1094,3913
1967,4940
1852,1733
701,2845
1245,145
851,4819
581,4678
3628,4685
1115,4760
4421,114
1617,4670
399,4682
4071,4978
5024,4817
4354,45
2421,4772
1782,1857
3842,1742
551,2813
2432,4892
3483,4800
2750,4987
736,4961
4715,4913
37,4906
1294,4697
4223,4773
3895,3
2665,5074
2042,4688
459,4751
3147,4979
2581,4729
2908,4831
1087,2813
4501,4890
3746,2835
823,4753
1063,1816
1707,1788
1579,1731
1038,2855
4278,4878
1405,4684
1125,47
2271,2776
4155,4779
3635,3885
3618,4728
1411,4890
3077,2844
2228,113
4100,11
1271,4882
2687,4742
459,5
2601,4847
3870,3913
1511,45
3102,4918
3076,4952
3006,51
2455,283
2529,2827
5081,1827
1870,4680
3996,4889
3955,1896
404,4972
3893,4730
28,2795
482,4991
3231,3877
4225,4731
1906,4900
2106,4905
4294,1727
3576,4878
4520,2814
1688,2862
1192,2781
3290,4944
219,9
1385,2854
672,4738
2082,4996
1757,4901
3280,4817
1169,4932
4653,4780
1858,4937
1079,124
4030,84
4299,2786
4446,1737
3011,4692
940,3878
4570,4668
3341,4889
4080,4771
1062,4788
2020,1808
213,4831
1261,2831
2558,4880
3381,1732
4533,4687
3825,2867
5052,4817
4384,15
3297,4697
4499,4819
1736,4873
3143,4787
1164,4882
2995,4770
1085,55
3619,115
2742,4797
4480,2854
129,1734
1149,218
3748,5002
2957,2764
2922,4670
723,4937
2661,1840
882,1849
3518,1731
3409,4897
675,2846
4088,4634
479,47
2759,2853
1944,1837
723,4918
4960,2788
3734,4907
3992,4896
3480,4682
4047,4986
96,1857
3554,4679
3688,4921
1070,4734
1486,1831
3692,6
4325,45
1535,4849
1619,2840
2369,2820
1005,4668
103,4676
2562,1731
174,1839
4560,4634
935,5066
2344,4882
591,4878
645,4956
2961,2862
2460,4755
4868,4829
1395,1727
3544,3913
1517,4919
967,4736
4074,2820
3025,2825
4305,4970
3191,2795
1279,3877
2416,1896
3051,2825
3919,2794
269,16
2737,2658
1582,2816
2446,4693
2645,69
4374,4971
2884,21
2896,4979
4431,13
4369,4883
4529,2803
3338,2794
3625,1730
2356,4930
1081,4773
680,4789
883,5070
3826,2845
412,1729
1000,2781
1593,4820
597,4683
3899,4779
4589,4873
3870,1860
1275,2824
3317,5016
3568,6
5039,4886
2079,2813
4977,2790
2601,65
244,4995
1026,1842
4114,2764
3015,4941
4573,4917
3981,2854
3371,4951
456,4787
4468,4988
4319,84
1540,1855
1205,2796
2046,4882
1715,3915
348,115
3513,5020
2597,4669
345,4944
3522,2822
1724,2833
4394,4741
4285,2803
2403,4855
1745,62
2243,3915
483,4862
2738,4964
220,53
2670,4940
2104,4739
4073,2827
674,4771
3647,4920
2936,2658
1979,4894
3448,4993
3178,4736
4811,21
2740,1732
4309,2772
3865,4907
1684,4921
3093,4730
4117,4832
720,3914
862,4776
2938,4674
1915,4784
3793,2837
468,1834
1092,4951
2604,2858
4864,40
3534,4951
2695,2813
2509,4939
1331,2783
2682,4789
258,4829
3197,4988
2869,4860
1337,4780
151,34
453,4718
4838,4931
4795,1735
2383,5063
98,4249
636,2816
4024,4737
4851,4737
92,2854
2220,131
1219,1861
4155,2817
2626,4883
1499,2849
2327,4892
304,2846
1024,2835
542,4738
4833,2765
3052,4792
940,1733
275,5
5026,2826
4851,1827
4013,2782
3700,2799
794,4684
427,4774
923,4669
3204,4682
2384,11
1106,320
2524,4990
1711,4958
3383,2856
837,114
3154,1732
235,1788
4565,4894
3163,4720
4044,4882
179,1742
2404,4877
1543,4668
4985,4963
930,2865
3378,4855
776,4675
3095,1733
3949,2818
1807,4887
762,4987
726,4886
1265,5002
3672,1788
827,21
3168,4820
4924,4253
3306,2820
3182,2853
3413,4739
239,4732
3778,2816
1073,4728
2507,53
4606,4889
2352,1816
1236,1838
90,4921
2054,2768
1909,4761
2992,4746
4834,1727
1098,4819
1649,4897
3040,4689
364,4996
801,2854
2341,55
3562,3913
77,65
2706,1817
3155,2768
1052,4764
1559,1896
1402,2853
159,4953
1876,4815
1566,4857
1158,4730
4074,4739
4295,2786
2449,1839
773,4776
3975,4986
3249,2816
4259,1
2088,1748
2730,1839
2293,4969
4297,4862
4404,4742
2797,4990
3965,2799
3154,4779
2306,5018
615,1844
670,283
281,1725
462,2794
1093,4677
758,4248
3311,4761
4795,4914
3805,2783
4943,4800
1637,2765
4838,4793
2998,2825
2397,4940
1518,46
823,38
3031,4934
1583,48
2221,3914
3047,1730
2111,2846
4869,4734
1454,124
4140,4738
1618,4992
4356,4679
3339,4894
2500,51
1282,53
3556,46
3513,4762
3176,2814
265,5002
415,4760
10,218
2931,2848
1486,4820
2172,2855
89,2773
2330,4749
504,4947
1191,4858
4476,80
3320,1818
4005,4819
836,2829
1938,5065
2102,2794
3982,4861
1985,4671
652,2773
1355,42
5026,5075
1504,2840
2466,2785
2139,3879
4054,4937
3715,4947
4512,124
3005,2854
623,4886
197,38
3797,65
249,4684
2434,2858
3581,1846
3129,283
3068,65
2403,4784
1898,4887
4667,4771
4541,80
1309,2854
983,4990
1189,4799
929,4771
1375,4873
3242,2823
1641,5077
851,1818
1560,48
5025,4878
2739,4955
4710,62
3563,4765
4523,1850
2143,1846
1374,4990
252,5069
2230,2844
2344,4955
2761,51
3896,4799
3179,5069
4240,4689
869,4906
786,4856
4121,4819
2328,4847
1797,2867
5008,4694
3931,2795
4146,2857
716,1840
3017,4786
4490,285
4653,4693
515,4654
4231,4770
580,61
2295,4266
3971,4992
3968,1740
2657,4690
691,67
3824,4751
408,4897
4364,2812
1511,5064
515,1851
2633,4979
584,4793
2895,5016
2561,1817
2386,4728
538,4765
1701,3879
997,4685
202,2849
1866,1847
2499,1831
3502,5001
2203,4905
3306,5020
2505,12
1035,2768
1367,4996
3593,4731
43,1726
4500,2786
255,4979
842,4998
788,4962
4714,4684
3539,4634
1400,4964
4661,2847
2668,5073
3294,4901
3455,64
2390,1856
2431,3882
1599,4831
1712,4913
2409,1735
591,4790
4206,3914
4333,4952
1019,4696
1677,47
2080,12
3513,1850
1568,4966
226,4793
3465,5
2573,3924
3639,3885
1370,4819
489,4858
1238,52
3413,4634
4376,2813
2455,2824
213,4681
1910,4743
27,11
20,4872
1253,4988
3147,2866
886,4991
98,4932
374,2848
168,4635
800,4769
1187,4879
4263,4686
2019,2796
4049,4678
4319,2857
3289,4870
4865,5064
1775,4253
4076,318
4707,4861
3448,2796
707,49
4462,285
1753,4752
1489,7
3406,5075
1003,5000
2679,3915
750,4889
1427,4932
2159,2785
1473,4901
2899,4674
1109,5001
1610,2837
2699,5018
2352,4789
1537,4903
4368,4788
2078,4670
2726,4986
1207,4941
1358,4886
3243,2829
4233,4903
948,67
2442,4781
1021,5077
4135,4953
1384,9
4175,4956
2676,2857
4441,4917
3132,4819
2514,1856
3923,4892
202,4775
169,4904
5060,4964
2331,4691
5021,1846
828,2837
378,4907
3136,4799
2165,5004
2680,4768
893,1851
3995,285
2499,4911
1194,1860
4429,4697
1980,2838
238,4685
888,4910
3417,2798
916,115
4306,1737
1052,13
3002,4915
1360,5074
411,1731
804,2816
3729,4847
2414,2774
4094,4897
1901,4728
901,2864
1947,1816
3046,3883
4715,34
2875,4902
680,4969
1620,4765
4151,46
922,4906
1679,2864
1624,3882
4804,2858
1583,2779
1796,2812
2155,11
4124,4747
1294,1808
5046,2811
1014,4784
2155,4861
3358,11
229,4782
1227,2862
2451,4909
3034,7
1134,4988
1598,4885
3322,4995
1198,4920
4049,1
4056,4965
1410,55
2096,4737
3031,4878
88,1732
393,4926
1667,4764
3127,5077
2197,4903
4621,4768
2023,4916
1386,4996
3646,5070
383,2800
2753,4754
3415,4910
4154,3877
796,2785
1528,4248
2985,132
4703,2818
2540,113
5042,1842
4037,124
4537,4777
72,4687
2179,3877
2123,5069
1514,133
877,2839
2188,1729
139,3915
1146,4692
908,2784
1294,4793
3617,16
3998,2845
1705,4906
1940,4957
4284,4687
1192,4979
2417,4918
3925,4778
1941,3877
2903,1729
3507,4673
4386,4251
4423,4968
1313,4993
263,4820
4487,2767
971,4862
1711,4820
4487,4678
1290,4966
121,3878
3436,4902
4232,84
4447,4889
1820,2765
894,4979
716,4746
514,2798
3353,2774
2064,4906
790,13
3443,4816
1140,4897
932,4910
1943,2786
1320,2772
4409,3879
3378,4816
3831,1838
995,4668
3220,4774
2242,2658
1882,2858
3480,4683
2955,1849
1338,4883
4767,2848
1246,4728
2659,4965
252,4998
4163,4783
4704,2816
3307,4913
22,2843
2629,2823
2754,11
1940,4766
1164,2860
4519,4249
4274,1818
5068,1842
2266,4668
2255,4989
1503,5019
4463,3912
2632,3505
596,4773
905,4691
2271,64
3344,70
4576,4896
4501,4847
2923,1861
1208,49
1931,4799
871,4819
1559,4750
3653,2767
508,4961
4020,1734
3812,2776
1940,2821
2679,4251
4520,1850
26,4697
3066,4786
491,16
4646,4996
3528,1837
417,4759
1004,4781
2377,2837
4843,1896
1206,1836
2730,2835
1427,2843
4725,40
4351,4749
3485,1847
2421,6
3214,3
2239,3
397,4820
3517,4761
5014,4907
19,4693
4300,3912
174,2858
2465,4730
243,2823
3610,4800
3392,4909
3301,3885
4610,1
4541,4907
3908,4880
4539,2823
3105,4677
1877,4901
1205,2795
3955,4832
734,1817
2306,1851
4268,4788
2353,2812
479,2671
1154,4906
3552,4966
2332,52
1859,4986
3790,4733
4239,4913
3715,2808
4650,5000
1169,4613
1370,4888
3578,2843
1654,4728
1783,4689
4405,2786
1794,3883
3508,4939
1885,4780
1497,4251
3998,1841
3724,4944
3852,4668
1278,7
2589,4998
3572,58
2775,4691
1588,2796
3153,4906
4653,4751
2928,2818
2489,4684
2915,4904
388,4780
1219,4860
2200,65
4290,56
2615,4684
4479,4675
2900,132
2306,2798
3717,9
4599,4991
3526,4733
213,1851
1646,4697
2486,4915
2532,13
4504,2829
2970,4747
1136,15
1642,4919
3611,2783
1931,4888
3311,4901
292,1857
2148,2817
2401,52
410,2765
736,2785
1550,60
2620,4996
3039,3912
828,1841
3800,4743
1190,4690
328,4855
1697,4685
3774,3924
251,114
2027,4828
3992,2810
1205,2813
2702,4774
1189,4762
4556,4779
880,4921
1774,1737
1014,4889
2650,61
1668,3505
2999,52
3888,1729
4243,2818
173,4690
2052,1827
2108,2829
1520,4877
4220,4831
3658,4766
1165,4675
4593,2783
1602,4759
2143,5004
1959,2788
4361,4683
3501,4870
5023,4919
2220,4747
2723,4679
1276,4679
552,1733
1018,4915
4391,4674
1415,34
3266,2865
545,4769
2413,4801
5024,4634
3854,4773
2054,4968
814,2867
3821,4686
3849,34
400,61
176,4791
2062,4678
2234,2821
982,4937
4573,2765
2429,2776
4359,4668
2073,4962
2167,4742
2383,4677
3543,4679
422,2853
4007,4777
2914,58
2470,3880
344,4860
2201,4696
1259,1730
140,6
2730,1836
3744,38
461,1896
4238,52
5003,2767
833,4696
427,4900
4038,3915
1763,4993
659,4753
1648,55
415,2796
1282,131
1054,4965
110,1844
3176,1734
2494,1735
4983,2855
587,2826
3495,47
4701,4979
1607,2840
303,4929
2521,3924
2590,4766
2908,64
2992,4793
2370,4676
1632,5020
1988,1735
2091,3914
3794,4749
1747,4870
4025,4998
3186,4829
3413,132
3842,34
4354,2776
914,5077
2727,2824
2902,4990
1973,4916
3159,2821
2933,1839
576,1838
2443,1731
4698,5064
3960,46
2575,4754
3565,4680
3581,2798
823,2854
2378,4694
4359,4675
3095,318
354,4764
3986,4921
4620,45
128,1742
908,4858
960,2803
237,4913
2524,2772
2663,4799
3789,2824
3281,55
4346,4689
2295,2855
1519,5019
4168,67
876,4847
3283,4860
4402,4718
3289,3879
2672,4892
2724,4909
1418,2799
4137,4880
1503,2779
888,66
1322,4737
734,4997
1973,11
2747,2847
1639,4732
3495,3915
4237,4736
2153,5069
571,55
3559,64
565,4858
1880,1831
1374,4878
3967,1833
3702,1740
3542,4965
3735,3881
3990,4264
1309,2808
4344,4693
3943,4759
2743,132
100,2826
1918,2764
26,4718
1561,4965
3905,4251
1871,4672
2371,53
3335,4729
4722,1840
3206,2841
3460,4737
59,1728
4575,2781
4606,3886
2046,4681
39,2765
1754,2844
2447,4929
1087,2779
1564,4929
2181,4832
239,4946
4254,4723
2870,3883
2097,4731
680,15
3476,4848
4404,4763
4087,4816
3006,2671
1979,4731
3068,80
3731,4913
3259,2835
2192,4635
1412,2809
3866,5073
1216,2820
1101,4926
3196,4793
118,1728
24,4671
4388,2858
3649,1816
4871,3
5084,4785
154,4731
3018,4720
2606,2841
2319,2848
1928,4970
3365,1848
3476,285
166,4953
2459,4753
2265,2779
2685,3885
742,4941
3507,2839
3450,3878
4042,1846
3815,5064
2693,4894
1745,2789
3323,4759
2740,2774
4851,2822
2905,4901
3218,2821
290,1835
3597,1850
2565,4723
2568,3881
1035,4782
4309,4907
2582,284
560,4878
4706,2840
1503,64
2652,4915
3189,4782
3078,4915
1640,2776
515,4780
3120,4746
179,5065
3856,4996
3062,4849
1054,4855
297,5065
3954,4858
4983,2773
1109,42
1446,4792
3760,4879
2750,4830
4216,4876
2626,4952
2590,4903
224,4738
612,4801
3730,2848
118,4729
1799,2767
1377,2860
3400,1847
2819,4896
4015,3924
383,2835
1926,4682
272,4872
3811,11
3984,4957
2323,4957
848,4801
2632,2857
3929,84
1905,4780
3222,4956
2881,2848
4087,4774
128,4829
3392,4963
3780,4779
421,4772
1310,5018
3723,68
982,1816
4275,4787
2726,5066
4036,2779
2258,4947
3731,4780
919,4768
3193,66
4569,4680
4384,2781
3250,11
3077,4931
1334,4766
3479,4819
817,3914
4538,1728
2685,4681
1996,1818
2918,116
1179,2826
1852,4820
2452,4934
3369,2820
3150,2837
2489,4788
2171,2825
3069,4880
4317,4966
3454,21
1803,4674
4149,1847
266,2866
902,2839
3153,4972
4466,4681
4643,1831
4339,4759
3005,4250
4515,68
1366,4728
3739,4754
2900,1844
1510,319
1212,4995
4300,3877
1506,4768
4387,4774
3561,2783
3971,4253
1419,2831
1041,4250
3021,2794
3208,4815
2961,1733
972,4847
183,4830
1222,132
4976,2826
2110,4672
4974,2821
1321,4877
811,4267
1686,4901
474,4901
2472,4915
1122,4963
368,4730
2402,4780
545,41
932,4921
392,4741
1245,4870
2990,145
2353,124
2690,2825
2934,4790
1634,62
1372,1737
613,5069
3164,5065
2393,4749
2771,34
4000,2832
3602,3878
3065,1729
514,4697
4440,1837
3211,4792
1061,4634
3098,3885
4822,5066
3988,1841
4898,4900
2340,2785
1554,4778
3953,4687
1929,4691
396,2857
735,4672
3266,1843
3607,4979
995,1837
3448,3878
3430,2812
2244,113
3943,4696
485,115
2736,4673
2706,4914
2718,1817
4031,4992
273,4996
3541,4815
1148,4913
792,4776
1111,4956
4334,4921
2925,1734
855,15
1706,1
1718,2845
3546,5066
2698,1856
4625,2811
4043,1862
3894,318
4108,1839
4451,4921
676,3913
1746,4771
2061,66
3861,2785
4582,2783
1799,7
3016,4681
3940,4954
1263,4747
4101,4762
2609,1846
293,4694
3322,4784
514,2799
1535,117
4639,4675
2551,4249
3121,1861
4534,4788
1612,4692
2761,5019
1576,4920
2431,4681
3455,132
3995,45
1591,3924
2828,4850
1805,2812
3312,4736
2343,1808
3717,4789
4268,2781
5037,2846
1201,1850
1260,1737
193,65
1246,2790
2534,2835
26,4885
3701,2831
2593,1808
1933,1860
4459,131
4017,4991
4898,4918
1090,4675
1325,4690
3525,4768
2480,4889
3533,4938
4945,4782
1871,4890
2958,49
4230,4905
1969,4679
3344,4990
1801,2839
1444,4880
531,4847
3516,4847
1600,4678
3321,5070
1410,4736
3371,4634
807,4849
2906,2823
3327,4894
3862,4768
2793,3879
551,2787
5024,2773
4472,4763
1290,4998
2667,4675
25,4876
1406,5073
2635,4634
1307,68
1272,3885
414,4787
3574,4892
4443,1730
883,4929
1828,2846
4663,4996
1255,4931
3826,4694
3525,2832
5052,4944
1054,52
2103,4957
2679,4905
1567,4886
3969,3881
2741,4773
1587,42
620,4732
4254,1735
3896,1845
3691,4774
4288,4727
338,55
3930,4760
475,4762
2349,4739
2133,2844
3208,5065
2395,4912
120,131
3609,4739
2922,2812
553,3885
2472,4685
1265,2790
3629,2765
3764,4920
1254,4764
774,4668
3643,4793
1607,4248
982,4690
1685,4831
2268,4782
4277,11
2144,4905
2426,42
2631,2813
2792,4997
1154,132
853,3885
3845,2787
2964,1838
1194,1835
2067,4784
3780,4911
4867,1834
4049,2795
4207,319
3120,4803
2715,4691
1202,4743
1313,4915
2116,4761
1652,4968
231,5020
3686,2831
4140,3881
1039,1818
4588,2786
3582,2817
1917,4743
4086,1849
1581,1849
3596,4729
845,2821
1690,4860
489,4988
847,1727
169,4779
1557,3914
3272,4860
4188,5069
1314,2658
1232,2855
4358,2853
310,2851
1668,4907
3559,1748
3887,2776
774,4989
1588,4963
3116,13
994,5065
3187,4763
2090,2799
1746,2864
3907,4691
3423,2786
1134,131
3887,1843
1440,2851
163,46
339,4776
2718,320
3213,1848
1677,4986
520,4682
4327,4743
4150,4691
1972,5063
4498,4966
1368,4803
1074,1833
4247,4769
2738,319
1010,2866
4852,4819
1525,4946
2430,283
902,5001
2614,4886
2890,4848
4523,4995
2354,1841
3293,64
950,4997
721,4789
4040,4947
212,4997
4063,4958
4925,4783
4252,2835
4928,4887
4463,2779
5041,4819
3552,53
3056,42
1536,4879
2724,3878
1396,4972
4129,2765
1449,53
4131,2849
2746,116
2370,4885
1918,113
1641,4670
3959,2799
2546,4777
4001,5065
942,4930
3202,4763
4343,50
3372,4815
4486,3913
324,4905
4216,4946
1072,1861
4544,4953
4527,4766
299,2857
980,2814
4333,4688
4006,4990
1172,4860
716,4829
1389,2825
475,4937
2890,131
2721,4991
361,1735
1547,145
3014,4743
861,2824
3647,5065
3248,3913
2197,4732
910,2841
4835,2794
2144,4728
4594,3886
1981,4970
3918,2810
3858,2867
504,4727
2889,4991
329,4921
3103,4769
1859,4953
2495,5064
4346,4910
3292,4267
3785,3912
981,2827
3587,4989
3840,2782
1490,2837
1929,51
1977,4694
2653,4730
1429,4730
2454,4728
2067,2790
526,5
1769,4801
888,4870
1650,2853
1376,56
1140,1
4167,4775
277,4891
2214,319
1746,4681
2804,4936
3313,55
4548,4673
4442,4783
3539,1855
328,1827
4228,5020
786,4921
3855,1817
806,4971
416,3886
4329,4828
3741,1728
1775,2844
4977,4885
2136,4654
1085,12
2102,4797
1139,4768
3245,4681
894,4921
2624,5064
4433,4782
1492,4951
1570,2867
2117,4938
2791,2848
4033,4878
2098,145
2001,4799
2417,4831
3665,1855
3356,4264
2250,1742
2685,4930
4299,2843
3773,2808
2426,4266
3716,4885
2115,1732
200,4654
3496,45
3468,4635
4064,4947
3541,2839
1157,1842
2133,132
1341,4888
2698,4250
5025,4861
2076,4748
4081,4964
917,46
3369,4768
4893,3879
1323,2827
3208,4962
1391,4791
3065,4856
4236,4729
948,318
3509,4830
1131,4736
452,4739
1290,4732
3940,11
3806,4966
340,46
2664,2776
2666,2788
423,2831
3188,4248
1592,80
179,3505
4057,4748
3178,4889
3312,1788
4493,5020
301,2823
1977,2816
495,2855
898,1849
2727,4887
713,4889
1264,2860
2533,2858
4440,5063
1025,1733
3645,1836
729,2816
2580,6
4866,2841
298,4887
995,4743
741,2813
2964,4791
3357,2844
1569,1848
1170,2853
1262,1735
4335,4897
2267,4970
2141,4941
4403,67
1313,7
1630,68
120,2848
2938,4774
2999,4944
1363,115
1454,1840
4540,4855
2433,4752
4854,2831
2722,1835
4581,4947
1259,4634
1700,5004
2279,4688
1678,1731
1467,4988
3516,2776
1389,54
1236,4941
3109,3914
28,2865
1294,4912
212,4920
715,11
2116,80
803,3912
347,4906
5081,5019
518,4759
3235,4829
1923,4987
181,2776
3499,4877
1066,4674
2434,4848
3371,4688
3965,4679
942,1727
1083,2811
2126,4944
413,51
4528,4996
3066,4861
2246,4768
1242,4777
1575,5063
3721,4906
4047,4828
3721,133
4448,3
4113,4731
3253,4882
4811,4877
2996,4954
4313,49
2304,4730
3940,2856
2127,4739
3828,66
3696,4680
3261,53
4703,5016
4099,4902
1193,4735
2990,21
2122,2813
3094,2787
106,1896
1955,4889
2222,3914
3077,4267
2104,4828
529,4861
4229,4876
3669,4919
2052,4817
1211,2822
3075,62
2953,4848
996,4940
1754,4862
3097,1838
2110,4785
2312,16
3757,4682
3891,3924
1479,4872
2254,2813
293,2813
927,4917
3036,2853
169,4910
3808,4815
208,4932
522,4970
121,4870
4042,1849
3356,3912
2202,1855
3565,124
1449,4747
2929,2776
3068,1838
3756,3883
1035,4686
3244,1725
3752,4870
3901,4848
3951,2810
2914,2768
2580,4954
695,2867
3998,4879
1815,4830
1942,1841
937,1788
166,2846
2026,116
1125,2773
2252,4989
2200,4896
3580,4793
4361,4883
3706,2822
3599,4773
1476,4669
669,2821
3874,1840
1830,4786
1196,84
428,4769
3106,284
3379,1808
3595,4991
1522,5070
2017,2788
3510,4754
2425,2772
1385,2788
1184,2847
4095,2841
1121,4267
1746,4929
2239,4903
2993,4777
380,318
3559,3878
963,4682
3517,4693
1915,1862
2253,4891
2122,2799
2909,2795
1586,4669
1190,2818
2910,4733
520,5074
866,4940
3016,1726
1359,4733
2249,4729
2691,4718
3795,4894
919,4785
2793,4815
2083,4862
356,4784
121,4775
3834,4613
2196,5063
785,4886
240,4718
1380,4916
2006,4672
4490,2658
2390,4697
1211,4987
3909,2768
4519,4986
3941,4784
3207,4250
363,2818
2129,4672
2609,1735
111,8
2634,4820
3839,34
387,80
3783,4759
2471,4674
4414,64
4233,1
2357,4886
3958,4940
2531,1729
1482,2860
1047,4962
2408,1726
2906,3915
4294,4887
1292,3915
689,4951
2409,4799
1085,1849
1167,4686
201,2803
1799,4884
4008,1848
3329,2841
248,4870
204,2855
3789,4783
5045,2818
2685,2794
3647,4689
1132,113
4038,4763
3773,2767
2943,4746
3956,4731
4488,4994
1602,4988
4464,62
2391,2824
1182,5064
2115,4916
5040,65
393,4829
4135,4991
2955,4848
5036,21
2907,4884
2869,5077
1410,4735
4490,1837
4866,2794
187,4877
2929,53
503,4774
4933,1730
1130,131
4836,4926
2106,1845
613,4816
23,4682
1503,2864
3003,2867
4114,2857
3620,4739
2010,4678
3212,1788
3847,5065
3072,1729
4875,5073
1611,1726
635,4883
2225,4884
3374,1734
4315,4979
902,1817
1925,4858
2478,53
2461,3
148,4965
165,4993
2924,3913
4255,4778
4648,4793
3933,2844
2482,4790
448,4672
3477,5077
3652,4915
4033,4951
537,4723
2609,4916
4541,55
554,283
3096,4941
2300,4782
3297,4938
35,4903
2289,4909
1502,2867
3134,4857
549,2856
2936,4735
815,2860
972,4963
1476,4934
4547,3885
912,4675
1139,4996
4486,3615
1503,4730
3105,4773
4580,4727
3553,6
4146,4691
2026,4929
877,8
894,80
1424,4792
1692,2841
237,3883
1783,4691
399,4763
2474,4958
4519,2816
4392,55
4615,65
1724,48
729,1733
2013,1737
3050,4966
3064,2768
1663,2671
2084,4912
1171,4952
1783,4800
2908,1849
1036,4873
4240,2764
1168,3912
181,2799
4653,4749
1294,51
4868,2862
2097,4929
2561,2671
1681,4769
2539,1725
3648,4683
2912,2786
4094,4941
2836,80
2907,2784
3012,2848
796,4785
4207,4951
1687,4267
1302,4912
4362,4729
659,2862
2388,2823
1765,320
1802,218
3693,9
3590,5004
243,2839
1961,4760
2378,4739
4051,4670
814,54
1272,4766
1873,1843
518,4872
3616,84
2188,4890
2656,5074
1227,4931
3095,2862
2399,4727
3213,4787
3468,4720
2130,4690
425,4728
3490,2788
999,4727
766,4934
29,4741
2501,4734
2456,319
3286,2809
200,4738
3122,4847
4811,1896
2707,48
912,1896
289,1837
3282,1816
2592,4718
4587,2658
3725,1862
3054,4737
865,3912
3369,4683
2540,2800
2452,5000
2023,4936
4533,3885
4616,133
1402,4978
3791,2833
2355,4786
75,145
3507,1734
121,1843
4532,2795
1811,2658
3177,1726
182,1896
4120,4737
1410,4965
1655,3885
3091,116
1153,2817
3464,1838
1987,4930
2032,2800
2548,4887
3565,4803
441,3877
4090,2838
3541,1896
231,2820
190,2800
942,4265
3494,4730
1270,63
3740,4966
167,34
894,4876
2691,2786
3705,2832
1711,4856
25,5016
1630,2825
3949,145
3566,1845
3223,1848
3146,4771
3163,4675
1717,2862
2679,2858
5037,4953
475,4857
1547,4937
3159,4855
229,2867
2153,4912
1974,4679
4520,4882
3823,2856
2015,4995
4062,2822
4546,4743
2266,4832
3157,4765
3407,2844
618,3886
3113,4792
1405,1841
617,1856
2276,4681
619,2814
711,4690
3309,49
751,3915
1801,4267
605,3884
1430,5065
1401,4687
4527,4681
562,3880
1182,4676
2682,4679
4197,1896
1160,47
3036,4671
1907,2835
2195,3878
2487,5002
2910,2787
3764,4770
3249,4957
1112,4741
4698,2786
4950,41
3695,2854
929,4934
2766,4693
1304,4929
1616,2841
1547,4761
1448,1861
2708,46
3823,4748
2074,1816
4261,2782
879,1837
175,4793
105,4751
201,4995
3301,4754
764,4635
874,4897
4083,4909
2927,4787
4449,4267
3299,4676
4580,2817
1449,5004
2679,4787
59,4250
1153,1817
2209,2860
3526,3878
456,65
4548,2866
3308,48
3082,4697
4564,4998
2220,4683
965,320
832,4873
1161,1861
4244,4785
5051,4765
3499,4720
3602,4972
1948,4734
1493,1728
205,4782
2592,4857
4208,2824
1571,4801
5039,1855
4156,4738
3371,4820
1311,34
74,4801
4927,2772
590,4963
3640,4768
1310,4728
2299,4989
617,4250
1541,4799
3171,4889
2158,5066
2921,84
3847,4992
3340,3924
2904,1896
1560,2779
3575,4872
4539,48
151,3886
722,3878
623,1735
2656,4671
1244,4800
1375,2772
3614,4900
803,5018
1050,4774
1506,4762
1241,4734
3980,283
2184,2839
596,2808
323,4759
4099,4778
4053,4904
2051,4885
422,3884
4536,4779
3181,2783
592,3885
3332,4734
2910,4742
1030,4900
787,4754
3063,4831
1511,2810
3119,53
2877,2816
3225,4903
2684,34
396,4671
1068,4964
3910,4749
3006,4965
1081,34
2205,4964
1509,2782
1428,4953
809,4674
2340,2767
2132,4907
1154,4995
2956,285
4840,4763
4555,1735
4496,4912
595,2790
575,2866
2599,4993
4577,5069
1940,5077
3673,4755
253,3882
897,5070
873,60
4532,1835
1545,1834
3444,7
650,4750
3183,4935
226,2786
2173,4910
595,1729
3118,2818
2766,4759
4401,1838
1191,4968
3435,1740
3747,4847
476,4690
966,40
1278,2798
430,4920
5055,2810
2911,4753
4708,3884
2850,2841
3072,3912
1975,4775
3581,2800
1144,319
998,4965
3432,2851
1072,1808
2691,2764
3975,6
3272,4917
137,5065
2498,4897
1158,62
3842,2839
2947,4732
3887,4872
1103,4690
3540,4946
289,2845
1679,4751
1391,218
651,319
411,2800
957,4801
2433,40
4005,4249
4319,1836
3497,4677
2081,1844
1323,4944
5007,4888
4702,5077
4623,2809
4209,5066
1617,4769
3233,4873
2912,63
3430,145
999,4253
708,4916
205,64
2091,2864
359,2851
3598,4828
1574,1842
2900,4675
258,4754
828,4784
3407,131
4122,61
255,80
4422,4671
2434,1748
72,5075
1141,5066
3889,4729
111,5065
1359,4265
2296,4790
1440,4860
229,5065
1455,34
2548,1731
3032,1808
3536,2824
459,4739
2219,116
2016,5066
4106,2772
1112,65
2637,3882
1355,2803
991,4769
2238,4635
821,1843
3084,1729
449,4921
623,2851
655,2784
1984,4818
1080,1850
350,4668
2664,4787
3327,4792
3901,2786
4328,2810
3978,4265
2089,4954
4055,4894
3380,4792
619,5065
3498,4972
4984,4793
4575,4876
2930,4848
696,2765
3665,54
4206,4930
5046,4831
258,2820
3067,2774
4980,4909
1341,2855
280,8
1610,132
155,46
2636,3885
5041,4906
748,1849
4296,3882
789,1827
2406,4734
249,5069
2652,7
2515,2825
2955,2788
3370,4676
4372,4824
3323,2840
508,4829
436,4831
3853,4900
2124,4250
1762,4936
2700,4760
3577,1857
178,4735
3667,4887
2025,1843
3235,145
4108,1833
4164,4828
3287,4773
923,2817
2309,1840
5062,3915
4526,2803
2233,4857
342,4901
2441,60
368,4635
1272,4739
1490,4956
2212,67
4389,2779
2262,4988
1819,66
653,4735
2354,4683
4558,1896
2726,4965
3960,4735
3173,4990
4167,46
74,4267
2216,5069
3063,4785
3766,2800
2701,2768
992,3878
2143,4855
1755,1855
1243,319
1259,2866
2322,11
1167,2767
1220,3883
3325,2843
628,1851
4401,3877
1649,4776
784,2825
3186,5
3559,4248
4441,4743
4338,1850
2017,47
3476,4969
507,4770
935,4695
2467,2798
4527,4913
3468,4264
394,34
4167,4815
3174,2785
4367,42
3103,5004
2471,4723
3306,4782
703,4696
2173,2808
1693,1742
4133,4828
2522,4902
1335,4696
1761,4683
234,1841
2667,4677
432,1833
888,3878
2113,2864
4386,4894
438,1841
2902,3884
274,1838
4352,4754
1242,4764
2341,4761
2737,4759
1128,4668
4628,2866
192,4797
2898,3885
2130,1731
1910,4877
3757,2787
3492,2799
1308,4951
2212,113
1044,116
2907,4679
563,4729
2548,41
999,1788
834,56
398,4777
2178,2798
1197,4671
2884,4832
3721,1818
4083,2783
4156,2844
4949,4963
1890,1728
3549,2796
3901,4675
4444,4896
3203,4784
4980,4754
2000,4824
2089,5063
2074,4879
3195,4759
1805,5004
4291,5004
1554,4748
1015,4849
3733,4694
999,4902
0,3884
1783,4803
1117,2764
1968,4672
2505,1727
4601,4911
2208,4995
2749,132
1417,2840
1823,2814
376,4831
896,4886
2432,4955
3420,113
1958,2823
4651,133
3180,5069
4474,4896
814,1726
1560,1840
4233,60
961,4676
357,4723
2988,2833
3262,4848
464,47
3993,1844
4577,2813
5083,4963
3335,9
3319,132
3643,1844
344,4849
1482,2768
1138,4879
2603,2825
3278,4931
1672,4678
4321,4672
4464,1816
3979,4249
2340,1834
959,2790
4628,4739
5013,4987
3537,4670
2709,4797
3448,4900
1530,4964
23,4890
280,4674
747,4723
2708,4731
830,38
4244,1818
1673,4992
985,63
5060,4904
2334,5001
2154,4749
369,2814
1461,4830
4122,5000
1300,4828
2876,3924
1890,4694
3232,4671
1145,5064
426,4790
3971,4635
1648,4786
4281,4759
2220,2851
4008,4911
1191,4800
337,7
3944,84
3304,1843
4657,1827
2194,4764
4744,4978
4821,4913
1562,2796
1553,4965
2424,4894
4109,2839
2003,1788
1051,283
3052,4891
4020,56
4804,3877
91,2799
1980,4919
2214,3882
2317,4920
2197,4253
18,4900
3981,4891
504,132
2327,4910
3678,4991
1552,2767
1629,4696
3991,4251
4143,4731
3299,2786
1401,4766
4447,114
4493,4696
3126,4909
3901,4884
302,4690
654,4749
1330,80
3248,5019
1581,4935
3540,4905
5030,55
2676,3882
1422,3886
1645,4990
361,1733
3403,2866
1078,4832
3646,4824
4660,16
3145,2855
4283,4768
563,4693
2216,2862
932,4979
2403,4887
3893,5020
2541,1860
2314,4774
4042,4684
3433,1788
2265,3877
514,52
1775,4907
4430,4768
3101,4739
950,4683
400,4889
4054,4737
1270,4988
3063,4888
3583,2848
4378,4682
3693,4905
208,4972
4350,4769
1199,1730
4105,4739
845,4634
3764,4894
4529,4735
3286,1842
3455,4792
3594,4896
2421,1740
1171,2814
3270,4900
3943,58
4027,4248
2341,4685
1497,1818
4591,3878
4217,4891
4113,4250
1528,2838
677,54
1296,4749
1522,2817
398,5066
871,320
600,61
1760,15
1366,1816
2388,3615
2315,4771
1646,4728
4189,4747
4638,3914
3481,4686
3374,4832
2508,4765
1898,4992
2679,4972
593,4891
2705,4676
2913,4921
718,2832
1391,4962
3387,2831
4642,4789
712,3883
3731,4900
1531,2835
904,4777
4626,3878
2398,2800
2375,4991
3151,5074
1119,4884
388,34
4802,4955
1708,2774
3586,4858
2275,4696
3164,4882
4192,4718
57,3877
3326,1737
2050,4779
1464,4251
3732,84
2433,124
553,319
669,4654
1078,4892
1655,1734
756,68
3208,4250
144,4935
734,4635
3020,2767
3107,2839
2406,4769
3263,2833
696,4857
2432,4998
3602,2823
1379,4947
1532,1742
1072,4793
1185,3915
3752,2799
3810,4634
4537,4848
3830,4697
4213,4687
386,1862
1298,2809
4178,4793
4710,3912
2442,1840
2324,4792
1435,68
2908,4673
913,4791
1675,2773
3156,4914
1810,8
653,63
272,4750
253,1861
156,2821
1255,4916
4061,4668
1975,4688
2224,1727
289,4634
2203,4909
3659,4768
4020,5066
614,4793
712,4934
930,2800
1497,3915
4467,51
1873,60
3000,1735
2110,66
4637,2837
4377,2841
1469,4748
2273,4966
2149,4789
4436,4691
2541,1832
943,2820
3326,4947
1363,4963
3808,4932
1388,4905
4705,4673
2563,4686
2441,2822
5043,21
631,2855
4893,2832
710,4691
1484,4769
756,3505
412,4760
254,2811
4310,4635
2403,4992
886,4689
996,4911
2274,4668
1494,4847
2688,5073
4544,2794
4105,4799
1525,4870
3892,4613
4125,4750
511,4788
4331,4883
3944,47
1241,4266
4271,2764
388,2823
1243,4954
3320,4935
4046,1860
3138,4789
4813,15
3481,2790
3968,4946
4508,4803
558,4774
809,4963
4614,64
3548,4783
2174,3880
1102,4727
1717,4916
2337,2776
2079,4935
278,2843
1958,4897
2618,4989
2450,5019
967,4952
4303,4672
2252,2855
4515,40
4401,4995
4020,4905
3956,2854
3472,4879
3127,4748
151,2822
2945,4830
1761,4862
4595,4264
345,133
2117,4908
2570,1862
5006,3879
483,4938
476,67
4863,2810
2119,4964
3342,1836
750,5004
570,4267
3667,2787
2889,132
841,2783
815,2820
1221,2817
705,4672
1261,2772
3437,4736
521,3879
1462,4921
2374,4786
3480,4723
3242,4990
1133,2864
2443,4765
1353,4848
260,1846
876,4957
1801,4997
3657,4691
3786,4873
3340,1839
3893,2831
1439,4264
4580,70
4007,4910
970,2855
3356,3914
292,2831
987,132
3565,4968
727,4993
830,2788
2792,1850
2469,4990
2293,4762
3951,4919
1609,4916
2589,3615
3280,4727
2048,2827
3785,4799
4474,4970
2239,4675
4667,4994
5050,3882
734,7
3889,16
797,4964
2917,4731
4047,4780
3608,4693
2585,4816
516,2844
2116,4801
163,4995
4350,15
1613,2767
2670,2823
2516,4734
329,55
421,2867
534,1838
57,2772
14,4917
733,4718
1998,3886
4243,1728
2510,4791
1579,1734
415,65
4065,4790
4425,2844
4700,4815
371,4674
607,1848
4551,4746
2249,4735
4700,2843
2981,4918
1974,4765
3958,4742
3215,4856
3714,4915
2850,4937
2604,1818
3039,2789
3847,2841
1370,1855
1631,2796
5024,4870
3868,2772
4509,4930
1415,4831
947,1846
3981,1833
5028,4991
2924,4969
897,2849
2882,145
4027,1857
1525,4890
3999,5063
1548,4769
4576,1817
3805,2848
1097,4828
2133,1726
790,2857
3855,1725
3799,4992
951,4250
3990,38
326,4749
1461,2832
4080,4824
1083,124
2004,2832
475,1725
1223,4995
2540,4692
1046,5016
493,2808
4618,4817
2941,62
3332,2821
1298,2767
4835,3914
1334,47
863,4883
2481,4994
1313,4997
761,2811
3962,5002
179,4695
4051,4791
789,5069
564,2810
2427,4929
1142,13
3857,3879
4075,2818
129,2843
750,1836
5043,4687
194,4815
3042,1839
4633,4264
1698,2840
3373,1833
4203,2866
498,2773
3532,4905
3095,2820
4178,4266
3348,55
616,1816
3722,4972
1444,4782
2258,1831
4113,117
1322,4789
895,5004
3103,4824
1404,116
544,4904
1574,4718
2254,2783
305,2857
1033,2798
3101,4957
4246,1850
2044,4265
4395,54
2134,4741
3062,3913
530,4774
3996,4251
4459,21
3653,4769
4895,4862
2120,80
175,48
3430,4634
414,1816
1530,4754
471,51
1303,1726
148,1850
590,63
3294,4768
4032,4783
2504,4759
3036,4816
3698,56
2162,4750
697,4755
4588,1734
2901,4991
931,4913
3062,1855
4657,4964
2127,4689
383,4939
2165,1856
1990,4907
1477,4748
4481,38
228,2838
1555,3885
2939,4904
555,1839
2741,4913
2091,12
2012,4742
2222,60
3526,132
4472,2803
1063,4910
801,55
810,4679
1038,2820
2094,5074
3585,2833
2591,2860
1599,4738
3971,1840
5035,2831
2184,4720
452,62
279,4900
716,53
2603,4830
911,4793
4245,2774
3174,4956
3246,4819
1252,4900
3565,2800
2594,4938
1222,4697
1035,3924
2718,2864
3221,4938
3129,67
2278,2790
581,4742
1400,38
4091,2671
1144,3878
4591,2858
2990,4993
3399,4831
541,4782
3863,4731
3793,4685
2894,1730
856,4886
2551,4780
1976,4971
4226,4888
2759,46
57,4670
2519,63
1608,4737
32,1817
1662,4692
4592,4897
2603,4250
2712,2786
4039,5020
1761,285
4197,2857
4826,21
2947,4761
1274,46
1598,2787
4714,4816
4592,131
593,2786
266,4885
4040,61
3677,1848
1338,1740
1913,318
2757,2826
365,3886
4942,2823
2089,4886
2306,4916
2659,4916
1823,4876
2519,2839
1380,4858
2616,2776
1512,4264
1960,1725
4256,2826
2439,2844
2087,2845
1268,4731
801,2783
3984,4678
2124,2658
3107,4793
1907,3615
2244,4872
1717,2812
3307,3
4837,4920
3942,4926
2019,4754
1903,3879
1643,4910
222,4862
2394,1808
2705,4251
705,56
4215,4688
2518,1847
2379,4907
3716,1832
4210,15
4435,4966
2481,2826
1934,4818
1585,5063
3402,4876
1427,1735
1503,2838
1784,2776
2162,4786
3206,2865
2760,2832
3360,4797
4633,2825
2995,2849
4221,4944
3565,4801
1760,114
4943,65
3541,4963
939,4791
483,3912
1789,4673
4326,1817
3991,4250
1780,2768
3628,2817
1344,1818
4064,4730
4044,4782
3684,4741
1148,2832
2376,4267
2624,4972
662,4964
4406,68
3192,2862
210,2790
1597,13
2460,2785
3916,4682
3308,2812
736,2658
2495,1727
3282,4970
644,4774
87,2847
2130,4674
4516,2789
604,285
405,4828
4103,2803
3133,2786
1370,1860
3550,2768
1693,4654
222,4697
394,1731
3702,4803
404,1846
864,2799
2890,2823
3778,1844
1235,4955
1942,5
2217,3615
1375,3924
2070,4828
3458,132
3375,4911
3469,4992
87,68
4259,2821
1057,4930
802,218
4388,4947
3605,1846
2067,4817
3653,3879
2305,2831
3450,4831
3415,4675
785,3
2956,4772
387,4947
4662,5000
1523,45
677,53
4224,4991
2750,4902
4337,1839
844,4751
2680,5064
4401,4966
313,4913
537,4267
740,4680
1591,4860
3440,4937
2927,55
2156,4684
4168,4727
2226,4751
4983,2658
1708,4920
902,131
3941,4921
2107,4753
3687,2768
4521,2865
1474,4773
2204,4775
2427,4873
4922,5074
4099,4815
3362,61
4713,4718
1937,41
3038,1748
3712,4787
3291,4972
3547,4941
1641,61
3905,4691
4196,4885
4578,4792
180,2767
1416,4731
314,4947
3579,4995
2687,4683
3862,4249
1637,9
2690,4937
2697,4828
3714,5069
4187,4900
4726,4939
3233,42
4014,4937
940,124
3973,4870
3146,2800
836,4741
4192,4941
2692,5019
3709,4971
1765,4915
4063,1851
4037,4916
2435,4681
3603,4780
3936,2858
1825,5066
1573,4961
4863,4820
1111,4774
4079,4718
2140,4819
4159,2858
1923,4878
971,4938
2521,2782
2544,4965
856,7
1501,1843
3319,4752
2439,4998
812,4876
2489,38
745,4694
2374,4884
1950,284
1933,1788
498,1840
3906,3884
2317,1832
1703,2794
2178,2818
2182,1847
976,4979
4076,4860
4391,1832
4365,4917
225,3615
4646,4947
2744,4926
5052,4772
3640,40
2051,4887
826,4253
4345,4947
4155,115
4064,2866
3444,320
3986,4903
4048,4885
3073,1788
1759,4793
379,4766
729,4911
2338,4994
1297,132
4381,4870
4439,4766
3952,4752
4188,4689
1491,2812
2929,4938
3090,1733
2583,4669
1233,2782
4168,117
4077,4828
1498,4720
4505,1832
4564,49
1803,4970
3053,34
4092,4689
4043,4901
2225,4736
897,48
1812,4801
1610,4877
2433,4870
4489,4849
4506,4785
795,4994
4806,2864
2345,12
4813,4267
4345,55
1365,2808
103,4878
3241,4935
1388,5064
1869,4993
1926,4253
3319,4849
1262,2782
3826,1816
3607,145
3947,4264
1536,4941
120,4932
3356,2785
343,4730
3136,4676
2416,2776
3983,2765
4610,2803
3775,4754
4103,2817
2000,4958
3060,4788
1947,4678
3503,1832
2043,1833
1870,4919
1746,4938
5060,4668
3702,2776
904,4855
760,4775
1880,3878
1315,4906
1868,4998
2673,4929
4225,115
3013,1839
3009,4892
1260,2858
2791,3880
1658,51
1188,4897
2673,5074
2970,2840
1546,3877
130,4988
2620,1834
725,4930
3092,4673
669,4736
4869,4687
876,4958
4344,4759
1874,4914
700,5069
547,113
2645,4754
455,1748
4299,4938
4525,2776
2452,4930
4399,5066
683,4918
640,1836
3209,61
3553,2814
198,2789
1985,4735
2366,5019
2202,4952
3288,4799
2884,4956
4003,4760
870,5000
2452,2847
3689,4918
1962,4876
5081,4635
1526,4882
2240,4880
3530,5018
3297,4673
3543,1842
2408,46
2511,4930
3379,4870
1091,2826
118,4687
1225,5065
2503,4901
4340,3881
4063,66
4274,4799
1131,2799
3676,4775
3457,2846
1142,1845
1312,4759
3426,4797
4585,46
3586,1843
3725,4696
410,320
10,2822
3641,5075
4,4772
2104,1839
2739,4891
903,4690
2188,4818
3837,12
4302,4771
3815,3883
4960,1827
1370,51
5054,2823
4713,2799
2967,2833
2292,2847
2664,1856
111,4746
2680,4676
4379,4880
1440,2795
4701,4791
961,4956
828,2848
194,4879
1032,3877
4586,284
1210,4889
3089,4883
2945,54
2775,4682
1541,1840
1090,84
3963,2790
87,4265
4270,2790
2544,4896
4410,3883
4252,4750
277,4944
1187,2810
501,4743
2336,4727
838,4878
1435,1850
1287,1845
546,1843
398,4880
92,5073
4098,50
3305,2811
3065,4997
938,4877
4261,3884
346,41
2422,3886
3184,5020
2499,4670
2975,4849
3581,13
1142,2781
1083,4862
1981,4718
1285,4763
2729,2808
4544,4963
1562,1740
3327,4682
1955,4824
5061,2814
3114,4830
728,4797
33,4697
3647,4690
1821,2835
1052,318
254,4674
3357,5077
4153,3879
2762,2840
3014,4781
1873,4944
4123,3913
2378,4861
3530,41
184,4969
2946,38
3817,65
286,5001
560,1832
3893,284
4258,1
1449,5066
3682,1837
2611,5069
3310,3886
519,2844
1738,4791
3132,4748
4218,115
3856,4773
3729,4265
485,16
26,4736
520,2837
4102,4729
2005,1732
220,2817
3572,5020
381,4888
725,16
3785,4728
4508,4743
3452,2803
2277,2825
211,4882
2549,218
3351,4778
881,4253
267,2783
3011,4680
3313,4789
4272,1846
2290,1734
3391,1816
2007,1850
4102,5019
1175,4678
201,4760
127,8
4269,45
3242,4752
845,2831
3902,145
3925,80
511,318
1907,4801
2037,2866
986,4953
2602,4738
4188,50
5030,9
2281,1851
1262,319
1904,11
3592,67
1882,4730
1399,4752
2947,1740
2162,1860
4539,4848
2397,4962
120,2796
2551,2764
2231,38
2393,4988
316,1842
1941,4857
914,4793
990,4686
2626,4831
4976,1726
4087,1846
763,117
2250,2864
1716,4894
4553,2857
2209,5064
4025,1851
1270,2824
189,3
3377,4784
2602,2838
666,4915
732,5
597,3886
2754,2813
4386,4829
625,1833
4288,2831
4795,4731
3706,4800
3502,2809
1213,4671
3796,4930
4252,4963
4165,2810
2173,4963
4323,1725
211,4896
434,4971
2802,4779
4158,4685
4536,1834
2969,5001
802,38
995,4995
3330,2857
4853,4791
862,3912
2946,4938
4155,2823
1326,4947
2592,2787
1507,3886
3150,4253
628,2829
5072,4679
3371,4906
588,4961
3567,3924
1942,1740
1113,2853
4227,1857
3350,1850
3743,47
738,5064
3863,5065
189,3882
3436,113
2053,2810
4414,4944
1669,4730
2347,4940
2050,68
2684,4691
3678,4781
906,4930
1868,5070
895,5074
2613,2781
1605,4952
3823,4683
4404,3882
824,4790
3984,4679
4195,2798
2528,4988
2682,2849
1517,4996
3852,2855
4013,4901
3092,320
4624,4993
627,4751
739,4937
3310,2767
4007,3615
2921,4996
4332,4829
205,3913
2007,2822
4716,9
4262,4848
3964,4817
1532,2846
1549,4963
3630,1843
2311,4955
2089,40
2989,2671
492,1849
3330,4820
977,2817
2203,48
2125,4669
2324,4774
3319,4751
4432,2799
2570,4762
692,1860
2134,4992
3145,1728
2421,4887
4547,4737
2370,4992
3829,4996
3296,4816
3001,2773
1137,2829
1099,3884
79,4908
521,2848
901,3882
2955,2846
1956,4883
1364,34
4556,4679
905,3
1261,1850
3225,2854
3540,4907
1947,4749
3652,1837
1096,3880
1972,4787
850,3881
3241,4671
1887,4766
2740,283
626,4266
3293,283
1027,67
2904,4882
2461,4990
18,47
44,2823
1583,62
454,2783
771,3883
505,4876
4575,4913
2072,5070
3596,1835
2220,4688
851,4673
4288,40
397,4897
2983,4782
1549,1847
2362,4891
4483,2765
1550,4819
2868,2818
611,4746
4560,66
82,4753
424,3924
3482,2782
865,2854
3447,4897
1555,1847
2346,4253
3734,2794
1679,4890
1456,2832
853,4751
2385,9
3550,4885
2756,40
3075,4742
4541,4730
4016,2823
627,4904
1086,5019
2801,1862
138,4720
971,2818
4320,4952
684,1849
1877,4965
1383,4682
3750,4941
4532,4773
3734,4747
4259,4903
299,4815
898,69
547,4251
2964,4781
79,12
608,4694
4531,63
2351,1847
2578,2841
1712,4778
2095,4820
3253,4828
2549,1732
3141,2772
1821,4803
775,4797
2186,4963
4535,1816
4376,21
3624,1837
3058,4748
1060,15
3397,4978
1791,2671
849,4670
120,4697
537,1850
2308,12
917,42
4322,3877
1369,131
3858,4737
1825,4952
1647,2838
1223,2798
3494,4904
4512,4763
711,4780
585,4994
103,4891
982,5004
335,320
4031,4965
2474,4786
3445,2851
2965,133
3209,145
5060,2776
4213,4685
3341,1856
3889,4690
715,4903
2276,5065
2792,4962
536,48
2047,4752
983,4791
4138,4876
2565,4910
3135,4876
3483,4970
394,2798
3206,4916
4119,4675
2467,1808
518,2799
1386,4732
1067,2855
4458,1832
3536,4267
598,1837
1878,4940
424,4918
3368,2794
744,4916
4586,2776
2743,4896
2793,1841
623,2824
1924,4739
190,51
4334,1748
961,2817
650,4937
3888,12
1756,5074
619,4689
4853,4896
719,34
3436,218
4013,4697
3773,53
536,4250
2663,4921
2166,4979
686,2779
3477,1860
3421,2796
338,4691
4123,68
2339,8
1943,117
4562,3912
3805,1732
552,2843
3836,4998
2066,2817
2529,4991
1001,218
3503,4251
1738,2821
2499,2658
2725,2858
902,5064
1294,4997
1276,4752
1990,4774
1019,4815
689,4860
1744,4872
1036,6
3081,5020
640,4908
2587,4752
1234,4765
312,4952
5076,4764
4436,4915
3055,1842
3947,12
582,4910
4303,4908
3816,5070
838,2825
1946,5070
3963,4692
725,218
212,3
765,115
5045,4988
4197,1848
863,3884
4394,4251
1122,4761
3826,2814
1368,3882
4603,4790
2115,2671
4516,5002
656,4938
1945,4676
213,4789
2769,4906
3614,4885
992,4787
2565,1837
3889,117
3127,4750
3608,4856
1146,42
3392,5065
3554,4952
5058,4251
317,2822
1987,4687
668,4831
339,2866
581,2783
3496,4919
1005,4911
4809,131
2643,4687
3218,4883
356,4671
2970,2841
4521,4935
4140,4803
789,4858
262,2845
3351,145
3303,2814
3866,3914
1558,3878
26,4781
2012,2860
2365,2853
2625,1844
4156,4914
1968,2864
3244,4782
2941,1726
2695,4635
1402,4777
822,69
2370,4791
1684,4732
3411,2860
1213,2786
363,4910
2932,5074
1278,114
3738,51
4205,2816
4198,2849
2432,4883
159,4750
3800,4997
672,3505
3093,2783
1859,2822
3770,3505
1620,4763
728,1844
4070,4750
3764,4759
2946,1843
500,2809
3650,115
2243,4800
2577,4938
1432,70
2528,1838
4263,4952
2711,5070
3972,12
504,45
5080,4855
2917,4955
3153,1850
3530,4989
2447,4817
422,51
1005,4897
735,2854
4302,4913
4521,4896
2518,1730
2644,4248
3173,1862
2530,5064
2976,4728
2980,1841
1181,3883
3439,4988
2587,1837
824,4749
1226,2810
4431,4873
3482,50
4549,4873
257,2839
3429,3883
4356,4613
3806,3
1158,4992
2065,2658
2055,2821
457,1726
1152,4938
2184,1840
1268,3
5045,2811
466,4792
4384,1848
3454,8
2206,54
2296,4952
886,4957
215,58
3705,2813
1773,65
1566,4762
3245,2658
2961,38
1687,2847
1398,4694
5023,5001
1236,2847
2897,62
2870,4688
2082,4961
3210,2831
1066,4789
2043,4936
1418,4739
3194,1839
2317,4801
2945,4920
4011,4849
4114,34
237,4963
2751,4883
1354,51
3226,1788
3543,5001
4605,4961
3673,2849
802,4876
1330,8
2677,4775
1033,4793
1269,5069
1434,4786
2009,4970
4311,4734
5060,8
1309,52
2885,50
1960,2826
2568,4906
543,218
992,4908
3967,5019
3706,62
433,1827
356,4770
1489,2862
4016,3505
3904,21
2530,4668
1015,4860
1614,4920
808,2794
4357,4915
2253,4860
122,68
3036,3886
1664,2825
2205,4729
151,4891
4442,4947
2036,4951
3873,2787
4618,4990
620,2862
4375,5066
4451,4684
2508,1848
2645,63
3631,5074
1067,4920
4725,50
259,2799
657,4681
1761,4793
931,4992
1267,4753
5037,4687
3721,3913
4210,4680
4548,116
1650,1844
5084,70
5039,5004
1158,4787
4608,4886
1959,1728
3622,5064
3603,2822
1899,4779
942,4613
308,1855
2395,4742
3154,4689
1532,66
774,4887
1935,2823
2519,1729
1058,4773
1492,2788
4642,283
413,4880
348,2821
2278,68
2389,1845
2056,4770
331,4936
2268,42
1187,2858
4975,4917
1591,4936
1435,3878
432,4918
1801,5073
3280,2831
3682,2821
1804,4828
4068,84
286,50
2544,7
3937,4884
3733,4691
1678,1727
1154,2783
1205,1729
195,116
976,4733
1429,9
2679,1838
384,1835
3283,1827
3193,2831
3816,4870
4590,2658
3792,45
4303,2671
4822,4789
2404,4679
1056,4800
3195,46
2558,4919
2380,4678
1067,4918
3391,4890
3729,4799
202,4920
743,2814
1803,1838
2723,4797
635,4901
2530,2799
78,2857
802,4686
2763,4780
2665,6
288,5020
903,4737
1125,1841
559,4766
2611,2779
3825,1855
3887,4956
3669,5001
2732,4991
1141,4831
623,4968
3711,4855
3726,4789
1025,3879
3154,1727
369,4781
1903,4986
1885,4251
1153,4728
3138,4873
1306,4919
2600,11
3935,4785
2757,1839
4510,1855
2709,4907
1233,2839
3708,5018
1741,53
2863,4783
761,4887
2572,2658
1550,2833
4025,2782
1957,5002
2612,1827
3354,4759
3253,65
470,4972
1300,4831
2516,1726
296,4734
2224,4891
4589,2823
4370,4265
4758,4998
1626,70
1874,4746
248,2835
4603,4654
4500,4961
1073,65
3709,4918
4160,4939
2717,4952
1292,4912
1115,2824
3072,4937
328,1850
1533,4965
3120,2764
175,4689
696,4926
312,2803
2802,4909
3843,1846
1297,124
2755,4992
1743,1731
206,4914
3876,2798
2967,34
681,2833
1189,2779
3981,4969
1323,4815
2113,4800
192,4764
5023,2844
4081,4786
3423,5063
787,4730
972,4908
3957,2844
3906,2846
2014,61
1130,4786
1272,4784
2547,4689
2128,4765
3113,3
3905,4679
3117,4905
1418,320
643,4913
2634,1827
3930,4729
2453,4691
2679,4793
4661,4249
830,4751
1088,84
3972,4677
2128,132
4137,4904
3996,4905
470,4879
2650,9
845,4742
3103,4780
4865,1896
3643,4971
2496,3881
3161,2837
44,1833
5051,4739
565,4850
1763,4965
4981,5070
4074,4939
4059,5019
666,4884
1648,3913
2968,283
4224,4691
829,3882
1975,4872
1557,4957
4100,4912
4492,114
2364,2658
1819,4849
533,4938
769,4905
2931,2774
1805,4926
2063,2862
208,4749
1276,4691
4153,4938
296,67
2801,4787
203,3505
3363,3
820,4951
229,1835
4517,2854
4054,5073
2501,3884
4643,4884
2209,2788
3593,4752
2030,4929
746,1728
4429,2837
4626,4801
4304,1740
3287,4857
1326,4861
373,2840
3595,1837
2989,2818
1200,4903
825,11
1536,4993
1241,4720
1611,67
4710,2837
2438,4931
344,1731
3007,4790
4154,4970
4089,4265
2002,4961
2090,4770
4259,133
4767,4939
1261,1835
4206,1788
2975,2856
3623,4815
4521,116
4368,4830
2174,4873
3386,4829
1694,55
2667,1788
1560,4250
5034,4761
2038,2803
2446,2849
4588,68
2127,5064
205,4680
3677,4792
583,1788
2646,4668
2710,124
4423,4829
759,1817
3228,4894
2529,4972
564,53
3240,3915
4726,145
1648,4674
1682,4858
572,3924
1815,4672
897,4935
3238,1851
4660,4914
2081,2827
3735,3879
2237,1862
803,4768
1984,4878
1333,1788
223,4890
1567,4753
757,4680
4186,4904
3528,4830
3897,5069
1935,4936
1184,4934
4445,1836
3460,4856
3421,2860
2396,4935
2358,5002
4660,2767
2314,54
4431,4762
570,4793
1709,4672
607,2773
4617,2822
3423,1735
3142,3883
4133,4753
1217,16
2948,2833
3614,4904
3631,5002
2600,3880
1091,4860
3754,4759
1332,5073
3686,4912
4698,12
4639,2812
1926,4690
4011,2833
4041,4884
351,4654
2262,4954
2097,2849
2675,4761
3042,4963
4211,1844
1314,2820
2313,2765
1390,4817
191,4683
5036,4251
2398,4718
2679,2826
2099,3886
3635,15
3386,4958
3132,4820
656,4751
1079,4929
1395,4897
3560,4250
4639,4906
2435,4763
3292,1734
1310,4940
4933,2853
2098,4748
2003,70
486,4779
3298,4799
638,4916
2384,2851
2528,2829
3020,2808
3603,4687
665,4955
3324,4916
3020,318
4863,4727
1330,4818
2445,4958
4353,4957
2171,4677
5030,4785
791,1735
4925,2790
690,1856
4072,4910
2213,2783
4127,4680
528,2847
4428,1856
4418,52
2581,4765
5022,3880
4466,4689
1823,113
160,3914
4605,2862
1508,4917
415,318
337,4817
2608,12
2934,2818
3775,2823
2586,4961
402,4674
365,4686
586,2855
3968,4723
1058,2782
2458,4764
4152,4783
1585,1855
1736,7
3021,4969
3817,2840
3212,4988
4271,4687
1348,2827
721,2789
4080,2768
1650,4963
1456,2794
947,4934
1416,2817
1445,4689
941,132
1532,41
4598,70
3261,4697
1237,1740
3817,4787
2273,2814
2017,3924
4301,3915
1859,4761
1609,4686
4203,4779
3118,133
4552,4780
2083,4855
1265,4939
303,4992
3066,1788
4564,65
3105,2788
3467,4634
4028,116
331,4878
3075,2800
4024,4993
1366,4897
2668,4828
4115,4939
4459,42
129,2808
892,2865
1486,4613
4188,2864
2682,4759
562,2818
2009,4696
2880,4879
2459,4882
1497,4903
1608,2857
3482,2821
4216,4674
412,2816
2511,4654
3309,4885
2095,4911
483,4248
4418,6
1945,4772
2206,84
4543,4878
4522,1740
811,4995
4274,2845
584,4828
1929,4249
2118,5
4081,1839
202,4962
3491,2831
3025,4815
321,2851
3796,2800
2758,5000
1130,2858
2586,2845
3340,2860
4307,2843
1677,4732
1400,4888
2462,3882
743,3615
4365,4776
2548,2821
1223,4669
2224,1837
3316,5073
1941,2809
2043,5019
2116,2867
2538,3505
3399,4929
1553,4829
2221,2788
1312,4888
1435,2866
2792,84
3210,2767
2041,3879
1355,4954
1412,4684
2072,5016
1028,1845
832,5064
4619,12
4387,4891
1537,4820
3386,4978
2449,4965
2084,4746
4744,4686
3967,1896
3121,4668
715,4613
4056,4891
1588,4692
2716,1832
2333,4737
2758,4692
3168,4880
1512,2835
2042,1834
455,2844
3057,4855
893,80
796,2808
1592,2783
2574,4971
4391,9
4304,113
502,4727
1026,4831
967,4635
3437,47
4503,5000
3320,2799
4049,3615
2042,5000
4811,5070
817,4762
1026,4686
822,4671
2558,4888
4637,4635
2251,2823
4294,4872
3495,1850
4650,2833
2517,4791
307,4965
1027,4936
3432,4989
2448,15
2717,4739
5005,2794
611,2788
1482,4738
3171,4613
1821,2833
4074,2782
1190,3912
4804,5000
240,4900
2631,4743
1051,1862
1281,4904
4486,2809
2057,16
3113,1855
1406,2776
2719,4671
427,4944
4434,1837
1938,4790
160,4789
3906,4978
4579,4951
3802,4694
3267,4971
618,2776
3663,4754
2186,320
4365,84
4230,4752
156,1862
4068,3915
1406,3884
2323,1727
2144,218
1163,2827
3069,4957
4659,16
4461,4889
2221,1850
2905,7
361,145
1624,4994
98,4994
2107,5018
1049,4779
1535,3880
3999,4679
4347,4782
1972,2808
281,4934
1330,4987
2680,218
4982,5065
1508,1740
2527,4738
666,4720
4040,4635
1166,4680
499,3915
4045,4769
2643,3881
1691,5016
391,283
2043,4953
497,4894
2726,4920
3271,1834
1028,4856
1492,69
1998,4654
783,4265
3335,4957
1586,4683
1768,4986
5003,4691
1624,4692
369,4786
3837,4613
4076,45
1752,113
3795,4944
1761,5018
3605,55
2600,2794
430,2765
952,4751
2966,4741
4184,4750
1220,4972
1752,2764
3656,113
265,4613
1598,4920
5058,4986
1032,4996
2753,4693
4369,2854
4716,4654
1415,4783
3201,4784
999,5069
3028,2817
738,3915
1074,1841
2312,63
2035,4847
3562,4858
540,4890
2350,4788
4425,4979
2171,4764
2633,4723
3521,1748
4299,4966
5005,54
1517,4897
220,2833
3958,2840
3435,4991
4447,1733
2208,3885
3145,5001
1235,4913
77,2843
3343,4992
1522,1840
897,3881
2291,2774
3520,4873
491,4783
3008,4771
4290,4901
269,1845
1885,4679
763,4820
422,285
1079,4778
2145,4688
1166,2822
2792,4777
4422,4760
4189,4771
4131,1808
1996,4829
3721,4965
4802,2776
2695,2856
4411,2784
3975,53
4294,4743
2437,4799
2696,1729
3763,4760
772,4695
4083,66
1942,1725
2437,4800
1074,4671
4418,2789
274,62
2223,4750
2591,2847
1976,4778
2709,4793
1637,4682
2687,8
1572,4910
4201,42
3570,4880
2757,1838
1005,4743
4382,113
1469,4803
598,70
3392,1731
1073,4720
3495,4896
2364,2814
3967,1842
4501,4763
1532,1847
729,6
1952,4690
1016,2831
3671,46
2869,4773
2108,2811
3984,58
253,4718
2230,4829
3928,4971
2070,4801
926,1849
4400,4850
2656,1
4726,84
4836,1834
2009,4752
1047,1841
4823,60
4448,2866
814,1740
4609,5001
4510,4880
3521,42
602,4908
4592,4946
948,4944
121,16
782,3505
2236,4849
607,5000
3952,5001
2218,1862
3282,3878
763,1860
2733,5064
1867,46
463,2820
4005,5020
2579,5077
394,4773
3782,3913
3302,4936
3121,4873
562,34
2761,1839
2357,2784
2939,4774
4604,2818
4190,4988
3666,4720
2021,84
3545,2779
704,319
3557,2779
622,4878
1445,4635
589,4958
3585,6
4498,1727
1530,4978
909,1846
2919,4803
722,4695
147,1737
707,4962
3942,4956
2874,4989
3279,2837
4621,4752
3974,3
539,4752
4353,5063
3122,50
1871,4901
1749,2823
2275,1851
1655,4857
5008,4688
3029,4885
1867,4994
3642,2774
638,4968
2863,319
2256,4885
1491,4963
3937,4768
1754,2803
4041,58
3904,4801
1138,4685
1248,4891
1461,5070
3175,4929
1324,69
4135,4862
3105,4906
22,4938
719,4816
2351,4731
1374,4789
1290,1834
911,2848
4524,4857
2294,4880
2737,4769
4609,4773
209,4675
1812,4969
2156,4830
3578,145
3979,4883
4473,4732
3466,4770
24,5001
2260,4887
3790,4752
4333,5069
599,4817
2393,1836
390,318
2983,2803
3432,4691
1498,5
421,4634
2947,2847
4112,4879
4316,2816
942,4771
3087,4669
2453,12
3393,1835
3612,4697
3851,4749
4380,4932
2508,5070
565,283
3068,4681
2337,4913
3238,4917
3712,12
1194,2671
1636,4890
3702,1735
3175,4753
4170,2784
1721,3880
4580,61
4160,1846
216,4787
3535,4696
2732,4768
3990,12
1525,4769
4097,2843
593,4830
719,4992
4122,34
2496,4780
1167,2849
1383,4249
2641,4848
4725,2860
2606,4738
3061,4749
1958,5
300,1788
2883,4687
5062,4937
2973,4817
2129,124
3800,1831
195,4800
2106,4829
2229,41
1238,4978
3894,2824
258,2809
4237,2857
3125,2833
3680,66
1786,4824
2683,4737
2610,4771
1326,4735
3067,4654
1012,4697
1312,4750
3665,4894
1951,2768
2746,5020
4585,55
1997,4251
750,4998
4328,4861
3468,4784
4705,2816
4344,1834
2211,4248
3344,1862
2793,1728
235,4938
3184,133
3479,2812
2093,4889
1223,3878
4096,3885
1291,4956
1442,4887
4461,4785
2249,4816
3337,4690
2968,4961
4234,4790
1915,4739
1425,2820
2026,4994
172,4962
5013,4751
3496,4856
466,4675
711,4879
358,4733
5038,4729
2713,5075
2101,2839
531,2788
3713,4964
4579,284
3568,4916
953,2786
3243,4696
4182,1729
4145,4687
4487,4788
1012,4890
4959,2845
3859,4755
4203,4971
2742,5004
3276,4986
2056,3915
1316,4753
4557,4965
3670,4691
437,4265
1565,4887
4709,2799
1483,1851
614,4941
1535,1730
3898,4909
4298,4675
2377,4953
1721,4694
3719,4937
4014,4779
4315,1748
1998,2783
1665,4955
825,38
3240,4916
1003,2811
1439,2851
379,9
939,4883
2008,5066
1458,4938
4078,1834
1571,1740
3063,1727
4467,4966
3302,4966
947,4937
1102,4996
3431,4678
1446,3878
4032,1740
265,2826
3362,4887
1112,2776
2791,3877
4196,1849
4726,5000
529,4855
2645,1841
2249,2808
3024,4248
3341,4267
1271,4996
4222,4876
4863,4870
2975,3878
1274,4248
1828,4892
3076,4947
102,4870
1927,2860
1566,2818
1084,4732
1484,4819
4794,9
4594,2855
2291,4696
2636,63
1895,4677
2988,4856
1214,4668
2060,4720
4219,2856
2032,4878
102,4753
3542,63
1820,2867
3502,2774
44,40
1265,3880
3654,4754
3785,4673
3292,2814
3013,4753
1184,2776
1805,1862
2280,318
3140,4771
332,4688
2480,4690
800,4791
3217,1896
1360,5066
507,3886
392,2795
3766,4890
2423,4680
848,5000
800,4902
1075,1849
2397,4729
699,4937
1794,283
487,2781
72,1850
3936,4987
1918,4769
4096,4736
4924,4720
3137,4762
4273,1856
4575,3877
1872,4771
281,1740
2549,4995
1509,4911
2700,2865
3582,4784
688,4858
892,1844
2227,4832
738,2796
3038,2843
4495,1740
1005,1836
955,4737
2027,4747
602,1857
3072,4815
818,4760
2167,3883
1049,1816
5082,1788
2089,4957
3692,4785
2918,5016
4140,1726
4605,4687
3034,5004
1500,4979
3411,4969
4096,64
3815,2831
136,1836
4573,1844
3345,4267
1325,2821
291,318
305,4885
594,61
4282,4613
3816,58
870,4654
4564,2800
2662,1838
3843,5016
3271,3924
4213,4992
2221,4965
3306,4793
178,1831
1514,4693
2370,4918
737,1896
4124,1844
1854,49
3407,4718
1050,4966
2338,2811
2011,2784
563,4944
3151,4803
3873,2865
2620,3880
3023,4779
4418,4931
2035,67
1637,283
2159,4730
568,4905
3572,4685
2613,1839
3023,4696
1433,4958
1812,2773
2641,64
3450,1846
3670,2867
3781,4911
2926,2767
1601,4905
2519,2831
2655,2841
1890,2786
3638,4860
5061,2845
100,4683
4355,4879
4117,2811
1684,34
2258,4910
3419,2860
2392,2831
1249,47
4169,4957
2553,4941
2077,1730
3538,2844
2893,4883
342,4747
1379,4785
335,1840
3964,4697
3379,4779
2348,4931
2730,40
401,6
678,2822
1877,1788
2743,84
444,2658
3994,8
570,68
4276,2824
1559,4742
1230,2786
2096,45
196,4799
1312,1851
37,4964
1167,2841
4183,2781
3459,4894
1637,4884
1342,4970
3791,8
59,4741
4439,5004
1119,67
4079,4880
1460,4910
1475,1861
415,4971
4053,4986
134,2817
2457,4760
354,3924
467,4728
3321,2843
1257,1835
4702,1849
2592,5000
370,4894
3589,3880
1532,4741
3546,2837
2463,4870
3355,1844
241,6
4298,1862
4124,4886
602,9
2424,4803
908,4670
799,4887
3992,4919
3436,2782
4,117
1353,4913
3160,2827
2501,2813
2164,4749
2592,4694
675,66
3370,1726
1475,4921
2697,66
1953,2765
4466,4901
1692,2839
328,3615
2389,62
1069,4753
1373,2764
3379,4793
3498,116
2574,5077
3402,4791
2391,4934
3457,4958
3498,4828
4068,4862
968,4953
3943,3924
4657,4264
2274,4947
4367,1848
991,4932
3803,4952
3343,4995
3165,4970
4462,4792
828,3880
3717,5075
4481,4965
4652,4786
4500,4957
751,4690
661,4934
997,2785
2383,5070
3332,1726
853,2829
905,4903
2971,58
2303,4870
1372,4671
97,131
1676,5018
3178,4941
845,4900
3040,2867
4174,1848
1017,4858
4715,1728
4024,1847
2271,4862
83,65
4842,4739
345,2838
3102,4824
3603,5077
732,1848
443,4919
1866,4970
2021,3878
3942,4673
574,1737
74,4883
2894,4248
3841,48
3301,4728
1697,4677
2587,1896
835,4679
3380,2831
5034,4771
107,4678
1339,4768
3762,4855
880,4913
924,133
769,4738
341,117
4293,4971
3843,3885
97,2829
4275,4848
3921,4939
4152,4934
2948,2811
1960,4991
1540,2796
3873,4681
3087,4681
95,4953
2052,1835
457,3885
4837,4900
2294,1730
404,1836
1709,4792
3158,4790
4136,3883
1750,4634
3300,46
2499,4958
2156,4901
2707,4687
1596,4897
1604,2838
414,4965
2213,4992
1171,4972
2329,5020
3559,4962
4415,1862
3508,2796
176,4816
2980,5064
2931,4848
4173,4739
4474,1856
4354,2782
4525,4901
2159,38
638,4697
998,1733
4340,2800
5034,133
1253,4671
97,2764
811,2814
2650,4951
561,4778
262,4683
1785,2835
2673,4830
4394,4684
968,4788
1961,2794
256,4267
1319,2846
3529,1835
194,4750
2072,4915
2896,4613
2987,4830
4149,4861
1238,2821
830,2838
4181,62
1811,4856
1587,15
2105,5070
1212,4768
4564,4879
3144,2820
2770,1847
409,4778
1300,4728
2411,2845
4305,117
2214,84
5078,2866
2971,3915
3279,4914
5022,16
899,2800
3942,4908
4259,1838
1593,2794
1897,4250
23,4613
122,4769
2667,2853
4839,2779
2433,2768
749,4762
661,2658
2894,4774
440,4729
1080,46
1427,2671
647,5066
2134,4902
210,4946
661,145
2568,124
2594,2840
118,4939
920,21
2340,3882
2698,4862
3104,4693
3358,4634
4794,4957
2198,1818
3120,2812
3399,62
105,2782
4576,2783
3549,4955
4508,114
929,4952
3539,2847
4229,4735
1962,4676
2714,4673
892,55
2990,4850
2676,1748
828,4969
2978,2817
3515,4932
3444,4680
1582,4771
1390,2787
3026,4670
4,4830
2095,4817
2902,4803
3051,4682
1009,70
643,1836
1262,2823
3208,3882
2896,4738
2940,1896
449,15
4490,4760
372,2794
3972,2841
2393,4783
3747,3879
3708,2855
843,4774
2214,4782
4442,2779
608,1843
3746,117
251,4780
5051,4755
425,1833
161,4978
3140,4921
4437,4741
1254,4781
739,4966
1225,2866
4237,4873
4567,4685
516,65
4154,4780
4536,1896
248,2865
3416,4870
3815,1836
413,1855
30,1847
3662,4888
4422,5077
1220,1850
888,1731
4427,4897
1670,4951
4182,1831
2213,4917
4157,1839
1116,4735
1976,5000
1796,4873
2475,11
3252,131
4600,2844
2750,4820
3589,12
2073,4934
383,4879
3045,5016
1753,4749
1650,4892
1806,2773
5027,4921
3356,1808
1905,4778
2186,2800
2311,1837
2448,4776
219,4742
148,4746
141,2844
3719,5
1780,1737
2117,4790
2221,2814
1260,4828
3533,4682
4598,2846
236,4847
2164,4694
1363,4966
4585,4872
4866,4958
2749,1856
991,49
1741,4966
927,4940
4609,8
3823,38
2319,2856
3973,283
1710,4654
1677,5001
3583,4671
2143,42
2194,5069
3369,4763
397,4930
292,2822
3482,4887
1335,3915
1640,4779
1458,1861
3197,4938
2719,4890
2482,2810
540,2671
4337,5016
4041,68
2880,2857
2017,5002
3980,4919
1783,4742
4719,51
2326,4800
1012,4891
1393,1839
2709,46
3719,2845
752,11
1147,4954
4875,2821
3506,1838
1578,2860
4563,5070
3223,3913
3757,145
692,4753
4117,4978
179,4734
3390,4856
4152,9
3784,4718
2413,4896
4976,1835
982,4991
4859,4730
14,2826
3253,4891
2418,69
2241,2862
1482,4972
250,4777
3687,4729
4933,13
2218,4692
1438,2803
3345,4877
1255,4790
374,4894
2272,2774
643,5004
4853,2837
2087,4986
2719,4677
952,15
1720,4879
3255,4962
3737,4749
2283,4800
1613,4966
1646,2856
2532,4992
5055,284
1161,1818
85,4847
3992,4989
95,114
4130,63
191,1733
111,4736
3005,4789
4270,4743
3702,69
385,4978
4166,4916
3323,4797
1701,1827
3843,2809
1204,4995
2207,4723
491,1730
3269,7
2914,2795
4375,2856
1292,4971
2598,1851
2515,2817
1804,3881
3630,4776
2338,2790
2091,4670
3983,4249
442,4858
4157,1843
2423,4683
5053,2824
1516,4755
2925,4944
2726,4739
4701,1846
3962,4997
4512,48
4802,2784
3618,4780
623,4818
4096,1833
554,4919
1408,67
4609,4961
371,4907
1493,4723
2885,4894
729,4766
5054,4768
1499,4884
4413,4681
1908,2783
2747,1734
1005,4894
3782,2860
74,4957
4980,2671
2307,4986
2064,1848
287,2794
334,4817
2384,3913
4465,4800
3948,1849
2027,124
917,4830
4285,1740
3108,4793
4276,5065
456,145
4713,1861
2561,4253
5050,4909
247,4998
4484,4939
1956,7
1368,1832
1699,4685
1881,4978
2072,283
4444,5065
1661,1846
3226,4872
749,4817
3710,4901
2650,2864
3953,4816
1327,4741
1494,4735
3404,4803
1315,4750
1103,2843
2249,4909
1526,1730
2624,4858
3301,4880
1481,2799
486,3883
4174,2820
4354,53
1773,2671
3751,2765
4382,4969
1183,2789
2154,5074
3694,2779
359,4901
4625,2803
3210,2826
3967,1732
3767,60
37,2860
1546,4915
3286,4880
3050,4801
807,113
3494,4790
3799,2779
235,4857
3908,4907
1122,5018
3196,4613
3267,4687
4254,4673
3972,3881
750,5
2440,2860
460,4955
2349,4728
912,4669
3018,4780
622,4966
3478,2835
1339,4743
2162,4957
3591,16
2617,46
3096,13
1796,1848
1446,283
2124,42
4024,4929
882,1726
4653,115
2634,5020
3381,1816
1773,3913
3951,1850
1986,2800
3063,1843
4001,2776
2705,1737
2653,51
4013,2851
1750,4748
1830,2849
297,4675
1015,4680
3065,2841
4421,4684
3671,2787
3946,2840
4794,42
2619,3880
3662,4790
1313,4831
4698,2840
1310,3878
4726,4791
3932,1726
2125,2829
3640,1788
3796,4920
3208,4897
3389,4862
2706,46
2687,1733
3747,4673
1044,3924
2080,2796
2095,4956
4095,4891
3634,16
3716,1841
3609,2841
2029,4860
2963,4877
2109,2809
4086,4737
3551,2773
4342,4938
2324,4750
3337,4953
3737,1833
4411,218
546,4946
4621,67
3684,5000
2428,4253
315,1849
4985,2803
3164,1834
2726,2773
4306,4785
3556,4944
3033,1818
3774,113
4661,4991
4025,4929
4468,8
5014,4896
259,1838
3517,4752
3564,53
4982,4990
289,4692
3402,1726
1981,4732
168,4876
3705,319
25,4997
143,62
339,4676
3261,4779
4595,4249
3763,4748
2582,4914
3187,45
1999,1740
2859,2858
1193,4686
1552,5064
3528,4938
4795,2765
405,4803
4494,4684
1503,2808
2919,113
2050,4815
3500,4266
4328,4677
934,4784
1699,5016
1133,2817
2416,4926
2187,9
176,60
4126,4913
4373,1727
3079,1726
5049,4897
94,132
4592,4728
2015,4938
4326,4676
3255,1843
5031,2810
798,2798
1784,145
4598,1851
873,4931
3952,2813
545,4782
477,1835
2341,4691
3630,2796
1505,4965
2087,4862
2324,4764
516,4918
3433,4862
1904,1728
4114,1788
2422,4961
4435,2866
234,4894
3595,4913
2761,1729
2546,4783
926,131
2383,4734
2011,2767
3538,145
4242,4250
842,1816
3431,2864
2436,4674
103,61
711,1730
2226,4727
4334,4671
3335,1856
1321,2772
1071,34
384,4914
3855,4266
3148,2835
3605,4905
225,4968
3412,6
2996,5000
1978,4752
2429,4889
3580,218
326,4880
4065,1748
2178,2810
2237,4635
2149,4969
676,1831
149,4857
2706,2851
3016,2829
1971,2768
1100,5063
1309,21
3207,5063
2362,4770
2054,4788
1406,145
4949,4991
774,4759
3638,4936
3950,4686
1593,4930
2498,4613
2486,4830
3695,49
3671,4894
3636,4791
2262,1847
1982,4993
1035,4670
410,1838
1174,4930
960,4718
4607,2835
4381,2826
1766,320
1000,4916
857,4941
2486,4681
585,2833
613,4861
3696,2823
1109,2776
2635,4266
2126,2789
2165,4860
2086,2817
4497,2814
3578,4765
3951,4970
4405,4777
3343,2781
915,2787
2580,5000
3974,4790
3283,2829
363,4728
2018,2843
3502,4872
4470,4768
2303,124
3773,2844
1041,4915
1746,54
1087,1896
3938,4265
716,3879
4031,4784
4256,4971
4437,4900
750,64
3865,4674
449,4938
3619,7
2656,4872
1220,2786
3187,9
560,4831
1826,4914
5028,4687
1088,56
4650,4915
1067,4692
689,1849
1589,4689
1348,3924
1312,4930
4269,1856
431,4908
1763,4889
281,145
3948,4876
4304,285
2224,4797
2547,1838
742,4958
736,113
843,1847
1432,1742
503,4832
587,4891
2968,4790
1039,51
948,2788
1897,4249
2962,1847
1150,4908
1614,4965
2503,4763
580,49
2039,4951
127,4688
3948,4248
3734,2798
2245,3886
4222,4689
2532,4780
300,5073
1204,4681
3873,4772
4148,4764
3730,319
1969,45
3806,1732
3264,4872
1785,4937
1133,1856
1396,4986
3339,4679
4719,2765
3619,4751
1338,116
3188,1731
3541,4751
494,4746
3785,4763
1603,3924
584,4789
1179,2790
3140,2800
1872,4668
2469,2829
2359,3924
1367,2767
3089,4857
1978,68
1112,4748
1472,2851
4332,4988
3643,2812
3129,4803
1329,1732
3204,4737
4841,4763
693,2767
1499,3886
4565,4951
1470,1727
454,4760
3387,2821
4598,4971
4393,38
4722,3924
465,3886
2923,4880
778,4671
3094,4249
550,1737
413,4946
1005,4824
1424,8
3190,2767
480,4902
4814,4783
900,131
1198,46
530,5065
140,4669
1135,2821
1449,4870
1909,4818
238,4957
3656,4932
1552,4785
1864,4963
1594,4727
1154,5000
3737,5074
2489,2840
383,2768
2863,4669
4594,124
2423,2822
474,4792
4446,2860
1301,1845
4099,131
1550,4688
819,1831
1298,1848
4651,4892
2137,4857
1358,2790
1354,5074
713,4784
3026,4988
3286,5000
168,4774
4117,1735
2227,2772
4218,1836
4327,3924
328,4908
1991,65
1524,4994
2970,4695
3010,4670
1493,2818
5083,4947
3898,5000
4796,4815
4373,4970
875,4955
3139,3878
1566,2789
4454,55
1105,5069
2542,2784
2099,1857
2320,114
4207,3505
3076,2845
4455,4265
2553,4683
3817,4917
1155,5066
3422,1730
4232,4938
3540,4939
4598,4965
4608,5073
425,4670
3121,2829
488,4987
696,4266
3669,4909
230,41
1410,41
1348,3912
4614,1725
2222,2841
4622,50
2629,2855
2932,4906
2253,4689
3428,4759
598,114
528,218
1346,4760
3088,2840
1911,1848
4219,2844
4375,1842
2918,115
3747,2831
3104,2843
1009,2835
4839,4832
1585,2824
3178,4689
3027,5063
706,2837
1127,4920
1015,4791
2341,114
915,1733
2590,3915
3259,4941
3333,4820
1675,2843
37,2773
329,4671
241,4749
3016,70
2700,4892
2077,4677
1148,4902
413,4850
3308,1851
1326,1726
1918,52
1508,4912
1057,5074
4025,4890
3413,1732
2893,145
707,4850
436,1862
2351,4776
774,12
2702,2865
4384,4789
4646,4934
3525,1735
1637,2855
1120,4690
1153,5019
551,4953
4123,4816
2898,4957
3969,4956
4225,4907
356,4692
861,4956
2382,4735
1033,4737
2249,47
4120,1734
4016,4635
3013,21
4117,2789
1197,4723
1713,4748
630,4764
1462,3878
4166,4762
4408,3883
1643,2803
2299,4675
3112,4858
1078,4931
3611,4800
964,5065
3024,3914
4529,4670
1895,4679
4007,4900
2083,4681
2883,1734
1207,4250
640,4926
971,4249
797,2864
411,2839
1830,2788
884,2764
3212,1857
618,4785
3421,4776
4068,4773
3280,4830
2506,4941
3363,65
957,84
4223,47
3816,4896
142,2822
1905,66
4207,284
1537,2856
3611,3879
4136,2845
2096,4986
4533,2821
1799,1788
3714,2840
1962,4873
552,4761
3301,4990
2632,1816
2436,1842
4434,133
4430,4902
4525,2822
3482,3912
2425,45
2542,4762
947,2818
1078,40
2755,4957
3750,4876
3996,4831
4639,2781
3942,4777
1618,4749
566,3885
3560,4684
689,2813
153,4966
777,4886
2349,4613
2886,5077
4859,16
4045,5020
3960,4728
3605,16
3588,56
2492,4249
2114,4743
850,4695
3123,4996
459,4253
4546,4951
996,4986
4087,1833
1738,4750
4257,4776
2189,1728
3810,218
3159,4901
2006,4696
3681,4986
3327,2803
3088,40
3482,2787
3834,4732
3050,2785
2340,1731
1090,4857
3934,2853
4153,4886
2064,4850
3719,2816
4256,4692
3010,4978
1812,2818
4868,2866
3873,132
3309,1734
4744,4926
3849,4778
382,4688
1431,4635
4182,4929
4621,4873
2065,4677
4589,4876
490,4900
1257,52
187,1742
736,4857
3144,4906
813,4635
3628,2853
3546,4674
2035,69
425,4970
2904,2765
2740,4764
763,4907
1778,4818
3957,2866
3340,4694
1433,4956
4277,1816
3958,131
3730,4832
2815,4937
308,1845
2048,4691
3479,4904
1412,4782
401,218
4283,4860
2539,4819
3831,4760
4558,2824
301,1857
4052,34
1682,4782
1513,4963
4129,3505
102,4896
5009,2817
575,2671
451,4958
4576,4939
4074,4961
1585,4940
2167,4251
2725,2812
4662,4746
4566,3615
3644,4998
3789,4885
701,145
3302,4861
1204,56
4037,4966
2045,4693
4863,4634
1056,4679
1386,4879
985,4782
1545,4964
516,2776
913,4951
3477,2833
2268,3879
3323,5065
307,2849
2700,4918
2523,1846
2007,4761
2442,55
4034,1860
3620,4747
2163,2845
3899,12
335,1729
529,34
3843,4774
3618,1730
4371,4685
5044,68
4507,4800
510,4684
4096,1846
1649,3878
2522,4675
4518,4671
22,16
4539,4742
3497,2768
3965,4951
3426,34
2115,3505
1108,16
2476,1845
3121,4979
326,4903
1168,1855
4002,4776
1219,4266
1509,5074
3367,4921
2682,3615
2713,2784
1570,54
4359,2847
82,41
3283,4685
767,4727
1328,4792
96,4957
2585,284
689,4783
4629,4787
2388,4890
2879,3880
2121,4769
1550,1733
142,4677
310,2811
4335,1731
3907,4746
3963,4914
2537,67
111,4789
3195,4780
1106,4763
157,2774
3544,4858
972,1727
1577,4849
2044,2811
4005,2837
974,67
1136,4857
1446,5004
1673,4729
2502,132
3554,1725
1754,5070
3788,4788
1130,4894
4119,1843
3640,3878
360,4267
1407,4997
3373,2671
1483,4963
987,4780
453,4691
1114,319
2305,2853
3477,2851
3045,4847
4599,4800
301,2856
1097,2847
5082,4778
3417,3912
639,4992
2911,4673
967,5001
3853,4929
3355,4730
2412,2786
1525,4634
3489,1727
713,4986
3281,1831
512,116
2947,55
2511,2782
4419,3883
3151,4769
3284,3882
4104,4990
718,4885
384,4996
3865,15
3182,4738
1478,4782
2254,3914
3374,4670
92,4816
3930,4800
365,4772
2935,4776
704,4940
2008,4996
4533,4938
294,56
1352,4733
2457,65
1778,4937
1541,4885
925,1732
1662,1733
2559,4953
2128,4914
2572,4771
4277,2835
4664,4265
3346,4995
1287,2816
760,2855
3388,4752
2087,2843
1282,2794
584,3881
426,4910
3273,4747
2465,2835
2025,2820
2957,4787
1983,116
1554,4966
1923,4730
944,4890
4424,4668
2972,1862
2922,41
2366,4986
2102,1837
4559,131
1040,4958
1249,2788
2605,4829
277,4880
2598,13
3127,2785
300,3914
2602,1850
813,4926
1440,4957
2062,4829
2652,4947
690,4906
2557,4753
2993,2671
1083,4929
1923,4888
292,4677
3542,2821
2955,283
3651,4678
1640,2823
179,2785
4322,1851
1388,3913
1587,4747
4403,4734
1168,4934
2280,2776
1283,4877
2583,4267
551,4998
3483,4914
1966,5063
1039,2826
684,4947
4809,4944
2593,4680
2023,3914
986,4870
4378,4787
4571,2779
4238,2803
1786,64
2869,4961
934,4674
10,2779
1343,4248
1277,4953
872,4774
2724,4897
2329,9
3153,4817
2140,4870
3388,4774
1876,2829
2567,5070
599,1726
3390,2831
3025,4905
2534,2854
574,4910
803,55
1881,4920
4458,4909
1657,70
2337,4900
4021,41
1871,4902
1356,4831
205,4788
1117,68
2039,3877
216,4776
3411,2825
4161,4855
128,4921
1344,4755
1261,15
3005,4735
1138,1732
3187,2798
295,2803
4523,218
3920,4917
4557,4990
493,2857
1710,4957
813,4929
340,4770
2288,4829
2061,48
257,4815
1893,4750
979,2809
189,4962
4130,4908
4283,49
577,3882
3316,4676
1084,4998
913,4687
829,4914
3009,4249
1751,4671
2956,4992
2169,4946
2978,2847
2269,62
4383,4265
1736,4940
2538,4870
2380,4932
1317,1857
4534,2849
4389,5064
4115,4693
3258,4754
589,1856
2248,4963
855,4670
4973,2784
2650,116
3411,4819
4667,117
4359,4955
2953,4803
2260,4993
2476,4678
1632,4934
517,116
3847,4677
3781,2831
2048,4746
2118,4916
3067,1841
4473,2772
695,4763
1858,4677
3438,116
3846,47
1488,4909
3233,2776
281,4720
3890,1827
5080,7
3507,1725
4402,15
2485,4892
127,4848
5024,4946
1318,2837
2970,4265
1763,1896
1507,48
1049,1730
1655,2790
590,2786
3411,2839
3338,4860
2090,4956
2324,4816
1482,4253
783,2779
2801,3877
3155,4993
2902,4887
1226,2818
1298,1849
1201,4892
88,8
5049,4799
5062,2785
1962,4882
1231,4988
827,4746
2605,4946
928,2820
3697,4634
1085,1818
728,4906
1572,284
4468,4761
4949,4832
443,4850
1401,2854
4404,4862
1755,4966
2434,116
453,2772
1759,4886
517,4694
4019,4800
3479,2843
1918,2855
4209,2865
261,4264
4481,1844
2398,1740
2147,4673
841,2774
3679,1840
3198,4904
3951,4828
741,4249
2470,2774
1118,4670
2422,1835
3888,4915
3725,4799
1446,2832
3840,4929
4466,320
4043,4938
2705,4937
3156,54
1764,2799
3355,2841
325,4946
3939,2773
2255,5020
2086,2787
621,50
2365,4674
2654,1861
4167,2864
1269,1734
3526,2865
1002,5020
901,1896
1031,2857
862,2790
4619,4906
193,131
1004,2849
4487,4896
2556,5065
2653,4693
4076,1855
982,2856
1365,4903
4431,47
1206,4958
3987,115
4051,4915
1246,3886
4445,2803
3051,1727
4545,4781
688,1827
4796,55
4812,4888
2775,2798
3344,2784
4409,4673
2771,4673
4843,4909
97,2808
2364,1727
2905,4734
3746,2837
4555,2787
59,4682
4554,2798
5027,4905
1574,4763
2603,4972
2434,5018
2687,124
3930,4792
2623,4998
101,1737
2301,2813
3146,4849
3351,63
4097,4858
1084,80
3864,4251
2804,1748
1724,4969
74,2867
1751,66
1706,4908
3938,3
2225,1817
1667,51
1382,4748
3185,5019
1565,1818
868,1728
1171,5064
3089,133
1676,2671
3942,4969
3671,4944
3137,4952
3688,4952
1316,3880
1763,1847
4846,4690
2280,4768
3696,2658
941,4752
481,4635
484,2833
2648,2862
980,4938
5071,4914
118,38
3390,1842
1744,50
3380,2796
1574,4903
2484,4886
2253,4772
4342,4250
2995,1860
533,4988
1162,5074
3326,4785
4112,4763
1602,2767
1942,4682
3975,2824
1853,2832
