3423,11
1954,4978
3618,1727
712,4747
163,2817
515,4885
4711,4921
2547,4249
1607,4970
2046,4755
3858,1
1120,2810
1172,21
1338,4773
1177,4782
2881,4743
314,4752
3288,1727
4549,4963
1586,4741
4038,4672
949,4966
3131,284
3535,54
355,4761
2197,58
3472,2788
2965,4988
4162,2846
1231,4266
2644,4736
2636,3877
550,5077
1750,4690
3400,4818
701,2851
3326,2820
1075,318
4030,1838
1363,2855
4165,3879
798,4919
2230,4613
3173,3924
1964,4799
3749,4763
3457,3882
3306,4919
2903,3878
1503,319
4401,69
2025,1851
3583,1737
1269,4790
4481,45
2941,4800
4397,145
380,2823
475,4969
2703,2768
94,4857
4041,4902
2521,2867
3444,2827
2026,4917
3016,2835
3408,4921
1272,2784
1944,4789
1793,1748
3026,4759
2188,4685
653,4953
1322,1840
2879,4918
4649,3615
1585,283
5059,68
583,4265
1666,124
1187,67
208,4776
3604,4884
3501,4264
473,4916
256,4958
4833,4248
413,4775
4318,4800
2605,2851
4086,4918
1574,2787
2967,21
1436,1728
1617,4912
2545,5019
1232,4877
1340,5004
243,2832
1033,3912
2334,2865
2359,1838
1747,4776
2234,4824
4578,4765
1520,3915
2056,4824
2472,4889
4852,4768
458,2808
4133,21
3013,2838
1073,2862
1708,4769
2015,4903
1294,4934
503,2822
4347,4803
3128,4969
3257,3882
3384,4872
2089,2658
4147,4952
2414,218
1469,46
2793,51
4122,1742
2257,4902
1273,4830
901,2827
370,2671
2000,1839
942,2773
3052,4803
2567,4917
2953,4693
3784,2845
4269,5064
1648,52
5037,4958
4315,133
4001,4736
1128,4912
4589,3914
1132,4789
2507,80
4465,4764
3332,4787
3039,4654
4399,4266
4183,4803
4624,1728
3465,2783
4057,2837
860,4966
3423,284
3594,8
3660,4961
3529,4916
5040,1860
1063,4743
4032,2796
1874,4743
677,2809
2321,54
4168,4754
4224,5065
2751,1844
535,4752
1662,4681
1965,69
2282,4761
2205,2837
715,2839
269,4775
2715,4776
187,4735
3416,4683
4427,1740
425,4902
740,4673
1754,2831
2771,2812
3256,284
18,4783
3905,3885
1565,4265
4087,4801
1084,2809
289,1748
171,4912
1989,4734
1628,3615
4845,5004
5024,116
1902,1837
689,1855
2018,2794
1859,4786
4587,3924
2959,4883
3213,116
293,2781
625,4850
4194,2781
2268,11
353,4887
889,4856
3502,114
3246,2776
1423,1734
3668,3913
3254,3882
82,4747
5062,9
887,319
3597,4888
299,2786
573,4692
2351,4897
4706,4695
583,4734
2667,1857
3685,4858
400,38
1080,5064
1431,4674
3089,2851
2602,4803
2280,5
874,319
4,4682
4036,5
3604,1857
4704,2789
4809,5074
3435,2767
2398,2808
1922,4890
3000,2824
1496,285
3160,5074
2151,2764
2193,1728
2906,4675
1702,4885
329,4817
3894,4911
822,1839
1549,4912
4600,5066
1568,4674
1885,80
423,2817
2256,2845
4106,4940
1172,284
4406,2856
2422,4957
4827,4958
3337,319
1167,4718
916,3886
2359,284
4321,4613
1253,1748
2246,1730
393,132
801,7
222,4979
2647,4902
2204,3878
3205,4969
494,284
3042,4988
374,1846
3218,4891
409,4890
4225,4936
4593,4886
3303,3615
4419,1862
1019,60
816,2823
2392,2857
5055,2857
2352,131
1565,4672
3434,4856
2425,4672
4191,4803
1307,1788
141,5077
4160,5020
947,41
4411,1844
1346,4873
2852,4847
1739,4969
881,4962
111,4957
2353,4944
2695,8
806,1839
634,46
1882,4989
3543,4765
816,4791
3769,1728
1529,1851
3514,45
480,4727
941,4961
2288,4681
1986,4958
259,4971
4108,5016
173,21
3711,4746
4942,1727
167,2831
2419,2843
5060,1742
3997,4747
2129,4770
4556,1856
4230,1
3187,4987
3980,1862
3782,2658
4048,84
1440,4887
1760,5020
1018,4879
1291,2832
2194,4685
1509,1855
321,4693
2103,4671
4073,4788
4395,4872
580,5
5067,2825
1970,4878
745,4778
385,2853
1225,4752
3037,4910
3730,5066
289,21
4859,1844
983,4689
417,4720
4141,4890
2528,4748
4361,4970
2366,4860
2345,5066
3925,69
3909,1728
3412,1896
3339,1838
842,2774
2900,68
3229,4731
1819,4989
2082,1735
1113,4613
3828,4788
3923,4824
3118,4737
483,41
1557,4685
621,4939
2622,4847
873,2838
1825,4654
2441,2858
2311,48
755,4855
2960,1838
3517,1850
982,319
4369,4850
395,2818
2946,2772
3603,4718
5080,4921
2230,51
4095,4886
3581,4748
1650,4860
2277,2816
2385,58
255,2772
3724,4919
1745,4816
2928,4249
1337,2858
4826,4792
166,2822
2287,4831
1670,4896
1720,2829
1290,5019
544,4830
264,4998
2983,4937
438,2814
2205,145
4039,1844
509,4903
534,4760
3922,66
1759,9
1635,55
1387,4969
4118,5075
731,4753
1549,4788
4149,4755
3518,1740
1257,1742
1409,4748
1105,4266
1115,1848
31,4791
4218,4972
1980,63
4239,4919
3803,5073
4522,4988
4658,4855
2336,283
1058,1862
3747,4674
4295,1845
91,47
2181,1841
27,4946
3944,5065
567,4692
4413,4887
697,4763
1907,320
1663,4995
1457,5069
4388,4992
1499,2862
4101,114
4009,5020
259,2773
829,2795
1531,4816
2761,4944
4293,1818
4561,4730
3251,6
3460,5075
3407,4766
4214,4815
1522,4731
3300,3505
3610,4679
2981,4929
4608,5019
4651,3914
390,3879
4948,2772
4612,55
4984,2808
4032,63
3013,4673
1442,4955
3168,4930
664,3615
2544,2796
1002,4930
1104,4741
672,58
2006,4730
5050,4799
648,51
4004,12
395,2862
4114,4266
3919,4891
3958,4919
4050,4905
4465,4951
4174,4873
4053,4775
2252,5001
3293,4829
3872,4935
2627,4860
1496,4684
2221,2835
515,2820
2728,4250
2530,1818
512,2774
2507,4778
355,1849
3686,4734
2606,3878
737,2821
808,5000
3980,4772
4490,4832
2444,2825
4260,4267
2211,4930
4272,2853
4874,4682
3609,1842
4495,2773
1526,3913
3903,4952
4288,3615
1059,218
1680,4678
1405,5064
4317,4264
2506,4912
2937,1816
4051,5018
2034,2779
2011,2864
3341,5073
1772,4799
5026,4963
3184,4815
2281,4900
2719,2809
2435,61
1268,115
822,4735
2264,9
2702,1841
2995,2857
3860,4918
2626,3915
4561,5077
2216,4819
3208,2781
4493,3924
4256,1
2529,133
3905,4776
897,4668
1176,4897
2534,2810
1683,2849
4608,5064
768,284
1904,4944
4630,4738
3597,4772
144,2845
2993,4728
1423,4775
1124,4765
2515,4905
140,1857
1613,4782
4027,4911
1470,9
4198,3914
4308,2814
1924,4955
3962,4732
832,4772
212,4911
1078,5002
2339,5019
521,1831
560,4894
163,4883
4960,1727
3225,40
4726,1834
225,4670
4407,4772
2979,4952
573,124
4614,4818
3795,4786
1356,4878
1675,2782
3656,4747
3469,4762
1035,5020
3030,4937
497,4911
4595,114
4130,4765
3024,133
3625,2817
5034,4848
1006,5016
3866,2857
3466,4783
3841,4905
1607,3914
3337,1733
2092,4687
4206,2783
1943,124
3063,66
1970,58
3773,1847
965,4766
4227,4911
2564,5065
790,4886
1045,1847
4023,4680
2264,4911
2704,4668
3873,114
4167,4857
4137,4670
2966,4267
1960,2790
3467,5074
4145,4688
3815,2774
2685,4763
3447,2858
1138,4728
1948,4886
1116,3
3751,1842
1822,4971
896,16
4834,4728
1046,4970
1232,4935
1675,4679
3527,1827
2380,1818
971,2857
4107,4858
3673,40
4867,4763
1811,4779
2002,4941
948,66
2170,4768
4124,131
2163,2808
2491,2865
754,4968
2938,4781
1363,4970
1147,4720
967,68
297,4746
3629,4755
414,4900
4983,3878
4134,1818
1967,4940
1852,1733
3966,4763
2613,3924
1094,3913
701,2845
851,4819
581,4678
3857,285
3628,4685
4421,114
399,4682
5024,4817
3084,4946
4354,45
2421,4772
1782,1857
3842,1742
794,1836
3483,4800
37,4906
1294,4697
3895,3
3164,15
2042,4688
3147,4979
2581,4729
823,4753
785,2781
1579,1731
4278,4878
1405,4684
2271,2776
4556,4752
1411,4890
2228,113
3870,3913
1511,45
304,1896
3102,4918
3006,51
2455,283
2529,2827
1374,4935
1870,4680
3955,1896
3893,4730
28,2795
1349,4747
482,4991
1906,4900
1688,2862
3576,4878
3358,4938
1192,2781
4520,2814
3290,4944
219,9
4200,58
672,4738
2082,4996
1858,4937
1079,124
1004,1850
4299,2786
4030,84
1326,4947
940,3878
1233,1844
4570,4668
3341,4889
3381,1732
213,4831
913,4857
2558,4880
3825,2867
3297,4697
4384,15
2022,4926
3143,4787
2995,4770
4480,2854
2742,4797
3345,80
1149,218
3748,5002
723,4937
2661,1840
3330,4904
3409,4897
4088,4634
479,47
675,2846
3748,4889
723,4918
4960,2788
3992,4896
4047,4986
98,4776
3692,6
1619,2840
103,4676
1005,4668
3434,1742
2562,1731
935,5066
645,4956
2961,2862
4325,1832
2460,4755
4868,4829
3544,3913
3591,16
3315,4777
967,4736
3191,2795
269,16
3919,2794
4655,60
2446,4693
2884,21
2896,4979
4431,13
3384,4829
4369,4883
3338,2794
3625,1730
2356,4930
1986,4993
3826,2845
1000,2781
3899,4779
1593,4820
4644,4729
4589,4873
3870,1860
4114,2764
1026,1842
1258,4720
4573,4917
3981,2854
3371,4951
4468,4988
4058,4938
1540,1855
1205,2796
1715,3915
348,115
235,4746
4285,2803
2243,3915
220,53
2104,4739
59,113
674,4771
3647,4920
1979,4894
4073,2827
1061,2774
3178,4736
2740,1732
3865,4907
1684,4921
2071,4951
3793,2837
468,1834
1092,4951
2604,2858
956,1735
4864,40
2695,2813
2509,4939
2682,4789
2501,4914
1337,4780
2383,5063
98,4249
4024,4737
1510,3884
4851,4737
1219,1861
1499,2849
2626,4883
313,4882
2327,4892
542,4738
5026,2826
940,1733
78,2854
275,5
4851,1827
427,4774
923,4669
436,48
3204,4682
1106,320
2524,4990
1711,4958
2933,4791
3383,2856
3154,1732
179,1742
4565,4894
4532,4970
4044,4882
1543,4668
4985,4963
930,2865
1363,4789
3378,4855
776,4675
3095,1733
1807,4887
3284,54
3672,1788
3168,4820
3182,2853
1265,5002
2019,4894
3413,4739
239,4732
3778,2816
1073,4728
3013,4672
4606,4889
2352,1816
2054,2768
90,4921
2396,3877
4834,1727
1649,4897
3040,4689
801,2854
1939,4862
3562,3913
2706,1817
1052,4764
1402,2853
223,1730
159,4953
1566,4857
4074,4739
4295,2786
5029,4900
3975,4986
4259,1
4297,4862
4404,4742
2038,61
2797,4990
3965,2799
281,1725
3311,4761
1897,3912
3805,2783
4943,4800
1637,2765
4838,4793
2947,2857
2998,2825
823,38
3031,4934
1583,48
339,4788
4869,4734
4140,4738
4356,4679
1454,124
968,2839
1282,53
3556,46
265,5002
3176,2814
186,8
415,4760
10,218
2931,2848
1486,4820
2925,9
504,4947
4476,80
836,2829
2102,2794
2516,49
5026,5075
2466,2785
2139,3879
4054,4937
2441,4849
4512,124
623,4886
3797,65
249,4684
1285,2803
3581,1846
2434,2858
1898,4887
2403,4784
44,4668
4541,80
1309,2854
983,4990
1189,4799
2541,4909
1375,4873
3242,2823
1560,48
2739,4955
2685,4267
3563,4765
4523,1850
2143,1846
2761,51
1363,4926
3179,5069
3896,4799
786,4856
4121,4819
2485,4887
1797,2867
3931,2795
4146,2857
716,1840
1152,4873
3017,4786
4653,4693
2295,4266
3971,4992
3210,4885
691,67
3824,4751
2633,4979
1511,5064
1787,61
584,4793
2895,5016
2386,4728
538,4765
1132,4966
1866,1847
2499,1831
3306,5020
1035,2768
4342,1730
43,1726
255,4979
3539,4634
842,4998
3141,4786
4714,4684
1400,4964
4661,2847
2668,5073
4295,4880
3294,4901
2431,3882
2409,1735
591,4790
3014,4732
1677,47
2080,12
1568,4966
226,4793
2496,4996
3465,5
2573,3924
3639,3885
1370,4819
540,4938
2455,2824
213,4681
1910,4743
1253,4988
3973,2786
886,4991
374,2848
4263,4686
2019,2796
3705,2783
4076,318
4707,4861
3448,2796
707,49
1870,2824
4462,285
1489,7
750,4889
1427,4932
1616,2818
2159,2785
1610,2837
2699,5018
2899,4674
1300,41
4368,4788
2078,4670
1207,4941
2726,4986
4484,4670
1358,4886
3243,2829
4233,4903
948,67
4665,4900
2442,4781
1384,9
4441,4917
3132,4819
859,4993
3923,4892
202,4775
2165,5004
2680,4768
3231,4735
893,1851
3995,285
2499,4911
1194,1860
432,4676
4429,4697
1980,2838
3417,2798
1052,13
1687,4728
1360,5074
411,1731
3729,4847
1901,4728
221,1832
1947,1816
901,2864
4715,34
2875,4902
4416,4785
4151,46
1624,3882
1294,1808
2155,4861
1914,63
3358,11
229,4782
2451,4909
3034,7
4833,285
1598,4885
4049,1
88,1732
1410,55
374,2803
3031,4878
1667,4764
2197,4903
383,2800
3856,4801
3415,4910
4154,3877
2540,113
796,2785
2282,2817
2985,132
4703,2818
72,4687
2179,3877
3140,2848
1514,133
877,2839
2188,1729
139,3915
1247,2781
1146,4692
3617,16
1940,4957
4284,4687
209,131
3925,4778
1941,3877
3507,4673
4386,4251
137,4870
4423,4968
4487,2767
1711,4820
4232,84
893,4930
1820,2765
514,2798
3443,4816
1943,2786
1498,66
3378,4816
3831,1838
995,4668
2242,2658
2597,4763
2955,1849
1338,4883
1246,4728
4163,4783
4285,1735
22,2843
2629,2823
2266,4668
4519,4249
4158,3883
5068,1842
2255,4989
4463,3912
2632,3505
3354,4824
3344,70
4576,4896
4501,4847
1208,49
4213,34
871,4819
1940,2821
2679,4251
4520,1850
1190,80
491,16
3528,1837
4843,1896
2377,2837
3802,4995
1427,2843
4725,40
2730,2835
4351,4749
1715,320
2239,3
397,4820
4300,3912
174,2858
3255,4799
2465,4730
3301,3885
4610,1
4541,4907
1023,4876
1877,4901
1205,2795
3955,4832
734,1817
3557,124
4268,4788
479,2671
1154,4906
2332,52
4096,1737
3790,4733
4239,4913
3715,2808
4650,5000
1884,4754
1370,4888
3578,2843
1654,4728
1783,4689
3594,2855
4405,2786
1885,4780
3998,1841
1497,4251
2441,1841
1278,7
2589,4998
2775,4691
1588,2796
333,2808
3153,4906
2928,2818
2915,4904
1219,4860
1704,4753
4290,56
4479,4675
2900,132
3717,9
5056,2779
4599,4991
213,1851
1646,4697
4504,2829
1300,2854
1642,4919
1931,4888
410,2765
3611,2783
4562,1835
292,1857
2401,52
1190,4690
3039,3912
3908,4870
3800,4743
3774,3924
251,114
2027,4828
460,4934
3992,2810
1189,4762
880,4921
1014,4889
4159,4686
2999,52
3888,1729
4243,2818
2052,1827
4308,8
1520,4877
4220,4831
3658,4766
1165,4675
3763,1840
4593,2783
2143,5004
5023,4919
2220,4747
1327,4772
2723,4679
552,1733
2413,4801
5024,4634
495,2816
400,61
2062,4678
2429,2776
4359,4668
1471,4734
3543,4679
422,2853
2201,4696
140,6
2149,1846
833,4696
1763,4993
1648,55
1282,131
2778,3505
4983,2855
587,2826
3495,47
4701,4979
3272,2826
303,4929
2590,4766
2992,4793
1988,1735
4346,4253
4025,4998
3413,132
2727,2824
2902,4990
3726,1834
3159,2821
2933,1839
576,1838
4698,5064
3581,1860
2378,4694
823,2854
3095,318
3986,4921
154,4951
128,1742
960,2803
4346,4689
3789,2824
4384,4990
1519,5019
876,4847
3283,4860
4402,4718
5041,1748
2672,4892
1418,2799
1503,2779
3289,3879
3079,4735
1973,11
1639,4732
3495,3915
2747,2847
3797,1735
4237,4736
2153,5069
565,4858
3559,64
5054,4910
3702,1740
3542,4965
3735,3881
1309,2808
317,218
3943,4759
2743,132
1918,2764
100,2826
3668,4671
3905,4251
2371,53
3335,4729
4722,1840
1188,2838
59,1728
4575,2781
4606,3886
2447,4929
2473,3882
2870,3883
2097,4731
4404,4763
3476,4848
4359,9
680,15
3006,2671
1979,4731
3068,80
3356,2849
1216,2820
1101,4926
4871,3
4388,2858
1892,1862
3018,4720
3476,285
2265,2779
3450,3878
2019,2865
4042,1846
2693,4894
1745,2789
4851,2822
78,4926
290,1835
2565,4723
2568,3881
4309,4907
1397,1831
2652,4915
3078,4915
179,5065
515,4780
1918,15
1640,2776
3856,4996
3062,4849
1054,4855
3159,2857
2750,4830
4216,4876
2626,4952
2590,4903
3430,1732
118,4729
3730,2848
1799,2767
1377,2860
5044,56
4015,3924
383,2835
3400,1847
1926,4682
3025,2813
3811,11
848,4801
2632,2857
3929,84
3940,4917
3222,4956
4087,4774
3392,4963
128,4829
2113,4693
421,4772
1310,5018
4275,4787
982,1816
1955,4886
2726,5066
4036,2779
3731,4780
3193,66
2111,2851
4384,2781
3250,11
2918,116
1179,2826
4594,4870
1852,4820
3369,2820
2489,4788
2171,2825
3953,4654
3069,4880
4317,4966
3454,21
1803,4674
3237,4249
4643,1831
4339,4759
4515,68
3005,4250
2058,45
2900,1844
1212,4995
4300,3877
1506,4768
2758,2786
4387,4774
3561,2783
3971,4253
1419,2831
4881,2864
3208,4815
1222,132
1321,4877
972,4847
2456,4947
2110,4672
4974,2821
811,4267
4976,2826
595,4720
2961,1733
1122,4963
932,4921
368,4730
4615,4884
1245,4870
1634,62
3164,5065
613,5069
5049,5004
2393,4749
4000,2832
4440,1837
514,4697
2488,4855
3211,4792
4822,5066
396,2857
3988,1841
1026,68
1554,4778
995,1837
3430,2812
485,115
1171,4778
273,4996
3541,4815
792,4776
1111,4956
2691,4993
2925,1734
855,15
3546,5066
4043,1862
2750,4858
676,3913
1746,4771
2061,66
3861,2785
5027,4938
4582,2783
1799,7
3016,4681
3940,4954
802,4992
1263,4747
2609,1846
514,2799
3322,4784
407,1851
2551,4249
1612,4692
2761,5019
3455,132
2181,4935
3995,45
2828,4850
1805,2812
4268,2781
3552,4969
5037,2846
1260,1737
193,65
2534,2835
519,2848
2593,1808
1933,1860
4459,131
4017,4991
3492,2860
1090,4675
4898,4918
3525,4768
3344,4990
4808,2795
1801,2839
531,4847
3371,4634
2906,2823
4618,1856
3327,4894
3862,4768
2793,3879
4472,4763
5025,4251
1290,4998
2667,4675
25,4876
1307,68
2147,2822
414,4787
3574,4892
4443,1730
1828,2846
439,4697
1255,4931
3826,4694
3525,2832
5052,4944
2018,5064
2679,4905
3969,3881
2741,4773
1587,42
2132,1732
3691,4774
4288,4727
338,55
475,4762
4335,4958
3208,5065
120,131
3609,4739
2922,2812
2308,62
553,3885
1265,2790
3629,2765
3764,4920
919,4683
3643,4793
982,4690
1685,4831
2268,4782
3942,4248
4277,11
2426,42
2631,2813
1154,132
685,2658
4867,1834
4049,2795
2715,4691
4207,319
1343,4913
1202,4743
2116,4761
1652,4968
231,5020
4522,4765
3686,2831
4588,2786
4086,1849
3582,2817
3128,3879
1581,1849
1690,4860
847,1727
845,2821
3440,2773
4358,2853
1668,4907
3559,1748
310,2851
1513,320
774,4989
3423,2786
1134,131
3887,1843
3473,5019
3213,1848
1677,4986
4327,4743
520,4682
4416,11
4498,4966
1972,5063
1368,4803
1074,1833
535,2849
2738,319
4247,4769
4852,4819
2430,283
3306,3914
2614,4886
4523,4995
3293,64
721,4789
4667,2823
4040,4947
212,4997
4925,4783
4252,2835
2324,4762
5041,4819
3552,53
2746,116
1536,4879
2408,3884
4129,2765
1449,53
2370,4885
1641,4670
4833,9
2546,4777
4001,5065
942,4930
3202,4763
2336,4892
3372,4815
324,4905
4527,4766
299,2857
192,4743
4006,4990
716,4829
1389,2825
475,4937
3965,114
3014,4743
861,2824
3647,5065
2197,4732
1174,4730
910,2841
4835,2794
1981,4970
3858,2867
869,5077
504,4727
2889,4991
329,4921
3103,4769
4120,8
2495,5064
3292,4267
3587,4989
1490,2837
4875,1849
1429,4730
2067,2790
277,4891
888,4870
4513,5069
1376,56
1140,1
2214,319
4167,4775
4615,4755
1746,4681
3313,55
4548,4673
4228,5020
3145,1742
3855,1817
4977,4885
2136,4654
1139,4768
2432,4675
1492,4951
2117,4938
2098,145
2001,4799
917,4670
4299,2843
2426,4266
3496,45
3468,4635
4881,4682
3541,2839
1341,4888
2698,4250
4893,3879
1713,4682
3065,4856
4236,4729
948,318
3509,4830
4706,4832
1131,4736
1290,4732
340,46
3806,4966
2627,4910
2666,2788
1592,80
179,3505
4057,4748
2347,4727
4493,5020
495,2855
898,1849
2727,4887
3785,1817
1264,2860
713,4889
729,2816
2580,6
3552,319
4866,2841
298,4887
741,2813
4335,4897
2674,4752
2267,4970
2141,4941
1630,68
120,2848
4300,1827
1363,115
4581,4947
1259,4634
2279,4688
339,1844
1236,4941
28,2865
347,4906
518,4759
1422,2798
1923,4987
3499,4877
3965,4679
942,1727
476,4689
1083,2811
413,51
3066,4861
2246,4768
1223,4914
1242,4777
4047,4828
3721,133
4811,4877
2529,53
4313,49
2304,4730
3261,53
4703,5016
3791,4680
4099,4902
2990,21
3094,2787
106,1896
830,4801
1955,4889
2222,3914
3077,4267
529,4861
345,4760
4229,4876
2052,4817
3075,62
1211,2822
655,70
996,4940
3097,1838
927,4917
3757,4682
1998,4872
1479,4872
293,2813
3036,2853
3891,3924
3845,2827
121,4870
3356,3912
2929,2776
1449,4747
1194,5070
3068,1838
1035,4686
3244,1725
3901,4848
550,1838
3951,2810
2580,4954
695,2867
2914,2768
219,4955
1942,1841
937,1788
166,2846
2252,4989
3870,5075
2200,4896
3706,2822
669,2821
1830,4786
2317,4930
428,4769
3106,284
3379,1808
3595,4991
2718,4849
3510,4754
1385,2788
4095,2841
2425,2772
2875,4265
2239,4903
963,4682
2910,4733
2253,4891
413,2838
2122,2799
2909,2795
1359,4733
1190,2818
2927,49
3795,4894
919,4785
2793,4815
356,4784
330,4762
4490,2658
1211,4987
3207,4250
3909,2768
843,5064
363,2818
2129,4672
111,8
2634,4820
2194,4681
4414,64
4233,1
2531,1729
1482,2860
1224,52
2906,3915
689,4951
1085,1849
1167,4686
1978,2840
4008,1848
204,2855
2685,2794
4038,4763
4436,4773
2943,4746
4488,4994
4464,62
2391,2824
3985,2786
393,4829
2955,4848
2869,5077
4866,2794
3235,5001
4933,1730
2106,1845
23,4682
1503,2864
341,4930
4114,2857
3620,4739
3072,1729
635,4883
2979,4885
3374,1734
902,1817
1925,4858
2461,3
439,4696
4255,4778
2482,4790
3652,4915
4033,4951
876,2809
3096,4941
2289,4909
3134,4857
35,4903
2087,4887
2936,4735
972,4963
4547,3885
912,4675
2505,4681
1503,4730
4580,4727
894,80
2026,4929
1201,132
237,3883
1783,4691
2474,4958
4519,2816
2868,2851
4615,65
1724,48
2013,1737
3050,4966
1984,1837
1171,4952
1783,4800
1036,4873
4240,2764
3394,4885
4868,2862
1681,4769
2539,1725
2561,2671
370,41
4094,4941
3012,2848
796,4785
4207,4951
436,2776
1687,4267
4362,4729
1765,320
1802,218
3239,5020
3693,9
243,2839
2378,4739
4051,4670
3205,3881
1272,4766
1873,1843
518,4872
3616,84
2151,115
3095,2862
3468,4720
2130,4690
3213,4787
2738,4885
425,4728
29,4741
2456,319
3490,2788
4087,4894
4811,1896
289,1837
2592,4718
3122,4847
544,4914
2540,2800
2023,4936
4616,133
1402,4978
4506,53
75,145
121,1843
3177,1726
1655,3885
2364,4952
2032,2800
3565,4803
441,3877
4090,2838
3673,4679
231,2820
190,2800
1270,63
894,4876
1965,2849
2691,2786
25,5016
3566,1845
3223,1848
1255,4855
3146,4771
3163,4675
1717,2862
5037,4953
2679,4797
475,4857
3159,4855
3823,2856
1974,4679
2099,2773
4546,4743
618,3886
3113,4792
1405,1841
4303,2774
2276,4681
751,3915
1430,5065
1801,4267
2,2848
3309,49
1401,4687
2682,4679
562,3880
3736,4917
4197,1896
3036,4671
2487,5002
2195,3878
2453,4886
2910,2787
3764,4770
1112,4741
4698,2786
232,4830
4950,41
3695,2854
1616,2841
1547,4761
1139,1748
2074,1816
879,1837
175,4793
201,4995
4601,4762
764,4635
4083,4909
4580,2817
1449,5004
2324,4987
59,4250
2209,2860
3526,3878
4548,2866
1198,4992
2220,4683
832,4873
1161,1861
5051,4765
2936,2814
3602,4972
1493,1728
2592,4857
205,4782
1515,4832
4156,4738
3371,4820
590,4963
4927,2772
3151,5
1310,4728
617,4250
3340,3924
1541,4799
4330,1860
2921,84
2158,5066
1560,2779
4539,48
4583,4979
151,3886
722,3878
2656,4671
1244,4800
4282,4903
803,5018
1506,4762
1241,4734
3980,283
4334,4723
4053,4904
592,3885
3332,4734
2910,4742
325,3881
1030,4900
2877,2816
3225,4903
2684,34
4162,4249
3910,4749
2205,4964
809,4674
2132,4907
247,4693
1154,4995
4840,4763
4555,1735
4496,4912
2138,4884
595,2790
2599,4993
1940,5077
253,3882
1784,4634
873,60
3183,4935
226,2786
2173,4910
1158,3505
3118,2818
4401,1838
476,4690
3747,4847
3158,218
430,4920
2911,4753
4708,3884
3072,3912
1185,4894
1975,4775
1144,319
3432,2851
1072,1808
3639,4267
137,5065
2498,4897
1158,62
3842,2839
4586,2767
2947,4732
3887,4872
1103,4690
1391,218
4563,2813
411,2800
957,4801
4319,1836
2433,40
3629,4734
1323,4944
4623,2809
4209,5066
2912,63
900,2658
3430,145
708,4916
3598,4828
1574,1842
3955,2854
258,4754
828,4784
3407,131
2900,4675
434,56
255,80
2434,1748
4122,61
3889,4729
4333,1843
111,5065
2296,4790
1359,4265
229,5065
3001,4880
1455,34
2219,116
4106,2772
1112,65
3301,4695
2637,3882
1355,2803
821,1843
2238,4635
1275,1848
623,2851
655,2784
1080,1850
350,4668
2686,2833
2664,4787
3327,4792
4328,2810
2089,4954
3078,8
3380,4792
619,5065
3498,4972
4984,4793
290,4694
696,2765
3665,54
4206,4930
258,2820
4001,84
4980,4909
1341,2855
280,8
1610,132
346,4769
748,1849
4296,3882
2406,4734
249,5069
3092,4890
3370,4676
508,4829
2124,4250
3323,2840
3012,2765
3577,1857
3667,4887
923,2817
5062,3915
3998,4779
1272,4739
2212,67
4389,2779
2726,4965
3222,4990
4167,46
74,4267
2216,5069
3063,4785
938,2796
992,3878
2143,4855
1243,319
1755,1855
2459,4828
3325,2843
1649,4776
784,2825
4441,4743
618,2671
4338,1850
935,4695
2467,2798
4527,4913
1004,47
2471,4723
3306,4782
703,4696
2522,4902
2753,4995
234,1841
2667,4677
432,1833
888,3878
579,4266
2113,2864
2902,3884
4352,4754
4386,4894
2000,4918
2737,4759
1128,4668
4628,2866
192,4797
3829,4947
3757,2787
1308,4951
2907,4679
999,1788
2519,2822
2178,2798
2884,4832
3721,1818
4156,2844
2897,4971
4444,4896
3203,4784
4980,4754
2089,5063
1305,4669
1805,5004
3195,4759
4291,5004
1554,4748
2686,2799
999,4902
0,3884
1783,4803
1117,2764
477,4781
2505,1727
2749,132
1417,2840
2208,4995
3294,4781
896,4886
2432,4955
4651,133
4474,4896
995,4993
1560,1840
961,4676
357,4723
4233,60
4542,54
464,47
4577,2813
5083,4963
3319,132
1439,4764
344,4849
1482,2768
1138,4879
2603,2825
1368,2788
3278,4931
4321,4672
3979,4249
4464,1816
612,3880
2709,4797
3448,4900
280,4674
23,4890
1638,1841
747,4723
2708,4731
830,38
1673,4992
2109,4679
985,63
2334,5001
2154,4749
369,2814
4705,4996
4122,5000
2876,3924
1890,4694
3232,4671
2632,1788
426,4790
3971,4635
2220,2851
1191,4800
4428,1843
4657,1827
4744,4978
4821,4913
1553,4965
1545,64
2003,1788
1051,283
2317,4920
3052,4891
3902,4931
91,2799
4804,3877
504,132
1552,2767
3029,2854
3991,4251
4143,4731
4493,4696
302,4690
3497,4956
1330,80
3540,4905
1645,4990
3403,2866
4314,4787
3145,2855
4283,4768
2216,2862
932,4979
4838,4797
3893,5020
2314,4774
514,52
3433,1788
669,4779
1775,4907
4430,4768
4378,4682
950,4683
3856,4718
4054,4737
1270,4988
208,4972
4105,4739
420,4689
3764,4894
4529,4735
3286,1842
3455,4792
518,4777
4027,4248
2341,4685
1497,1818
4591,3878
94,4266
4113,4250
398,5066
1366,1816
1760,15
4745,2817
2388,3615
2315,4771
1646,4728
4189,4747
2743,4771
3481,4686
1898,4992
593,4891
2705,4676
2470,1732
2913,4921
4642,4789
712,3883
3731,4900
3987,4750
904,4777
4626,3878
388,34
4802,4955
565,4694
4192,4718
3326,1737
2433,124
553,319
3127,4972
1078,4892
1655,1734
3208,4250
3020,2767
2989,4888
3263,2833
696,4857
1532,1742
1185,3915
2728,5070
4537,4848
4213,4687
4710,3912
1298,2809
2533,133
4178,4793
2442,1840
2324,4792
1435,68
3520,2821
1675,2773
1810,8
272,4750
653,63
4606,3885
156,2821
1255,4916
2224,1727
3659,4768
2240,5073
4467,51
3000,1735
2110,66
4637,2837
2000,2811
1469,4748
2149,4789
3808,4932
943,2820
4700,4762
1388,4905
4893,2832
412,4760
886,4689
1870,4832
4544,2794
4105,4799
511,4788
1525,4870
1874,4818
4331,4883
3944,47
1241,4266
388,2823
3826,47
4046,1860
3138,4789
809,4963
4813,15
2481,2849
3968,4946
558,4774
4614,64
4508,4803
4197,4919
1102,4727
2618,4989
2252,2855
2450,5019
1056,1843
1958,4897
4401,4995
4020,4905
3472,4879
847,2825
3127,4748
151,2822
1761,4862
4595,4264
4842,4830
345,133
2117,4908
483,4938
5006,3879
493,5
2570,1862
3342,1836
750,5004
2889,132
3784,4935
815,2820
1221,2817
1261,2772
521,3879
4959,4993
1462,4921
2443,4765
876,4957
3340,1839
1131,4817
1439,4264
3356,3914
3565,4968
830,2788
810,285
2792,1850
1609,4916
2589,3615
3280,4727
4435,2821
2048,2827
5050,3882
2917,4731
2239,4675
2684,4954
3785,4799
3889,16
3608,4693
734,7
1075,1845
4667,4994
2585,4816
4350,15
163,4995
2138,218
329,55
421,2867
534,1838
57,2772
2714,4778
733,4718
4243,1728
1579,1734
415,65
777,4989
4700,4815
371,4674
1974,4765
4551,4746
4023,1740
4700,2843
3215,4856
2850,4937
1370,1855
3590,116
1631,2796
1415,4831
947,1846
3981,1833
4130,2779
897,2849
2882,145
2924,4969
1525,4890
1156,2825
2133,1726
3855,1725
3799,4992
1083,124
2173,2789
2004,2832
1223,4995
2540,4692
1046,5016
3482,4250
3332,2821
1334,47
2481,4994
761,2811
1485,2813
3962,5002
179,4695
4051,4791
564,2810
1440,4730
3857,3879
4075,2818
129,2843
750,1836
1592,2840
194,4815
1698,2840
498,2773
4633,4264
1769,56
3042,1839
3373,1833
4178,4266
3095,2820
3584,4635
616,1816
4113,117
1404,116
544,4904
2705,4910
1574,4718
305,2857
3101,4957
4246,1850
2028,4677
530,4774
3996,4251
4459,21
3653,4769
2082,133
2120,80
3430,4634
414,1816
175,48
851,4850
1303,1726
4032,4783
2504,4759
2162,4750
1324,4998
4588,1734
4657,4964
2127,4689
383,4939
966,7
1990,4907
1477,4748
4481,38
2939,4904
3768,2774
2741,4913
2091,12
2012,4742
3585,2833
4178,1831
2591,2860
3971,1840
2184,4720
452,62
4643,2808
2603,4830
911,4793
3246,4819
1252,4900
2093,4965
2594,4938
1222,4697
3221,4938
2718,2864
2911,4884
3129,67
2278,2790
4091,2671
1400,38
1337,4678
541,4782
3793,4685
1976,4971
2759,46
4400,4688
57,4670
32,1817
1662,4692
1608,4737
2270,9
4592,4897
2603,4250
2712,2786
1761,285
2678,53
4826,21
2947,4761
1598,2787
4592,131
2269,1844
593,2786
266,4885
1338,1740
365,3886
3521,4891
2306,4916
1823,4876
1380,4858
2616,2776
3491,4966
2439,2844
2087,2845
1268,4731
801,2783
5029,67
2124,2658
1907,3615
2244,4872
3307,3
1449,4784
2019,4754
1903,3879
1643,4910
222,4862
1200,4730
2394,1808
2705,4251
705,56
4215,4688
2367,4848
3402,4876
1503,2838
1784,2776
2162,4786
1506,4613
2760,2832
4633,2825
4221,4944
3565,4801
4075,4905
4943,65
483,3912
4326,1817
3991,4250
1231,2857
1344,1818
4064,4730
1148,2832
2376,4267
450,4958
2624,4972
4406,68
210,2790
1597,13
4611,4880
3916,4682
736,2658
2495,1727
3282,4970
5059,4771
604,285
405,4828
3133,2786
1370,1860
4331,4761
394,1731
1235,4955
1942,5
3778,1844
1653,40
3375,4911
4259,2821
802,218
87,68
109,1848
4388,4947
3605,1846
2305,2831
3450,4831
1534,284
3415,4675
4662,5000
4224,4991
1523,45
2263,4987
2750,4902
4337,1839
844,4751
4401,4966
4418,4892
313,4913
740,4680
2226,4751
1591,4860
2225,4896
2156,4684
3440,4937
4168,4727
1708,4920
3689,5002
902,131
2107,4753
3687,2768
4521,2865
2705,2839
1474,4773
4099,4815
4713,4718
3038,1748
153,4902
3291,4972
3547,4941
1641,61
3905,4691
1215,1730
4578,4792
314,4947
1637,9
2687,4683
5079,4937
3714,5069
4187,4900
4726,4939
4014,4937
3941,4759
4192,4941
2692,5019
1765,4915
3603,4780
2316,3915
1825,5066
4863,4820
4079,4718
2140,4819
4618,4872
971,4938
856,7
2489,38
2374,4884
1443,4735
1933,1788
498,1840
2182,1847
2317,1832
1451,4693
1703,2794
2178,2818
976,4979
5052,4772
1194,3914
826,4253
4155,115
4064,2866
3444,320
2859,58
3073,1788
1297,132
4381,4870
4188,4689
1340,62
2929,4938
3090,1733
4168,117
1233,2782
1089,4760
3053,34
4092,4689
897,48
2225,4736
2964,4253
795,4994
1365,2808
1388,5064
2345,12
2640,4784
1926,4253
3319,4849
3947,4264
3826,1816
2607,4789
120,4932
3356,2785
343,4730
3136,4676
2981,8
3983,2765
4610,2803
3775,4754
4103,2817
1871,1788
3503,1832
1746,4938
3702,2776
904,4855
4083,4250
1315,4906
1868,4998
1260,2858
2791,3880
1873,4741
2970,2840
1546,3877
725,4930
876,4958
934,4849
4299,4938
4525,2776
3288,4799
1985,4735
3338,2800
2452,2847
5081,4635
2240,4880
3543,1842
694,4739
2408,46
2511,4930
3379,4870
1091,2826
324,4972
4340,3881
2503,4901
4274,4799
3676,4775
838,4681
4585,46
3586,1843
3725,4696
410,320
120,2768
10,2822
4,4772
2188,4818
3837,12
794,2782
5054,2823
4713,2799
2967,2833
2664,1856
4833,1838
1440,2795
4701,4791
961,4956
828,2848
2501,4791
1032,3877
1210,4889
1541,1840
2775,4682
2225,4669
2544,4896
4410,3883
4252,4750
277,4944
4827,2774
1435,1850
1287,1845
3305,2811
398,4880
3765,4992
546,1843
92,5073
4261,3884
938,4877
1514,4857
346,41
3184,5020
2975,4849
1142,2781
3572,4819
2729,2808
4544,4963
5061,2814
1955,4824
541,5020
3114,4830
728,4797
33,4697
1821,2835
2751,4880
2762,2840
1873,4944
2378,4861
4123,3913
3647,2858
3530,41
184,4969
2946,38
560,1832
1103,4769
1449,5066
519,2844
3132,4748
4218,115
1506,4892
520,2837
220,2817
725,16
3785,4728
4212,1732
3452,2803
2277,2825
211,4882
3011,4680
2420,2823
3391,1816
2007,1850
127,8
4269,45
941,4909
3242,4752
511,318
986,4953
2602,4738
916,2864
4188,50
1904,11
1399,4752
1882,4730
1438,5001
2162,1860
4539,4848
120,2796
2393,4988
3493,4675
316,1842
990,4686
4553,2857
4025,1851
1448,4775
3377,4784
2602,2838
666,4915
732,5
3324,2783
2754,2813
3706,4800
3796,4930
1213,4671
4405,66
3502,2809
4252,4963
4165,2810
2173,4963
925,4878
4323,1725
434,4971
4536,1834
4158,4685
327,4265
802,38
995,4995
3330,2857
2946,4938
917,4932
3150,4253
5072,4679
588,4961
3567,3924
4455,4251
1113,2853
3350,1850
189,3882
4227,1857
4821,285
2053,2810
4414,4944
1669,4730
3436,113
3179,4793
2050,68
3678,4781
906,4930
1868,5070
2499,2827
4404,3882
824,4790
2528,4988
2682,2849
4399,2658
4013,4901
3310,2767
4007,3615
2921,4996
466,4862
4716,9
2311,4955
2989,2671
492,1849
2989,283
2324,4774
4432,2799
2570,4762
2125,4669
654,2814
2421,4887
2370,4992
3829,4996
521,2848
4404,4748
2955,2846
1956,4883
1364,34
4556,4679
1939,1860
1261,1850
3540,4907
1947,4749
3652,1837
1480,2835
1096,3880
1887,4766
2740,283
626,4266
2521,2839
1027,67
2461,4990
1583,62
2072,5070
808,4894
3596,1835
2983,4782
1549,1847
2362,4891
5021,4755
1550,4819
2868,2818
4560,66
3482,2782
4874,4951
1555,1847
1679,4890
853,4751
1456,2832
1582,2864
3550,4885
3075,4742
4016,2823
627,4904
2333,4968
971,2818
4320,4952
684,1849
1383,4682
3951,4690
4532,4773
4259,4903
547,4251
2964,4781
2285,2785
608,4694
4531,63
1712,4778
2095,4820
1641,60
2549,1732
3141,2772
775,4797
2186,4963
4316,2822
4535,1816
3624,1837
849,4670
1791,2671
3344,116
4322,3877
1369,131
3858,4737
1825,4952
871,4737
711,4780
103,4891
4031,4965
335,320
2432,2833
2965,133
4213,4685
3889,4690
715,4903
572,4772
2792,4962
2047,4752
3206,4916
3483,4970
3769,3913
1386,4732
1067,2855
424,4918
1878,4940
2992,4894
3368,2794
744,4916
623,2824
2793,1841
2617,1839
4334,1748
961,2817
3888,12
619,4689
668,2820
4853,4896
719,34
536,4250
2663,4921
2285,38
2166,4979
3421,2796
1943,117
338,4691
4006,4728
2066,2817
1001,218
3503,4251
1738,2821
437,4750
2725,2858
902,5064
689,4860
1276,4752
645,3505
1036,6
640,4908
312,4952
838,2825
290,4883
3963,4692
765,115
4197,1848
4603,4790
679,1844
2115,2671
213,4789
3614,4885
1945,4676
1085,4894
2769,4906
992,4787
2565,1837
3127,4750
4158,1808
3392,5065
1987,4687
581,2783
3496,4919
2247,4251
1005,4911
2643,4687
3218,4883
2970,2841
3274,63
262,2845
3351,145
3866,3914
2012,2860
5028,4939
4156,4914
3244,4782
2695,4635
1402,4777
3385,2860
2370,4791
3411,2860
1213,2786
363,4910
971,5016
3738,51
4205,2816
159,4750
1859,2822
397,4778
4070,4750
2577,4938
504,45
2917,4955
4539,319
2447,4817
4521,4896
2518,1730
735,2854
3927,4689
2644,4248
3173,1862
2530,5064
1226,2810
2923,4743
257,2839
4356,4613
2065,2658
2184,1840
542,2779
1268,3
4384,1848
215,58
886,4957
4810,4961
3705,2813
2961,38
1687,2847
3245,2658
542,4777
1236,2847
2082,4961
3210,2831
1418,4739
634,4793
4114,34
2751,4883
3226,1788
4605,4961
3056,4890
3673,2849
802,4876
2677,4775
1033,4793
3516,5
1309,52
2885,50
992,4908
3706,62
530,4885
3904,21
1015,4860
808,2794
1614,4920
3464,2781
122,68
4442,4947
4618,4990
3873,2787
642,4988
4375,5066
620,2862
4451,4684
2508,1848
1776,2765
4725,50
657,4681
5037,4687
3721,3913
685,4956
4210,4680
4548,116
5084,70
1650,1844
2360,2825
1959,1728
1899,4779
942,4613
3603,2822
2748,2767
1935,2823
1058,4773
4642,283
348,2821
4619,41
4975,4917
1435,3878
1801,5073
3280,2831
2322,2783
1804,4828
4068,84
286,50
2544,7
1897,1844
1205,1729
195,116
1429,9
3193,2831
787,4897
3792,45
4303,2671
4590,2658
4822,4789
4237,3885
3195,46
2558,4919
2380,4678
1067,4918
4525,4934
1803,1838
2530,2799
78,2857
802,4686
1483,4685
288,5020
903,4737
1125,1841
559,4766
2940,4266
2611,2779
3887,4956
1141,4831
623,4968
3148,1726
3726,4789
1025,3879
3154,1727
369,4781
904,4784
1903,4986
1885,4251
1306,4919
2600,11
1939,2788
3935,4785
2757,1839
4510,1855
2709,4907
4638,4691
1741,53
2863,4783
1550,2833
4025,2782
4191,4850
3354,4759
470,4972
2516,1726
296,4734
3400,4968
4589,2823
4370,4265
1626,70
248,2835
831,2835
4160,4939
2717,4952
3072,4937
1115,2824
4092,1740
328,1850
1533,4965
696,4926
312,2803
1761,2787
2802,4909
1297,124
1743,1731
206,4914
842,4890
1189,2779
192,4764
4081,4786
5023,2844
521,2855
3423,5063
3957,2844
2547,4689
972,4908
824,2800
2014,61
3906,2846
2128,4765
3117,4905
2488,4694
643,4913
2634,1827
2679,4793
4661,4249
3817,46
1088,84
3972,4677
2128,132
4137,4904
4614,4906
2650,9
3103,4780
4865,1896
3643,4971
4811,4824
44,1833
1763,4965
666,4884
4059,5019
3903,9
4224,4691
1975,4872
2364,2658
1819,4849
820,2857
769,4905
2931,2774
1805,4926
208,4749
4514,4900
1276,4691
203,3505
2501,3884
4054,5073
1300,318
2209,2788
3593,4752
746,1728
4429,2837
3902,45
1326,4861
825,11
4710,2837
344,1731
3474,4860
2002,4961
2090,4770
4206,1788
4767,4939
1575,2767
4521,116
3623,4815
4368,4830
2174,4873
3308,2796
1694,55
2667,1788
2038,2803
4588,68
754,4988
205,4680
2710,124
4423,4829
759,1817
3797,4820
2529,4972
564,53
4726,145
3240,3915
155,4915
1682,4858
572,3924
897,4935
4660,4914
3710,4889
2081,2827
3735,3879
803,4768
1333,1788
1517,2671
223,4890
3897,5069
4445,1836
4186,4904
1437,1838
2396,4935
2314,54
4617,2822
4431,4762
4510,4879
3142,3883
1217,16
2948,2833
1091,4860
3249,283
3686,4912
4041,4884
2262,4954
2097,2849
3522,4783
1314,2820
2313,2765
191,4683
3386,4958
1395,1836
1079,4929
1395,4897
2435,4763
4639,4906
5082,5077
4933,2853
2098,4748
2003,70
486,4779
2984,4789
2528,2829
665,4955
3324,4916
3020,318
3934,4734
2445,4958
4353,4957
5030,4785
791,1735
333,21
4925,2790
4072,4910
2213,2783
4127,4680
2630,4801
5022,3880
4466,4689
1823,113
4418,52
4841,4944
4605,2862
1508,4917
2934,2818
2586,4961
2303,3881
365,4686
3968,4723
2458,4764
4152,4783
3534,4789
1736,7
3817,2840
3212,4988
4271,4687
1093,4739
1456,2794
1416,2817
1445,4689
1532,41
2050,2785
4598,70
3261,4697
1237,1740
2017,3924
2335,60
1859,4761
1609,4686
4203,4779
3118,133
4112,4970
2083,4855
1265,4939
4564,65
4028,116
4981,1840
331,4878
4459,42
129,2808
892,2865
3097,319
4188,2864
562,2818
2459,4882
1608,2857
1562,4907
412,2816
2511,4654
2095,4911
3309,4885
5029,4995
483,4248
2206,84
811,4995
584,4828
1753,34
202,4962
3025,4815
3796,2800
321,2851
4114,5004
2758,5000
1130,2858
2586,2845
1400,4888
2188,4989
2224,1837
3316,5073
1941,2809
2043,5019
1417,4801
2116,2867
2538,3505
1553,4829
2221,2788
4324,2811
2792,84
1412,4684
2072,5016
1028,1845
1697,5002
4619,12
4387,4891
1537,4820
3386,4978
1224,4857
2449,4965
3967,1896
3121,4668
1588,4692
596,4766
2716,1832
2758,4692
1512,2835
455,2844
4547,5019
893,80
4391,9
4304,113
796,2808
3586,2845
1592,2783
3437,47
4503,5000
3320,2799
2497,4904
4811,5070
822,4671
2558,4888
4637,4635
3395,4696
2448,15
3171,4613
1821,2833
4074,2782
105,2849
1190,3912
240,4900
2631,4743
1051,1862
2011,4947
1281,4904
427,4944
1938,4790
160,4789
3027,51
3906,4978
4579,4951
3802,4694
618,2776
4316,4635
3663,4754
2186,320
4365,84
1406,3884
3162,4952
2144,218
1163,2827
3069,4957
4659,16
4316,5002
2221,1850
98,4994
3999,4679
4347,4782
3437,2787
281,4934
1330,4987
2680,218
4982,5065
328,4882
4040,4635
1166,4680
499,3915
4045,4769
144,4773
1691,5016
391,283
2043,4953
497,4894
4943,4679
3271,1834
1028,4856
783,4265
1492,69
2805,4940
3335,4957
5003,4691
3837,4613
1624,4692
349,318
1752,113
3795,4944
3605,55
430,2765
1947,4944
4184,4750
1752,2764
3656,113
265,4613
361,4920
1598,4920
1032,4996
1415,4783
999,5069
31,4687
2312,63
2035,4847
3562,4858
540,4890
3176,2841
1517,4897
3958,2840
1235,4913
4447,1733
4133,2829
77,2843
1522,1840
2291,2774
3520,4873
304,3885
269,1845
1885,4679
763,4820
422,285
843,3880
4422,4760
4189,4771
2695,2856
2696,1729
425,4818
4418,2789
274,62
1976,4778
2709,4793
3800,4669
1637,4682
2687,8
2757,1838
3570,4880
515,3913
1005,4743
598,70
1073,4720
3392,1731
4191,4861
3495,4896
4501,4763
1532,1847
729,6
1915,4678
1016,2831
3984,58
2230,4829
2869,4773
4031,4931
3928,4971
2070,4801
2656,1
4726,84
2534,4935
1047,1841
814,1740
4510,4880
4609,5001
2646,3915
121,16
782,3505
607,5000
2218,1862
4118,4613
3282,3878
1867,46
463,2820
4005,5020
2286,9
394,4773
3302,4936
3121,4873
562,34
3545,4249
2939,4774
3666,4720
3585,6
704,319
3479,4929
622,4878
1530,4978
722,4695
147,1737
3077,4966
3942,4956
3279,2837
539,4752
3974,3
3314,2813
4353,5063
1871,4901
2275,1851
5008,4688
1486,132
1867,4994
3642,2774
2863,319
1491,4963
3894,5064
1754,2803
3904,4801
1461,5070
1138,4685
4305,5065
1324,69
3105,4906
22,4938
911,2848
569,1849
2294,4880
1812,4969
2156,4830
3578,145
4228,4792
24,5001
2260,4887
4333,5069
599,4817
104,4780
2983,2803
1498,5
3087,4669
421,4634
462,2671
4112,4879
4316,2816
2453,12
3612,4697
2266,4684
4380,4932
565,283
3068,4681
1636,4890
4653,4668
3702,1735
3175,4753
4170,2784
1721,3880
1460,2820
4160,1846
216,4787
3535,4696
3990,12
4074,5069
4097,2843
719,4992
1383,4249
4122,34
725,4734
2641,4848
4725,2860
2606,4738
1958,5
3966,4678
2883,4687
5062,4937
2973,4817
2129,124
4573,4691
195,4800
2106,4829
2229,41
1238,4978
2131,2851
258,2809
4237,2857
3680,66
2610,4771
3999,133
3665,4894
2746,5020
1997,4251
4585,55
1057,4765
4344,1834
2211,4248
235,4938
2793,1728
1288,4695
2093,4889
4096,3885
1291,4956
4461,4785
3332,4761
3337,4690
4234,4790
2026,4994
5013,4751
4837,4939
5038,4729
2101,2839
531,2788
3713,4964
2450,285
4579,284
3568,4916
3243,4696
953,2786
3351,4749
4145,4687
1012,4890
4959,2845
3859,4755
4702,4878
2742,5004
2056,3915
4557,4965
3670,4691
1656,4697
4709,2799
1483,1851
1535,1730
614,4941
3008,1833
4298,4675
2377,4953
1721,4694
4315,1748
2027,4735
1665,4955
825,38
3240,4916
1003,2811
2418,4265
379,9
939,4883
1458,4938
4078,1834
1711,3885
3063,1727
4467,4966
1446,3878
1102,4996
1983,4613
1112,2776
2791,3877
4726,5000
529,4855
2052,4831
3024,4248
1271,4996
1274,4248
4863,4870
4492,4751
2975,3878
3076,4947
102,4870
1566,2818
110,4824
1484,4819
2291,4696
1214,4668
4219,2856
219,1855
102,4753
1265,3880
3654,4754
3785,4673
4598,1740
3013,4753
2280,318
3140,4771
332,4688
2552,4790
800,4791
1360,5066
507,3886
3766,4890
4075,1725
800,4902
1075,1849
487,2781
699,4937
2278,4686
1918,4769
4096,4736
4273,1856
281,1740
3058,38
2700,2865
688,4858
738,2796
2227,4832
543,4916
3038,2843
955,4737
3072,4815
818,4760
4154,4992
2167,3883
1049,1816
5082,1788
2089,4957
5059,4732
2918,5016
4140,1726
1500,4979
3411,4969
565,2831
3815,2831
4096,64
4573,1844
3345,4267
2405,5004
1325,2821
291,318
305,4885
594,61
1262,4993
3816,58
4564,2800
3843,5016
870,4654
2153,2812
178,1831
737,1896
4124,1844
1514,4693
802,4793
3407,4718
1050,4966
2011,2784
563,4944
5041,2785
3023,4779
4418,4931
2035,67
1637,283
882,53
568,4905
3572,4685
2613,1839
3023,4696
240,4901
1812,2773
2655,2841
5061,2845
4355,4879
953,4932
1684,34
3419,2860
2392,2831
4169,4957
3236,1849
335,1840
3379,4779
401,6
678,2822
850,1839
1877,1788
2743,84
3994,8
4276,2824
2883,1841
1230,2786
2096,45
37,4964
1312,1851
2114,4905
1342,4970
3791,8
59,4741
1119,67
1365,3879
4079,4880
1460,4910
415,4971
4053,4986
259,4896
134,2817
467,4728
1257,1835
3321,2843
1165,1748
3589,3880
3436,2782
1353,4913
908,4670
4427,4696
799,4887
675,66
2697,66
4466,4901
4604,3
328,3615
2389,62
1373,2764
3498,116
4261,4770
3498,4828
4068,4862
3803,4952
3165,4970
3973,4941
4462,4792
3717,5075
4500,4957
751,4690
4895,4729
661,4934
997,2785
2383,5070
3332,1726
4184,2847
905,4903
853,2829
1372,4671
2971,58
313,80
2303,4870
1676,5018
3040,2867
3178,4941
2073,4248
2271,4862
4842,4739
732,1848
443,4919
613,2795
2894,4248
2587,1896
3380,2831
107,4678
3447,4761
3762,4855
880,4913
924,133
341,117
800,2671
4293,4971
4275,4848
4152,4934
97,2829
1953,4634
3843,3885
2948,2811
1960,4991
3087,4681
3564,4970
2052,1835
457,3885
404,1836
2294,1730
322,2857
3158,4790
1750,4634
2499,4958
1596,4897
4000,3882
414,4965
2213,4992
3559,4962
2329,5020
384,1851
3508,2796
4415,1862
4173,4739
2931,4848
715,3615
4354,2782
2159,38
638,4697
998,1733
3960,3924
811,2814
561,4778
262,4683
2650,4951
1062,4682
1785,2835
2673,4830
968,4788
256,4267
3927,4917
1319,2846
2072,4915
2896,4613
2987,4830
2953,4674
4149,4861
1238,2821
1587,15
1212,4768
3729,4954
4564,4879
1300,4728
2411,2845
4305,117
245,4265
2214,84
2971,3915
5022,16
3942,4908
2924,1833
1897,4250
2667,2853
2433,2768
749,4762
854,2823
647,5066
2568,124
118,4939
2134,4902
4479,4766
210,4946
2594,2840
920,21
661,145
2605,2795
2698,4862
3104,4693
3358,4634
4794,4957
3488,2776
2198,1818
3120,2812
3399,62
105,2782
1921,60
4508,114
3539,2847
4229,4735
1962,4676
2116,1842
892,55
2978,2817
3444,4680
1582,4771
2177,319
2902,4803
2095,4817
3051,4682
1009,70
949,4993
1262,2823
449,15
372,2794
3708,2855
1769,5018
4442,2779
608,1843
251,4780
5051,4755
1929,4766
4437,4741
1254,4781
3140,4921
4237,4873
1792,4771
4567,4685
516,65
3815,1836
248,2865
212,2772
413,1855
4182,1831
2213,4917
1670,4951
3150,3913
4157,1839
1796,4873
2475,11
4600,2844
4426,1808
383,4879
1753,4749
1650,4892
1806,2773
2262,4952
1905,4778
2186,2800
2448,4776
141,2844
1705,11
1780,1737
3719,5
2221,2814
3533,4682
4076,4251
4585,4872
4866,4958
2749,1856
1741,4966
4127,283
4609,8
3823,38
1710,4654
3973,283
2059,4889
2143,42
2194,5069
3369,4763
292,2822
2379,4968
1335,3915
2719,4890
4337,5016
540,2671
4371,1847
3980,4919
1783,4742
3719,2845
2326,4800
1071,4730
1393,1839
1012,4891
4719,51
3506,1838
2539,2851
692,4753
3390,4856
982,4991
179,4734
3754,63
3784,4718
4976,1835
4859,4730
4152,9
926,4770
2241,2862
250,4777
374,4894
4853,2837
4406,2800
952,15
2283,4800
1613,4966
3737,4749
264,49
2532,4992
1161,1818
85,4847
3992,4989
2339,4675
95,114
111,4736
3702,69
3323,4797
3179,4913
1204,4995
491,1730
3269,7
2914,2795
3729,320
2515,2817
1804,3881
3630,4776
2338,2790
2633,1742
2091,4670
4157,1843
5053,2824
3983,4249
687,4693
1516,4755
4701,1846
4802,2784
4096,1833
1347,4964
4609,4961
371,4907
1499,4884
1908,2783
4976,2818
3782,2860
74,4957
2064,1848
287,2794
2375,4940
2384,3913
4465,4800
2027,124
3108,4793
3103,1849
456,145
2561,4253
247,4998
1956,7
3838,4993
4444,5065
3226,4872
749,4817
3404,4803
1167,4785
1315,4750
1103,2843
1526,1730
1481,2799
3708,4784
4174,2820
486,3883
4382,4969
1773,2671
2650,3913
3694,2779
3210,2826
37,2860
1546,4915
3451,4947
3286,4880
3050,4801
3494,4790
807,113
4246,4735
3908,4907
3196,4613
4254,4673
3972,3881
5078,4951
750,5
460,4955
2349,4728
2440,2860
3302,4249
1446,283
3063,1843
4001,2776
1986,2800
1973,218
2705,1737
2653,51
1750,4748
1830,2849
645,4913
1015,4680
297,4675
3946,2840
2619,3880
501,4979
1313,4831
4698,2840
4726,4791
3932,1726
857,2808
2687,1733
1044,3924
3609,2841
2080,2796
261,4654
2095,4956
3634,16
2029,4860
4095,4891
2676,5074
3551,2773
4342,4938
3737,1833
2324,4750
1134,3883
4411,218
4621,67
3164,1834
315,1849
608,3885
2726,2773
3556,4944
4661,4991
4468,8
1658,1808
259,1838
4982,4990
1981,4732
3402,1726
2033,284
168,4876
3705,319
25,4997
339,4676
1533,4768
3763,4748
3187,45
1999,1740
2859,2858
2357,4788
1193,4686
3528,4938
405,4803
4494,4684
3368,4968
2050,4815
1133,2817
2416,4926
176,60
1490,4861
4373,1727
4126,4913
5049,4897
4592,4728
2422,63
4326,4676
3255,1843
5031,2810
1784,145
2561,5019
545,4782
477,1835
2341,4691
3630,2796
1244,2767
1505,4965
3433,4862
4114,1788
2422,4961
3305,2779
2761,1729
926,131
2011,2767
2383,4734
1206,4787
3431,2864
2436,4674
2226,4727
1321,2772
4114,5
3605,4905
3412,6
2429,4889
326,4880
1558,2837
2237,4635
4065,1748
149,4857
676,1831
3242,2857
2706,2851
1971,2768
1100,5063
1309,21
1186,1856
4949,4991
774,4759
1593,4930
2498,4613
2348,131
2486,4830
3636,4791
410,1838
3671,4894
4028,62
1035,4670
4607,2835
2486,4681
585,2833
2700,4938
2635,4266
2086,2817
3578,4765
2165,4860
2255,4734
3343,2781
3974,4790
363,4728
2580,5000
4568,4670
3773,2844
1041,4915
1087,1896
3938,4265
2030,4901
716,3879
4031,4784
4437,4900
4256,4971
1779,1836
3865,4674
3619,7
1220,2786
2656,4872
1101,4992
3187,9
1826,4914
1088,56
4650,4915
2365,5070
1589,4689
4269,1856
1763,4889
281,145
2379,4862
4304,285
2224,4797
736,113
843,1847
537,64
503,4832
1897,4249
2962,1847
1150,4908
3691,4905
580,49
2039,4951
3873,4772
3948,4248
1113,2810
2245,3886
4222,4689
4148,4764
300,5073
546,4889
3730,319
1969,45
1785,4937
1133,1856
3708,4856
1396,4986
3541,4751
494,4746
1338,116
2744,4934
1603,3924
1872,4668
2359,3924
3140,2800
183,4686
1367,2767
1978,68
1112,4748
4332,4988
1895,2781
3643,2812
1329,1732
3204,4737
4841,4763
3818,4958
4565,4951
1470,1727
465,3886
4393,38
569,124
550,1737
413,4946
1005,4824
3190,2767
588,63
900,131
530,5065
140,4669
1449,4870
4332,1896
1552,4785
1864,4963
3737,5074
2863,4669
831,4855
2423,2822
474,4792
4099,131
819,1831
3013,4940
1298,1848
2137,4857
713,4784
3026,4988
1307,4671
168,4774
4117,1735
2227,2772
4218,1836
1960,4760
328,4908
1991,65
2970,4695
1524,4994
2229,55
3898,5000
4796,4815
4454,55
4373,4970
1391,4873
1105,5069
4207,3505
2553,4683
3817,4917
1783,4957
3540,4939
4598,4965
3669,4909
696,4266
3628,66
230,41
1410,41
4614,1725
2222,2841
2289,4735
2932,4906
2253,4689
3428,4759
528,218
1968,2822
1009,2835
4839,4832
3178,4689
3027,5063
3299,1834
706,2837
1127,4920
2341,114
2590,3915
3352,4931
3333,4820
37,2773
329,4671
2077,4677
3701,4879
413,4850
3308,1851
1326,1726
1918,52
2758,1728
1508,4912
4025,4890
707,4850
3413,1732
2365,2658
774,12
4384,4789
4646,4934
3525,1735
1389,4815
4123,4816
2898,4957
3969,4956
4225,4907
380,4824
861,4956
1033,4737
2249,47
4120,1734
1987,40
3013,21
1713,4748
1462,3878
1197,4723
1346,4731
1643,2803
3112,4858
3611,4800
1078,4931
4329,3885
3024,3914
2083,4681
1207,4250
2883,1734
1597,4654
411,2839
1830,2788
884,2764
618,4785
4530,2658
3280,4830
957,84
3816,4896
3363,65
3176,5066
4223,47
1905,66
3611,3879
1537,2856
1156,1850
4136,2845
2096,4986
4533,2821
1799,1788
3690,1728
3714,2840
552,4761
3301,4990
2632,1816
487,58
4434,133
4430,4902
4525,2822
3482,3912
3928,4675
2542,4762
3750,4876
3942,4777
566,3885
1930,4778
689,2813
777,4886
4045,5020
3960,4728
1786,2788
3605,16
2492,4249
850,4695
2114,4743
3102,3886
459,4253
4546,4951
4257,4776
1738,4750
275,2826
2189,1728
3159,4901
3327,2803
3482,2787
2072,4793
3050,2785
2340,1731
3934,2853
2064,4850
451,4750
3719,2816
3010,4978
4868,2866
1812,2818
3242,1862
3873,132
3309,1734
3849,4778
382,4688
4525,4958
2065,4677
1257,52
187,1742
736,4857
2378,3879
3144,4906
3546,4674
425,4970
813,4635
2408,4979
3628,2853
2035,69
763,4907
1778,4818
199,4776
3958,131
3730,4832
308,1845
2048,4691
3042,4884
401,218
3831,4760
4558,2824
301,1857
2211,3
4052,34
1682,4782
575,2671
4129,3505
290,2794
102,4896
5009,2817
4576,4939
4074,4961
1355,1839
2167,4251
3789,4885
701,145
1204,56
5084,1834
2045,4693
4863,4634
1056,4679
1386,4879
1219,2857
985,4782
1545,4964
2442,55
3477,2833
2760,6
3323,5065
2700,4918
3620,4747
2007,4761
1783,69
2163,2845
3899,12
335,1729
529,34
1636,4737
4507,4800
510,4684
4096,1846
1649,3878
1882,4820
2522,4675
22,16
4539,4742
2115,3505
3585,63
1108,16
3121,4979
4002,4776
1219,4266
3010,3914
2682,3615
3367,4921
2713,2784
82,41
3898,145
96,4957
689,4783
4629,4787
2388,4890
2872,4755
2879,3880
2121,4769
1550,1733
4335,1731
4072,4683
3963,4914
3195,4780
1106,4763
3907,4746
2729,1847
157,2774
1577,4849
4005,2837
974,67
2890,4855
2502,132
3554,1725
4119,1843
1754,5070
1676,1742
3640,3878
3373,2671
987,4780
1483,4963
2341,4690
2305,2853
3045,4847
4599,4800
301,2856
3511,2785
5082,4778
3417,3912
3489,1727
2911,4673
3916,66
3355,4730
1525,4634
512,116
2947,55
350,2818
4419,3883
4104,4990
718,4885
3182,4738
2429,4775
2254,3914
92,4816
3930,4800
365,4772
2888,2816
2457,65
1778,4937
2559,4953
294,56
3042,4920
4277,2835
1287,2816
3388,4752
2087,2843
1215,4918
426,4910
2465,2835
4424,4668
1983,116
1607,2844
2972,1862
2922,41
1040,4958
4559,131
730,4956
1249,2788
2605,4829
2602,1850
300,3914
296,2853
2062,4829
690,4906
2993,2671
1083,4929
630,4936
292,4677
3542,2821
2955,283
3651,4678
3317,2855
4322,1851
1587,4747
4403,4734
179,2785
998,4935
1283,4877
2583,4267
3483,4914
551,4998
4459,4791
4809,4944
2593,4680
986,4870
4378,4787
4756,1837
4238,2803
1786,64
1343,4248
10,2779
3684,2851
2724,4897
3153,4817
1876,2829
2567,5070
4244,1847
574,4910
803,55
1657,70
2337,4900
1467,2768
4021,41
1871,4902
1117,68
2039,3877
2090,4970
1344,4755
3005,4735
1138,1732
4523,218
4421,2671
4557,4990
1710,4957
813,4929
340,4770
2425,6
2061,48
257,4815
1893,4750
979,2809
2243,4861
577,3882
913,4687
4383,4265
2169,4946
303,1748
2978,2847
2269,62
2538,4870
2380,4932
4345,4916
4389,5064
3258,4754
589,1856
2248,4963
3721,2799
2260,4993
2476,4678
2118,4916
1632,4934
3388,4788
3781,2831
2048,4746
4473,2772
517,116
4133,60
1488,4909
281,4720
5080,7
4402,15
2000,4777
2485,4892
127,4848
5024,4946
1318,2837
1165,4765
1507,48
3411,2839
3155,4993
2324,4816
3118,4886
783,2779
2801,3877
88,8
1298,1849
2955,4894
5062,2785
2605,4946
4468,4761
4404,4862
3509,4968
517,4694
4019,4800
1918,2855
261,4264
206,4797
4481,1844
841,2774
3198,4904
741,4249
2298,4862
2470,2774
1118,4670
2422,1835
3725,4799
263,55
1446,2832
4466,320
1764,2799
3355,2841
2983,4856
325,4946
2365,4674
4167,2864
2654,1861
2611,4886
3526,2865
862,2790
4619,4906
4076,1855
4948,4969
1365,4903
1206,4958
4051,4915
3987,115
1522,4930
1246,3886
688,1827
4812,4888
2775,2798
3709,4697
97,2808
2364,1727
3746,2837
4555,2787
561,2837
4554,2798
5027,4905
1574,4763
2687,124
4767,4907
3930,4792
101,1737
3351,63
2301,2813
2943,4718
2804,1748
74,2867
3864,4251
1751,66
4318,2833
3938,3
2225,1817
3185,5019
1565,1818
2201,60
868,1728
3089,133
3137,4952
3671,4944
76,4891
1316,3880
4846,4690
484,2833
941,4752
2607,2849
2648,2862
980,4938
5071,4914
118,38
4540,4877
1744,50
1574,4903
533,4988
2995,1860
5041,4737
3326,4785
4112,4763
1602,2767
1942,4682
126,3879
3320,1726
1078,3924
4370,2787
3272,21
3950,3881
704,4883
2087,45
1513,4694
4710,4921
975,6
5030,1816
3758,2851
3053,4918
3585,67
3142,1896
3586,4779
596,4907
1064,4690
1631,2773
4721,2866
604,114
2236,1726
4580,115
3632,5065
3661,58
2063,3915
1576,3880
3152,1850
3230,1733
2065,4890
3568,4947
4427,4972
3533,3884
2954,4747
4148,4693
1952,2798
1794,4670
1092,2865
575,1841
3238,55
4408,34
4318,1817
399,47
768,4731
2946,4883
2290,4908
4306,4940
3122,4879
1958,3915
2633,2773
2283,40
2371,3924
3036,1846
109,3912
4637,4921
1663,2818
1822,68
1236,2776
1707,21
4460,4778
488,1835
2125,218
1131,4675
4145,319
985,4781
1688,4910
716,4990
4052,5064
5041,4781
4589,4972
3315,5075
4140,3885
1944,3878
2850,8
3832,218
1718,2789
696,1818
4624,58
2594,1849
4279,114
4609,4931
3197,2845
2769,2845
2755,42
1400,1861
3966,1896
842,4978
3340,4677
1890,2816
2491,4880
2158,47
3253,4848
523,4824
3022,1748
1273,2818
588,2774
3282,4737
4559,4748
4,4742
2314,4746
4261,4941
1064,4799
4088,2860
193,2795
2371,5019
4719,5018
999,5065
1218,4990
804,1732
3662,4742
2949,1849
378,4964
4449,5063
346,4749
256,4797
4401,4753
3086,4829
1150,4737
944,4683
4371,4988
2634,4849
5030,4861
3300,5074
3997,4917
358,2816
1636,2779
2687,2860
3166,2827
2326,4750
3660,4689
3380,4905
2376,4688
4629,1742
2612,4918
3217,4732
2738,4697
2470,4692
1300,5
4169,4787
3905,4831
2696,4824
4163,4694
3542,4635
3417,4914
444,4739
4189,4673
2586,4679
287,1856
716,34
500,4762
4520,4909
2127,2841
890,285
4576,4968
2069,53
2615,4785
1498,4791
2513,3879
2595,21
3202,4687
4895,2785
3206,4787
1584,4774
677,4803
4424,1730
3264,1839
4193,55
2979,4779
4437,1860
3905,2822
1251,4944
3030,4926
864,4915
811,4956
3823,4737
2038,9
1261,4903
2627,51
3411,4695
4114,4963
1188,4870
4244,1857
909,2800
2531,68
2043,1731
3033,4978
2668,4743
1391,4779
522,4829
5039,1840
435,2783
2142,4929
1872,4880
861,4786
4370,1849
3974,2813
3027,5018
2358,1841
4222,4695
300,5075
2116,4944
2968,2765
473,4962
3617,4797
134,1818
44,4995
3645,4786
3649,4919
3304,4939
4703,3505
442,4674
2734,3886
3957,4849
2487,3885
948,5073
2621,4880
1162,4862
4548,4969
232,4694
1680,2851
2286,4909
941,2781
252,320
1641,38
3625,1849
611,283
1826,80
3176,4771
4083,1833
1176,4957
2407,4792
2089,2845
1021,2765
4215,4847
1556,40
3797,1740
24,4779
3354,12
3376,2864
3172,4947
2220,1728
1548,4743
1911,4733
1290,4755
2220,4819
4314,4264
1801,16
941,4668
1942,1827
526,2865
3559,2671
2482,4994
2470,2827
3714,2866
431,4739
2585,4691
1161,4887
2610,4733
2736,4736
2186,4769
3608,4673
1013,2860
3287,4746
2318,2846
4205,4964
4096,4792
3656,1856
1146,34
125,4748
1555,4820
523,4755
183,2789
35,4889
3738,1729
419,4951
1070,4850
4999,50
4347,2829
2326,1843
3311,4801
3717,4692
4301,3924
3820,4988
1059,2811
4,4958
912,1836
958,4251
4049,1733
852,4919
1421,4780
1700,132
3695,4797
699,133
1684,4741
243,1
3890,4897
2261,56
2345,4781
2582,1730
2379,133
1137,2658
1322,5016
1146,4676
4048,2841
101,4828
1358,34
4361,38
3593,4902
1082,4953
2674,4938
241,2789
2467,4770
4089,2820
1202,3505
620,4991
4503,4929
1253,4674
2333,4934
3771,4896
2115,2786
676,5000
220,2800
3265,4944
1495,61
3192,2800
4401,2808
3291,2788
3540,6
4703,4994
2491,2783
866,1861
3077,2845
1498,114
3649,34
1017,3883
2677,53
3453,3912
2995,4979
3606,5069
810,80
1380,114
4294,320
4318,2838
194,4997
3559,8
3448,5075
3174,4873
263,2811
564,4734
309,3913
4089,4781
4496,53
3839,4766
4167,3912
601,4855
2710,4759
3741,4989
1634,2866
2210,2785
2336,4720
3677,56
2891,2799
5014,2849
729,284
4622,1834
1800,4746
2021,4760
2291,5016
2922,4782
134,4685
998,4876
3695,1733
3942,4783
3851,4972
4460,1730
3686,4768
4358,4674
3587,4720
4403,4951
4199,2824
2674,4778
1887,4828
3190,4770
3977,4891
3030,55
2137,132
2529,4250
2298,4994
4211,4674
3939,4681
2919,1861
2251,4820
3021,3880
2354,1727
2190,41
1399,4952
4040,2787
4243,132
2625,4689
2060,4849
4452,54
2156,4958
395,4888
1144,2795
3474,52
4295,1748
1435,4791
1675,4784
3933,4946
1912,2800
1444,4964
4064,1835
3727,80
3970,2847
3132,2794
825,70
2586,1730
4845,124
1175,4911
3162,4752
1811,3882
1773,4683
2074,117
2541,4952
1676,4775
4464,40
1677,4858
2600,21
2903,4718
1765,52
972,145
1739,4692
2235,2814
2716,4678
4533,2772
1916,4735
142,4729
2468,4932
3019,2787
3783,4953
635,2826
1180,4820
1528,4931
4060,4878
1898,2849
496,2772
1793,4266
1333,4753
3714,5004
648,5
3270,1840
3172,4971
747,4780
2217,4890
3157,4718
993,4921
3344,4969
2543,62
2425,2867
23,2856
3487,49
4705,1862
2512,4697
4113,4909
785,45
3862,4799
1800,1732
2267,4832
4355,4815
3224,4883
4050,4919
2333,1737
668,4969
799,2864
2968,68
201,2795
221,2808
989,4687
321,2818
2474,132
4067,4941
1943,4892
1654,1838
3053,5000
3721,4696
4999,4797
2214,4613
1952,4987
4205,4686
1572,4901
2369,132
1624,1860
3302,4995
4434,4903
1109,4773
4490,4929
2076,4781
3792,5070
3019,4966
3892,2765
891,1844
2017,48
10,4979
3239,4690
1335,4739
452,4780
3484,4730
4447,1728
1166,4267
205,13
5030,1729
3787,4800
3470,4780
378,4679
4034,4824
4449,4768
4064,1847
2384,4743
3764,4816
4836,7
447,4681
3511,4668
3131,4760
1759,5070
4582,4994
2960,4884
1105,218
300,4253
460,131
107,4781
3392,4919
2368,1847
1505,4789
793,1788
1319,4930
3027,4669
1772,4877
466,4932
3931,1831
1177,4763
1068,4996
87,2817
4316,4677
3388,4754
2728,4654
4378,2808
2709,4917
4341,4731
2898,4677
2283,4890
1636,4963
2608,2799
3079,4764
3517,4963
4576,4969
1466,2822
862,4743
3167,3615
3288,4896
621,4675
2398,4919
3550,2824
483,1726
2735,4828
3816,4986
3945,4935
3672,5001
2257,4742
1453,2862
333,1733
2162,4669
293,4879
2525,4978
4804,4936
1016,1788
1544,2860
2393,2803
4609,4782
2566,64
3031,4727
1123,1845
873,4861
2437,116
1137,4888
3676,47
820,2803
3043,4986
574,4850
429,2816
4595,21
4493,4768
2380,66
1684,5004
618,4939
4558,4946
3363,4776
3066,4904
1541,1742
2620,4748
968,2820
3692,1851
346,1728
144,4930
2431,4986
2039,4771
2590,4746
1530,4689
300,4669
4118,2772
2706,3
2665,4820
165,1842
4401,1848
2242,4654
3831,4894
4289,4720
1020,9
3639,4904
2562,2817
4350,4892
4246,4683
4841,4760
673,65
3370,4903
2470,4800
1528,4654
730,5
2011,4766
1293,4979
1464,4939
3119,2821
2424,42
2359,4743
1637,49
1565,1844
1452,2855
1008,2786
3552,4908
1389,5019
2453,4816
1033,4676
1330,2847
800,2814
2486,65
2066,4896
4586,318
840,2786
2644,4952
1381,4817
266,3885
1091,4919
2882,2785
82,4730
1630,4689
2347,1742
3763,4877
1461,2865
4950,4673
127,4675
3486,4952
3750,4613
1959,4762
4293,70
3175,4978
703,4763
3294,2865
4572,50
2465,21
686,5075
2267,4697
3835,2796
968,4820
4259,40
3629,114
685,4766
2777,4776
4432,3915
915,4969
1705,15
3562,5002
3607,3883
4396,6
4063,4817
902,4912
1867,4935
1370,4917
428,7
57,4915
4036,5073
2171,1836
534,4911
2901,4734
3786,2808
3591,4784
2354,4892
504,4877
343,1817
1245,145
846,4764
1060,4691
1115,4760
1617,4670
4071,4978
551,2813
1284,2814
2432,4892
2750,4987
736,4961
4715,4913
4127,2803
4223,4773
2665,5074
459,4751
2908,4831
1229,4919
4501,4890
3746,2835
1087,2813
1063,1816
443,4979
1707,1788
1038,2855
1125,47
4155,4779
1798,4909
3635,3885
3618,4728
3077,2844
4100,11
1791,2858
1271,4882
2687,4742
2601,4847
459,5
2350,4897
3076,4952
5081,1827
3996,4889
404,4972
851,2844
3231,3877
4225,4731
4294,1727
2106,4905
1865,4979
1385,2854
1757,4901
1169,4932
3280,4817
3575,2814
4653,4780
4080,4771
1261,2831
3011,4692
3852,6
4446,1737
2020,1808
1168,3912
1062,4788
430,66
4533,4687
5052,4817
4499,4819
1736,4873
3717,2809
1164,4882
1085,55
129,1734
3619,115
1571,1808
2957,2764
2922,4670
882,1849
3518,1731
3092,64
2759,2853
1944,1837
3734,4907
3480,4682
2542,3915
96,1857
3554,4679
3688,4921
1070,4734
3838,1730
1486,1831
4325,45
2369,2820
1535,4849
1409,4947
174,1839
4560,4634
2344,4882
591,4878
2076,4857
1395,1727
1517,4919
3025,2825
4074,2820
3554,4777
4305,4970
2416,1896
3051,2825
1279,3877
3696,2785
2737,2658
1582,2816
2645,69
4374,4971
1505,4957
4529,2803
1081,4773
680,4789
883,5070
3490,4790
412,1729
597,4683
1275,2824
3317,5016
18,4951
3568,6
5039,4886
2079,2813
4977,2790
356,3878
2601,65
244,4995
3015,4941
456,4787
680,5075
4319,84
2046,4882
2597,4669
3513,5020
4708,4829
345,4944
3522,2822
4394,4741
1724,2833
917,4731
2403,4855
1745,62
2738,4964
483,4862
2852,5069
2670,4940
2936,2658
4811,21
3448,4993
2591,4737
4309,2772
3093,4730
720,3914
4117,4832
3036,2844
862,4776
2938,4674
1915,4784
3534,4951
3232,5020
1331,2783
258,4829
3197,4988
2869,4860
4203,3
151,34
4838,4931
4795,1735
453,4718
4393,2827
636,2816
92,2854
2220,131
4155,2817
4606,47
304,2846
1024,2835
4833,2765
3052,4792
3853,4829
4013,2782
3700,2799
794,4684
2384,11
3705,4971
837,114
235,1788
2404,4877
3163,4720
2158,4693
3949,2818
762,4987
3306,2820
726,4886
2873,4690
827,21
4924,4253
2507,53
1236,1838
554,2786
1909,4761
2992,4746
1098,4819
364,4996
317,2809
2341,55
77,65
3155,2768
1559,1896
4232,4678
1876,4815
1158,4730
773,4776
2449,1839
1893,1855
3249,2816
2088,1748
2730,1839
2293,4969
1082,4720
3154,4779
2306,5018
670,283
615,1844
101,1726
462,2794
1093,4677
758,4248
4795,4914
4285,4736
2397,4940
1518,46
2111,2846
2221,3914
1515,5075
3047,1730
1618,4992
2500,51
3339,4894
4186,4669
3513,4762
89,2773
2330,4749
2172,2855
4636,4747
1191,4858
3320,1818
4005,4819
1938,5065
163,4964
3982,4861
1985,4671
652,2773
1355,42
1180,2795
1504,2840
3715,4947
3005,2854
197,38
5041,65
3129,283
3068,65
4667,4771
929,4771
4067,4857
1641,5077
851,1818
5025,4878
4710,62
1555,5016
1374,4990
252,5069
2230,2844
2344,4955
4490,4962
4240,4689
869,4906
2328,4847
5008,4694
3638,5065
4490,285
515,4654
4231,4770
580,61
4593,4830
3968,1740
2657,4690
408,4897
4364,2812
4286,114
515,1851
2561,1817
1701,3879
997,4685
2734,3884
202,2849
3502,5001
2203,4905
2505,12
2441,4940
1367,4996
3593,4731
788,4962
4500,2786
3048,4265
3455,64
2390,1856
1599,4831
1712,4913
280,4776
4206,3914
4333,4952
1019,4696
3513,1850
2602,4991
1238,52
489,4858
4376,2813
3413,4634
3407,3
27,11
20,4872
168,4635
3147,2866
1419,4940
98,4932
800,4769
1187,4879
4049,4678
2756,6
4319,2857
3289,4870
4865,5064
1775,4253
4019,4692
1753,4752
1003,5000
2679,3915
3406,5075
507,4953
1473,4901
1109,5001
2352,4789
1537,4903
223,2803
1021,5077
4135,4953
4175,4956
2676,2857
3707,2827
2514,1856
169,4904
5060,4964
2331,4691
557,4741
5021,1846
828,2837
378,4907
3136,4799
3187,4892
238,4685
888,4910
4306,1737
916,115
4871,4989
3002,4915
804,2816
2414,2774
4094,4897
2481,5020
3046,3883
680,4969
1620,4765
922,4906
1968,1838
1679,2864
4804,2858
1583,2779
1796,2812
2881,4889
4124,4747
2155,11
5046,2811
1014,4784
3727,284
1227,2862
1134,4988
4056,4965
1198,4920
3296,3879
3322,4995
2096,4737
3127,5077
393,4926
3529,115
4621,4768
2023,4916
1386,4996
3646,5070
329,2773
2753,4754
1528,4248
5042,1842
4037,124
506,4723
4537,4777
2123,5069
908,2784
1294,4793
882,3505
3998,2845
1705,4906
1192,4979
2417,4918
1427,2829
2903,1729
1313,4993
263,4820
971,4862
1668,2856
4487,4678
1290,4966
121,3878
3436,4902
912,4789
4447,4889
894,4979
716,4746
3353,2774
3183,2671
2064,4906
790,13
1140,4897
932,4910
94,4765
1320,2772
4409,3879
3220,4774
1882,2858
4233,2853
3480,4683
4767,2848
252,4998
2659,4965
2318,113
4704,2816
3307,4913
1164,2860
2754,11
1889,4910
1940,4766
4274,1818
1503,5019
596,4773
1534,1732
905,4691
2271,64
2923,1861
1931,4799
2116,4891
1559,4750
3653,2767
508,4961
4020,1734
1183,34
3812,2776
26,4697
3066,4786
4646,4996
77,45
417,4759
1004,4781
1206,1836
3485,1847
4470,1831
3214,3
3517,4761
5014,4907
2421,6
2478,55
19,4693
243,2823
3610,4800
3392,4909
2515,46
3908,4880
4539,2823
3105,4677
2306,1851
3266,4848
2353,2812
3552,4966
1859,4986
1169,4613
3653,4870
1794,3883
3508,4939
3724,4944
3852,4668
1506,4996
3572,58
4653,4751
2489,4684
388,4780
3290,3914
2200,65
2615,4684
2306,2798
3526,4733
1926,2837
2486,4915
2532,13
2970,4747
1136,15
4740,2847
3311,4901
2148,2817
736,2785
1550,60
2058,1861
2620,4996
828,1841
328,4855
1697,4685
2064,2658
1205,2813
2702,4774
4556,4779
1774,1737
4016,145
2650,61
1668,3505
173,4690
2108,2829
187,4887
1602,4759
1959,2788
3501,4870
4361,4683
1249,285
1276,4679
1018,4915
545,4769
4391,4674
1292,1731
1415,34
3266,2865
2054,4968
3854,4773
3464,1836
814,2867
3821,4686
3849,34
176,4791
357,4728
2234,2821
982,4937
4573,2765
2073,4962
1585,4781
2167,4742
2383,4677
2914,58
4007,4777
2595,4728
2470,3880
344,4860
1259,1730
2730,1836
4012,1848
3744,38
461,1896
5003,2767
4238,52
3131,1788
427,4900
4038,3915
659,4753
415,2796
1345,4947
1054,4965
110,1844
3176,1734
2494,1735
3193,5
1607,2840
2521,3924
2908,64
2370,4676
2898,42
1632,5020
2091,3914
3794,4749
1747,4870
2062,4769
3186,4829
3842,34
4354,2776
914,5077
744,2831
1973,4916
2443,1731
3960,46
2575,4754
3863,4961
3581,2798
3565,4680
4359,4675
354,4764
3115,1726
4620,45
908,4858
237,4913
2524,2772
4019,4889
2663,4799
3281,55
2295,2855
4168,67
1224,4777
2724,4909
4137,4880
888,66
1322,4737
3688,4978
734,4997
571,55
1880,1831
1374,4878
161,4986
3967,1833
3990,4264
4344,4693
26,4718
1429,53
1561,4965
1871,4672
3206,2841
3460,4737
4722,45
2046,4681
39,2765
1754,2844
1087,2779
4141,4946
1564,4929
2181,4832
239,4946
4254,4723
2441,4979
4087,4816
3731,4913
3259,2835
2192,4635
3457,4723
1412,2809
3866,5073
3196,4793
118,1728
314,4953
24,4671
3649,1816
154,4731
5084,4785
3008,3924
2606,2841
2319,2848
1928,4970
3365,1848
1180,4847
166,4953
2459,4753
2685,3885
742,4941
1722,4935
3507,2839
3815,5064
3323,4759
2740,2774
263,2849
2905,4901
3218,2821
3597,1850
1035,4782
1298,9
2582,284
560,4878
4706,2840
1503,64
4386,4731
3189,4782
3120,4746
297,5065
3954,4858
3566,4748
4983,2773
1109,42
1446,4792
3760,4879
2081,2782
224,4738
612,4801
2323,4957
2819,4896
3767,113
272,4872
3984,4957
1905,4780
2881,2848
4559,4816
3780,4779
3723,68
919,4768
2258,4947
3986,4265
4569,4680
3077,4931
1334,4766
3479,4819
3423,4801
817,3914
2685,4681
1996,1818
4538,1728
1465,4686
2452,4934
3150,2837
4149,1847
266,2866
3262,54
902,2839
3153,4972
4466,4681
1366,4728
4337,4860
3739,4754
1510,319
1041,4250
3021,2794
4074,2786
183,4830
1686,4901
2472,4915
474,4901
4413,4770
2402,4780
545,41
392,4741
2990,145
1599,4850
2353,124
2690,2825
2934,4790
1372,1737
155,4966
2771,34
3602,3878
1061,4634
3065,1729
1935,132
3098,3885
1929,4691
735,4672
4898,4900
4584,4890
3953,4687
2340,2785
3607,4979
3266,1843
2384,2825
3448,3878
2244,113
3943,4696
2736,4673
3515,16
2706,4914
2718,1817
4031,4992
1148,4913
834,4978
4334,4921
1706,1
1718,2845
2698,1856
2850,4760
4625,2811
3894,318
4108,1839
4451,4921
674,5069
4101,4762
293,4694
4639,4675
1535,117
1387,4877
3121,1861
4534,4788
1576,4920
2431,4681
1390,1851
1591,3924
3312,4736
2343,1808
3717,4789
3932,2798
1201,1850
1246,2790
26,4885
3701,2831
1880,4963
1325,4690
2480,4889
4945,4782
3533,4938
2211,5019
1871,4890
2958,49
4230,4905
1969,4679
1332,4862
1444,4880
1600,4678
1410,4736
3516,4847
2001,4918
3321,5070
807,4849
551,2787
5024,2773
3024,4671
1406,5073
2635,4634
1272,3885
883,4929
3062,4958
4663,4996
1054,52
2103,4957
1567,4886
4498,4690
620,4732
4254,1735
3896,1845
3930,4760
348,4882
2349,4739
2133,2844
2395,4912
2472,4685
4927,2866
1254,4764
774,4668
1607,4248
2144,4905
1968,4686
2792,4997
853,3885
2964,1838
3845,2787
1900,4738
1194,1835
2067,4784
3120,4803
3780,4911
4628,2784
1313,4915
4140,3881
1039,1818
1917,4743
544,4847
3596,4729
489,4988
169,4779
1557,3914
3806,4677
3272,4860
4188,5069
1314,2658
1232,2855
1005,2786
3887,2776
1588,4963
994,5065
3116,13
1199,4894
3187,4763
2090,2799
1746,2864
3907,4691
424,4998
1440,2851
163,46
339,4776
2718,320
210,4679
4150,4691
1010,2866
1525,4946
902,5001
43,4938
2890,4848
2354,1841
950,4997
4063,4958
1639,2839
4928,4887
4463,2779
1396,4972
3056,42
938,4932
2724,3878
4131,2849
1918,113
3959,2799
1874,11
4343,50
4486,3913
1072,1861
4216,4946
2436,4680
4544,4953
980,2814
4333,4688
1172,4860
4509,4730
2890,131
2721,4991
361,1735
1547,145
1323,49
3248,3913
2144,4728
4594,3886
3918,2810
980,4776
1859,4953
4346,4910
3785,3912
981,2827
484,2773
3840,2782
1929,51
2653,4730
1977,4694
472,4681
2454,4728
526,5
1769,4801
1650,2853
3945,4932
2804,4936
4442,4783
3539,1855
328,1827
3795,4777
786,4921
806,4971
416,3886
4329,4828
1791,3505
1775,2844
3741,1728
1085,12
2102,4797
1877,16
3245,4681
894,4921
2624,5064
4433,4782
208,4267
1570,2867
2791,2848
4033,4878
2417,4831
270,2779
3665,1855
3356,4264
2250,1742
2685,4930
1350,3
3773,2808
3716,4885
2115,1732
200,4654
230,7
4064,4947
1157,1842
2133,132
5025,4861
513,320
2076,4748
4081,4964
917,46
3369,4768
2871,4926
1323,2827
3208,4962
1391,4791
452,4739
3617,3879
3940,11
2664,2776
423,2831
3188,4248
2469,4909
3178,4889
3312,1788
1977,2816
301,2823
4388,5077
2533,2858
4440,5063
1025,1733
3645,1836
2744,1838
995,4743
3357,2844
1569,1848
2964,4791
348,4907
1170,2853
1262,1735
4403,67
1313,7
1713,4762
2938,4774
2999,4944
1454,1840
4540,4855
1489,4939
2433,4752
4854,2831
2722,1835
1700,5004
496,116
1678,1731
1467,4988
3516,2776
1389,54
3607,2803
3109,3914
1294,4912
715,11
212,4920
3634,5019
2116,80
803,3912
5081,5019
3235,4829
1375,116
181,2776
1066,4674
3371,4688
2434,4848
2680,4978
2126,4944
4528,4996
1575,5063
3721,4906
4451,4892
4448,3
4113,4731
3253,4882
2996,4954
3487,1832
3940,2856
2127,4739
3828,66
3696,4680
1344,5
1193,4735
2122,2813
2104,4828
3669,4919
3984,4732
2953,4848
1754,4862
2110,4785
2312,16
584,4965
2254,2813
169,4910
3808,4815
208,4932
3152,1732
522,4970
4042,1849
2202,1855
3565,124
4590,21
3756,3883
3752,4870
1815,4830
3998,4879
2344,4695
2026,116
1125,2773
3599,4773
3580,4793
4457,4678
4361,4883
1476,4669
3874,1840
1196,84
3359,3880
1522,5070
2017,2788
1184,2847
1121,4267
1583,2789
1746,4929
2993,4777
380,318
3559,3878
3564,1740
3517,4693
1915,1862
3016,1726
1586,4669
2420,4774
520,5074
866,4940
2249,4729
2691,4718
2888,4992
2083,4862
121,4775
2196,5063
3834,4613
3177,2846
785,4886
240,4718
1380,4916
2006,4672
3267,1733
2390,4697
3941,4784
2609,1735
4519,4986
3909,4679
3839,34
387,80
3783,4759
2471,4674
800,4815
2357,4886
3958,4940
1047,4962
2408,1726
1578,53
4294,4887
1292,3915
2409,4799
201,2803
4412,4979
1799,4884
3329,2841
248,4870
3789,4783
2080,4856
5045,2818
3647,4689
1132,113
3773,2767
4537,1731
3956,4731
1602,4988
2115,4916
1182,5064
1988,3885
5040,65
4135,4991
5036,21
2907,4884
3118,2782
1410,4735
4490,1837
187,4877
2929,53
2282,2798
503,4774
1130,131
4836,4926
613,4816
672,4755
3003,2867
2010,4678
3212,1788
3847,5065
2005,1817
4875,5073
1611,1726
4315,4979
2225,4884
1257,62
2478,53
148,4965
165,4993
2924,3913
1671,41
4648,4793
3933,2844
448,4672
3477,5077
3635,4858
537,4723
2609,4916
4541,55
554,283
3431,319
2300,4782
3297,4938
1502,2867
549,2856
183,4946
815,2860
1476,4934
4486,3615
1139,4996
2504,3881
3105,4773
3553,6
4146,4691
877,8
1916,4731
1424,4792
1692,2841
399,4763
4392,55
3278,1860
729,1733
3064,2768
1663,2671
2084,4912
197,4751
2908,1849
181,2799
4653,4749
1294,51
2109,5001
2097,4929
3648,4683
2912,2786
2836,80
629,4723
2907,2784
1302,4912
659,2862
2388,2823
2210,4815
3590,5004
1961,4760
814,54
2188,4890
1258,4848
2656,5074
1227,4931
2399,4727
999,4727
2354,4801
766,4934
2501,4734
3286,2809
200,4738
1395,4979
2707,48
3282,1816
4587,2658
912,1896
1113,4249
3725,1862
865,3912
3369,4683
3054,4737
415,4759
2452,5000
4533,3885
3791,2833
2355,4786
3352,4882
3507,1734
4532,2795
1811,2658
182,1896
1000,4956
4120,4737
1410,4965
3091,116
1153,2817
2749,4688
3464,1838
1987,4930
2548,4887
3541,1896
2971,1862
942,4265
3494,4730
3740,4966
167,34
2251,4912
3705,2832
1711,4856
1630,2825
3949,145
1229,53
2679,2858
1547,4937
229,2867
2153,4912
2528,48
4520,4882
2015,4995
4062,2822
2266,4832
3154,4955
3157,4765
3407,2844
617,1856
619,2814
2525,1727
711,4690
605,3884
4527,4681
1182,4676
1449,38
1160,47
1907,2835
3249,4957
929,4934
1586,2844
2766,4693
1304,4929
1448,1861
2708,46
703,4929
3823,4748
4261,2782
105,4751
3301,4754
762,4907
874,4897
2927,4787
4449,4267
3299,4676
3337,4780
2679,4787
1153,1817
456,65
3082,4697
679,2841
4564,4998
965,320
4244,4785
3499,4720
3310,42
1948,4734
4208,2824
1571,4801
5039,1855
4474,3615
1311,34
74,4801
3640,4768
2299,4989
4581,2814
3171,4889
3847,4992
2904,1896
3575,4872
2682,4681
623,1735
1375,2772
3614,4900
1050,4774
503,1733
2184,2839
596,2808
323,4759
4099,4778
1090,1835
2051,4885
422,3884
4536,4779
3181,2783
842,2844
787,4754
3063,4831
1511,2810
3119,53
3222,4915
396,4671
1068,4964
3006,4965
1081,34
3346,3915
1509,2782
1428,4953
2340,2767
2956,285
4012,2826
575,2866
4577,5069
3673,4755
897,5070
3998,4264
4532,1835
1545,1834
3444,7
650,4750
919,13
2766,4759
1191,4968
3435,1740
595,1729
4361,4250
966,40
1278,2798
5055,2810
2850,2841
3047,5020
3581,2800
998,4965
2691,2764
3975,6
4454,4961
3272,4917
3540,4946
289,2845
1679,4751
2094,4264
651,319
4005,4249
3497,4677
2081,1844
3125,4762
5007,4888
4702,5077
1617,4769
3233,4873
2942,4754
999,4253
205,64
2091,2864
359,2851
1738,318
4422,4671
72,5075
1141,5066
1440,4860
5041,2812
2548,1731
3032,1808
3536,2824
459,4739
4604,4739
2016,5066
991,4769
3084,1729
449,4921
439,3882
1984,4818
3901,2786
3978,4265
4055,4894
2574,4677
4575,4876
2930,4848
5046,4831
3067,2774
3871,2812
155,46
2636,3885
5041,4906
789,1827
3538,1725
2652,7
2515,2825
2955,2788
4372,4824
1710,2820
436,4831
3853,4900
1762,4936
2700,4760
1248,1841
178,4735
3235,145
4108,1833
2025,1843
4398,4886
4164,4828
3287,4773
2309,1840
4526,2803
584,4693
2233,4857
342,4901
2441,60
368,4635
2166,5000
1490,4956
2262,4988
1819,66
653,4735
3730,3883
2354,4683
3960,4735
4558,1896
3173,4990
574,4750
3766,2800
2701,2768
1259,2866
2322,11
2991,4911
1220,3883
1167,2767
628,1851
4401,3877
225,2808
3186,5
3559,4248
2017,47
3476,4969
288,4670
507,4770
3468,4264
394,34
4167,4815
925,4926
3174,2785
4367,42
3103,5004
2173,2808
2942,2853
1693,1742
4133,4828
1761,4683
1335,4696
723,1844
438,1841
274,1838
1242,4764
2341,4761
4949,1848
2898,3885
2130,1731
1910,4877
3492,2799
2707,3505
2212,113
1044,116
563,4729
2548,41
905,114
834,56
398,4777
1197,4671
4083,2783
1691,2776
4949,4963
1890,1728
3549,2796
3901,4675
1553,1808
2000,4824
2074,4879
1015,4849
3733,4694
3762,66
1968,4672
4601,4911
1823,2814
376,4831
3056,2800
3420,113
1958,2823
814,1726
3180,5069
1911,9
2988,2833
3262,4848
3993,1844
3335,9
3630,4671
3643,1844
1672,4678
2340,1834
959,2790
173,4781
4628,4739
5013,4987
3537,4670
1530,4964
3579,284
4244,1818
5060,4904
1461,4830
1300,4828
1249,4873
1145,5064
1648,4786
4008,4911
4281,4759
1959,2785
337,7
3944,84
3304,1843
2194,4764
1543,3915
1562,2796
2424,4894
4109,2839
4020,56
430,4883
1980,4919
2214,3882
18,4900
2197,4253
554,4978
3981,4891
2327,4910
3678,4991
1629,4696
3948,3882
3299,2786
1401,4766
3126,4909
4447,114
4309,2849
3901,4884
654,4749
2676,3882
3248,5019
763,1841
1581,4935
5030,55
1422,3886
361,1733
4090,38
1078,4832
3646,4824
563,4693
4660,16
3258,4857
2403,4887
2541,1860
2265,3877
4042,4684
1423,4956
3101,4739
400,4889
3693,4905
3063,4888
331,4979
3583,2848
4350,4769
1199,1730
845,4634
2244,2768
3594,4896
2421,1740
1171,2814
3270,4900
501,4800
3943,58
4217,4891
677,54
1528,2838
243,3882
1296,4749
1522,2817
600,61
871,320
4141,58
4638,3914
3374,4832
2679,4972
2508,4765
30,4687
718,2832
1391,4962
3387,2831
1531,2835
1974,4775
2398,2800
2375,4991
3151,5074
1119,4884
0,4904
1708,2774
3586,4858
2275,4696
3164,4882
1678,2782
57,3877
1464,4251
3732,84
2050,4779
1275,4772
669,4654
756,68
144,4935
734,4635
207,4793
3107,2839
2406,4769
3602,2823
2432,4998
4231,4766
1379,4947
1072,4793
3752,2799
3810,4634
2502,4787
3830,4697
386,1862
2908,4673
913,4791
5048,65
3156,4914
253,1861
4061,4668
1975,4688
3213,3885
289,4634
2203,4909
4020,5066
614,4793
2156,4816
712,4934
930,2800
1497,3915
1873,60
1164,3885
4377,2841
2273,4966
1363,4963
4436,4691
274,5075
3326,4947
2541,1832
756,3505
4705,4673
341,4792
5043,21
710,4691
254,2811
2563,4686
1705,4743
1484,4769
631,2855
2274,4668
4310,4635
1552,4777
996,4911
2403,4992
1494,4847
2688,5073
4121,4769
3892,4613
4125,4750
4271,2764
1243,4954
2000,4671
3320,4935
3481,2790
2174,3880
3548,4783
4093,2809
1717,4916
2337,2776
2079,4935
278,2843
3073,1837
967,4952
4303,4672
4515,40
3956,2854
3067,3877
2945,4830
476,67
4863,2810
2119,4964
3713,50
570,4267
3667,2787
841,2783
705,4672
4510,4775
3437,4736
3480,4723
3242,4990
2374,4786
1648,2856
1133,2864
1353,4848
260,1846
1801,4997
1914,4870
3657,4691
3786,4873
4007,4910
3893,2831
1032,1730
4580,70
970,2855
292,2831
987,132
3733,3882
727,4993
2469,4990
2293,4762
3951,4919
4712,4691
4474,4970
797,4964
2116,4801
4047,4780
505,4746
516,2844
1613,2767
2670,2823
2516,4734
3699,4251
14,4917
1998,3886
2510,4791
4065,4790
2143,4723
4425,2844
607,1848
3958,4742
2981,4918
146,2783
2249,4735
3714,4915
2604,1818
3039,2789
1890,4769
3847,2841
5024,4870
3868,2772
4509,4930
4237,4819
5028,4991
4027,1857
1548,4769
3999,5063
4643,5069
4576,1817
3805,2848
1097,4828
790,2857
1023,4695
951,4250
326,4749
1461,2832
3990,38
4643,4954
4080,4824
475,1725
4618,4817
493,2808
2087,4780
1298,2767
4835,3914
863,4883
2941,62
2437,5069
1313,4997
789,5069
2427,4929
1142,13
2208,2790
5043,4687
4203,2866
3532,4905
3348,55
1088,4992
3722,4972
1444,4782
895,5004
2258,1831
843,4762
1322,4789
3103,4824
1033,2798
2254,2783
964,50
2044,4265
4395,54
2134,4741
3062,3913
651,56
4895,4862
1530,4754
148,1850
471,51
4065,4886
3294,4768
590,63
3036,4816
3698,56
4532,116
697,4755
2901,4991
931,4913
3062,1855
3229,4901
2165,1856
228,2838
1555,3885
555,1839
448,4674
3526,132
4472,2803
1063,4910
2222,60
2881,4857
801,55
810,4679
1038,2820
2094,5074
3194,2824
1599,4738
5035,2831
716,53
279,4900
3650,4819
4245,2774
3174,4956
3565,2800
1035,3924
79,2856
2441,2822
581,4742
1144,3878
4591,2858
2652,117
2990,4993
3399,4831
2551,4780
3863,4731
1170,4936
2894,1730
856,4886
4226,4888
2519,63
25,4978
4039,5020
4197,2857
1274,46
4714,4816
2735,2785
4040,61
3677,1848
2757,2826
1913,318
1752,124
2089,4886
2659,4916
2519,2839
4942,2823
2068,1725
1512,4264
1960,1725
4256,2826
3984,4678
1139,2847
3107,4793
1717,2812
4837,4920
3942,4926
4520,2765
2379,4907
4435,4966
1585,5063
4210,15
839,1851
3716,1832
2481,2826
1427,1735
2518,1847
905,4828
1934,4818
3206,2865
2995,2849
3360,4797
1324,84
1760,114
3541,4963
1789,4673
939,4791
3736,4952
1780,2768
3628,2817
4044,4782
3684,4741
932,4251
662,4964
3192,2862
2460,2785
3308,2812
3636,5018
644,4774
87,2847
2130,4674
4516,2789
3076,4750
4103,2803
3550,2768
1693,4654
222,4697
2515,4897
3702,4803
404,1846
864,2799
2890,2823
86,4936
2217,3615
1375,3924
2070,4828
3458,132
1770,4777
3469,4992
1057,4930
3653,3879
2067,4817
4611,11
785,3
2956,4772
677,53
387,4947
791,45
2680,5064
537,4267
2927,55
4983,2658
4135,4690
3941,4921
2204,4775
2427,4873
4922,5074
3441,4815
3362,61
1937,41
3712,4787
4196,4885
1115,1896
180,2767
1416,4731
3579,4995
3862,4249
4345,3505
2690,4937
2697,4828
3233,42
940,124
1774,3615
3973,4870
3146,2800
836,4741
3709,4971
1249,4997
4063,1851
2435,4681
4037,4916
3936,2858
632,4993
1573,4961
1111,4774
1923,4878
4159,2858
456,4995
2521,2782
2544,4965
3319,4752
1501,1843
4740,3877
2439,4998
812,4876
745,4694
1950,284
4148,124
3906,3884
4076,4860
4391,1832
4365,4917
3530,5065
225,3615
4646,4947
2744,4926
3640,40
1445,4816
2051,4887
4345,4947
3986,4903
4048,4885
3240,5074
379,4766
729,4911
2338,4994
1759,4793
917,4685
4439,4766
3952,4752
1491,2812
2583,4669
3105,4850
4077,4828
1498,4720
4505,1832
4564,49
2975,124
1803,4970
4043,4901
1610,4877
1812,4801
803,4831
2433,4870
4489,4849
4506,4785
4806,2864
411,4694
4813,4267
3241,4935
1869,4993
103,4878
3354,4718
4345,55
1262,2782
3607,145
1536,4941
4109,285
2416,2776
2000,4958
3060,4788
1947,4678
4353,132
2043,1833
1870,4919
5060,4668
760,4775
1644,4635
1880,3878
2673,4929
3013,1839
4225,115
2063,40
3009,4892
1658,51
1188,4897
2673,5074
3688,4803
130,4988
2620,1834
3092,4673
669,4736
1244,4884
4869,4687
4344,4759
1874,4914
700,5069
4740,1848
547,113
2645,4754
455,1748
2452,4930
4542,4727
4399,5066
683,4918
640,1836
3209,61
2254,1850
3553,2814
198,2789
4003,4760
2366,5019
633,4720
2884,4956
2202,4952
870,5000
3689,4918
2274,2827
1962,4876
1526,4882
3530,5018
3297,4673
3365,4908
118,4687
1225,5065
4063,66
1131,2799
153,4963
3457,2846
1142,1845
1312,4759
3426,4797
3965,4905
3641,5075
2739,4891
903,4690
2104,1839
1170,2820
4302,4771
3815,3883
4960,1827
1370,51
2975,3883
2292,2847
111,4746
2680,4676
4379,4880
498,3881
194,4879
4586,284
3089,4883
2945,54
913,124
1090,84
3963,2790
4270,2790
87,4265
1030,4788
1187,2810
501,4743
2336,4727
838,4878
2714,5019
4098,50
3065,4997
2499,4670
2422,3886
2983,4944
3581,13
1083,4862
1285,4763
1981,4718
17,1742
1562,1740
3327,4682
1052,318
3647,4690
4555,4894
254,4674
3357,5077
4153,3879
3014,4781
3441,4759
3817,65
286,5001
3893,284
4258,1
3381,40
3682,1837
3310,3886
1738,4791
2611,5069
1706,4265
3856,4773
3729,4265
485,16
26,4736
809,3882
4102,4729
2005,1732
3572,5020
381,4888
1405,1816
4508,4743
2549,218
3351,4778
881,4253
2887,6
267,2783
3313,4789
4272,1846
2290,1734
4699,133
4102,5019
1175,4678
201,4760
845,2831
2886,2809
3902,145
3925,80
1907,4801
2037,2866
4575,4671
5030,9
3592,67
2947,1740
2281,1851
240,4944
1262,319
2397,4962
2551,2764
2231,38
3258,2822
1941,4857
914,4793
763,117
2626,4831
4949,4961
4087,1846
4976,1726
2250,2864
1716,4894
3680,2822
2209,5064
1270,2824
189,3
597,3886
370,2816
4386,4829
625,1833
4795,4731
4288,2831
4121,4760
211,4896
2802,4779
2969,5001
4853,4791
791,8
862,3912
4155,2823
2592,2787
1507,3886
3242,4738
628,2829
3371,4906
738,5064
1942,1740
4347,2796
3743,47
3863,5065
2347,4940
2684,4691
290,1725
895,5074
2613,2781
1605,4952
3823,4683
4130,4672
3984,4679
4195,2798
3852,2855
1517,4996
4839,4818
3092,320
4624,4993
627,4751
739,4937
125,13
4332,4829
205,3913
2007,2822
4262,4848
4376,4799
3964,4817
1532,2846
1549,4963
3630,1843
3233,4919
2089,40
3330,4820
977,2817
2203,48
1430,4914
3319,4751
692,1860
2134,4992
3145,1728
4141,4824
4547,4737
3296,4816
1137,2829
3001,2773
4578,4677
1099,3884
79,4908
901,3882
905,3
571,4684
3225,2854
850,3881
3241,4671
1972,4787
1769,5
3293,283
2904,4882
18,47
44,2823
682,70
454,2783
771,3883
505,4876
4575,4913
3465,4861
2220,4688
851,4673
4288,40
397,4897
967,4803
4483,2765
611,4746
82,4753
424,3924
1596,4916
865,2854
3447,4897
2346,4253
3734,2794
2459,2810
2385,9
2756,40
4541,4730
1086,5019
4097,2773
2801,1862
138,4720
1877,4965
3750,4941
1635,70
3734,4747
299,4815
898,69
79,12
3591,1827
2351,1847
2578,2841
3253,4828
1821,4803
2564,1727
4376,21
3058,4748
1060,15
3397,4978
226,4769
120,4697
537,1850
2308,12
917,42
2760,1733
1647,2838
1223,2798
4512,4763
3494,4904
1405,5075
585,4994
982,5004
3445,2851
2474,4786
3940,55
3209,145
5060,2776
3341,1856
2276,5065
3274,5069
536,48
983,4791
4138,4876
2565,4910
344,4654
3135,4876
394,2798
4119,4675
2467,1808
308,132
518,2799
4458,1832
3536,4267
598,1837
18,4761
4586,2776
2743,4896
1924,4739
190,51
697,4885
650,4937
1756,5074
4013,4697
3436,218
28,41
3773,53
686,2779
2339,8
3477,1860
1934,4250
4123,68
4562,3912
552,2843
3805,1732
2395,4988
3836,4998
2529,4991
2499,2658
1294,4997
3383,5066
1990,4774
1019,4815
1744,4872
3081,5020
676,4688
2587,4752
1234,4765
5076,4764
4436,4915
940,4880
3055,1842
3947,12
582,4910
4303,4908
2236,2866
3816,5070
1946,5070
725,218
212,3
4661,4763
5045,4988
863,3884
4394,4251
1122,4761
1938,50
3826,2814
1368,3882
4516,5002
656,4938
3140,4689
3889,117
3608,4856
1146,42
3554,4952
716,4764
5058,4251
317,2822
339,2866
668,4831
2941,4754
4809,131
356,4671
4140,4803
4521,4935
3708,4946
789,4858
3303,2814
1558,3878
26,4781
4315,4828
2365,2853
2625,1844
1968,2864
2941,1726
3756,3879
822,69
1684,4732
2932,5074
1278,114
2967,133
4198,2849
2432,4883
3800,4997
672,3505
434,1840
3093,2783
3770,3505
1620,4763
728,1844
1314,7
3764,4759
500,2809
3650,115
2946,1843
269,1730
2243,4800
1432,70
2528,1838
4263,4952
3707,4774
2711,5070
3972,12
5080,4855
3153,1850
2514,4680
3530,4989
422,51
1005,4897
4302,4913
281,2789
2976,4728
2980,1841
2587,1837
3439,4988
1982,2812
1181,3883
824,4749
4431,4873
3482,50
4333,4918
4549,4873
3429,3883
3806,3
1158,4992
1425,2786
2055,2821
457,1726
1152,4938
5045,2811
2464,4686
466,4792
3454,8
2206,54
2296,4952
2057,4894
1773,65
1566,4762
5023,5001
1398,4694
1683,4689
2897,62
2870,4688
1066,4789
2043,4936
1800,218
3194,1839
2317,4801
2945,4920
4011,4849
1199,56
237,4963
1354,51
3543,5001
1330,8
1015,1816
1269,5069
1434,4786
2009,4970
4311,4734
3091,4892
5060,8
2568,4906
543,218
1960,2826
3055,2844
3967,5019
433,1827
356,4770
1489,2862
4177,4782
4016,3505
2530,4668
4357,4915
2253,4860
1503,4886
3036,3886
1664,2825
151,4891
2205,4729
3176,133
2036,4951
2645,63
3631,5074
1067,4920
3446,131
259,2799
1761,4793
931,4992
1267,4753
4374,4671
5039,5004
1158,4787
4608,4886
3622,5064
2943,4772
308,1855
2395,4742
3154,4689
1532,66
2147,4754
774,4887
2519,1729
1492,2788
413,4880
4492,1896
2278,68
2389,1845
2056,4770
331,4936
841,1730
1187,2858
2268,42
1591,4936
432,4918
4062,133
3682,2821
3937,4884
3733,4691
1678,1727
3496,1729
1154,2783
976,4733
384,1835
2679,1838
2689,4947
3283,1827
3816,4870
2404,4679
1056,4800
1015,4880
3391,4890
3729,4799
202,4920
743,2814
2298,2846
2723,4797
635,4901
2665,6
2763,4780
3531,4771
3825,1855
3669,5001
2732,4991
3711,4855
1513,2821
1153,4728
3138,4873
1233,2839
3708,5018
3092,2862
761,4887
2572,2658
1957,5002
2612,1827
4710,4668
3253,65
1300,4831
2224,4891
4758,4998
2444,4957
1874,4746
4603,4654
4500,4961
1073,65
3425,4817
3709,4918
1292,4912
175,4689
3120,2764
567,5075
3843,1846
2755,4992
3876,2798
2967,34
3504,2810
681,2833
1323,4815
2113,4800
3981,4969
470,117
787,4730
1272,4784
3113,3
1130,4786
2624,2820
3905,4679
1418,320
3930,4729
2453,4691
2615,2782
830,4751
3996,4905
470,4879
845,4742
4859,5002
2496,3881
3161,2837
565,4850
5051,4739
860,2790
4981,5070
4074,4939
1648,3913
2968,283
5046,4762
829,3882
1557,4957
4100,4912
4492,114
3536,4763
533,4938
2063,2862
4153,4938
296,67
1473,3
2801,4787
3363,3
820,4951
229,1835
3448,4849
4517,2854
4643,4884
2030,4929
4626,4801
2941,2864
373,2840
3595,1837
1241,4720
4304,1740
1201,3878
2989,2818
1200,4903
1536,4993
3287,4857
1006,4903
1611,67
2438,4931
3007,4790
4154,4970
3619,48
4089,4265
4259,133
1261,1835
2975,2856
1421,4654
3386,4829
1560,4250
5034,4761
2446,2849
1507,4668
2127,5064
3677,4792
583,1788
2646,4668
3386,4940
3228,4894
1648,4674
1815,4672
3238,1851
2990,4264
2237,1862
1984,4878
757,4680
1567,4753
4959,2860
3528,4830
1184,4934
3421,2860
1935,4936
4663,4788
3460,4856
4660,2767
607,2773
2358,5002
1050,4915
570,4793
1709,4672
3423,1735
4133,4753
1781,4989
3631,5002
3614,4904
2600,3880
3754,4759
1341,1817
1332,5073
4698,12
4639,2812
1926,4690
4642,4947
4011,2833
351,4654
2675,4761
3042,4963
3222,3915
4211,1844
1390,4817
2679,2826
2398,4718
2304,4751
5036,4251
2099,3886
3635,15
3132,4820
4726,4904
656,4751
3560,4250
3292,1734
1310,4940
2550,4820
3298,4799
638,4916
2384,2851
3020,2808
3995,2800
3603,4687
4863,4727
2171,4677
1330,4818
1859,2813
690,1856
528,2847
4428,1856
2581,4765
1507,5020
160,3914
415,318
337,4817
2608,12
3332,4938
3775,2823
402,4674
586,2855
1058,2782
3741,1727
1585,1855
3021,4969
1348,2827
721,2789
3394,1725
4080,2768
1650,4963
947,4934
941,132
2009,4877
3817,4787
2273,2814
4301,3915
4552,4780
585,4675
303,4992
3066,1788
3105,2788
3467,4634
1583,4904
3075,2800
4024,4993
1366,4897
2668,4828
3907,1851
4115,4939
1486,4613
2880,4879
2682,4759
761,4792
2009,4696
1497,4903
3482,2821
4216,4674
1554,4692
4418,6
1945,4772
4543,4878
4522,1740
3739,1840
4274,2845
1929,4249
2118,5
4081,1839
3703,68
3491,2831
3340,2860
4307,2843
1677,4732
1065,1835
2462,3882
743,3615
4365,4776
2548,2821
626,63
1223,4669
3399,4929
1435,2866
1312,4888
802,4970
3210,2767
2041,3879
1355,4954
832,5064
2653,4763
2084,4746
4744,4686
715,4613
4056,4891
2453,4860
2333,4737
3168,4880
3057,4855
2042,1834
1110,38
2574,4971
502,4727
1026,4831
967,4635
1548,4915
4049,3615
2042,5000
817,4762
1026,4686
3960,3881
2251,2823
4294,4872
4650,2833
3495,1850
3509,4897
2517,4791
307,4965
1027,4936
3432,4989
2727,1841
2717,4739
5005,2794
611,2788
1482,4738
1071,12
4804,5000
4486,2809
2057,16
3113,1855
310,4673
1406,2776
2719,4671
4434,1837
3267,4971
3563,1816
4230,4752
156,1862
4068,3915
2323,1727
2997,4886
4461,4889
2905,7
1624,4994
361,145
1004,4885
2107,5018
1049,4779
1535,3880
1972,2808
814,2846
1508,1740
2527,4738
666,4720
2643,3881
4365,4987
2726,4920
1998,4654
3308,48
1586,4683
3443,3883
1768,4986
369,4786
1761,5018
4076,45
1358,4935
2600,2794
952,4751
2966,4741
1220,4972
4446,4793
5058,4986
2753,4693
4369,2854
4716,4654
635,4856
3201,4784
3028,2817
738,3915
1074,1841
3559,4892
2350,4788
4425,4979
2633,4723
2171,4764
3836,1843
3521,1748
5005,54
4299,4966
220,2833
4341,4992
3435,4991
2208,3885
3343,4992
3145,5001
3428,2841
897,3881
491,4783
4290,4901
3008,4771
4354,1831
1079,4778
2145,4688
1166,2822
2792,4777
4246,132
1996,4829
3721,4965
4802,2776
4131,1808
2951,4873
4411,2784
3975,53
2437,4799
4294,4743
2620,4995
3763,4760
772,4695
4083,66
1942,1725
479,4889
1074,4671
2437,4800
2223,4750
2591,2847
3792,2820
1572,4910
4201,42
4382,113
1469,4803
2608,1836
2364,2814
3967,1842
1952,4690
3671,46
176,4672
2108,2811
253,4718
926,1849
4400,4850
2777,1788
4836,1834
2009,4752
4823,60
4448,2866
3811,2812
3521,42
602,4908
4592,4946
948,4944
4629,1748
2236,4849
3952,5001
763,1860
2733,5064
4859,4670
2579,5077
3782,3913
2357,2784
2761,1839
4140,2765
4190,4988
2021,84
3545,2779
4604,2818
408,2862
1445,4635
589,4958
4498,1727
3557,2779
2147,4785
909,1846
2919,4803
707,4962
2874,4989
3019,2857
4621,4752
3122,50
1749,2823
1655,4857
4236,4673
3029,4885
638,4968
2256,4885
3937,4768
1829,4776
4041,58
1248,4891
3175,4929
4135,4862
3532,4671
719,4816
2351,4731
1374,4789
1290,1834
3556,4815
4524,4857
2737,4769
4609,4773
209,4675
3210,1729
3979,4883
4473,4732
3466,4770
3790,4752
4193,4912
2393,1836
390,318
2947,2847
3432,4691
3117,1831
942,4771
3393,1835
3851,4749
2508,5070
2686,4994
2337,4913
3238,4917
3712,12
1194,2671
2247,2783
4580,61
2732,4768
1525,4769
593,4830
3273,5020
2496,4780
1167,2849
300,1788
3061,4749
956,4947
3800,1831
3894,2824
3125,2833
1786,4824
4223,1862
2683,4737
1326,4735
1012,4697
3067,4654
4228,70
1312,4750
1951,2768
750,4998
4328,4861
4285,1848
3468,4784
4705,2816
3344,1862
3184,133
2144,4634
3479,2812
1223,3878
1442,4887
2249,4816
1759,4696
2968,4961
1915,4739
1425,2820
172,4962
4632,4264
466,4675
711,4879
358,4733
3496,4856
4339,4720
2713,5075
4182,1729
4487,4788
4203,4971
4507,1838
3276,4986
1316,4753
437,4265
1565,4887
3072,4900
3898,4909
3719,4937
4014,4779
1998,2783
1303,4671
1439,2851
2008,5066
947,4937
1571,1740
4016,5002
3302,4966
3431,4678
4032,1740
265,2826
3824,2774
3362,4887
4196,1849
2645,1841
2249,2808
1059,2789
3341,4267
4222,4876
1828,4892
1927,2860
4546,319
1084,4732
4794,9
2988,4856
4594,2855
877,2811
2636,63
1895,4677
2060,4720
2032,4878
726,4801
3542,63
1820,2867
44,40
3502,2774
159,2781
3292,2814
1184,2776
1805,1862
2480,4690
3109,4957
3217,1896
392,2795
848,5000
2423,4680
2694,4955
2397,4729
1794,283
72,1850
3936,4987
166,3912
4924,4720
3137,4762
1872,4771
4575,3877
4077,5019
2549,4995
1509,4911
892,1844
3582,4784
1819,4886
4495,1740
1005,1836
2027,4747
602,1857
1608,2795
3692,4785
4605,4687
3034,5004
136,1836
5015,4739
4282,4613
2662,1838
3271,3924
4213,4992
3057,4679
2221,4965
3306,4793
1854,49
2370,4918
412,4251
2338,2811
3151,4803
3873,2865
2620,3880
2688,113
2159,4730
1433,4958
2641,64
3450,1846
1392,4764
3670,2867
3781,4911
2926,2767
1601,4905
264,1831
2519,2831
1890,2786
3638,4860
100,4683
2374,4754
4117,2811
2258,4910
1249,47
2553,4941
1717,2788
2077,1730
3538,2844
2893,4883
342,4747
2984,4849
1379,4785
3964,4697
2348,4931
2730,40
892,4829
444,2658
570,68
196,4799
1559,4742
2046,6
1167,2841
4183,2781
3459,4894
1637,4884
2586,4901
4439,5004
1475,1861
2457,4760
354,3924
3927,2831
4702,1849
2592,5000
370,4894
1532,4741
4497,4850
3546,2837
2463,4870
241,6
3355,1844
2696,4790
4298,1862
4124,4886
602,9
2424,4803
3068,4769
3992,4919
4,117
3160,2827
2501,2813
4101,2846
2592,4694
2164,4749
1475,4921
3370,1726
3853,3
1953,2765
1692,2839
1069,4753
3379,4793
2972,4961
2574,5077
3402,4791
2391,4934
3457,4958
4037,2787
968,4953
3943,3924
4657,4264
2274,4947
1483,2827
4367,1848
991,4932
3343,4995
828,3880
3663,4993
4481,4965
4652,4786
97,131
845,4900
5081,4678
4174,1848
1017,4858
4715,1728
4024,1847
3853,4820
83,65
345,2838
3102,4824
3603,5077
618,5066
2021,3878
1866,4970
3841,48
3942,4673
3532,4858
74,4883
574,1737
3301,4728
1697,4677
4006,2786
835,4679
5034,4771
769,4738
1339,4768
207,4994
3921,4939
1540,2796
3873,4681
95,4953
2718,2854
4837,4900
1709,4792
4136,3883
3300,46
3917,4720
2156,4901
2707,4687
1171,4972
1604,2838
3933,4891
176,4816
2980,5064
4474,1856
4525,4901
1225,284
4340,2800
5034,133
1253,4671
97,2764
2479,4793
4394,4684
1961,2794
3529,1835
194,4750
4497,4830
830,2838
4181,62
1811,4856
2105,5070
3697,4996
3144,2820
2770,1847
409,4778
5078,2866
2200,1816
3279,4914
899,2800
4259,1838
1593,2794
996,4743
23,4613
122,4769
4839,2779
661,2658
2145,4753
2894,4774
440,4729
1427,2671
1080,46
5048,2840
2340,3882
4576,2783
3549,4955
929,4952
1247,4680
2714,4673
2676,1748
828,4969
2990,4850
1166,4774
3515,4932
1390,2787
3026,4670
4,4830
1047,62
643,1836
3208,3882
2896,4738
2940,1896
824,2671
4490,4760
3972,2841
2393,4783
3747,3879
1135,2810
2214,4782
843,4774
3746,117
425,1833
3730,1850
161,4978
739,4966
1225,2866
4154,4780
939,1840
4536,1896
3416,4870
30,1847
3662,4888
3380,4961
4422,5077
1220,1850
888,1731
4427,4897
826,4909
1116,4735
1976,5000
3252,131
2750,4820
2673,2784
3589,12
2073,4934
3045,5016
5027,4921
4660,1846
3356,1808
2311,1837
219,4742
148,4746
4663,4986
2117,4790
1260,4828
4598,2846
236,4847
2488,2813
2164,4694
1363,4966
991,49
927,4940
1618,4957
2319,2856
1677,5001
3583,4671
397,4930
2503,4847
3482,4887
1640,4779
1458,1861
3197,4938
2437,4914
2482,2810
4041,68
2017,5002
2880,2857
3058,3880
2709,46
752,11
1147,4954
4875,2821
3642,1728
1578,2860
4563,5070
3223,3913
3757,145
4186,4267
4117,4978
2413,4896
14,2826
3253,4891
3203,2829
2418,69
1482,4972
4933,13
3687,4729
1800,4968
2218,4692
1438,2803
3345,4877
1255,4790
3302,1808
2272,2774
643,5004
2087,4986
2719,4677
3841,4913
1720,4879
3255,4962
1646,2856
5055,284
791,3877
4130,63
191,1733
4270,4743
3005,4789
2160,1857
385,4978
4166,4916
1701,1827
3843,2809
3975,1728
2207,4723
4375,2856
1292,4971
2598,1851
2190,4770
442,4858
2423,4683
2925,4944
2726,4739
4354,4768
3962,4997
4512,48
3618,4780
623,4818
1629,1827
554,4919
1408,67
1493,4723
2885,4894
4512,2779
729,4766
5054,4768
4413,4681
2747,1734
797,4993
1005,4894
4980,2671
2307,4986
334,4817
2721,4920
3948,1849
917,4830
4285,1740
4276,5065
3897,4782
4713,1861
5050,4909
4484,4939
1368,1832
89,2795
1699,4685
1881,4978
2072,283
1661,1846
936,5063
3710,4901
2650,2864
3953,4816
1327,4741
2069,114
1494,4735
2249,4909
2624,4858
3301,4880
2471,4731
4354,53
3751,2765
1183,2789
2154,5074
2969,1837
359,4901
4625,2803
3767,60
3967,1732
3014,2658
3799,2779
235,4857
1122,5018
3267,4687
1222,4934
912,4669
3018,4780
622,4966
3478,2835
0,4966
1339,4743
2162,4957
3096,13
2617,46
1895,5002
1796,1848
4653,115
1773,3913
2124,42
2446,1748
882,1726
2634,5020
3951,1850
3381,1816
4355,4248
4024,4929
4013,2851
4421,4684
3065,2841
1747,2671
3671,2787
4794,42
1310,3878
3662,4790
1906,4940
2125,2829
3796,4920
3389,4862
3640,1788
808,4694
3747,4673
3208,4897
3716,1841
2706,46
3821,3880
2963,4877
2109,2809
4086,4737
3337,4953
888,4947
546,4946
3684,5000
2428,4253
4985,2803
3944,4693
4306,4785
3033,1818
3774,113
4025,4929
797,4931
5014,4896
3517,4752
289,4692
3564,53
1301,4691
143,62
3261,4779
2582,4914
4595,4249
935,131
1552,5064
4795,2765
1503,2808
2919,113
1303,2860
3500,4266
4328,4677
934,4784
1699,5016
3804,2820
2187,9
3079,1726
94,132
2015,4938
1090,4828
798,2798
4598,1851
873,4931
3952,2813
552,1728
2087,4862
2324,4764
1904,1728
516,4918
2758,2838
4435,2866
234,4894
3595,4913
2546,4783
4255,4848
3538,145
4242,4250
842,1816
103,61
3315,65
711,1730
4334,4671
3335,1856
1071,34
1360,4803
384,4914
3855,4266
3148,2835
225,4968
2897,1849
2996,5000
1978,4752
3580,218
2178,2810
3591,116
2149,4969
3016,2829
3207,5063
2362,4770
2517,9
1406,145
2054,4788
3638,4936
3950,4686
1899,2796
3695,49
1982,4993
1174,4930
2262,1847
3894,4941
960,4718
4381,2826
1766,320
1000,4916
782,4876
857,4941
613,4861
1109,2776
3696,2823
3610,2764
2126,2789
4497,2814
3951,4970
4405,4777
3799,1845
915,2787
3283,2829
2018,2843
3502,4872
1124,4958
4470,4768
2303,124
1746,54
750,64
2687,4962
449,4938
560,4831
5028,4687
1067,4692
3773,45
689,1849
1348,3924
1312,4930
431,4908
3373,5016
3948,4876
2547,1838
742,4958
1432,1742
2932,2812
587,4891
2968,4790
1039,51
948,2788
1688,319
1614,4965
2503,4763
127,4688
3734,2798
3187,2799
2532,4780
1204,4681
3806,1732
3264,4872
4804,4253
3339,4679
3619,4751
3785,4763
4719,2765
1119,7
3188,1731
584,4789
2469,2829
1179,2790
185,4251
3089,4857
1472,2851
3129,4803
693,2767
272,4901
1499,3886
454,4760
3387,2821
4598,4971
1754,4723
4722,3924
2923,4880
778,4671
3094,4249
3243,4913
1424,8
480,4902
4814,4783
1198,46
2013,5070
1135,2821
1909,4818
238,4957
3656,4932
3825,4979
1594,4727
1154,5000
2489,2840
383,2768
2737,4963
4594,124
4446,2860
1550,4688
1301,1845
2405,4934
4651,4892
1358,2790
1354,5074
3286,5000
1491,4832
4327,3924
3010,4670
1493,2818
5083,4947
2859,1850
875,4955
1566,2789
2542,2784
3139,3878
680,4870
2099,1857
2320,114
4455,4265
3076,2845
2978,2832
1155,5066
3422,1730
4232,4938
4608,5073
520,4926
425,4670
3121,2829
488,4987
1348,3912
4722,4911
4622,50
2629,2855
598,114
1346,4760
1264,1838
3088,2840
1911,1848
4219,2844
4375,1842
1937,4654
2918,115
3747,2831
1585,2824
3104,2843
3106,5000
1015,4791
915,1733
3259,4941
1675,2843
3119,4850
241,4749
3016,70
2700,4892
1148,4902
1191,4961
1057,5074
2893,145
2351,4776
436,1862
3449,4694
2702,2865
1637,2855
1153,5019
1120,4690
536,2799
551,4953
356,4692
2382,4735
4016,4635
3098,2827
4117,2789
630,4764
4408,3883
4166,4762
689,4753
2299,4675
964,5065
4529,4670
1895,4679
3273,4956
4007,4900
640,4926
971,4249
797,2864
1391,1740
3212,1857
3421,4776
4068,4773
2506,4941
2544,4919
142,2822
4207,284
1962,4873
2436,1842
1197,3877
2425,45
947,2818
1078,40
2755,4957
357,4872
3996,4831
4639,2781
1618,4749
3560,4684
4859,4856
153,4966
2349,4613
2886,5077
4859,16
230,4249
3588,56
3123,4996
4087,1833
996,4986
4519,4253
3810,218
2006,4696
3681,4986
3088,40
3208,4266
3834,4732
1090,4857
4153,4886
4256,4692
1460,4779
4744,4926
1431,4635
4621,4873
4182,4929
2460,4901
4589,4876
490,4900
2740,4764
2904,2765
1364,5
3957,2866
3340,4694
4277,1816
1433,4956
2627,4783
2815,4937
3479,4904
1412,4782
4283,4860
3446,2816
2539,4819
1513,4963
451,4958
1585,4940
324,2787
2725,2812
4662,4746
4566,3615
3644,4998
956,1732
3302,4861
4037,4966
913,4951
516,2776
4367,51
2268,3879
307,2849
4034,1860
2523,1846
325,2765
3843,4774
3618,1730
4371,4685
5044,68
3730,4675
4518,4671
3497,2768
3965,4951
3426,34
3247,48
2476,1845
326,4903
1168,1855
1509,5074
2919,4824
1570,54
4359,2847
767,4727
3283,4685
578,12
1328,4792
2585,284
142,4677
310,2811
2433,4816
2537,67
111,4789
3544,4858
972,1727
3720,4882
2044,2811
1136,4857
1446,5004
1673,4729
2503,1731
3788,4788
1130,4894
360,4267
1407,4997
3021,4731
453,4691
1114,319
3477,2851
1097,2847
3895,2829
639,4992
967,5001
713,4986
3853,4929
1331,50
2412,2786
3281,1831
2511,2782
3151,4769
4362,2808
3284,3882
384,4996
3865,15
1478,4782
1397,2810
3374,4670
2935,4776
2008,4996
704,4940
1897,3915
1352,4733
1541,4885
1662,1733
4533,4938
32,4266
925,1732
2128,4914
2572,4771
4664,4265
2651,4769
3346,4995
760,2855
1282,2794
584,3881
195,3912
3273,4747
1554,4966
944,4890
2025,2820
389,4763
2957,4787
1923,4730
2366,4986
2102,1837
3248,4694
2598,13
3127,2785
813,4926
277,4880
3183,4901
1440,4957
2652,4947
1923,4888
2557,4753
4557,4940
1640,2823
1388,3913
1168,4934
2280,2776
4119,4779
1966,5063
1039,2826
684,4947
2023,3914
1090,4989
4571,2779
2869,4961
934,4674
1277,4953
3771,4674
872,4774
2140,4870
3388,4774
2329,9
3472,49
599,1726
3390,2831
3025,4905
2534,2854
1629,3913
1881,4920
4458,4909
1356,4831
205,4788
1296,2866
216,4776
3411,2825
4161,4855
128,4921
2002,4783
1261,15
3187,2798
295,2803
3920,4917
1750,61
493,2857
2288,4829
4283,49
189,4962
4585,4689
4130,4908
3316,4676
1084,4998
829,4914
3544,4882
3009,4249
1751,4671
1736,4940
2956,4992
919,4897
1317,1857
4534,2849
4973,2784
4115,4693
2721,1730
855,4670
2650,116
3411,4819
4667,117
4047,2841
4359,4955
2953,4803
3067,1841
3847,4677
2932,4901
695,4763
1858,4677
3438,116
3846,47
3917,4737
3233,2776
3890,1827
3507,1725
2970,4265
1949,4267
1763,1896
1049,1730
1482,4253
1655,2790
3249,2798
3338,4860
2090,4956
1226,2818
590,2786
1875,4799
2902,4887
1201,4892
5049,4799
1962,4882
3818,4783
1231,4988
827,4746
928,2820
3697,4634
4254,3879
728,4906
1085,1818
1572,284
4949,4832
652,3879
443,4850
1401,2854
2434,116
1755,4966
3075,4872
453,2772
1759,4886
3479,2843
4209,2865
599,2855
2398,1740
2147,4673
3679,1840
3951,4828
3962,8
3888,4915
3840,4929
4043,4938
2705,4937
3763,70
3156,54
3939,2773
2086,2787
2255,5020
725,2783
621,50
1269,1734
1002,5020
901,1896
2157,5077
1031,2857
193,131
4487,4896
1004,2849
832,4750
2556,5065
2653,4693
982,2856
4431,47
341,4884
4445,2803
4545,4781
4796,55
3051,1727
1061,3884
3344,2784
4409,4673
2771,4673
4843,4909
1321,64
2905,4734
59,4682
2603,4972
2434,5018
806,4718
2623,4998
3146,4849
1084,80
4097,4858
570,1846
1724,4969
1706,4908
1667,51
1382,4748
4514,4613
1171,5064
3942,4969
3688,4952
1676,2671
1087,4265
1763,1847
2280,4768
481,4635
3696,2658
2180,16
3390,1842
3380,2796
2484,4886
2253,4772
1429,4791
4342,4250
1162,5074
3975,2824
1853,2832
311,4729
