634,1807
1189,233
1197,1656
1986,1641
553,79
150,1233
1072,67
1752,1679
1726,1663
1621,103
1509,99
596,90
1480,1667
1554,96
1557,53
1535,73
711,1659
311,105
1456,1654
885,132
1094,56
501,1675
146,42
1323,112
1292,91
1490,1657
817,61
452,80
1731,28
1292,42
1423,1678
1610,61
135,93
165,112
701,1642
1871,39
1059,111
696,1693
1479,32
1706,100
1945,82
570,32
752,41
1948,41
1247,1785
1317,86
731,31
934,1680
1196,67
1433,1641
280,1673
225,24
1991,26
1242,1665
641,1680
1726,1641
74,239
1525,132
336,1632
1492,51
298,65
467,1632
908,28
1482,73
287,97
1850,1807
1451,36
1930,75
1091,77
792,1233
1437,73
281,56
837,19
713,29
1192,62
1047,96
294,108
1094,69
726,99
728,638
227,1807
15,1654
931,35
1067,101
1360,233
475,239
1377,87
1128,85
722,100
556,1656
264,190
432,154
967,28
255,1760
454,1807
284,1668
580,233
1041,1641
444,1675
880,29
1734,1785
1308,111
151,32
192,63
1149,1657
1823,71
336,100
634,87
1331,39
1591,43
1937,1630
198,1760
529,33
623,43
934,1666
643,41
1567,66
812,1680
1495,103
587,1680
152,1659
1607,56
1904,1
305,35
1708,43
861,110
1467,1663
1412,1666
348,71
1691,1673
975,26
740,43
1294,1642
1370,110
1505,59
351,91
631,131
1683,1654
1356,28
1546,60
1128,67
1717,53
1345,1657
746,80
1121,1680
895,1797
981,33
839,71
1942,112
604,86
627,239
240,91
1305,109
611,60
1433,32
1774,41
1858,28
1429,1760
151,54
886,17
1901,90
1239,1673
765,54
1120,43
1545,94
508,65
255,98
228,64
707,1807
1318,1671
268,65
971,1666
588,1676
1052,233
858,106
440,63
1290,63
1492,87
814,63
1515,94
1594,97
76,1670
1397,94
773,20
1880,56
351,56
388,54
372,83
524,112
1098,93
1708,1660
655,16
1444,33
783,79
659,85
275,1672
1360,70
345,119
55,94
922,1659
645,106
499,80
634,1667
564,94
514,1665
911,1665
1939,132
547,190
732,98
1960,31
1724,104
1451,1658
1127,43
903,29
1093,87
11,109
711,110
1635,1666
1177,132
1608,1632
816,28
1083,62
578,1668
259,110
1099,94
876,77
1871,190
491,233
1160,42
944,1807
1082,109
610,1668
589,107
1696,91
1662,96
188,190
872,33
1739,31
1813,98
180,96
1085,97
1158,89
551,1797
171,1659
242,233
851,87
730,50
1354,66
1727,1671
825,1092
1806,1668
1661,41
1715,71
1826,94
1553,96
1776,119
1015,87
1523,1632
149,39
1491,20
746,37
1333,239
914,111
991,111
22,1678
1980,1659
821,1670
639,1667
1382,105
27,59
1745,1693
654,196
1409,59
1479,91
1985,1092
6,1785
354,1654
352,1642
559,73
1223,86
249,104
1135,1658
1028,64
1173,51
606,108
1362,1632
572,196
3,67
228,100
1595,70
302,77
1653,1630
1139,66
218,62
882,233
535,33
593,90
1149,37
1186,17
1280,86
503,83
927,1639
143,98
806,1660
1253,71
1402,1667
1058,87
962,32
889,154
1239,20
602,75
1940,105
908,36
227,1641
1105,80
662,31
1694,56
135,1807
262,1693
1270,1679
1588,1660
354,131
564,50
72,58
182,35
400,1675
796,93
1778,91
1960,138
1825,138
209,16
1493,108
890,19
1633,63
1049,94
886,79
853,1672
1740,114
669,1665
1395,77
1837,94
240,1785
400,20
1347,1092
335,108
1025,1698
1574,233
302,95
1927,109
952,1658
1567,26
1859,1663
596,71
1425,1667
828,1807
1000,82
747,53
1263,51
1836,41
1361,79
902,1641
1239,42
652,64
636,93
1279,83
1065,233
516,1677
626,103
955,17
208,1658
1898,1665
466,190
489,103
126,108
1198,62
702,35
1862,97
172,108
214,1673
1707,58
772,53
368,89
1342,19
441,98
408,106
1791,42
544,60
1001,109
705,239
407,99
1865,61
1422,58
1247,35
1341,1092
372,633
689,1673
728,39
1116,16
1706,16
1433,1676
1167,1641
211,64
576,26
149,1632
1739,41
1974,26
1981,108
1947,36
447,1760
1350,101
1535,43
1316,1673
1546,132
1196,1659
591,67
1859,1675
941,16
925,1675
321,37
1774,1676
1209,110
1876,1672
716,106
92,26
1306,70
1913,104
793,41
310,65
827,105
357,1092
1353,33
782,69
435,90
789,29
1342,29
1398,1673
778,1658
359,1693
587,108
1268,59
1929,71
1539,1654
1538,95
1421,1657
745,66
494,111
1622,39
427,82
1153,20
1800,67
127,29
1107,1673
1854,154
1199,67
1881,24
832,19
504,196
9,1642
1652,71
549,154
683,50
1253,28
565,58
1547,66
135,190
134,633
265,1680
1155,71
547,1658
435,1630
1664,85
1648,106
391,97
304,73
914,36
1128,104
296,1671
543,99
1393,68
1490,108
408,70
1157,154
1305,1
458,90
1143,33
47,1680
1116,69
657,104
1281,56
341,1679
1354,1630
363,75
1160,1
201,1666
1236,1630
1493,131
839,1663
1119,89
1378,69
57,67
717,31
1739,68
1061,1676
143,53
1692,86
1361,20
164,110
416,29
1448,58
303,1679
989,70
719,109
1752,104
616,108
264,65
1115,82
742,1642
1689,1657
341,93
442,106
1349,119
1232,37
292,1670
1748,67
401,105
1971,1680
1842,56
557,36
1320,1672
628,79
632,138
826,54
1197,101
1148,1667
563,35
640,190
1817,104
1523,75
1913,1641
1969,101
188,36
1343,1672
1459,29
1857,114
1196,50
663,53
1843,131
423,138
510,26
989,39
811,101
865,1670
1175,79
1568,233
204,138
224,94
388,65
1037,42
375,1671
1042,1642
248,84
1009,61
760,239
675,70
1281,1639
1067,82
492,28
1602,1659
614,73
1922,114
1804,114
1133,94
1043,138
1801,90
1929,109
755,82
1416,56
1195,1233
6,70
795,85
374,1676
1829,1676
1594,1693
1533,95
979,1668
498,104
1934,73
1972,132
464,24
1460,1668
1459,107
389,1667
896,1665
895,93
812,1671
1274,54
353,110
1385,233
1095,196
599,35
1193,1680
587,1665
929,19
216,1698
1982,638
1289,633
1527,1671
386,132
740,75
1470,1670
872,67
1445,1680
639,41
1465,50
1283,87
1583,64
1375,1807
1914,105
391,42
1619,638
183,132
1805,87
649,110
1074,35
1644,65
1977,56
1154,75
1909,35
1913,32
1586,70
1714,19
1278,1092
1956,84
746,67
374,106
1906,65
1710,31
115,16
1170,1092
465,65
923,1677
122,98
306,93
519,93
1571,196
890,111
1190,104
911,633
1123,87
1965,68
1823,58
1879,1666
1328,23
613,19
34,1698
1136,1678
1304,32
953,54
936,26
828,24
1238,633
1265,1675
1128,1693
1623,1760
1276,1639
1243,66
178,638
784,109
1517,1675
311,1668
76,97
187,110
1417,1807
686,132
1260,1671
1370,67
1736,1660
1899,114
614,154
541,154
1154,93
1356,1
1855,41
1231,89
1983,100
596,638
1077,233
250,62
957,59
636,1668
1018,59
1558,109
1426,98
681,41
952,1807
940,1656
590,109
1578,96
1520,24
640,104
368,1671
1506,71
717,86
878,1660
791,37
1056,154
271,43
1432,99
735,1654
1206,1665
1041,91
214,35
507,23
569,16
382,239
1964,1
993,90
1917,63
1590,79
673,50
1651,79
676,89
698,1639
1934,1698
1343,85
352,61
1474,132
1016,20
1404,69
1394,1667
217,31
1191,97
720,1630
1373,89
1178,89
293,99
594,96
1932,66
1275,65
1929,42
134,86
1278,89
466,638
609,1656
1144,93
1132,1670
637,32
620,24
1598,17
768,43
1479,1797
970,59
309,69
1898,93
993,1630
1220,97
1645,42
959,31
615,1641
1445,42
1193,1
593,75
738,190
1989,1671
1071,96
885,61
1736,31
689,1656
432,1657
551,86
187,29
1471,1
856,1672
246,1656
528,63
230,93
551,39
737,111
1694,43
1938,1641
672,132
817,23
1866,26
270,29
951,68
1430,35
1748,26
1714,86
1849,51
1727,54
364,31
1788,32
1606,91
478,19
48,50
257,1654
1547,1675
1325,89
205,68
1200,1672
209,1
1188,1659
839,1797
880,84
441,86
611,196
1256,1679
81,79
410,53
487,1
1445,75
1055,1658
791,73
260,1677
1662,60
361,1656
859,233
1184,1654
791,190
1846,86
136,1654
582,97
369,54
167,1233
958,94
1239,59
1270,1657
1013,1654
1347,138
120,101
1404,105
564,96
139,29
1266,70
1745,99
8,58
1627,67
1719,1785
1242,239
1977,112
949,1807
175,1666
1728,84
1963,69
276,65
611,20
1383,196
855,1659
397,41
516,33
755,107
424,89
1626,56
1294,80
1905,71
1351,97
195,32
1449,233
554,1657
168,94
121,98
430,66
748,73
1614,1672
1285,638
1602,80
1948,68
495,1666
522,106
1199,66
389,17
1682,24
1144,1667
1568,95
1607,86
999,41
1853,50
1185,132
1330,17
249,1658
783,103
911,82
327,107
1505,29
1917,1658
208,1639
904,132
193,67
1687,60
257,68
1624,196
1899,58
839,93
769,33
273,68
1453,119
1754,84
472,1680
712,53
1713,131
1059,17
1284,28
1180,93
512,107
341,1663
1784,87
146,1663
990,132
1626,1670
228,61
1702,73
1264,37
345,1233
512,26
1300,99
128,633
433,233
1638,33
1074,1092
1145,1658
1944,54
1711,90
612,106
793,1680
1921,1654
871,97
482,1663
1027,97
469,23
992,70
1551,1672
542,638
1977,35
1344,1654
1450,101
1214,154
1130,1233
796,23
750,1670
487,638
349,633
1490,1675
1352,132
526,43
967,1667
1761,56
1725,1639
1140,35
1640,65
1764,1807
209,95
987,104
701,112
1328,108
1257,154
1588,80
1830,61
268,77
1445,17
1912,154
1378,84
1327,29
1540,98
231,86
325,29
562,56
1115,50
1614,24
965,77
12,1797
989,87
1733,1654
1309,110
1370,108
341,110
914,1698
156,85
527,70
621,103
130,1666
1546,58
588,112
1476,1671
1097,96
1391,1666
1356,109
680,1632
240,93
407,53
526,53
1268,110
441,29
994,29
1237,79
1493,53
1975,107
1690,233
1913,1658
1783,84
494,26
460,1092
1879,1679
206,1632
292,73
971,1668
169,1666
598,1807
319,1680
1793,17
1759,108
199,1660
1232,1657
594,1630
575,53
214,119
1819,56
555,73
719,64
1471,79
1879,66
615,51
1294,1658
1173,1797
820,83
1688,23
1410,79
1546,93
1401,138
1309,17
8,99
1866,68
139,37
1944,1670
567,61
1342,75
243,89
510,1659
810,1233
1650,1679
1258,39
581,1676
1558,80
1022,1672
1156,154
330,84
559,69
1170,106
946,138
1099,1668
1358,101
849,107
1017,103
121,26
513,1670
1779,1667
1307,60
1753,28
1273,1642
925,39
674,233
710,93
1431,87
575,59
541,119
814,79
392,82
1132,190
311,1671
1637,1641
1318,638
1505,69
1141,41
1053,77
832,1663
1556,36
797,1807
799,63
428,28
1138,119
712,1785
146,131
1450,1233
496,68
1789,1630
919,1654
1915,1657
1845,66
1167,106
1517,17
286,17
1578,1659
1359,132
1804,23
1552,56
407,89
320,33
1337,1630
397,99
1582,100
219,79
809,99
916,95
667,77
192,107
751,37
1991,79
727,28
1211,1679
929,77
613,1807
648,1693
1917,77
1385,196
264,1670
1277,1092
179,1675
486,1797
1308,638
1880,103
409,56
979,26
1590,1680
429,69
514,109
824,67
1472,233
375,1656
927,107
1923,98
1761,1667
1232,95
1087,83
1570,107
1164,70
981,100
139,65
782,111
1101,1693
1174,43
843,79
1453,32
1931,1680
705,98
854,1657
1903,1654
1832,1667
906,1675
1828,60
1336,60
290,94
661,61
1808,64
340,50
1244,90
1979,41
1834,86
1334,1760
1747,53
219,93
1177,23
1569,131
352,1658
688,196
48,1673
1116,28
1578,83
1449,29
238,90
1800,1693
1309,1667
25,1679
1116,1639
852,68
529,239
516,1641
935,97
225,80
133,39
1549,1679
563,1678
1792,1676
486,89
711,1680
720,83
1839,110
1841,1233
814,107
545,24
1614,80
1535,39
1762,105
639,1092
585,50
413,1657
1430,32
474,1657
625,1679
827,93
1012,87
1366,24
1260,1659
1225,98
269,154
1434,1092
540,59
1439,67
373,1676
1021,112
323,1797
290,80
1467,154
1804,59
580,17
1133,37
1426,71
655,1675
185,239
308,1672
701,89
1419,108
1166,61
1352,89
1138,1654
748,84
1427,1641
788,53
1950,1693
1345,1092
1810,112
912,239
1725,131
842,96
1023,35
225,98
1557,32
858,32
291,75
1583,138
476,85
1863,138
9,100
545,42
1394,1
473,119
55,19
166,50
1645,1698
116,99
373,1660
1232,59
257,73
1306,68
149,75
259,1671
617,1785
1849,60
1134,54
1295,26
1446,1092
860,17
867,97
776,32
78,82
391,1785
1781,1668
124,1678
1339,101
1504,36
1728,196
1844,112
688,17
890,53
1282,1641
785,71
1375,110
553,35
1602,62
1605,19
1109,94
1970,1680
746,1678
1928,26
74,105
1418,94
613,42
1314,31
211,80
1099,233
858,131
1411,53
221,119
918,71
1381,85
1753,84
1533,1668
965,104
1463,1785
76,91
1054,84
524,89
321,132
1893,91
1802,26
1644,105
354,196
282,1679
1296,17
598,35
1244,1675
1295,104
604,77
1653,70
715,82
644,94
1090,58
1514,100
1497,36
1422,101
967,1676
145,1
1619,1679
1905,112
584,112
548,1665
1979,67
1924,190
348,1797
1827,23
1576,1675
346,62
457,17
1716,1797
832,99
1401,1672
1075,33
838,73
913,1672
1963,638
1162,77
5,50
991,1679
1682,154
1867,154
1742,64
547,1693
1475,1659
1343,31
426,1660
1180,1797
300,239
871,96
1829,42
1022,20
1087,26
1897,138
48,239
416,1667
1724,71
401,111
1748,77
571,29
1771,100
1899,43
722,99
1346,51
1026,43
253,43
273,53
1395,1676
1750,1660
284,1671
1311,94
1762,1658
1395,233
256,26
143,1666
296,97
1626,29
1201,96
1594,1673
195,31
859,36
1655,154
1049,20
366,84
295,104
559,17
1573,1641
727,101
1044,1667
1510,638
1013,62
1314,35
887,1679
1974,71
1246,68
271,112
5,36
1310,79
1458,108
874,1233
466,98
851,1680
1755,1656
1890,107
180,62
558,53
1649,1658
1847,1659
412,89
1705,70
452,32
517,42
1570,50
887,54
1974,1658
635,89
156,86
361,106
535,1760
1107,77
1164,60
378,85
1045,1807
1342,41
1804,108
169,86
333,69
947,99
1925,86
1958,1659
933,28
1234,75
1362,20
556,99
498,23
1905,28
765,51
802,63
1281,26
289,80
401,638
914,1233
532,1760
1452,37
758,82
1056,112
1460,1670
1918,112
1530,43
1496,119
1723,98
379,233
181,83
1623,1663
1682,111
318,84
1702,106
582,31
231,71
1961,60
1819,138
1808,1807
900,1698
637,1679
415,29
969,59
1467,1678
1216,20
958,23
372,94
1333,105
509,67
1012,110
1309,16
191,1675
1866,69
917,29
518,638
1036,101
1774,79
1513,1668
502,93
1225,36
175,105
1216,1693
384,60
1161,154
1197,54
1183,103
1204,24
122,96
1177,58
1640,190
371,1667
1454,1632
1237,80
247,1670
319,53
1851,54
1190,110
791,17
1699,106
1530,61
869,103
670,104
157,43
1006,64
1585,119
1855,1785
1471,1760
1367,89
144,1675
912,37
718,633
1829,111
859,1675
911,100
398,73
1089,638
1158,239
1525,24
996,1632
552,1807
1013,1678
1424,31
217,19
199,103
1783,1641
793,64
371,108
998,59
1866,119
786,33
984,1663
1621,1657
665,62
1697,89
668,29
1720,1680
279,1672
1315,84
1831,50
530,26
1048,633
550,89
789,101
1161,132
1362,105
371,1760
995,1680
1861,65
444,108
1133,64
785,104
269,87
1958,1639
1827,94
997,83
815,60
1629,86
161,73
539,54
832,60
171,112
1645,54
1921,54
1262,638
359,33
1780,85
857,1797
1146,31
460,82
1070,1665
912,19
604,633
1304,95
960,1659
1401,75
599,1642
489,233
384,1233
237,17
166,23
422,109
630,1670
1923,101
1394,109
187,239
742,95
1556,43
1849,39
304,1
743,1092
729,1678
786,19
364,43
1433,98
404,100
557,106
1721,93
587,69
256,83
760,1679
518,1667
1754,31
134,84
785,90
1247,62
627,75
259,79
1456,107
526,1663
544,1807
1134,638
1045,23
606,93
553,87
57,26
1820,53
571,1680
1695,77
1715,1667
353,41
202,1672
1051,97
1270,23
1198,1630
496,1673
889,56
797,95
619,99
892,67
1741,1660
1449,1092
1530,1639
702,196
723,65
449,98
1061,233
659,19
1926,61
202,1642
1584,36
1257,1654
1624,1679
1795,28
749,104
217,111
1852,91
292,1663
1188,1671
1831,65
303,89
732,87
472,91
383,1807
1550,1665
1569,1670
374,70
1166,1678
1922,56
1192,1659
179,84
1982,70
1132,1639
786,1659
1120,103
1321,1630
398,1807
1452,94
1555,97
724,1659
1908,119
1102,42
751,56
788,54
349,62
1790,119
1755,1680
325,53
801,1673
1486,1678
1324,1675
736,1630
329,50
318,108
136,1656
451,1677
1981,105
1782,1680
683,86
1608,73
372,103
1293,103
137,190
1461,107
1624,73
186,239
1108,90
830,26
260,60
649,91
395,105
785,1675
1430,51
1429,638
203,58
517,84
557,61
631,90
1336,106
567,100
1892,103
846,37
867,96
44,39
484,1092
1633,239
1021,1
826,17
1298,109
489,1659
1033,1666
627,39
1730,104
1398,154
168,64
849,33
464,65
600,67
641,1641
488,71
396,112
721,111
1346,1658
1989,638
1813,54
437,1693
681,1673
808,31
1927,82
369,85
1550,33
1736,61
756,1673
1957,97
1722,112
1664,1630
1559,1671
582,1797
1856,1632
481,1654
1364,99
616,97
1095,1659
1651,59
983,1673
1268,1641
257,41
1292,87
615,104
1353,71
1134,86
489,64
1043,1641
255,1641
206,103
800,70
1443,82
1356,75
272,633
1268,1807
1838,41
494,1654
1271,1668
407,19
1362,1797
843,233
1710,103
1986,97
1345,111
44,1656
279,85
1721,1678
1119,53
883,1675
491,19
1854,56
610,71
1530,20
1918,85
192,84
1925,1639
987,1785
289,36
399,43
238,1
1551,233
393,70
801,65
946,1659
691,1668
1458,1233
120,1807
194,106
1155,41
1048,109
419,61
1587,42
1330,1
1367,132
745,1677
1762,28
1745,60
642,31
223,26
1459,1698
1810,1670
1427,64
1174,97
823,77
1306,89
654,1671
789,62
387,60
1510,24
1846,1660
797,1657
743,1675
1868,28
1315,26
347,90
920,50
212,62
1979,80
470,132
1524,1673
313,79
956,77
117,71
1885,1658
559,16
1649,100
1884,83
546,39
1923,1657
1267,83
1068,96
1985,58
956,60
1199,96
719,1642
831,26
211,111
542,1233
1118,112
1894,1659
436,50
989,36
1051,41
184,75
776,1679
1736,89
1108,1658
1204,1657
1448,43
1795,1642
1729,1092
381,1632
865,111
1470,1642
137,196
877,106
1285,131
1326,63
1454,112
8,119
1577,131
1249,50
1067,87
1527,65
1771,85
1265,82
1356,111
1467,84
954,1
352,633
1266,1680
1064,638
1858,24
578,1678
973,1760
249,80
979,1673
181,33
1864,190
1866,1678
980,73
745,1092
470,1
164,62
328,1668
518,51
757,1807
1880,1672
318,85
1314,50
586,83
1182,101
851,77
781,1630
814,67
52,80
1468,196
187,85
779,1667
1266,61
1031,1663
1583,50
1627,28
978,75
1107,90
1070,82
1953,36
1902,1
1534,63
1228,80
862,1092
220,1671
1655,1639
458,28
1697,63
1812,1676
1514,75
1774,63
1244,112
1389,1807
1911,98
1291,1
752,71
1143,1657
954,1679
1912,73
1783,36
800,1785
541,1663
1887,26
1428,93
747,1760
1304,35
1193,42
1753,98
1571,39
1041,110
818,33
1686,638
1265,1672
180,108
1160,1698
1071,62
1115,16
1465,65
1522,50
1105,90
1856,132
1965,1630
407,638
392,35
1497,638
1081,17
548,104
1748,1
203,99
1252,110
504,1656
1495,1632
446,1663
981,80
1423,105
1026,111
737,1630
1380,138
1255,96
1457,41
1591,1660
47,67
266,80
654,89
1915,132
258,1666
1151,1630
1248,1
219,65
1947,1665
1473,26
593,1632
781,1807
1718,1678
1227,23
553,100
1571,68
157,60
1357,131
1213,73
716,1639
535,61
1754,1667
1442,131
1482,58
911,196
1604,43
979,28
1170,633
999,97
1614,68
256,1671
649,62
1848,1654
709,28
1059,1639
14,104
1208,1663
1195,103
149,53
1496,1680
1356,50
1267,633
364,36
1474,1807
1439,95
1956,75
1954,1233
641,54
113,1673
1143,75
1201,94
1772,633
775,71
601,1676
229,89
1282,1667
681,24
1069,95
1536,1698
1405,1233
731,56
1028,50
1908,98
734,23
610,1
1402,37
707,51
393,63
268,23
1407,1632
1763,36
1361,50
1142,35
885,58
1054,239
1735,58
908,71
1427,1233
1907,91
1125,58
905,37
1226,41
1269,85
294,75
116,31
690,1668
817,20
959,1233
1489,1676
1378,633
823,26
554,87
1492,1679
1707,62
625,42
914,79
678,60
435,80
165,71
314,233
854,1673
764,1807
1192,1660
994,80
1527,190
928,1658
377,82
863,1658
0,39
1838,1670
1288,62
885,1092
1622,41
631,1632
295,80
322,1658
1800,89
289,31
1395,95
1341,39
610,19
1328,36
1755,633
1516,83
676,154
1763,82
1286,109
133,23
650,131
1206,1632
1041,68
402,56
847,64
958,93
372,96
1905,1698
469,112
1873,26
1270,1660
25,42
1437,17
1420,111
1647,24
428,97
1227,1663
531,90
78,33
1695,1654
1531,107
1956,24
1464,32
1959,61
435,94
1123,1679
188,1092
301,1657
583,103
471,1807
1804,43
1986,108
684,80
573,62
313,50
1217,90
1866,1657
463,138
1980,1807
1334,41
1045,42
640,69
185,104
1324,1658
493,90
375,90
415,53
402,42
535,196
524,91
545,58
1019,111
983,1672
476,1672
1313,61
193,64
1774,1698
1192,196
1266,119
1285,63
1435,1656
1605,1676
967,1785
1599,24
954,106
738,1659
708,61
641,108
1636,19
920,37
632,239
1683,66
1350,1785
1351,80
819,67
1390,1678
1598,83
677,97
587,239
879,37
916,17
1363,638
314,633
1452,67
973,96
620,109
268,90
640,83
892,1660
1395,59
579,70
1169,90
676,190
1061,1672
545,91
1631,79
1742,70
798,1656
1115,86
1522,108
716,59
591,35
702,98
1644,89
334,56
1973,35
1464,77
217,84
1603,58
81,1233
287,1673
917,104
1011,69
1626,104
1076,73
465,89
1558,75
125,239
1925,98
205,23
1552,112
1794,1673
942,1668
249,69
212,63
1063,1656
1161,1642
1159,37
1331,42
1334,53
1003,109
1927,32
951,1663
828,112
1226,1659
811,89
497,59
350,1639
1293,43
1186,103
1058,58
466,96
730,91
693,85
733,62
1782,59
398,1671
1236,75
919,1673
595,69
656,79
877,105
1525,1639
1361,1678
1985,1630
1801,1657
793,106
920,1672
945,103
527,67
1358,1659
537,109
1417,107
354,89
961,39
1476,1666
732,24
1161,110
1528,103
246,90
1774,50
30,61
197,1678
1467,196
920,1
1806,233
1014,95
890,89
584,110
325,1092
289,86
1376,154
774,63
1291,99
853,1630
834,1632
781,39
1003,91
610,1679
1267,32
788,239
259,1797
389,100
1574,39
1867,43
393,97
1131,1675
1685,32
1525,99
466,82
676,33
514,132
773,31
1826,73
173,89
1532,106
1583,61
428,41
1539,59
1316,96
1081,119
625,19
1857,1676
1912,1639
1413,80
21,86
867,42
1255,109
1653,42
643,1639
863,190
1400,64
115,20
1147,99
838,1670
1723,1656
1008,67
1122,1675
556,83
1184,70
1028,95
1813,1639
1052,69
1704,1666
1277,104
1405,19
852,35
124,60
1133,1641
925,36
1245,1659
490,63
1503,1693
1431,80
1947,65
1492,98
616,43
1293,79
1774,1656
305,66
323,1663
1813,1092
841,16
1229,39
952,109
1070,131
1220,1666
1933,63
1917,154
1126,1807
887,103
1370,79
49,69
1081,16
753,71
988,112
1603,119
1983,19
1913,69
521,73
1325,1659
1249,93
1596,61
1744,94
344,59
491,1760
10,90
395,1676
1443,1092
875,1670
1049,87
936,1092
383,75
1379,66
920,29
994,60
501,28
926,87
212,97
967,633
1620,1673
532,1670
832,62
1530,77
1388,35
1444,1639
1067,638
953,68
1419,1663
591,1632
797,75
1948,1632
481,1630
9,77
1293,65
1047,54
653,1671
193,105
1019,37
267,56
1852,71
1394,107
1141,56
153,1693
793,80
1951,1693
903,239
1383,79
746,16
139,66
1316,132
14,24
729,1676
246,1
618,86
1389,53
1393,50
1925,41
1599,70
1197,24
1572,36
1903,1760
912,1632
533,112
990,19
11,1670
48,1676
727,190
212,119
1723,33
1945,31
1896,1665
1557,1092
1118,190
1727,638
572,70
1621,77
194,50
1407,132
1614,36
678,1630
572,53
1604,26
723,67
1239,33
1226,86
412,108
141,1642
1926,51
1910,84
849,1671
244,85
120,91
1775,64
726,79
692,75
964,1658
1963,58
1484,31
625,1676
1949,99
1198,67
1737,1639
125,1233
1674,138
1966,68
1880,1797
280,58
721,1630
907,119
1208,24
1710,73
347,98
134,68
583,1
0,56
255,80
1602,43
1523,100
403,1657
1001,1630
468,239
990,1656
1358,86
1824,64
1109,58
1553,1670
1108,633
374,1659
925,105
1759,16
1978,99
434,1668
1729,69
1432,67
1359,1670
716,1668
1550,85
225,103
1790,196
596,82
249,1667
565,51
420,1660
1165,90
500,94
1441,100
743,50
230,67
527,1671
1034,1665
881,87
1587,65
773,87
1859,1678
1613,87
655,87
178,1657
1599,132
1212,138
1765,108
827,108
1527,105
1255,36
1292,50
135,101
176,26
1423,82
418,59
740,1642
1936,101
1828,83
472,1670
1416,19
1435,1675
942,1641
1537,1675
896,65
113,1797
1271,138
687,53
980,33
1222,1632
712,233
159,1676
487,51
560,1657
1571,17
616,1657
694,1666
1870,63
1831,1807
1564,16
1604,239
318,28
1594,69
1393,1676
823,1639
1732,75
794,79
908,1679
1890,53
270,82
220,35
810,79
1326,33
1384,104
696,42
165,233
1292,32
525,1657
1283,1675
1172,638
1299,110
1245,64
1764,90
628,70
1804,75
1352,154
744,1807
485,99
1021,17
162,70
1342,131
1146,1654
1721,1676
926,28
1817,97
805,59
788,101
1864,132
1385,103
1773,54
1811,233
1548,1658
606,41
1692,60
577,1679
1964,54
1638,37
776,1667
350,1658
946,1657
1367,17
1002,1657
551,100
1158,20
1344,112
1184,1797
372,69
563,1642
962,101
1745,50
1430,98
200,1666
203,75
773,75
277,54
1644,90
351,83
139,61
1724,66
1138,93
934,86
1235,119
225,1632
170,1693
172,67
618,31
1721,42
165,108
6,190
1593,96
997,1807
725,36
1137,108
1207,26
1960,1233
896,190
880,19
1582,66
219,105
1023,1663
1709,1632
1867,1092
505,50
983,107
1190,65
1280,1656
573,65
1644,1668
1482,131
1445,29
1318,1679
1709,86
1068,98
808,110
1398,23
204,1677
1756,23
1165,1658
895,59
1799,101
1270,93
1860,85
1219,103
1492,79
1529,85
703,94
1041,17
1478,110
1566,131
592,73
1790,1673
558,56
1042,1639
1943,65
1067,56
535,1676
273,1680
867,1092
351,65
1016,94
1902,138
1795,86
1566,1673
537,108
1070,70
796,97
1046,63
826,82
475,96
757,1658
1794,53
195,97
641,79
326,35
1978,1698
376,1760
1834,31
752,75
572,1092
710,1641
976,233
1934,82
598,1680
486,1666
453,53
1550,98
1253,1672
1280,64
343,1680
1228,1678
1540,1672
123,94
565,107
534,64
1691,1693
938,95
854,91
783,85
1518,50
588,19
1087,59
941,83
1494,43
300,93
1647,83
1812,132
1316,97
1154,68
1558,1630
952,190
464,1666
1560,196
1467,100
1090,111
357,1666
1812,1678
1063,1678
1669,63
1871,23
0,79
259,84
1551,63
151,66
6,53
1261,1659
1533,108
1592,51
252,106
1886,1641
1722,71
1499,66
1172,100
932,43
1158,83
1769,96
1128,1666
868,51
1518,77
1706,1785
550,633
1323,33
186,196
1145,65
1644,29
1384,17
726,32
1434,87
793,69
1702,1760
910,90
286,138
74,1632
991,85
1070,98
1606,112
833,95
672,91
1778,1807
165,50
225,1807
407,85
175,233
14,1667
1799,1698
667,65
1847,28
1311,1092
910,633
380,54
1784,36
474,63
457,93
814,131
1331,23
640,28
845,1665
1989,1680
1200,196
1070,1668
959,101
1907,79
555,24
1736,101
194,1668
1833,91
1762,83
1335,1663
455,91
1397,60
1343,80
422,96
1553,84
1224,1630
1019,36
1960,82
1501,110
1302,97
1359,112
1913,86
206,60
1531,65
211,1660
1935,1657
964,1668
967,77
1606,98
1186,633
1372,108
1305,93
1509,1797
1553,1641
1308,62
1854,17
454,66
590,64
371,1632
1459,43
474,1
228,16
1889,1673
164,66
1788,633
355,1785
1685,85
785,1660
821,86
1870,83
596,1760
369,63
1437,108
1338,1671
1779,23
305,109
1192,91
810,104
921,107
1648,68
1647,20
1674,56
756,41
850,82
1057,42
888,97
598,138
1596,83
342,1630
215,196
1731,1666
734,1760
1916,106
1261,91
526,70
488,190
1372,98
348,1678
236,94
661,75
867,196
577,62
1844,110
1923,633
1207,80
1358,36
1841,62
461,1658
1987,638
1950,1654
938,1807
1901,28
263,1630
185,1672
129,1630
936,90
630,84
1203,60
179,1658
676,132
240,1660
1606,1666
249,1666
504,43
12,60
565,50
1742,104
720,69
854,16
1226,89
1192,73
488,1673
787,89
1430,71
1284,633
183,90
955,37
1397,16
277,17
1573,61
998,69
1296,39
391,105
1852,100
452,105
1542,82
1909,1665
578,65
561,63
615,196
1555,1679
1114,63
1026,67
675,51
592,1785
1824,1660
1386,37
891,1665
1575,111
471,61
1090,87
47,1672
687,71
501,80
1834,54
1911,36
1379,111
792,19
499,1673
552,1678
1080,1660
1502,107
1927,62
1433,1632
1107,633
1934,20
1508,1698
946,33
1122,70
1162,71
336,1641
704,83
1355,1658
720,1807
308,19
737,29
1508,84
1364,110
479,42
723,94
1957,1667
248,62
585,65
1688,50
146,37
454,1642
898,190
1859,75
1454,91
1238,132
759,99
1353,68
304,79
1725,1678
163,132
332,1679
631,37
578,83
1610,36
1555,1693
342,1658
1467,77
1218,99
1868,233
362,1641
1412,71
478,131
279,86
926,29
566,36
1190,84
1409,101
982,1673
1841,90
630,1
797,1670
248,1641
1317,95
286,1807
1122,233
1948,1675
1395,61
1948,87
892,1
201,24
882,43
1550,54
1240,19
1136,100
305,42
1930,114
625,1663
1681,86
372,70
1761,1630
1212,56
1010,1642
220,50
1195,16
716,53
459,36
370,1785
675,94
1427,69
250,1663
1821,109
293,85
1070,53
142,1654
985,93
1653,84
606,1667
222,84
1399,54
957,31
1593,103
1514,82
871,1657
469,1663
324,1676
986,1675
772,1656
1609,103
1513,154
1207,138
917,1660
436,1665
973,16
1527,1641
792,111
1352,103
1984,1660
1270,35
663,51
1179,96
1096,108
1391,63
1944,154
147,66
1142,105
941,190
9,37
1848,1760
1614,29
1584,16
642,1673
773,43
1181,190
405,1
1971,154
351,51
1470,1641
391,50
1577,119
783,70
1191,69
1084,1
345,110
1141,80
18,60
1623,70
793,104
1990,101
804,1660
893,1693
472,103
1911,1233
865,1658
1281,1657
1936,33
1251,132
757,1657
1989,36
27,84
1440,53
943,98
176,132
1767,1671
772,154
1223,107
1301,83
1545,71
1927,131
1894,114
1331,58
660,60
1919,1642
1813,89
2,63
150,239
975,64
616,63
1900,51
730,43
1851,1675
1340,26
1822,24
905,109
524,111
1775,24
432,95
1762,63
1292,100
1062,1658
1067,70
572,1656
425,65
1720,1670
1406,233
1410,1630
429,633
1889,17
1906,1233
415,1680
915,1698
1655,1632
937,62
1939,107
272,1663
829,105
926,107
1101,1233
1518,1665
1247,87
313,104
1881,41
921,1641
1425,1807
965,1680
1554,16
797,119
1422,1658
1169,54
1448,1233
1229,84
1357,31
1010,138
1253,94
1625,93
1399,1630
376,60
1597,31
398,77
1177,1658
558,1665
1220,1676
1495,1676
410,1639
230,58
657,1668
1943,100
129,35
670,1666
985,26
896,1233
1124,35
1235,32
480,1630
145,60
1710,51
880,1667
226,33
1757,108
1422,33
1761,105
731,190
1854,100
1911,77
330,67
1787,67
1401,1642
6,36
1827,66
1689,101
553,105
741,90
852,51
1834,131
487,104
1117,1797
436,112
557,1698
1736,23
1273,1663
1776,190
1263,42
932,90
1819,106
1340,79
1897,36
1162,1
1116,1676
500,68
311,1680
1067,132
402,98
972,64
1037,1678
1330,196
410,1641
264,31
567,239
1603,103
635,119
928,85
1154,41
972,1658
1524,33
1569,1672
47,82
253,1667
1890,1656
1707,82
1309,1660
1254,73
1777,138
1389,196
1906,1092
1726,93
1158,1667
365,1670
8,1693
1951,66
1130,90
252,24
1023,1671
594,633
1435,85
646,70
208,94
1571,119
481,80
1459,91
1595,109
1446,1667
1796,58
1356,1797
214,196
272,85
879,1092
593,77
1418,54
446,59
1193,1760
1045,1679
414,1679
1561,1092
1117,1672
213,1632
1598,1680
473,104
901,190
556,1807
1333,91
421,89
1198,65
1662,1642
850,83
1109,1642
1700,1663
1909,19
537,43
791,1642
1646,68
1204,95
1427,1678
330,20
1416,103
1036,138
795,98
523,89
1133,32
1976,31
696,1673
340,77
363,100
1724,1233
842,1639
1130,1680
494,100
1126,1
1496,132
1095,100
1649,66
1259,1632
430,58
751,68
1877,82
403,20
630,85
1553,1668
1167,1654
1702,39
599,112
1618,56
807,71
683,61
1606,1667
318,16
429,19
892,109
697,105
1769,77
1931,1092
1054,111
1979,1676
241,1666
925,1668
726,95
348,1663
435,50
1141,26
827,110
1825,77
1109,1660
7,24
561,62
1242,233
1849,71
1114,60
985,64
1103,82
1167,91
559,1654
1332,26
1227,196
840,66
1362,1807
1619,1668
332,1656
1877,1630
1014,100
1539,1663
501,95
1244,59
929,1632
539,119
1644,1698
613,196
1423,633
946,79
140,154
1709,112
1433,1639
1107,1678
1770,110
315,132
1149,99
1331,64
1280,104
1631,53
1544,79
201,109
440,29
922,23
890,1667
1044,96
1783,1807
1715,23
1588,1807
1791,1660
1098,63
621,1666
220,61
1731,119
1772,1671
193,69
1464,66
14,85
195,1693
1063,106
1902,95
1026,82
416,1785
1653,65
1875,1233
989,1642
1218,96
280,24
668,65
1011,1676
986,1670
1814,42
866,70
907,1672
691,17
341,1672
491,23
1911,53
681,107
1513,56
542,50
1223,23
1726,1670
1317,94
793,1656
1571,1
612,1668
321,1233
613,71
503,99
1099,154
177,1657
1122,89
787,1642
918,106
975,111
1240,20
814,43
1042,1760
586,138
841,79
76,70
612,16
1736,190
686,97
525,1671
743,80
1563,41
1005,63
535,1656
1946,1785
336,1670
1012,23
294,100
1097,239
1464,80
14,39
985,51
1450,111
751,1670
1734,109
228,1663
1225,51
732,1785
750,1672
1214,111
404,24
812,109
833,16
1700,36
1001,60
819,37
583,68
772,1657
1565,24
920,54
777,1797
1055,64
819,82
1729,1677
1469,20
1287,109
319,109
1269,1233
1767,1654
497,1797
204,1679
1763,97
308,65
806,1630
1201,1656
22,41
1907,20
130,1658
1730,1639
1947,23
681,1658
1637,1663
381,1660
1471,71
754,96
1691,1665
351,50
1920,51
173,100
854,1233
602,28
230,31
1461,93
1705,73
988,111
1568,1675
533,1642
443,1630
1326,67
304,108
1832,68
361,109
1856,90
1983,73
665,37
611,1675
1613,1680
654,65
1046,61
1252,1656
1322,23
1339,37
369,1807
1593,112
1811,41
379,1656
909,1657
326,33
681,54
1326,1676
338,1641
1153,42
13,41
1301,82
680,1668
1952,64
206,1642
1790,32
464,31
1321,119
1275,1668
1310,19
949,1677
1263,17
932,39
627,1673
365,98
1006,42
1251,1785
989,50
332,109
1608,54
1492,95
636,35
358,67
486,20
415,24
555,79
153,41
777,89
1900,67
962,71
1532,101
1816,82
1815,42
1302,91
92,42
1322,1677
228,1676
692,19
323,1680
253,89
365,1663
991,97
115,104
424,1667
1090,1670
1457,51
1628,638
687,1666
1591,1642
1299,154
551,1785
1362,112
1895,94
1915,138
1861,90
577,70
816,20
1655,196
205,56
1257,239
1038,100
1351,39
1301,1672
1458,1668
1871,1642
285,1676
1358,111
832,35
761,131
1827,36
1038,23
1102,112
453,37
728,1785
743,132
1371,17
1189,58
379,107
1635,70
862,1668
1128,1668
963,1657
376,61
1904,37
429,77
656,31
1081,1656
1691,89
645,51
1109,638
1752,89
854,107
655,110
1064,59
142,87
1731,79
1363,105
829,1693
334,101
1038,1785
1539,42
1050,101
1071,1673
1182,638
1906,106
125,17
678,103
524,633
1076,62
584,62
677,85
1379,71
1936,1656
1933,1642
316,19
11,1677
616,633
390,132
748,110
1655,75
1341,31
546,1677
268,29
1707,1656
1144,1632
1585,100
1398,67
389,69
1000,108
1408,19
1796,196
15,63
1855,1659
1604,23
1075,1785
1951,1656
666,43
1623,1679
905,63
318,196
1829,28
251,35
1471,105
260,69
605,1675
692,64
1064,41
395,64
1563,17
1505,105
292,1654
756,37
1328,1656
685,31
1610,28
928,1666
1935,1659
1563,1658
1977,93
1191,239
1142,1659
1586,101
1697,110
243,59
672,107
1818,112
1640,112
6,132
483,633
779,132
1312,1807
1390,638
1137,42
655,1667
947,80
263,1642
48,1679
1813,1656
628,1680
1578,1673
1073,233
136,1760
1293,1658
1002,633
1392,87
272,86
436,71
975,132
1152,119
1336,638
1122,19
1601,54
365,56
327,1665
753,1642
1240,1670
150,154
1789,31
483,53
1350,99
466,39
1984,41
128,1630
1194,1693
897,1693
1822,103
938,35
1879,114
870,132
1739,1671
1311,1672
692,86
657,1639
1963,63
1232,67
625,1665
1437,1632
884,96
1291,1760
7,37
1902,64
1977,111
1724,26
1088,1666
1347,1679
1289,109
242,1654
632,104
1275,84
27,110
390,70
1745,1632
217,1656
510,1675
1773,190
1133,31
1083,96
1140,119
511,39
1073,138
1715,1639
121,89
1847,98
1602,89
1695,62
1078,84
1759,29
1561,62
590,1630
1584,233
643,87
716,1671
700,28
1554,103
122,638
841,82
183,39
733,1680
683,77
900,1639
1537,86
709,107
1195,54
145,1666
1859,95
1454,79
1627,43
301,233
527,101
1542,80
536,1630
371,93
561,61
1188,110
1517,80
139,99
1892,108
1865,70
374,85
526,86
530,109
1941,1679
551,1665
1875,29
590,51
846,89
1885,1760
1241,39
10,111
1690,138
461,1642
295,66
1897,1658
677,1680
400,104
1196,70
1144,239
1237,132
282,68
1280,105
342,42
1544,112
1412,638
1763,68
1857,31
308,110
1213,1233
1988,73
1199,56
1418,43
1425,1639
298,68
1683,1671
785,1630
52,107
1048,100
15,97
1234,1671
184,35
1303,110
550,1666
113,67
1287,1233
1923,37
971,196
336,1673
773,70
1276,73
431,70
1815,96
1381,1666
371,43
206,104
260,190
1221,67
1477,233
1431,1654
499,1659
1325,37
1606,190
1804,70
729,84
1373,1667
531,1654
534,1663
566,58
880,119
1161,1660
420,26
1750,114
1879,1760
1260,138
1846,1665
963,26
1888,29
1321,26
1662,67
1791,1807
1374,17
470,105
436,41
146,1673
204,61
761,54
851,1672
1371,87
693,79
972,58
555,98
1442,1642
483,95
1886,31
412,65
931,93
750,131
163,39
1505,32
719,26
597,1632
509,42
1249,1807
907,53
1410,1656
1043,23
475,23
537,16
871,1659
943,94
1207,23
1375,59
1953,1671
1456,89
1287,1675
480,638
1555,33
930,80
177,1672
1334,1698
805,42
1912,50
878,1630
386,104
758,90
188,60
1576,1663
1975,131
892,1678
1502,69
1341,89
631,633
1628,37
1368,41
672,1654
767,105
1858,1672
1564,119
1085,84
1430,1679
280,1807
1714,1680
1370,196
952,85
207,1659
1661,28
133,138
619,1675
1649,1660
1259,94
509,75
753,95
1224,1670
598,65
1855,61
496,95
1515,1660
1539,94
378,95
838,1657
340,1660
347,62
1086,69
1507,16
1348,1642
537,1663
437,33
1288,107
1552,98
10,53
1207,154
1355,53
1461,1670
437,82
481,56
800,1760
670,96
487,70
1520,67
532,1
1272,1658
1068,83
1130,1656
1628,59
1612,1680
503,70
639,64
1544,26
881,1672
1051,58
1201,1641
22,56
669,41
565,104
548,16
1580,69
1056,1641
1442,1678
528,108
449,63
1444,42
1980,100
1067,43
277,87
1456,1672
1019,138
1372,1678
1373,77
860,32
567,58
292,1698
496,77
607,16
937,60
940,31
1019,1668
1019,638
1976,119
693,1639
513,107
330,95
1955,109
781,196
377,24
1301,99
536,35
152,1666
849,108
1530,71
121,35
855,50
603,29
1299,638
426,70
1611,67
506,1630
1034,64
667,1641
1402,1670
963,1656
784,101
1780,1785
591,96
1220,1678
1420,82
1495,1678
528,90
1298,1672
1522,190
1511,96
689,41
852,633
176,68
1005,1657
1117,41
974,58
408,23
1591,1659
543,35
1887,1642
614,1672
919,138
519,58
1550,1630
152,28
1962,56
1945,96
698,43
494,1698
1130,86
484,96
1170,87
949,154
1837,99
806,1675
335,97
1496,89
1151,1233
339,98
174,33
999,190
1189,90
640,31
1445,32
1754,1676
22,85
1112,105
1240,94
1735,67
1426,633
710,70
750,89
1981,95
612,90
1971,89
392,71
1337,35
1959,1672
1447,98
626,106
1728,1654
348,50
1553,73
1625,1092
45,110
1739,1672
1775,62
317,1663
531,69
1876,73
1198,53
874,105
1781,84
418,19
1674,132
455,1760
608,85
1217,1659
304,1698
1828,59
253,1665
450,1676
1801,31
1007,196
1033,101
148,111
424,101
995,1668
923,93
1633,54
1318,70
1069,90
1841,1
849,63
1166,58
617,43
1975,90
1578,90
1602,68
185,87
791,51
1970,1654
1508,1673
232,86
1361,53
275,66
1735,1797
1792,1667
859,1660
1805,131
574,1667
361,1680
1699,1671
1549,1642
1316,39
1354,1092
1209,1233
521,105
1880,154
299,1665
15,1671
841,1668
415,633
364,23
628,110
1771,16
822,90
435,196
1158,1760
933,77
1375,1676
1804,50
387,105
134,56
1018,103
1351,107
1923,1668
1750,87
1405,84
624,65
1068,132
1877,80
1988,53
1661,1785
1475,154
767,70
683,63
1554,100
619,87
892,111
1250,239
1105,26
1453,1632
1350,82
1019,84
1886,32
1816,28
1587,69
1012,61
1750,1673
1331,1667
1543,1660
1750,107
1815,109
952,138
517,94
900,106
1114,58
874,77
1831,109
857,19
214,1680
1768,19
1041,1659
1885,26
1208,42
530,106
1747,105
1080,1680
1062,20
1724,1807
171,1807
283,1693
1973,1678
727,94
1227,36
970,71
1864,233
1628,66
907,1658
1519,83
801,1693
406,1630
1625,106
918,94
1132,110
1152,84
322,95
113,66
1456,1632
45,51
1183,633
528,19
161,1630
787,104
294,104
1292,77
155,1676
1280,1233
1501,65
1899,50
408,32
1884,1670
1703,84
125,103
1157,112
628,66
660,1698
1804,71
1093,24
1204,61
357,84
162,66
1854,1671
1272,85
1476,39
856,82
1817,101
1140,84
1722,1092
1458,1663
1726,1668
289,62
1766,19
453,1673
1810,79
1388,103
1763,1665
1519,97
949,67
330,1679
510,17
1253,53
1608,28
1971,96
1150,1671
466,107
545,94
214,99
1944,62
187,79
1792,114
337,1666
275,1654
455,28
1971,1642
1363,65
810,61
813,32
428,66
213,26
431,87
1930,1639
368,29
425,106
1384,233
216,97
553,1676
957,28
195,119
1616,67
88,91
1925,109
1582,70
1362,29
424,61
1609,100
1167,1668
1594,1680
1042,53
1017,83
1533,53
397,1659
838,35
1746,70
474,196
1626,1680
1509,60
761,86
1710,1630
1322,1639
1050,1632
440,59
1968,35
1844,638
193,1797
872,94
376,35
952,86
1467,1673
1333,96
1869,110
13,1785
413,1673
14,132
1088,71
1644,68
925,1656
1930,1641
1855,60
699,87
370,1657
1204,98
200,190
183,1667
458,20
1201,58
923,98
468,77
1806,1092
866,104
997,56
580,80
1594,1698
295,23
299,80
430,112
838,29
162,1660
487,65
878,132
757,99
406,233
515,91
1103,1658
1801,1676
1431,89
1035,1092
686,16
1111,95
725,1654
416,50
569,108
1486,1659
1404,58
173,84
1883,31
1848,1632
1352,1659
1370,70
1019,28
1980,101
1795,59
1926,233
55,80
1087,39
1269,26
888,1233
1804,1639
1724,98
1063,62
1103,103
1748,104
665,53
725,83
48,17
11,103
1572,1642
357,233
1100,1
1653,53
604,62
529,1660
678,107
1486,132
577,68
226,42
461,59
1366,196
1150,17
173,1671
1372,59
160,1668
1376,62
1878,99
1849,1675
906,107
745,1
1629,93
1153,58
1655,119
272,1665
22,233
1499,41
487,119
1428,91
453,35
1007,1676
1068,66
832,84
1475,64
211,17
1407,239
1118,86
552,51
993,71
1917,36
1192,99
163,99
1691,91
1397,54
1711,20
1091,1
1880,16
561,1656
528,91
771,1639
1876,68
385,94
578,103
742,1672
159,132
914,101
1586,1797
1249,80
663,1678
250,71
784,633
1569,24
367,86
1473,99
1771,196
333,98
981,1632
1279,1673
269,80
533,105
441,65
1605,53
529,100
161,66
1925,196
553,110
1695,68
1097,1641
1206,51
603,106
124,79
1763,60
1089,1673
329,31
935,107
1568,62
1976,1641
908,79
1136,80
140,33
1189,42
821,64
551,91
884,1760
281,77
1027,16
416,94
1286,1807
516,1665
1982,1656
1242,97
1848,1660
1022,87
1302,101
685,29
844,1666
1214,90
298,1668
793,196
594,89
1424,1672
1829,1639
950,50
271,1639
475,94
1928,1660
1325,94
1110,138
1747,61
1801,111
1401,1657
1494,1668
1223,62
1740,100
285,66
1888,101
488,82
1780,51
768,36
1655,91
221,1092
1759,41
1374,73
582,1665
1124,1678
1803,93
1302,1678
895,1667
451,1668
1635,100
1288,1679
291,69
1202,89
1537,90
1279,69
1155,85
787,79
146,61
1269,95
1970,82
1410,61
793,37
742,64
1188,1678
361,43
567,111
1529,1654
1238,94
8,132
155,87
1907,1693
1069,58
1052,1698
502,1641
691,54
1633,71
1462,107
590,86
1398,131
1303,633
1715,1641
1419,100
403,1660
1332,1667
624,66
1824,69
704,42
1887,106
734,154
1840,69
1108,131
497,103
115,1680
1606,1670
1864,75
1770,138
137,86
318,23
1685,99
1520,1665
1890,77
432,1632
420,1657
1930,90
1401,104
1054,82
484,1632
709,105
582,233
747,1092
642,50
1953,132
1271,1641
980,1642
264,62
731,1630
1833,196
1546,29
1736,1679
297,58
1134,62
971,54
495,70
1472,1797
1275,100
262,109
118,61
883,41
886,54
923,56
1629,20
1778,196
413,96
1089,105
556,16
245,39
1031,1
881,1639
990,131
1987,1675
1149,96
690,71
706,1760
1813,63
1082,43
589,41
1740,1666
501,633
1683,1673
251,110
305,60
1392,196
834,35
376,119
624,1785
982,107
1834,1760
1508,39
978,108
428,77
1977,24
1560,112
1191,50
958,1663
1771,110
1345,1642
1605,1654
1703,87
913,1092
527,154
675,37
847,633
739,64
222,1666
1848,154
1969,16
394,190
765,39
1338,65
1469,31
1108,1693
302,32
1888,31
1449,83
1364,154
282,84
1974,77
330,1676
1250,1
535,99
5,58
1235,1667
922,100
1736,82
1873,239
1175,51
1604,105
422,93
1694,1667
1027,104
1637,239
1876,19
1571,1639
1167,154
1828,1760
564,77
1741,1
267,71
340,1785
217,94
934,75
1127,56
1228,1233
1356,112
1342,39
280,105
816,107
1039,77
483,1676
357,69
1248,110
1915,80
1254,20
684,50
1533,67
748,23
714,131
1140,91
1948,50
721,51
1456,42
218,95
1327,36
1987,1639
1664,1666
842,190
147,70
1714,1678
1629,1675
565,100
1172,60
1283,83
534,75
1471,64
1681,68
338,32
982,119
1563,56
1364,1675
774,1667
462,65
250,1677
736,98
1842,32
1036,111
1389,89
133,1807
923,1673
1579,70
513,31
326,36
128,59
1970,633
1328,132
1951,100
1261,1668
1166,82
358,1785
450,1654
1247,109
129,1641
1730,89
1163,82
613,23
1934,87
1385,70
281,1642
1887,29
1031,91
1377,1680
1567,37
996,112
1168,1659
1502,196
754,62
369,100
1529,106
247,95
1629,1693
1391,190
1543,77
681,1641
1504,1676
1273,109
1732,154
945,58
1044,132
790,1630
753,79
536,1641
771,1656
1782,190
316,1233
631,106
300,90
1816,196
1534,1675
485,1678
1178,75
1916,77
1238,33
1832,1680
586,1672
897,89
1250,1641
168,112
371,1675
1038,107
657,60
1247,83
1143,1654
168,31
738,33
835,19
1388,43
339,86
727,1
1374,82
1304,42
1638,101
700,101
147,98
1219,70
9,69
1337,23
841,26
1047,62
849,1693
1380,1679
619,1641
392,42
213,94
1798,23
241,1657
969,190
1970,62
869,1673
1596,68
1617,73
234,196
608,89
1709,633
537,83
777,1654
1643,99
1204,71
542,1642
1043,67
821,1675
1488,1656
1396,17
1124,190
550,1797
347,28
601,1675
10,68
1441,1676
1564,1672
1217,1673
1223,75
1740,119
713,1670
1689,105
1784,41
1638,132
847,1785
1682,56
121,51
1439,1797
1330,1659
1830,64
1689,26
1371,1671
1505,1673
311,154
1604,131
1212,1659
226,1698
593,87
1186,36
1229,66
345,190
1411,99
882,111
1809,84
815,1675
139,154
1428,1660
1105,77
914,1630
1711,37
1648,75
815,1656
561,1641
1051,1676
38,85
378,16
604,108
72,37
608,87
1855,65
717,1675
1080,91
13,154
858,1673
1925,19
113,1666
1747,79
1914,638
494,94
447,108
305,1667
273,633
258,101
245,1807
1099,196
1473,1807
669,108
137,43
1495,32
986,16
898,36
1142,85
170,37
723,73
1202,86
392,119
1725,106
1873,33
782,1656
951,41
1766,1630
1901,1641
163,239
2,1693
1413,31
756,54
4,51
44,154
1832,31
1560,132
1728,80
608,101
78,73
1477,131
1043,95
1194,17
1929,66
776,138
448,1233
748,62
74,29
1952,28
81,69
1555,105
356,73
1352,66
420,1668
717,112
610,42
40,20
925,99
1513,1797
140,119
1028,190
312,94
297,1678
1418,36
1714,1785
1988,70
744,33
1000,75
619,73
1540,17
844,196
113,86
558,20
1533,1658
301,85
708,1665
1542,196
126,58
842,1233
1710,638
795,1807
117,1665
1292,89
1242,66
317,1665
1050,39
682,29
1366,35
48,75
617,1760
411,33
1643,61
1825,50
705,69
1528,68
124,1671
266,1668
523,75
687,66
1387,1672
964,239
434,36
734,107
981,1670
1955,39
1756,154
1042,94
946,75
488,79
199,1807
828,107
353,77
193,1678
342,41
470,82
878,79
443,60
1136,107
858,59
416,26
1713,1639
989,73
1856,1656
1273,70
1776,91
1758,95
230,119
1337,79
1121,138
887,37
799,105
1283,1632
1353,79
934,94
1306,95
297,43
478,106
1332,69
1014,1660
1703,86
1457,1670
1399,63
1490,1679
1922,20
684,61
377,119
72,1657
859,33
553,20
1823,69
481,17
1385,105
135,1668
1847,67
118,1092
529,35
1961,190
288,1797
1068,106
518,79
1697,638
1199,90
1327,17
1626,1676
1331,82
46,42
136,1677
1763,1667
1189,16
1082,58
1956,1639
1631,39
1085,95
935,50
1254,638
1967,97
204,56
1607,62
652,190
1614,20
604,1671
1822,33
832,1760
1441,26
1705,67
234,108
514,42
200,1672
1609,1233
1623,79
1326,53
427,1657
213,24
1778,1632
1286,1639
496,36
611,1665
265,1641
1043,24
1960,190
125,119
203,1659
974,66
1490,1665
668,83
1514,95
1976,94
1298,54
1541,138
1207,16
1652,1667
937,86
427,26
762,37
1847,32
306,63
855,1670
842,1673
3,101
1841,79
1456,43
188,63
1277,93
1352,108
669,1630
430,100
399,1
1195,1632
1623,1632
1402,100
727,1665
579,61
1846,107
446,100
1685,39
1813,82
515,111
383,1675
794,58
926,1673
1152,50
1448,19
1538,1658
1940,58
882,1698
1469,638
682,80
517,17
1180,1667
1647,75
1835,53
1484,93
988,26
1856,94
625,26
1895,1667
1221,36
1828,28
1476,1673
1610,69
345,1663
1408,633
766,131
1764,100
1524,107
1804,101
1127,190
1115,1630
1190,26
1083,60
373,86
637,31
212,84
983,119
785,20
1945,58
1287,95
970,107
717,56
1489,39
996,1797
1682,100
1742,58
415,119
884,1678
1434,1657
1058,71
637,1670
1685,154
1354,68
1786,67
1839,63
1013,1667
116,61
1401,39
1701,58
392,61
815,1639
1795,61
716,86
1008,1639
1893,104
1878,1666
1569,1654
1383,32
1704,97
362,1670
1600,50
1450,79
971,96
1453,50
1734,77
658,106
1446,19
992,1654
222,53
1364,1656
775,91
1776,1698
836,91
505,103
141,17
641,83
1287,60
829,100
1578,101
1851,65
1843,1233
1444,1656
1250,69
1638,26
1432,96
1000,98
906,1233
375,106
1283,33
790,1807
1111,111
1058,89
376,65
1135,101
1691,93
202,1663
355,87
1514,1670
156,28
284,73
388,1667
1623,97
1842,114
442,39
1295,58
799,33
323,1666
914,99
879,1657
1586,111
1983,105
21,97
78,114
663,1672
1684,1760
1511,1092
1576,41
1312,1670
1745,1656
1021,98
1744,85
933,86
1485,1641
1768,91
862,196
518,1678
1113,138
923,64
1757,103
1079,31
1317,1670
365,1679
628,1678
1430,1630
295,53
278,87
498,131
1591,17
1652,97
1964,101
1729,114
1051,106
163,1641
18,1670
557,1693
478,638
137,56
767,60
1458,59
1058,107
1762,109
675,1673
1155,105
986,190
1216,73
402,95
1437,1785
650,1693
1074,107
1826,100
1990,37
210,42
230,41
934,1
1783,1654
127,1797
1326,109
800,37
184,1632
1142,1663
779,43
9,1807
1885,51
1137,93
1100,39
893,73
1733,111
819,97
731,131
912,1639
1958,1678
1893,1641
202,37
1160,99
502,1676
1649,75
1581,60
734,31
406,42
1293,138
1096,90
209,1092
1003,42
910,1642
1652,119
1598,239
1023,39
1526,154
1329,638
1425,1663
1722,101
1420,1663
857,1679
1930,86
698,1660
1751,67
598,29
1134,67
1779,138
1688,75
1909,109
695,39
1765,99
456,100
1839,1658
1256,77
425,1
1345,1676
1188,1672
1793,1658
1647,131
1440,1656
74,1678
1342,31
1011,99
1180,1658
779,89
283,28
1629,239
1001,89
968,110
1446,41
1397,1679
533,26
1764,60
590,37
185,132
957,84
1615,93
1248,37
1007,68
701,111
829,154
1823,96
1023,68
1985,91
174,64
1921,105
1006,119
1765,1672
1546,1666
538,1659
1864,77
784,35
1236,41
708,1666
636,103
1812,100
447,638
743,43
1889,1663
398,60
334,36
1921,1680
1377,70
554,65
591,196
206,98
1554,638
1164,28
759,24
1576,100
1613,33
547,98
550,29
1892,104
1786,1665
644,82
323,83
932,1665
888,1663
333,54
1901,119
1294,95
392,1698
895,1092
1872,131
587,233
883,1668
788,94
1433,1785
861,1632
1452,69
1787,112
1576,1671
552,239
1874,42
474,239
540,1668
1806,37
204,1632
1374,43
1193,106
975,100
1497,1654
1757,1658
1795,1657
1176,93
740,36
244,1
958,119
1971,132
1954,84
652,24
123,42
656,91
1190,1666
783,104
1674,119
1181,69
921,73
615,99
998,105
910,101
452,69
217,82
1585,1675
1178,99
1285,39
908,638
287,1667
236,41
1453,108
10,138
1207,29
1140,32
880,28
184,1785
209,90
1629,100
982,1667
1338,79
475,1665
74,62
422,1660
231,196
487,94
252,79
1763,233
768,16
1230,64
1709,93
1770,93
460,60
1752,1642
1516,1667
768,1659
1431,54
1036,1670
575,26
137,112
1155,16
415,35
398,105
1397,77
1253,131
1608,110
248,82
1765,56
870,86
320,1630
1359,54
1378,1693
165,132
1225,54
1464,196
1046,36
681,190
1788,109
1861,97
461,20
3,1658
1776,1671
1100,111
414,154
1083,33
1412,51
1548,109
556,103
847,1632
983,96
876,94
1409,73
1692,154
1783,91
774,69
1587,1672
1352,109
1318,1670
353,104
761,91
1752,1656
1132,62
174,110
1907,106
1193,70
714,99
455,233
440,62
261,1668
130,16
1776,233
137,98
826,1672
1819,1233
1637,1658
187,94
653,1641
45,20
1222,90
1191,67
588,20
759,93
1242,41
786,51
435,99
1781,106
736,100
864,41
200,82
1860,1665
576,1693
1381,1698
1936,39
880,1693
1650,1680
1039,93
913,77
523,100
1024,1679
926,99
855,75
198,96
916,61
313,96
1459,119
191,67
1153,94
1193,39
1381,16
1509,43
277,1654
889,24
747,86
892,35
912,33
839,638
1485,50
1568,132
1625,85
1078,131
1135,86
1779,50
1465,62
642,73
1926,93
76,103
1806,1671
524,101
1002,59
1031,1654
1487,80
1256,100
1012,112
578,16
1297,1672
1687,107
1158,1663
1230,1670
496,65
170,1656
995,105
1080,65
1703,107
343,71
950,85
1603,1797
240,70
1218,83
1558,111
718,1676
1710,154
813,1672
631,1665
580,65
1153,63
1979,119
1064,1678
1035,63
1952,83
1806,114
707,94
281,1658
999,132
277,1656
1478,50
174,138
1189,37
1118,85
284,1807
159,99
1634,1797
1320,59
270,98
1517,1663
1377,190
1030,16
256,1666
719,91
1454,42
1681,1667
1899,110
1977,1666
670,1668
1299,62
675,110
1155,1678
771,1785
310,23
283,51
1043,69
1747,67
279,39
559,239
1503,68
1911,75
1069,100
1622,26
1308,86
1028,53
286,1092
1837,95
699,1641
936,101
1257,109
1368,104
1628,100
1990,1693
140,77
179,1639
1652,98
358,1642
1485,69
808,63
78,1665
1147,1642
1112,109
922,43
1246,24
15,58
766,1656
1710,1675
1503,1675
1547,39
1840,43
790,98
1880,114
1608,87
616,1
814,100
1387,98
871,77
1651,91
1044,43
1185,107
1866,28
998,80
1279,33
1081,42
217,107
1886,1807
378,1659
1603,109
5,1676
888,90
300,56
1738,82
1349,51
1037,1642
297,108
186,1807
742,36
543,29
836,41
1575,64
601,62
1986,1
333,17
1152,1797
1188,1657
1801,108
862,70
1696,1658
1476,104
997,75
1901,35
1015,1660
724,1663
1851,108
305,1665
1581,59
1270,1092
630,93
1260,60
1867,108
1962,1698
507,64
1891,98
1260,83
895,1676
1482,85
766,1642
857,1678
1584,79
1125,33
439,70
1515,39
656,112
1155,86
1100,1659
1522,79
650,1676
1135,233
113,132
1531,84
627,1797
1271,110
521,1092
1261,84
468,17
840,90
1463,82
933,73
458,43
167,1665
1538,94
1368,1658
335,1663
983,73
413,107
1962,24
628,1660
1602,35
920,65
1918,39
