634,1807
1189,233
1197,1656
1986,1641
150,1233
1072,67
1950,1672
1752,1679
1726,1663
1621,103
298,95
596,90
1480,1667
207,59
1557,53
1535,73
711,1659
1456,1654
885,132
1236,42
1094,56
146,42
1292,91
1490,1657
441,1668
817,61
1556,98
1731,28
1397,138
1292,42
1423,1678
1610,61
135,93
165,112
1764,35
386,1668
1059,111
696,1693
1479,32
1706,100
1945,82
570,32
1911,61
1948,41
1247,1785
1317,86
1784,85
934,1680
1196,67
610,58
280,1673
225,24
1991,26
526,638
641,1680
1726,1641
1621,105
1525,132
336,1632
1492,51
298,65
467,1632
486,112
1482,73
287,97
607,1670
1451,36
1930,75
1091,77
792,1233
1550,1092
1884,1660
837,19
713,29
1192,62
294,108
978,107
1094,69
726,99
728,638
227,1807
931,35
1266,108
1067,101
1360,233
475,239
240,1092
1128,85
722,100
556,1656
985,84
967,28
1467,66
255,1760
454,1807
284,1668
580,233
444,1675
1234,90
1449,1642
1734,1785
1308,111
151,32
1149,1657
1375,65
1823,71
336,100
634,87
1331,39
1937,1630
198,1760
838,53
1045,67
623,43
934,1666
643,41
1567,66
812,1680
330,1675
152,1659
976,35
1607,56
1904,1
1320,82
1708,43
861,110
1467,1663
1412,1666
348,71
790,42
975,26
740,43
1294,1642
531,16
1505,59
351,91
631,131
1356,28
368,17
756,26
1128,67
1717,53
1345,1657
746,80
1121,1680
895,1797
1579,60
839,71
1942,112
584,1663
627,239
240,91
1305,109
611,60
1211,87
326,41
1858,28
1429,1760
151,54
886,17
1920,1639
1239,1673
765,54
380,20
1545,94
508,65
255,98
228,64
707,1807
1318,1671
1857,77
971,1666
1052,233
599,32
858,106
440,63
1290,63
1492,87
963,1667
1515,94
76,1670
1447,71
1397,94
773,20
1880,56
351,56
524,112
1793,1671
1098,93
1708,1660
655,16
1444,33
783,79
659,85
275,1672
1360,70
449,32
808,633
922,1659
244,1785
499,80
764,1642
634,1667
564,94
514,1665
911,1665
1939,132
547,190
732,98
234,239
756,104
1127,43
903,29
1093,87
1534,59
1208,105
711,110
1635,1666
1177,132
1608,1632
816,28
1230,131
578,1668
563,60
1099,94
876,77
1871,190
491,233
3,85
944,1807
1082,109
610,1668
1696,91
497,83
1662,96
188,190
872,33
1813,98
710,95
1229,91
1085,97
1158,89
551,1797
171,1659
242,233
851,87
948,109
985,1693
1727,1671
825,1092
1806,1668
1661,41
1715,71
1826,94
116,63
1776,119
264,106
1523,1632
149,39
1491,20
1333,239
914,111
1602,1630
22,1678
1980,1659
821,1670
641,32
1382,105
27,59
1076,54
1745,1693
654,196
1409,59
1483,28
1985,1092
354,1654
556,68
352,1642
559,73
1223,86
13,85
1135,1658
1028,64
1173,51
606,108
1362,1632
420,41
3,67
835,20
1595,70
302,77
1653,1630
1139,66
218,62
593,90
1419,1656
994,1797
1149,37
1186,17
1280,86
855,190
927,1639
143,98
806,1660
1253,71
740,110
1058,87
962,32
889,154
1239,20
602,75
1940,105
1428,1641
1105,80
662,31
1249,1630
1056,1660
135,1807
262,1693
1270,1679
354,131
564,50
874,96
72,58
182,35
900,28
796,93
1778,91
1960,138
1825,138
1258,29
1498,1670
890,19
1633,63
1049,94
886,79
853,1672
1740,114
1979,132
1395,77
1837,94
240,1785
1398,42
1347,1092
335,108
1574,233
124,75
680,107
1927,109
952,1658
1567,26
596,71
1425,1667
828,1807
1000,82
1864,83
1263,51
1836,41
1674,1698
1769,90
902,1641
1239,42
652,64
636,93
1279,83
790,1678
516,1677
1484,1663
955,17
208,1658
1898,1665
466,190
126,108
1563,23
1198,62
702,35
1862,97
214,1673
1620,83
1214,94
772,53
368,89
1342,19
441,98
408,106
1791,42
1001,109
240,99
705,239
407,99
1422,58
640,196
1341,1092
372,633
689,1673
728,39
263,1632
1706,16
1433,1676
995,1641
1167,1641
1877,58
576,26
149,1632
1739,41
1974,26
1981,108
153,104
1350,101
1903,17
1535,43
1316,1673
1546,132
1216,89
591,67
1859,1675
941,16
925,1675
321,37
102,20
1876,1672
199,60
716,106
92,26
1306,70
1913,104
793,41
310,65
1235,84
357,1092
782,69
414,35
881,190
789,29
1342,29
1398,1673
778,1658
359,1693
587,108
830,1658
1539,1654
1538,95
1421,1657
584,64
1561,1676
494,111
1622,39
427,82
1153,20
1800,67
127,29
936,66
403,29
1199,67
1881,24
832,19
9,1642
814,1659
1652,71
549,154
683,50
1480,1668
565,58
1547,66
135,190
134,633
265,1680
547,1658
1084,103
479,1665
1664,85
1648,106
391,97
914,36
1128,104
994,1676
543,99
506,108
1393,68
1490,108
408,70
1157,154
458,90
47,1680
923,60
1935,1233
1116,69
657,104
1281,56
341,1679
1354,1630
1066,196
1160,1
1599,1092
1236,1630
1493,131
839,1663
1119,89
57,67
242,65
1645,1
1739,68
1061,1676
143,53
1692,86
1361,20
1923,154
416,29
1448,58
1176,95
989,70
719,109
616,108
264,65
652,26
1115,82
742,1642
1689,1657
1087,24
442,106
561,1668
1232,37
292,1670
1748,67
401,105
1971,1680
1842,56
1175,1676
628,79
632,138
1412,79
826,54
1148,1667
1201,98
563,35
640,190
1817,104
1523,75
1913,1641
1254,233
1343,1672
1017,68
1459,29
1857,114
1196,50
663,53
423,138
1165,1663
510,26
989,39
1172,42
865,1670
1568,233
204,138
224,94
1344,73
388,65
1037,42
375,1671
779,1680
1009,61
1583,35
760,239
675,70
1281,1639
1067,82
1602,1659
1098,1630
1922,114
368,97
1804,114
1133,94
1043,138
1801,90
755,82
1416,56
1288,99
1951,114
6,70
795,85
374,1676
1829,1676
1594,1693
917,1668
1588,37
498,104
1934,73
1972,132
464,24
1460,1668
389,1667
1317,73
895,93
812,1671
1274,54
976,131
1385,233
1863,50
1095,196
599,35
1193,1680
587,1665
929,19
881,1680
204,41
1289,633
1527,1671
386,132
740,75
1470,1670
247,69
1445,1680
639,41
1465,50
1340,28
1583,64
1375,1807
1914,105
391,42
435,1672
957,1233
1805,87
649,110
1074,35
1644,65
1977,56
1909,35
1799,633
1913,32
1586,70
1278,1092
1221,33
1956,84
746,67
1332,36
1906,65
1710,31
134,106
1170,1092
465,65
923,1677
122,98
1379,80
519,93
890,111
1629,70
1190,104
911,633
1965,68
1823,58
1879,1666
1328,23
1406,1660
373,196
34,1698
1136,1678
1304,32
953,54
936,26
1682,99
1265,1675
1050,1663
1128,1693
1623,1760
1276,1639
1243,66
178,638
1543,73
311,1668
1344,1665
76,97
187,110
1417,1807
1260,1671
1370,67
1694,94
1326,84
1899,114
614,154
541,154
1154,93
1356,1
1855,41
1413,70
129,90
596,638
1077,233
250,62
279,19
636,1668
1018,59
1558,109
1426,98
681,41
952,1807
940,1656
494,70
1520,24
640,104
487,29
368,1671
1506,71
717,86
6,1673
1734,1639
1056,154
271,43
1432,99
735,1654
1041,91
137,51
214,35
507,23
569,16
382,239
848,41
1917,63
1590,79
673,50
1192,104
676,89
288,16
698,1639
1934,1698
1343,85
352,61
1474,132
317,1639
1394,1667
217,31
1191,97
1566,119
1054,1693
1373,89
1178,89
293,99
594,96
1275,65
390,93
1929,42
134,86
1278,89
466,638
1622,24
903,1658
1132,1670
637,32
620,24
1598,17
768,43
1479,1797
1948,96
1695,67
1898,93
993,1630
1220,97
1645,42
959,31
1445,42
487,96
1584,196
593,75
738,190
1989,1671
1071,96
885,61
1736,31
214,61
1023,131
551,86
187,29
1471,1
856,1672
246,1656
528,63
172,1659
551,39
737,111
1938,1641
672,132
817,23
1404,91
270,29
514,17
951,68
1430,35
1748,26
1596,86
217,154
1727,54
364,31
1788,32
1606,91
48,50
257,1654
1799,1658
347,110
1325,89
205,68
1200,1672
209,1
1440,1233
839,1797
880,84
441,86
611,196
81,79
795,29
410,53
487,1
1445,75
1346,1642
260,1677
1662,60
361,1656
1321,70
1184,1654
791,190
1346,1693
1846,86
136,1654
582,97
369,54
1239,59
9,101
230,79
1270,1657
1013,1654
1347,138
120,101
598,16
564,96
139,29
1266,70
1745,99
8,58
1345,1665
1242,239
1977,112
1870,1663
1393,73
175,1666
1728,84
1963,69
276,65
611,20
1383,196
1247,131
516,33
755,107
291,1668
424,89
1626,56
1976,39
1905,71
1351,97
195,32
1449,233
554,1657
188,1
121,98
430,66
748,73
1924,94
1602,80
1837,65
1948,68
495,1666
522,106
1199,66
389,17
781,101
1568,95
1607,86
999,41
898,50
612,100
1185,132
1330,17
249,1658
783,103
327,107
1505,29
1674,64
1917,1658
208,1639
904,132
655,89
1614,1092
257,68
1624,196
1899,58
839,93
273,68
1050,82
1453,119
1754,84
712,53
592,1665
1713,131
1284,28
788,89
1180,93
512,107
341,1663
1784,87
990,132
842,1760
1626,1670
1702,73
1264,37
345,1233
512,26
1300,99
128,633
677,1642
1638,33
450,19
1145,1658
545,70
1944,54
612,106
793,1680
908,1665
1574,1672
871,97
482,1663
1027,97
469,23
992,70
1551,1672
1724,70
1344,1654
1450,101
1214,154
1765,132
1130,1233
1208,79
750,1670
487,638
349,633
262,80
1352,132
526,43
967,1667
1761,56
1140,35
1854,85
1640,65
1764,1807
585,1668
987,104
701,112
1328,108
1257,154
539,93
1830,61
268,77
1445,17
403,56
1308,1807
1327,29
1540,98
231,86
1550,63
562,56
1115,50
1614,24
965,77
12,1797
1733,1654
1370,108
891,67
341,110
914,1698
1878,1658
527,70
621,103
270,1665
130,1666
1546,58
1366,67
1476,1671
1097,96
1391,1666
1356,109
240,93
940,50
1612,190
526,53
1268,110
441,29
994,29
1237,79
1975,107
1351,59
1913,1658
1783,84
494,26
460,1092
1879,1679
1287,101
339,65
292,73
971,1668
169,1666
598,1807
1739,99
1759,108
1814,1673
199,1660
1232,1657
594,1630
1736,69
214,119
1819,56
555,73
719,64
1471,79
356,1658
962,77
1294,1658
1173,1797
820,83
1688,23
1410,79
1401,138
1309,17
8,99
1237,1678
1704,119
139,37
1944,1670
567,61
1342,75
1710,28
810,1233
828,1680
1650,1679
1258,39
581,1676
1558,80
1156,154
368,239
559,69
1170,106
946,138
751,23
1358,101
498,1797
849,107
1017,103
121,26
513,1670
1765,1660
1307,60
1753,28
1273,1642
925,39
1503,1680
1431,87
1732,112
575,59
541,119
814,79
392,82
1132,190
558,80
1209,70
1318,638
1505,69
1141,41
1053,77
832,1663
1556,36
1539,36
799,63
1019,131
1138,119
712,1785
146,131
1450,1233
1789,1630
1697,90
1915,1657
1845,66
1167,106
266,82
286,17
711,94
1578,1659
1359,132
1804,23
407,89
320,33
1222,1668
1337,1630
1582,100
219,79
809,99
1379,65
403,132
667,77
192,107
751,37
727,28
1211,1679
1519,32
613,1807
648,1693
1917,77
1385,196
1625,59
264,1670
179,1675
608,1659
1308,638
1880,103
1967,23
409,56
979,26
1590,1680
1809,1665
514,109
824,67
1472,233
927,107
1390,17
1761,1667
1232,95
536,1660
1087,83
1164,70
1536,39
981,100
139,65
782,111
1101,1693
843,79
384,104
1453,32
1931,1680
1754,111
854,1657
1903,1654
1832,1667
906,1675
390,82
290,94
113,1675
661,61
1808,64
340,50
452,1666
1979,41
1834,86
1334,1760
1747,53
219,93
1069,97
1569,131
352,1658
688,196
445,1673
1578,83
1449,29
660,106
238,90
1800,1693
1309,1667
1551,132
1116,1639
852,68
529,239
735,1639
935,97
225,80
133,39
1240,37
563,1678
1792,1676
486,89
711,1680
352,93
1841,1233
814,107
1239,36
545,24
1614,80
1535,39
639,1092
861,84
585,50
1489,1678
1430,32
474,1657
625,1679
827,93
1366,24
1405,1672
1225,98
269,154
1707,60
1434,1092
540,59
1439,67
373,1676
450,1671
290,80
1467,154
236,98
1804,59
1133,37
1426,71
655,1675
788,70
185,239
308,1672
1057,1693
1419,108
1166,61
1153,24
1138,1654
748,84
1427,1641
788,53
1950,1693
690,93
929,105
912,239
1725,131
842,96
1782,1632
225,98
1557,32
858,32
291,75
1583,138
187,42
1863,138
9,100
1394,1
473,119
1319,66
55,19
166,50
1645,1698
373,1660
1166,1657
257,73
1306,68
259,1671
1255,43
1019,1641
617,1785
1849,60
1134,54
1446,1092
860,17
1450,17
867,97
776,32
391,1785
263,196
1781,1668
1339,101
1504,36
1566,1630
1103,196
1844,112
688,17
890,53
1282,1641
140,1658
1375,110
553,35
1602,62
1605,19
1970,1680
13,105
1928,26
74,105
646,41
1418,94
613,42
1314,31
211,80
140,108
1411,53
221,119
918,71
1381,85
1290,20
500,50
1533,1668
965,104
1463,1785
76,91
1054,84
1924,1658
1893,91
1802,26
257,42
1644,105
354,196
282,1679
1296,17
435,61
860,112
1295,104
604,77
1653,70
715,82
644,94
1514,100
1497,36
1422,101
967,1676
1204,54
1767,83
685,1671
1905,112
584,112
548,1665
1979,67
1924,190
348,1797
1042,91
1561,103
346,62
457,17
1716,1797
832,99
1401,1672
1075,33
1618,35
842,132
1963,638
1162,77
5,50
991,1679
1682,154
1867,154
365,20
1475,1659
1343,31
426,1660
187,54
300,239
871,96
1829,42
270,1797
1087,26
1897,138
1168,58
48,239
416,1667
1724,71
401,111
1748,77
1585,1679
1771,100
1899,43
746,109
1026,43
344,79
253,43
273,53
1395,1676
1750,1660
284,1671
1794,36
1395,233
256,26
143,1666
1986,114
296,97
1626,29
281,633
1594,1673
195,31
859,36
1655,154
366,84
1159,43
295,104
543,1660
1573,1641
1044,1667
1510,638
1013,62
1721,1659
1314,35
887,1679
1974,71
515,100
1840,103
5,36
1310,79
1458,108
874,1233
466,98
851,1680
52,65
180,62
1711,107
558,53
1649,1658
1847,1659
412,89
1705,70
827,20
645,101
1570,50
887,54
1974,1658
635,89
1613,112
361,106
535,1760
1037,1630
1164,60
378,85
1045,1807
1342,41
1804,108
169,86
1248,100
1925,86
1958,1659
933,28
587,56
1234,75
1362,20
556,99
484,70
765,51
802,63
1281,26
401,638
917,1666
914,1233
532,1760
1588,39
758,82
1056,112
1460,1670
1918,112
1530,43
370,93
924,1760
1723,98
379,233
1623,1663
1682,111
318,84
1975,1660
653,111
582,31
231,71
1961,60
1808,1807
1554,1673
900,1698
415,29
969,59
1708,20
1467,1678
1216,20
958,23
652,56
1333,105
509,67
1012,110
191,1675
749,35
254,233
917,29
518,638
1036,101
1774,79
1513,1668
502,93
1408,638
604,39
1216,1693
384,60
1161,154
1197,54
1204,24
122,96
586,633
1177,58
1911,99
371,1667
1454,1632
1237,80
247,1670
319,53
1444,1760
915,1660
791,17
1699,106
1530,61
869,103
670,104
1519,29
1006,64
1585,119
1855,1785
1367,89
1611,77
144,1675
912,37
718,633
1478,87
602,68
911,100
398,73
1089,638
1525,24
996,1632
552,1807
1013,1678
398,1693
1424,31
217,19
1414,638
793,64
371,108
998,59
798,633
1559,56
786,33
984,1663
1621,1657
665,62
1643,1797
668,29
1720,1680
279,1672
1315,84
1831,50
1446,20
550,89
256,69
789,101
1161,132
1362,105
371,1760
995,1680
1646,23
1133,64
785,104
269,87
1217,109
1526,1807
1827,94
997,83
815,60
1629,86
1395,64
539,54
832,60
171,112
1939,1663
1921,54
1262,638
359,33
1780,85
440,111
1146,31
460,82
834,1785
912,19
604,633
1304,95
960,1659
1401,75
1718,54
384,1233
237,17
166,23
1434,43
630,1670
1459,1642
1923,101
1394,109
187,239
1919,111
1556,43
1849,39
304,1
323,1673
729,1678
786,19
364,43
1433,98
404,100
390,83
587,69
1578,1642
256,83
760,1679
518,1667
1754,31
134,84
1004,106
1247,62
259,79
1456,107
1552,70
526,1663
1134,638
1777,103
1045,23
606,93
553,87
57,26
1820,53
1031,36
1695,77
1715,1667
1991,60
1051,97
1270,23
1505,1667
1198,1630
496,1673
889,56
797,95
1741,1660
1708,95
1449,1092
1782,1670
1530,1639
702,196
723,65
1019,64
1061,233
659,19
1926,61
202,1642
630,1680
1624,1679
1795,28
341,37
749,104
217,111
1852,91
292,1663
1738,94
1831,65
431,20
732,87
472,91
383,1807
1550,1665
374,70
1166,1678
1096,1660
1192,1659
179,84
162,36
165,41
1132,1639
786,1659
1120,103
1321,1630
398,1807
1555,97
285,91
1908,119
1102,42
751,56
936,87
349,62
370,101
1790,119
1755,1680
325,53
801,1673
1486,1678
1964,80
736,1630
318,108
136,1656
1448,65
1981,105
569,50
1782,1680
683,86
1608,73
372,103
137,190
709,96
1686,1660
1624,73
186,239
1108,90
830,26
260,60
649,91
1104,119
1749,1667
1430,51
1429,638
203,58
517,84
557,61
1345,1671
1336,106
567,100
1892,103
867,96
477,1630
44,39
1633,239
1021,1
1977,1660
1757,70
1298,109
489,1659
1033,1666
627,39
1730,104
1398,154
1750,111
849,33
600,67
835,82
641,1641
488,71
396,112
721,111
1495,95
781,99
1813,54
437,1693
681,1673
808,31
1927,82
1550,33
1860,119
1736,61
780,93
1957,97
1722,112
1664,1630
582,1797
1746,138
1856,1632
596,1785
1364,99
616,97
1095,1659
1651,59
398,1
1268,1641
257,41
1292,87
263,23
1353,71
1134,86
489,64
1043,1641
255,1641
1400,1658
1443,82
378,62
1356,75
272,633
1268,1807
1838,41
1271,1668
1187,89
767,1673
1362,1797
843,233
1710,103
1986,97
1345,111
44,1656
1972,60
545,1673
1119,53
883,1675
491,19
1854,56
1200,1797
1530,20
1918,85
192,84
1925,1639
987,1785
399,43
238,1
1638,84
393,70
1461,1657
761,51
946,1659
691,1668
1458,1233
120,1807
194,106
1155,41
1839,19
1587,42
1950,114
1330,1
1367,132
745,1677
1762,28
1745,60
1491,110
599,1667
1459,1698
1810,1670
1427,64
1174,97
823,77
1633,154
654,1671
789,62
1510,24
1646,110
1846,1660
797,1657
743,1675
1868,28
712,37
347,90
920,50
1979,80
487,196
1524,1673
185,20
313,79
956,77
117,71
1885,1658
1017,73
1649,100
1884,83
603,58
1923,1657
1267,83
1068,96
1985,58
956,60
719,1642
481,132
211,111
542,1233
1817,1659
1894,1659
436,50
989,36
1051,41
184,75
382,196
1736,89
1108,1658
1694,1659
604,1693
1448,43
1795,1642
1729,1092
381,1632
1470,1642
288,104
877,106
1285,131
1876,26
1326,63
1454,112
8,119
1577,131
1450,85
864,16
1527,65
1771,85
1265,82
1356,111
1467,84
954,1
885,1665
1266,1680
1064,638
1858,24
1972,16
580,106
249,80
979,1673
181,33
1864,190
1866,1678
410,107
745,1092
470,1
164,62
328,1668
1931,80
757,1807
1880,1672
318,85
1763,107
1822,138
1182,101
851,77
781,1630
814,67
52,80
311,95
187,85
779,1667
1031,1663
1583,50
631,109
1627,28
892,1233
1107,90
1070,82
1953,36
1902,1
1534,63
402,1672
220,1671
1655,1639
458,28
1526,1667
444,95
1812,1676
1514,75
1774,63
1244,112
1389,1807
1291,1
1042,31
752,71
1143,1657
954,1679
1891,1698
187,1678
800,1785
541,1663
1887,26
1428,93
747,1760
1304,35
2,131
1753,98
1041,110
818,33
339,62
1265,1672
180,108
1245,1660
1160,1698
1071,62
1115,16
1517,1672
1522,50
1105,90
1856,132
405,24
407,638
392,35
1497,638
548,104
1232,99
203,99
1252,110
1255,19
504,1656
1495,1632
446,1663
981,80
1617,80
1046,106
737,1630
1380,138
1255,96
1457,41
1591,1660
47,67
906,1671
1915,132
258,1666
651,79
1151,1630
1248,1
219,65
862,111
1473,26
593,1632
781,1807
1227,23
6,1676
1571,68
1038,29
157,60
1357,131
1213,73
716,1639
535,61
1146,28
1482,58
911,196
179,1677
1604,43
979,28
1170,633
999,97
333,1233
1455,1670
649,62
1848,1654
709,28
1059,1639
14,104
1195,103
1285,233
149,53
1356,50
1267,633
537,84
1474,1807
1439,95
1956,75
841,1632
641,54
113,1673
343,80
1143,75
1201,94
1772,633
775,71
1972,75
1282,1667
681,24
1069,95
308,1668
1536,1698
1241,112
731,56
1028,50
1908,98
734,23
610,1
1405,56
393,63
1883,1630
268,23
1407,1632
1763,36
1361,50
885,58
1054,239
1735,58
1199,24
908,71
658,1668
1125,58
905,37
1757,1679
1226,41
1269,85
294,75
116,31
959,1233
1774,1670
1869,60
1489,1676
1378,633
823,26
554,87
1492,1679
307,29
625,42
914,79
678,60
435,80
1892,114
854,1673
764,1807
621,190
994,80
1527,190
1254,68
928,1658
696,1670
863,1658
0,39
1838,1670
1288,62
885,1092
631,1632
1476,85
1170,190
322,1658
1800,89
289,31
1395,95
1341,39
610,19
174,56
1516,83
1978,98
676,154
1763,82
1286,109
133,23
650,131
566,1657
1319,239
402,56
847,64
958,93
372,96
1905,1698
469,112
1195,50
1145,105
25,42
1437,17
1420,111
1647,24
428,97
531,90
1909,119
78,33
1627,68
1531,107
1956,24
1464,32
1959,61
1892,96
1123,1679
301,1657
1781,1666
583,103
471,1807
1804,43
1986,108
684,80
573,62
1052,29
1866,1657
463,138
1476,91
1980,1807
1334,41
1045,42
751,73
185,104
1324,1658
493,90
1559,1670
1396,1678
402,42
535,196
524,91
545,58
1019,111
476,1672
455,51
1313,61
193,64
1283,1659
1192,196
1266,119
1435,1656
478,99
1605,1676
967,1785
1599,24
1418,1693
738,1659
708,61
641,108
1640,86
920,37
1683,66
1350,1785
1351,80
1282,1657
1390,1678
1598,83
677,97
1615,41
879,37
916,17
610,68
1363,638
314,633
1452,67
920,84
620,109
640,83
892,1660
1395,59
1075,35
1169,90
265,50
676,190
1061,1672
545,91
1742,70
737,41
798,1656
877,119
1522,108
716,59
591,35
702,98
1644,89
870,94
1083,1233
1464,77
217,84
1603,58
1389,109
287,1673
917,104
1011,69
1626,104
1076,73
465,89
1761,61
125,239
205,23
1552,112
1242,1658
501,54
942,1668
249,69
212,63
1063,1656
1161,1642
1159,37
980,68
1003,109
1102,17
1927,32
951,1663
828,112
1226,1659
811,89
975,112
1293,43
1186,103
1058,58
466,96
926,1670
730,91
52,67
733,62
1174,1658
398,1671
1236,75
919,1673
595,69
877,105
1980,90
1525,1639
1361,1678
1985,1630
1801,1657
595,50
920,1672
945,103
1521,94
1358,1659
537,109
1417,107
354,89
317,67
1476,1666
1802,1672
1161,110
1528,103
246,90
30,61
178,154
197,1678
1467,196
1806,233
560,24
1014,95
584,110
325,1092
877,1665
289,86
721,43
774,63
1291,99
853,1630
834,1632
781,39
1003,91
878,131
788,239
1861,1672
259,1797
389,100
1574,39
1867,43
393,97
1285,1656
1525,99
848,65
466,82
676,33
773,31
1553,105
1826,73
173,89
1532,106
1583,61
428,41
263,104
1316,96
621,86
625,19
1857,1676
1912,1639
1413,80
21,86
1090,1675
464,1665
1653,42
643,1639
863,190
1400,64
1147,99
775,98
838,1670
1723,1656
1008,67
556,83
611,190
1184,70
1028,95
1052,69
167,67
1704,1666
1277,104
1405,19
1864,60
1133,1641
925,36
1245,1659
490,63
1635,69
1503,1693
1431,80
629,32
1492,98
1293,79
1811,1668
1774,1656
323,1663
1813,1092
841,16
1229,39
952,109
1687,131
1070,131
260,84
1917,154
1126,1807
887,103
1987,1233
1370,79
49,69
345,68
753,71
988,112
1603,119
1983,19
1624,16
1325,1659
1249,93
1596,61
1744,94
344,59
530,24
491,1760
395,1676
1409,62
875,1670
1049,87
936,1092
383,75
1379,66
1636,43
795,53
1055,41
501,28
926,87
212,97
967,633
1620,1673
832,62
613,1
1060,638
1388,35
1444,1639
1067,638
953,68
1419,1663
591,1632
1303,59
481,1630
1418,233
9,77
1293,65
1047,54
1648,85
193,105
1019,37
267,56
1852,71
1141,56
793,80
1951,1693
1842,109
903,239
746,16
139,66
1316,132
1060,50
14,24
729,1676
981,97
246,1
373,1671
1336,63
1393,50
1925,41
1599,70
1197,24
1572,36
1441,1668
912,1632
990,19
6,16
11,1670
48,1676
727,190
212,119
1723,33
401,1760
593,62
1557,1092
1118,190
1727,638
572,70
335,24
194,50
1407,132
1614,36
678,1630
572,53
1732,87
429,1672
1239,33
1226,86
412,108
141,1642
1910,84
1987,35
849,1671
244,85
1775,64
726,79
1336,239
964,1658
1963,58
1484,31
1815,67
625,1676
421,91
1198,67
1737,1639
125,1233
1674,138
186,61
1880,1797
280,58
721,1630
907,119
38,1659
1710,73
1396,111
134,68
583,1
0,56
255,80
1602,43
1106,68
403,1657
1001,1630
1924,84
990,1656
1358,86
1824,64
1109,58
1752,1671
1149,83
374,1659
925,105
1759,16
1978,99
1729,69
1432,67
1359,1670
1964,82
1765,1679
1550,85
225,103
1790,196
596,82
249,1667
1876,131
204,109
1165,90
500,94
1441,100
743,50
1577,42
527,1671
1034,1665
1451,79
1587,65
773,87
1859,1678
1613,87
178,1657
877,35
1599,132
1212,138
1765,108
939,1654
1527,105
1255,36
1292,50
135,101
209,1657
418,59
401,17
740,1642
1936,101
1296,196
472,1670
1416,19
1435,1675
942,1641
1537,1675
113,1797
437,111
1750,109
687,53
980,33
1222,1632
712,233
159,1676
560,1657
204,1641
1169,111
616,1657
694,1666
1870,63
1831,1807
1564,16
1643,1667
318,28
1594,69
1393,1676
823,1639
388,106
908,1679
1969,1797
1890,53
270,82
220,35
810,79
1384,104
1164,132
592,1639
165,233
1292,32
525,1657
1283,1675
1172,638
1299,110
628,70
1804,75
1395,1667
1352,154
485,99
729,87
1021,17
1815,1657
162,70
1342,131
1315,1675
1721,1676
926,28
1817,97
805,59
280,1632
1864,132
1385,103
1773,54
268,91
1548,1658
606,41
1692,60
1495,111
1964,54
1638,37
776,1667
350,1658
1132,96
1002,1657
180,43
551,100
1158,20
1344,112
1184,1797
563,1642
445,1807
160,23
1745,50
1430,98
200,1666
203,75
773,75
277,54
1970,111
139,61
1724,66
1138,93
431,75
934,86
1235,119
225,1632
630,1663
172,67
618,31
217,196
165,108
6,190
1593,96
997,1807
1137,108
178,233
1960,1233
896,190
880,19
1582,66
219,105
451,29
1733,62
829,70
1867,1092
505,50
983,107
1190,65
1280,1656
573,65
1587,1667
1482,131
1445,29
1689,41
1709,86
1068,98
808,110
353,87
204,1677
1165,1658
895,59
1280,1670
1799,101
1270,93
1860,85
1219,103
1492,79
276,1807
1041,17
1478,110
750,31
1566,131
592,73
1790,1673
321,101
159,23
1943,65
1067,56
535,1676
273,1680
1326,61
351,65
1016,94
1902,138
1795,86
537,108
297,29
796,97
746,90
1046,63
826,82
475,96
1550,1663
1794,53
195,97
641,79
326,35
376,1760
1975,103
747,1639
752,75
572,1092
710,1641
976,233
1934,82
598,1680
1696,67
1550,98
1988,1
1253,1672
1280,64
343,1680
1540,1672
1590,100
123,94
565,107
534,64
938,95
1903,84
783,85
1518,50
588,19
1583,60
1437,1676
941,83
1494,43
300,93
1647,83
1812,132
1316,97
234,233
1558,1630
464,1666
175,106
1560,196
1467,100
1090,111
1812,1678
1828,107
1063,1678
1871,23
0,79
511,19
259,84
1551,63
151,66
1059,63
1533,108
832,33
1592,51
252,106
1886,1641
1722,71
1172,100
214,42
932,43
1158,83
1769,96
999,1665
1025,1658
1518,77
1706,1785
550,633
1323,33
186,196
538,17
1644,29
1384,17
1816,94
1434,87
793,69
1168,23
910,90
286,138
74,1632
991,85
1070,98
833,95
601,43
1101,1656
1778,1807
165,50
225,1807
320,37
175,233
14,1667
1799,1698
667,65
1847,28
910,633
1461,1693
1784,36
474,63
457,93
771,63
814,131
1331,23
640,28
1067,1675
1989,1680
1200,196
959,101
1446,633
1819,107
555,24
1736,101
194,1668
1833,91
1762,83
455,91
1397,60
1323,31
1343,80
422,96
591,1665
1224,1630
1960,82
1501,110
1430,42
1359,112
1913,86
2,1678
206,60
1531,65
211,1660
1935,1657
1728,77
1606,98
297,107
1186,633
1372,108
347,23
1509,1797
1553,1641
1308,62
1854,17
590,64
1787,94
371,1632
1459,43
474,1
512,37
1889,1673
164,66
1788,633
1685,85
433,39
821,86
1870,83
1300,53
596,1760
369,63
10,1665
1338,1671
1779,23
305,109
1192,91
810,104
1016,39
1648,68
1390,39
1674,56
756,41
850,82
1057,42
1188,1666
598,138
1596,83
342,1630
215,196
496,100
1916,106
408,112
1261,91
526,70
488,190
1372,98
348,1678
933,64
867,196
577,62
1844,110
1079,101
1207,80
1984,633
1358,36
1841,62
1987,638
1950,1654
938,1807
498,90
1901,28
185,1672
272,51
129,1630
936,90
630,84
980,131
179,1658
676,132
1606,1666
744,60
249,1666
504,43
565,50
1742,104
439,95
1512,33
854,16
1226,89
1192,73
488,1673
787,89
1430,71
183,90
955,37
1397,16
1249,1660
813,63
1573,61
998,69
1296,39
395,106
1852,100
452,105
1909,1665
578,65
1345,1668
615,196
1555,1679
1114,63
689,66
1026,67
592,1785
1988,1675
1824,1660
1386,37
891,1665
550,106
1090,87
47,1672
687,71
943,41
1834,54
1033,1671
1911,36
1379,111
792,19
499,1673
1180,68
1080,1660
1502,107
1927,62
1433,1632
150,70
1934,20
946,33
232,79
1122,70
1162,71
336,1641
301,59
1355,1658
720,1807
862,1630
737,29
1508,84
1364,110
479,42
723,94
248,62
338,64
585,65
622,62
146,37
454,1642
1859,75
224,39
1454,91
1238,132
1755,106
1353,68
304,79
1725,1678
1235,104
332,1679
631,37
1610,36
1555,1693
1171,58
342,1658
1218,99
1868,233
362,1641
478,131
1695,1668
279,86
427,41
926,29
566,36
1190,84
1409,101
1965,104
1841,90
797,1670
248,1641
1223,20
1317,95
286,1807
1122,233
292,82
1948,87
228,58
892,1
201,24
882,43
1550,54
1136,100
305,42
582,70
1930,114
555,96
1681,86
652,16
1761,1630
1212,56
1010,1642
220,50
1195,16
459,36
1343,104
370,1785
675,94
1427,69
1043,1656
1821,109
293,85
142,1654
1481,154
1653,84
1157,101
606,1667
222,84
1399,54
828,1673
1593,103
1514,82
871,1657
469,1663
324,1676
451,28
1609,103
1513,154
249,75
1207,138
1619,58
436,1665
973,16
1527,1641
792,111
892,1676
1984,1660
1270,35
663,51
1096,108
818,56
1391,63
1799,100
147,66
1142,105
941,190
9,37
1848,1760
1614,29
184,61
773,43
1181,190
405,1
1971,154
351,51
1587,61
1920,50
391,50
358,35
783,70
1191,69
1084,1
345,110
1141,80
810,32
1623,70
793,104
1511,66
804,1660
893,1693
472,103
1911,1233
865,1658
1774,65
1251,132
1528,105
757,1657
1989,36
27,84
1440,53
176,132
1579,66
772,154
1223,107
323,196
1301,83
1545,71
1927,131
1894,114
518,54
353,96
1919,1642
1813,89
2,63
150,239
975,64
616,63
1611,32
1851,1675
783,39
1340,26
1822,24
905,109
524,111
432,95
1588,1639
1292,100
1544,1659
1062,1658
1067,70
572,1656
425,65
1720,1670
1410,1630
251,633
1889,17
1906,1233
915,1698
1485,1660
1655,1632
937,62
873,70
472,1663
272,1663
829,105
926,107
1101,1233
1518,1665
313,104
3,90
1881,41
1425,1807
360,77
965,1680
1554,16
797,119
1422,1658
1809,1785
1263,36
1229,84
1357,31
1010,138
1897,58
1625,93
1399,1630
376,60
398,77
1177,1658
471,1667
558,1665
1220,1676
1495,1676
230,58
1597,112
1943,100
1142,1785
129,35
670,1666
985,26
896,1233
1124,35
283,61
145,60
1818,97
1710,51
880,1667
226,33
1757,108
1298,19
1761,105
1854,100
1582,105
1911,77
330,67
1401,1642
6,36
1827,66
815,56
553,105
1695,91
741,90
852,51
1834,131
487,104
1946,633
436,112
557,1698
1736,23
1273,1663
1973,1660
15,60
932,90
1819,106
1340,79
1897,36
1162,1
1116,1676
1762,80
311,1680
844,59
402,98
972,64
1037,1678
1330,196
410,1641
1542,119
1603,103
884,17
635,119
928,85
1154,41
1524,33
1529,1639
1569,1672
47,82
253,1667
1890,1656
1309,1660
1552,43
1308,63
1777,138
1389,196
1906,1092
1726,93
1158,1667
1415,112
1951,66
1130,90
252,24
1023,1671
594,633
1435,85
1469,93
208,94
1571,119
442,1632
1459,91
600,26
1595,109
1446,1667
1796,58
470,50
272,85
1023,56
879,1092
593,77
1418,54
446,59
1193,1760
414,1679
639,104
1561,1092
1117,1672
603,1797
1155,80
473,104
901,190
556,1807
1333,91
1198,65
1662,1642
850,83
334,64
1700,1663
1909,19
843,112
1643,75
791,1642
1646,68
1204,95
1427,1678
330,20
259,16
1036,138
795,98
1183,53
1133,32
1976,31
696,1673
548,1642
363,100
1724,1233
1858,95
1130,1680
494,100
1126,1
1496,132
1095,100
1649,66
1718,1641
751,68
970,87
1877,82
403,20
630,85
1553,1668
1167,1654
641,1676
1618,56
842,109
807,71
683,61
1606,1667
446,37
429,19
892,109
697,105
1769,77
1931,1092
974,1663
241,1666
1088,107
925,1668
726,95
348,1663
435,50
1141,26
1109,1660
371,90
7,24
561,62
1242,233
1849,71
1114,60
264,138
621,28
791,1656
1167,91
559,1654
1332,26
840,66
1362,1807
1619,1668
1236,638
332,1656
1877,1630
1014,100
427,58
1244,59
929,1632
1180,69
539,119
1644,1698
613,196
946,79
447,132
1709,112
1433,1639
1107,1678
1342,1693
1770,110
315,132
1331,64
615,1675
1280,104
140,105
1544,79
201,109
440,29
922,23
1044,96
1596,1679
1783,1807
1715,23
1588,1807
1791,1660
49,50
621,1666
220,61
521,54
193,69
817,53
1464,66
14,85
195,1693
1859,1807
1902,95
1026,82
416,1785
1021,190
1875,1233
989,1642
1399,35
280,24
668,65
1011,1676
986,1670
866,70
907,1672
1187,42
341,1672
1190,85
491,23
1911,53
1530,16
1513,56
542,50
1223,23
1726,1670
1317,94
793,1656
1571,1
1240,101
321,1233
261,50
503,99
1099,154
177,1657
1820,154
787,1642
918,106
975,111
1240,20
1961,84
586,138
841,79
1640,1675
76,70
612,16
1736,190
686,97
338,51
1205,37
1563,41
1005,63
535,1656
1946,1785
336,1670
1012,23
1114,97
1464,80
14,39
985,51
1178,104
751,1670
1734,109
924,90
228,1663
1225,51
750,1672
1580,1667
1214,111
404,24
812,109
1700,36
1019,1785
1258,1785
819,37
583,68
772,1657
1986,79
920,54
777,1797
1055,64
819,82
1729,1677
1469,20
1220,16
319,109
1269,1233
1767,1654
987,1656
433,29
1763,97
308,65
806,1630
1201,1656
1226,29
1907,20
130,1658
1730,1639
1947,23
681,1658
1637,1663
381,1660
1471,71
1177,1693
1661,29
1074,89
1920,51
173,100
854,1233
602,28
230,31
1461,93
159,17
988,111
1568,1675
443,1630
832,1641
829,1657
304,108
1832,68
361,109
1983,73
864,20
665,37
611,1675
1613,1680
1872,58
1046,61
1252,1656
1322,23
1339,37
1593,112
819,51
379,1656
909,1657
326,33
295,132
1326,1676
521,1693
338,1641
1153,42
13,41
680,1668
1965,75
1952,64
206,1642
1790,32
464,31
328,1672
1275,1668
599,56
949,1677
1263,17
932,39
627,1673
365,98
1006,42
1051,59
147,83
332,109
1608,54
1492,95
358,67
486,20
555,79
76,106
153,41
777,89
1900,67
962,71
1037,85
1445,1642
1816,82
1815,42
92,42
1322,1677
1141,33
228,1676
692,19
253,89
182,95
572,1657
991,97
115,104
424,1667
1090,1670
1457,51
1628,638
1835,1672
1299,154
551,1785
1838,91
1362,112
1895,94
1915,138
1861,90
1307,1675
1865,31
1655,196
205,56
1257,239
1038,100
1351,39
1301,1672
1064,1673
1135,1660
285,1676
1358,111
832,35
761,131
1827,36
1038,23
1212,1642
1789,138
728,1785
743,132
1371,17
1189,58
379,107
1635,70
1162,28
1809,101
963,1657
376,61
1904,37
429,77
725,1658
1081,1656
1691,89
645,51
1109,638
1752,89
1560,54
655,110
142,87
452,1
1731,79
1363,105
829,1693
334,101
621,69
1249,82
1050,101
1071,1673
1182,638
1906,106
678,103
1946,91
524,633
584,62
1779,1657
677,85
1379,71
1936,1656
1933,1642
11,1677
616,633
192,97
748,110
1655,75
1309,1675
546,1677
410,75
268,29
1707,1656
1144,1632
241,239
1398,67
389,69
1000,108
1408,19
1796,196
1431,99
1604,23
1075,1785
1951,1656
666,43
720,91
905,63
1937,26
318,196
1829,28
455,85
1471,105
260,69
605,1675
692,64
1064,41
1563,17
126,106
1505,105
756,37
794,1680
1328,1656
1126,1679
1610,28
928,1666
1935,1659
1563,1658
1299,73
1191,239
1142,1659
1586,101
1697,110
1979,1092
1818,112
950,60
1640,112
6,132
483,633
873,33
1312,1807
1390,638
1137,42
655,1667
1004,103
263,1642
48,1679
1813,1656
628,1680
919,1233
687,131
136,1760
1293,1658
1002,633
1392,87
272,86
436,71
212,1668
1834,1663
1336,638
1122,19
1601,54
365,56
753,1642
1240,1670
719,131
150,154
1789,31
1350,99
1833,75
1281,1670
1984,41
128,1630
1194,1693
897,1693
1822,103
1751,71
1879,114
870,132
1739,1671
1311,1672
1617,39
1963,63
1232,67
328,43
625,1665
884,96
1291,1760
7,37
445,66
1902,64
1977,111
1088,1666
1347,1679
1549,97
242,1654
632,104
1275,84
1788,63
390,70
155,85
1745,1632
217,1656
510,1675
815,110
1133,31
1083,96
511,39
1069,77
1073,138
1715,1639
121,89
1847,98
406,32
1096,68
1078,84
1759,29
1561,62
590,1630
643,87
716,1671
493,100
1554,103
538,1663
122,638
841,82
183,39
683,77
520,633
900,1639
392,98
709,107
1195,54
145,1666
1859,95
1454,79
301,233
961,1760
527,101
1542,80
757,1760
371,93
561,61
1188,110
1517,80
273,67
614,58
1865,70
374,85
526,86
530,109
1066,75
551,1665
1875,29
590,51
1885,1760
1241,39
10,111
1737,28
1690,138
295,66
370,1
1897,1658
677,1680
970,70
1196,70
1237,132
282,68
228,54
1280,105
342,42
1544,112
1412,638
1857,31
164,96
1213,1233
1803,71
1988,73
1199,56
1418,43
1425,1639
1509,106
504,59
785,1630
52,107
1048,100
15,97
438,1092
184,35
1303,110
550,1666
1287,1233
1923,37
1816,105
971,196
336,1673
773,70
598,37
431,70
310,43
1381,1666
371,43
206,104
260,190
1221,67
1633,131
499,1659
1325,37
1606,190
1238,1680
1260,638
729,84
1373,1667
531,1654
293,131
566,58
880,119
1161,1660
420,26
1879,1760
919,32
1260,138
1846,1665
963,26
1321,26
1984,1632
1662,67
231,89
1374,17
470,105
436,41
146,1673
1825,1693
761,54
1371,87
693,79
972,58
1108,20
595,1233
1442,1642
483,95
1886,31
412,65
931,93
163,39
719,26
1752,31
1243,1658
597,1632
509,42
1249,1807
1225,50
1410,1656
1043,23
475,23
537,16
871,1659
822,51
1375,59
821,638
1953,1671
1456,89
1287,1675
1555,33
1207,132
930,80
177,1672
1334,1698
1912,50
738,31
386,104
758,90
188,60
45,1659
834,1642
1975,131
892,1678
1502,69
1341,89
631,633
1628,37
1477,1673
45,1676
767,105
1858,1672
1564,119
1430,1679
1179,19
280,1807
1714,1680
1370,196
398,1675
207,1659
1661,28
133,138
619,1675
1649,1660
1597,106
509,75
830,37
1224,1670
598,65
1855,61
496,95
1539,94
1191,1657
378,95
340,1660
1781,31
347,62
1086,69
1348,1642
537,1663
1288,107
899,138
532,1663
1552,98
10,53
1207,154
1355,53
1876,1807
437,82
481,56
670,96
1796,82
487,70
1520,67
532,1
1068,83
165,1656
1130,1656
1628,59
1078,28
503,70
639,64
881,1672
1051,58
1621,20
1201,1641
669,41
565,104
548,16
1027,53
1006,154
1056,1641
1442,1678
528,108
449,63
1444,42
1141,32
277,87
1456,1672
981,73
1019,138
1372,1678
1373,77
860,32
1249,71
292,1698
868,1665
607,16
937,60
940,31
1019,1668
1019,638
1426,104
693,1639
330,95
1401,1630
1955,109
781,196
1301,99
734,60
536,35
152,1666
1530,71
1277,100
121,35
855,50
603,29
1299,638
690,17
450,64
506,1630
1034,64
667,1641
1402,1670
963,1656
784,101
1357,1092
591,96
1806,1677
1420,82
1495,1678
1298,1672
1522,190
1511,96
689,41
852,633
176,68
941,66
238,1670
974,58
408,23
1531,37
1591,1659
543,35
1395,1660
614,1672
919,138
519,58
1550,1630
1704,138
1962,56
1945,96
698,43
494,1698
11,1676
484,96
1135,1677
949,154
1837,99
806,1675
335,97
1496,89
339,98
174,33
998,633
781,71
640,31
1445,32
130,1807
1754,1676
22,85
1112,105
1240,94
1682,77
1426,633
710,70
750,89
1981,95
905,62
1830,1656
392,71
1337,35
1959,1672
1447,98
455,84
1728,1654
348,50
1625,1092
1607,154
45,110
1739,1672
1775,62
1262,103
531,69
1876,73
1198,53
752,1233
1781,84
418,19
1674,132
455,1760
1789,1641
1217,1659
304,1698
1828,59
253,1665
1339,94
1007,196
1033,101
148,111
516,53
424,101
995,1668
923,93
269,67
1747,58
1069,90
1841,1
849,63
1166,58
1975,90
1578,90
1480,103
1602,68
185,87
1970,1654
1556,1667
232,86
1361,53
275,66
1735,1797
349,87
1792,1667
1805,131
1842,1679
1904,66
361,1680
1699,1671
1549,1642
1316,39
1354,1092
1209,1233
631,66
978,26
299,1665
15,1671
841,1668
415,633
628,110
1771,16
1403,26
435,196
1158,1760
933,77
1397,1666
1375,1676
1804,50
134,56
1935,82
1018,103
1351,107
1429,83
1750,87
1405,84
1068,132
899,83
1877,80
1988,53
1661,1785
767,70
1354,1797
683,63
1739,32
619,87
892,111
1250,239
1105,26
479,33
1350,82
1019,84
1816,28
1563,79
1587,69
1012,61
1750,1673
1331,1667
527,100
952,138
1984,87
517,94
900,106
374,59
874,77
1831,109
857,19
214,1680
1041,1659
1885,26
1208,42
250,108
530,106
1080,1680
837,633
1724,1807
1006,1678
171,1807
283,1693
1973,1678
929,131
1227,36
970,71
1864,233
1628,66
1519,83
201,19
406,1630
1625,106
918,94
1406,1807
1152,84
322,95
1396,1675
113,66
1456,1632
45,51
528,19
118,1665
1563,93
787,104
294,104
1292,77
155,1676
1280,1233
1899,50
408,32
1255,86
1884,1670
1703,84
1768,1
628,66
660,1698
1804,71
129,154
1204,61
357,84
299,1658
162,66
1854,1671
1272,85
1096,131
856,82
1817,101
1140,84
448,196
1458,1663
1726,1668
289,62
453,1673
977,233
46,36
1388,103
1763,1665
1519,97
949,67
330,1679
1253,53
22,29
1971,96
1058,37
1150,1671
466,107
545,94
214,99
418,1660
187,79
1792,114
1410,99
275,1654
455,28
1971,1642
1363,65
813,32
924,37
1098,190
213,26
431,87
1930,1639
1128,95
425,106
1384,233
216,97
553,1676
354,51
195,119
1616,67
88,91
1925,109
1582,70
1605,111
1609,100
886,29
1167,1668
1594,1680
1042,53
1017,83
397,1659
1685,1668
1746,70
453,79
474,196
1626,1680
761,86
204,1673
1710,1630
1322,1639
1050,1632
440,59
1968,35
669,86
193,1797
872,94
1210,1668
952,86
236,1673
1333,96
1869,110
13,1785
413,1673
1088,71
1644,68
1930,1641
236,131
1855,60
699,87
182,67
370,1657
819,132
200,190
183,1667
458,20
923,98
468,77
256,239
1806,1092
997,56
580,80
637,1
791,24
295,23
299,80
430,112
838,29
162,1660
487,65
1102,100
1625,39
406,233
515,91
1103,1658
1801,1676
576,91
1035,1092
686,16
1111,95
725,1654
416,50
1101,101
666,68
1404,58
173,84
1883,31
1848,1632
1352,1659
1370,70
1560,42
1980,101
1706,1666
1926,233
55,80
1087,39
1269,26
888,1233
1511,109
1724,98
1103,103
1748,104
243,33
1770,1654
725,83
48,17
11,103
1572,1642
1100,1
1653,53
604,62
529,1660
1021,82
1486,132
1432,1659
577,68
226,42
1366,196
1150,17
173,1671
1700,90
1372,59
1284,1675
813,1675
1878,99
1849,1675
906,107
745,1
1629,93
1655,119
185,58
1288,233
22,233
1499,41
487,119
1428,91
453,35
1068,66
1568,32
832,84
211,17
1974,58
1407,239
586,79
552,51
993,71
1917,36
1192,99
163,99
554,1092
1397,54
1711,20
1091,1
524,24
561,1656
528,91
771,1639
1876,68
1990,68
742,1672
1831,90
159,132
914,101
1586,1797
663,1678
1325,1671
250,71
839,29
1569,24
367,86
1473,99
1771,196
333,98
981,1632
452,1668
533,105
441,65
1605,53
1308,91
529,100
1210,79
1925,196
553,110
1695,68
263,1671
1206,51
603,106
1763,60
1089,1673
825,20
329,31
935,107
1976,1641
908,79
504,19
140,33
1189,42
821,64
571,1657
884,1760
1218,1642
281,77
1027,16
416,94
1286,1807
516,1665
1016,29
1848,1660
1063,77
1022,87
1302,101
1738,87
844,1666
1214,90
298,1668
793,196
594,89
1424,1672
1687,1673
271,1639
475,94
1928,1660
1325,94
1305,33
1110,138
1747,61
1251,32
1494,1668
1223,62
1740,100
285,66
1888,101
488,82
1780,51
484,23
1267,96
221,1092
863,1667
1759,41
1374,73
582,1665
1124,1678
1549,1671
1822,1663
895,1667
451,1668
1635,100
1288,1679
352,85
1202,89
1537,90
1279,69
1155,85
787,79
1108,83
1970,82
1410,61
1087,73
793,37
742,64
561,1
361,43
567,111
1529,1654
1238,94
8,132
1907,1693
1263,1785
1052,1698
502,1641
1700,108
1633,71
1462,107
1669,1
590,86
1398,131
441,93
1715,1641
1419,100
403,1660
1827,99
624,66
1824,69
1455,41
1887,106
734,154
1840,69
1108,131
497,103
115,1680
1864,75
1554,101
137,86
318,23
261,108
1520,1665
251,80
1890,77
432,1632
420,1657
1930,90
1054,82
1957,1693
484,1632
709,105
582,233
327,108
1953,132
1271,1641
980,1642
391,101
1741,29
731,1630
1833,196
1546,29
1736,1679
297,58
1543,1676
971,54
495,70
1472,1797
1275,100
779,85
434,84
883,41
886,54
923,56
1629,20
1778,196
413,96
1129,1092
245,39
532,89
1031,1
881,1639
990,131
1987,1675
1149,96
393,93
1813,63
1082,43
1193,100
589,41
1740,1666
1683,1673
1557,58
251,110
305,60
719,97
834,35
376,119
624,1785
982,107
288,67
1508,39
978,108
1977,24
1560,112
931,62
588,69
958,1663
1771,110
1345,1642
1605,1654
1703,87
913,1092
1896,87
847,633
739,64
222,1666
584,233
1969,16
1223,131
394,190
765,39
1469,31
1108,1693
1343,1676
302,32
1888,31
1824,97
1364,154
282,84
1974,77
330,1676
146,1671
535,99
5,58
1235,1667
922,100
744,28
1873,239
1604,105
422,93
1900,90
1313,80
1027,104
1637,239
1876,19
1571,1639
1167,154
1828,1760
1741,1
1081,93
340,1785
217,94
793,19
1127,56
1228,1233
1356,112
307,77
1342,39
280,105
1039,77
465,83
357,69
1246,1667
1248,110
1915,80
1254,20
745,36
1533,67
748,23
714,131
1140,91
721,51
1933,1698
1790,53
218,95
1327,36
1987,1639
1664,1666
842,190
1527,1675
1714,1678
1629,1675
565,100
1172,60
1047,26
534,75
1681,68
338,32
982,119
1651,28
509,73
1364,1675
774,1667
462,65
736,98
1842,32
1134,1680
1389,89
789,73
133,1807
923,1673
197,1672
513,31
326,36
128,59
1970,633
1328,132
1261,1668
688,35
768,1233
358,1785
450,1654
1247,109
129,1641
956,90
1163,82
613,23
1934,87
281,1642
1887,29
1432,17
1031,91
1567,37
996,112
1425,1698
1502,196
754,62
365,95
369,100
1529,106
247,95
802,1672
1391,190
1543,77
681,1641
1504,1676
1152,1642
945,58
246,1675
1044,132
790,1630
753,79
536,1641
771,1656
316,1233
149,26
300,90
1544,1663
1816,196
1534,1675
253,86
1178,75
1916,77
1238,33
1832,1680
897,89
1636,35
168,112
371,1675
847,1658
1038,107
1135,1657
1247,83
1143,1654
168,31
835,19
1388,43
339,86
727,1
1459,67
1374,82
1304,42
130,71
147,98
571,1642
1219,70
9,69
841,26
1047,62
459,101
849,1693
1380,1679
619,1641
392,42
1208,1656
1798,23
241,1657
1270,1672
1970,62
869,1673
1596,68
1617,73
271,633
608,89
537,83
777,1654
1643,99
772,68
1204,71
542,1642
527,1092
1488,1656
1396,17
1124,190
550,1797
347,28
454,58
601,1675
198,63
1564,1672
1007,33
1217,1673
1223,75
1740,119
1689,105
1784,41
532,1676
738,51
847,1785
1682,56
121,51
1439,1797
1330,1659
1689,26
808,61
1505,1673
311,154
1604,131
1212,1659
226,1698
593,87
1358,239
1907,82
1229,66
345,190
454,1670
882,111
1809,84
815,1675
139,154
1944,119
1105,77
914,1630
405,51
1648,75
815,1656
561,1641
1051,1676
1053,86
378,16
72,37
964,1665
608,87
1855,65
717,1675
1080,91
947,36
858,1673
1925,19
113,1666
1609,82
511,50
494,94
447,108
305,1667
254,638
258,101
245,1807
1099,196
669,108
137,43
1495,32
1584,77
898,36
1142,85
989,101
170,37
723,73
392,119
1387,94
1725,106
1873,33
951,41
1766,1630
1512,71
945,80
163,239
2,1693
1413,31
756,54
4,51
44,154
1463,35
1728,80
608,101
273,86
78,73
1043,95
1190,1092
1194,17
1929,66
448,1233
1191,1680
748,62
74,29
1952,28
81,69
356,73
487,59
420,1668
1107,1668
717,112
610,42
40,20
925,99
1513,1797
1887,85
1028,190
493,97
297,1678
1418,36
1714,1785
1988,70
1000,75
619,73
835,138
844,196
113,86
1843,64
558,20
1533,1658
301,85
585,90
126,58
1926,39
842,1233
1710,638
795,1807
117,1665
191,1658
1242,66
1637,91
1050,39
682,29
1366,35
48,75
617,1760
1703,1676
1643,61
1825,50
705,69
124,1671
684,79
266,1668
523,75
1387,1672
1740,58
1634,1675
434,36
734,107
981,1670
1955,39
1756,154
946,75
1425,110
488,79
828,107
721,103
353,77
193,1678
342,41
470,82
312,108
1458,65
1136,107
858,59
416,26
1713,1639
989,73
1856,1656
557,1797
1776,91
1758,95
230,119
1868,1693
1969,1672
887,37
799,105
1283,1632
1353,79
934,94
297,43
442,1092
1332,69
1014,1660
1703,86
769,63
1457,1670
1490,1679
1922,20
1579,93
1757,80
377,119
72,1657
859,33
553,20
1823,69
481,17
171,35
135,1668
1847,67
118,1092
1961,190
1083,1668
1709,94
1068,106
518,79
1697,638
1199,90
1327,17
959,43
1331,82
46,42
136,1677
1763,1667
1189,16
1082,58
211,105
1579,1672
1085,95
935,50
1254,638
480,70
1607,62
652,190
1614,20
604,1671
160,190
1822,33
832,1760
891,79
234,108
947,1659
514,42
200,1672
1609,1233
1623,79
1919,94
427,1657
1778,1632
877,1
1286,1639
496,36
611,1665
265,1641
1960,190
1004,132
203,1659
1339,43
974,66
1490,1665
668,83
1514,95
1976,94
505,75
1541,138
1652,1667
937,86
209,85
427,26
501,63
1847,32
306,63
855,1670
842,1673
3,101
167,84
1456,43
1277,93
1352,108
1133,131
430,100
344,1659
399,1
1195,1632
1623,1632
727,1665
579,61
1846,107
1203,109
1685,39
1813,82
1078,1
515,111
1897,65
794,58
926,1673
1152,50
1448,19
1538,1658
1173,1785
1469,638
682,80
517,17
1647,75
1476,1658
1835,53
1484,93
988,26
1856,94
732,96
402,1663
1895,1667
1221,36
1828,28
1476,1673
1775,1677
345,1663
1408,633
766,131
1804,101
1788,98
1127,190
367,60
1115,1630
1190,26
684,33
373,86
637,31
212,84
983,119
1945,58
1078,96
909,107
970,107
717,56
1489,39
996,1797
1682,100
415,119
308,83
884,1678
1058,71
637,1670
126,1807
1354,68
1786,67
1839,63
1822,29
1013,1667
116,61
1644,37
1701,58
392,61
815,1639
1461,1233
716,86
1008,1639
521,64
1878,1666
1569,1654
1383,32
362,1670
1616,1693
1600,50
1450,79
1453,50
1734,77
530,33
658,106
1446,19
1838,95
222,53
775,91
1776,1698
836,91
505,103
1042,132
141,17
674,1654
1287,60
829,100
1851,65
1843,1233
1576,1630
1250,69
1638,26
1432,96
915,138
1000,98
906,1233
1283,33
1396,1630
608,1639
1111,111
1058,89
376,65
1135,101
1691,93
1215,29
355,87
1514,1670
156,28
388,1667
1623,97
1842,114
1826,1785
1460,1233
1295,58
799,33
914,99
203,1668
879,1657
1586,111
1983,105
21,97
1078,1797
1684,1760
1511,1092
1576,41
1312,1670
1745,1656
1021,98
1221,24
530,19
933,86
1485,1641
1768,91
1113,138
923,64
279,36
1757,103
321,1656
1079,31
1317,1670
617,62
628,1678
1430,1630
295,53
278,87
1628,107
1591,17
1652,97
1964,101
808,62
1051,106
163,1641
935,101
557,1693
1240,33
137,56
767,60
1458,59
1058,107
1762,109
675,1673
362,110
551,42
1216,73
402,95
1437,1785
650,1693
1074,107
1990,37
615,73
230,41
284,95
934,1
1783,1654
127,1797
1326,109
800,37
1127,67
779,43
9,1807
1885,51
1137,93
1100,39
1043,80
661,67
1733,111
819,97
731,131
912,1639
909,1675
202,37
1160,99
1419,104
502,1676
341,1630
1581,60
734,31
406,42
1293,138
1096,90
1649,36
1003,42
910,1642
1652,119
1598,239
895,104
1526,154
1329,638
1425,1663
821,80
857,1679
989,100
1930,86
698,1660
1859,1673
598,29
1134,67
1779,138
1745,110
1909,109
695,39
1765,99
456,100
1286,1678
1256,77
425,1
1188,1672
1793,1658
1647,131
1498,1658
1440,1656
74,1678
1342,31
594,73
779,89
283,28
1629,239
1001,89
1039,101
1446,41
1397,1679
533,26
1764,60
590,37
860,132
1542,1657
1615,93
1248,37
752,58
1007,68
701,111
829,154
498,84
1023,68
386,33
174,64
1921,105
1006,119
1765,1672
1546,1666
538,1659
362,51
1304,132
1236,41
708,1666
636,103
1812,100
447,638
1541,1672
1889,1663
1859,67
334,36
1921,1680
1377,70
554,65
591,196
206,98
1554,638
1255,93
1536,29
1576,100
1613,33
547,98
550,29
1892,104
323,83
712,50
1727,190
932,1665
888,1663
333,54
1901,119
1294,95
1706,103
1872,131
587,233
883,1668
788,94
1433,1785
861,1632
1945,83
1271,131
1576,1671
1573,1659
552,239
1874,42
474,239
540,1668
204,1632
235,1660
1374,43
1193,106
975,100
177,239
730,79
1795,1657
1176,93
740,36
244,1
958,119
1971,132
1701,19
247,20
123,42
656,91
1190,1666
783,104
773,66
1181,69
921,73
615,99
267,75
910,101
452,69
217,82
1585,1675
1178,99
1095,1680
908,638
287,1667
236,41
337,28
10,138
1207,29
1140,32
219,16
209,90
1629,100
856,85
982,1667
475,1665
74,62
1965,98
422,1660
416,1233
487,94
252,79
1763,233
768,16
1230,64
751,103
1770,93
460,60
1752,1642
852,112
768,1659
1431,54
1036,1670
831,108
137,112
1155,16
398,105
1212,71
1397,77
1253,131
248,82
1024,239
1765,56
870,86
1909,83
1359,54
1378,1693
165,132
1225,54
1464,196
1600,70
1161,100
1788,109
1861,97
461,20
3,1658
1776,1671
1100,111
414,154
1945,190
1548,109
556,103
745,42
983,96
876,94
1409,73
820,1670
1692,154
1783,91
774,69
1095,53
1239,1663
1318,1670
353,104
761,91
1752,1656
690,105
174,110
1907,106
1193,70
714,99
455,233
261,1668
848,75
1843,60
1776,233
137,98
826,1672
1819,1233
187,94
1384,60
45,20
1222,90
615,54
1191,67
588,20
759,93
1464,99
786,51
435,99
1781,106
736,100
864,41
1856,95
1860,1665
576,1693
668,51
880,1693
775,100
1650,1680
1039,93
511,106
523,100
1024,1679
926,99
289,110
198,96
916,61
313,96
1459,119
191,67
1193,39
182,1666
1381,16
1509,43
277,1654
1611,73
747,86
912,33
839,638
892,1807
1485,50
311,33
1625,85
1078,131
1135,86
1465,62
1101,98
642,73
1926,93
76,103
524,101
1064,50
1518,53
1031,1654
1487,80
1256,100
1012,112
578,16
266,196
1687,107
1158,1663
1230,1670
496,65
1164,36
466,1641
1080,65
1703,107
343,71
950,85
1603,1797
240,70
318,1641
1120,71
718,1676
1710,154
813,1672
684,16
580,65
1153,63
1979,119
181,58
1035,63
1952,83
1806,114
707,94
281,1658
966,87
277,1656
1478,50
174,138
1189,37
466,60
1869,190
159,99
1634,1797
1320,59
270,98
1517,1663
1377,190
719,91
1240,1630
1454,42
1617,62
1681,1667
206,53
1977,1666
670,1668
1299,62
675,110
1155,1678
310,23
708,1092
283,51
1043,69
256,95
279,39
1962,36
1503,68
1911,75
1069,100
1622,26
1373,1656
1028,53
286,1092
1837,95
699,1641
932,1630
1257,109
1368,104
546,1670
1990,1693
140,77
179,1639
1652,98
1485,69
808,63
1857,36
78,1665
1112,109
566,1642
1246,24
15,58
766,1656
1710,1675
1503,1675
1547,39
507,35
629,58
1880,114
1608,87
459,132
616,1
814,100
1387,98
1651,91
1563,103
1946,1675
1185,107
1866,28
998,80
1279,33
1081,42
217,107
804,233
146,89
1603,109
5,1676
888,90
300,56
1738,82
1704,94
1037,1642
297,108
186,1807
390,73
543,29
836,41
1575,64
607,112
1986,1
333,17
1152,1797
1801,108
738,80
1696,1658
560,42
1476,104
997,75
1901,35
1015,1660
1851,108
694,1807
1940,1675
1581,59
1270,1092
630,93
1260,60
1867,108
1962,1698
437,1679
1260,83
895,1676
565,41
1482,85
766,1642
857,1678
1584,79
1387,80
1515,39
656,112
1779,28
1155,86
1522,79
650,1676
1135,233
1470,70
1235,85
1531,84
627,1797
1271,110
521,1092
1261,84
840,90
1265,17
933,73
291,1666
458,43
167,1665
1538,94
1368,1658
1868,83
983,73
413,107
1962,24
1602,35
1523,108
920,65
1918,39
1938,33
