634,1807
1197,1656
1986,1641
553,79
1072,67
1950,1672
1752,1679
1621,103
1509,99
298,95
596,90
1480,1667
1554,96
207,59
711,1659
311,105
1236,42
885,132
1094,56
501,1675
146,42
1323,112
1292,91
441,1668
817,61
1556,98
452,80
1731,28
1397,138
1292,42
135,93
165,112
701,1642
1871,39
1764,35
386,1668
1059,111
696,1693
1706,100
752,41
570,32
1911,61
1948,41
1317,86
731,31
1784,85
934,1680
1433,1641
610,58
280,1673
225,24
1242,1665
526,638
641,1680
1726,1641
74,239
1621,105
1525,132
298,65
467,1632
908,28
486,112
1482,73
1850,1807
607,1670
1451,36
1091,77
792,1233
1437,73
281,56
1550,1092
1884,1660
837,19
1192,62
1047,96
294,108
978,107
1094,69
227,1807
15,1654
931,35
1266,108
1067,101
1377,87
475,239
240,1092
1128,85
556,1656
264,190
432,154
985,84
967,28
1467,66
255,1760
580,233
1041,1641
444,1675
880,29
1234,90
1449,1642
1734,1785
151,32
192,63
1149,1657
1375,65
336,100
634,87
1591,43
1937,1630
198,1760
529,33
838,53
1045,67
623,43
1567,66
812,1680
1495,103
587,1680
330,1675
152,1659
976,35
1904,1
305,35
1320,82
1708,43
861,110
348,71
1691,1673
790,42
975,26
740,43
1370,110
531,16
1505,59
351,91
1683,1654
1356,28
1546,60
368,17
756,26
1128,67
1345,1657
746,80
981,33
895,1797
1579,60
839,71
1942,112
604,86
584,1663
1305,109
1433,32
611,60
1774,41
1211,87
326,41
1858,28
1429,1760
886,17
1901,90
1920,1639
765,54
1120,43
380,20
1545,94
508,65
707,1807
1318,1671
268,65
1857,77
971,1666
588,1676
599,32
858,106
1290,63
1492,87
814,63
963,1667
1515,94
1594,97
76,1670
1447,71
1880,56
351,56
388,54
372,83
524,112
1793,1671
449,32
1708,1660
1444,33
783,79
659,85
345,119
1360,70
55,94
808,633
922,1659
645,106
244,1785
764,1642
634,1667
1939,132
514,1665
547,190
1960,31
732,98
1724,104
1451,1658
234,239
756,104
1127,43
1093,87
11,109
1534,59
1208,105
711,110
1177,132
816,28
1083,62
1230,131
578,1668
259,110
563,60
1099,94
1871,190
491,233
1160,42
3,85
1082,109
610,1668
589,107
497,83
1662,96
188,190
1739,31
1813,98
710,95
180,96
1229,91
1085,97
1158,89
242,233
851,87
730,50
1354,66
948,109
985,1693
1727,1671
1806,1668
1715,71
1826,94
1553,96
1015,87
1776,119
116,63
264,106
1523,1632
1491,20
746,37
914,111
1602,1630
991,111
22,1678
821,1670
639,1667
641,32
1382,105
27,59
1076,54
654,196
1479,91
1483,28
1985,1092
6,1785
354,1654
556,68
352,1642
1223,86
249,104
13,85
1135,1658
606,108
1362,1632
572,196
420,41
3,67
228,100
835,20
1595,70
1653,1630
218,62
882,233
535,33
593,90
1419,1656
994,1797
1186,17
1280,86
503,83
855,190
927,1639
1253,71
1402,1667
740,110
1058,87
889,154
1239,20
908,36
602,75
227,1641
1428,1641
1105,80
662,31
1694,56
1249,1630
1056,1660
135,1807
1270,1679
1588,1660
564,50
874,96
72,58
400,1675
900,28
796,93
1960,138
1825,138
209,16
1493,108
890,19
1258,29
1498,1670
1633,63
853,1672
1740,114
669,1665
1979,132
1395,77
240,1785
400,20
1398,42
1347,1092
1025,1698
1574,233
302,95
124,75
680,107
1927,109
1567,26
1859,1663
596,71
828,1807
1864,83
1000,82
747,53
1836,41
1361,79
1674,1698
1769,90
902,1641
1239,42
1279,83
1065,233
790,1678
516,1677
626,103
1484,1663
955,17
1898,1665
466,190
489,103
126,108
1563,23
1862,97
172,108
214,1673
1707,58
1620,83
1214,94
772,53
1342,19
441,98
408,106
544,60
1001,109
240,99
705,239
1865,61
1422,58
640,196
1247,35
1341,1092
263,1632
689,1673
728,39
1116,16
1433,1676
995,1641
1167,1641
211,64
1877,58
576,26
1974,26
1981,108
1947,36
153,104
447,1760
1350,101
1903,17
1316,1673
1546,132
1196,1659
1216,89
591,67
925,1675
321,37
1774,1676
102,20
1209,110
1876,1672
199,60
716,106
1913,104
310,65
827,105
793,41
1235,84
1353,33
782,69
414,35
435,90
881,190
789,29
1342,29
359,1693
587,108
1268,59
1929,71
830,1658
1539,1654
745,66
1421,1657
584,64
1561,1676
494,111
1622,39
1153,20
127,29
1107,1673
1854,154
936,66
403,29
1199,67
832,19
504,196
9,1642
814,1659
549,154
683,50
1253,28
1480,1668
565,58
134,633
265,1680
1155,71
547,1658
1084,103
435,1630
479,1665
1664,85
391,97
304,73
1128,104
994,1676
296,1671
543,99
506,108
1393,68
408,70
1305,1
458,90
1143,33
47,1680
923,60
1935,1233
1116,69
341,1679
1354,1630
363,75
1066,196
1160,1
201,1666
1599,1092
1236,1630
1119,89
1378,69
57,67
717,31
242,65
1645,1
1739,68
143,53
1692,86
164,110
1923,154
416,29
1448,58
303,1679
1176,95
719,109
1752,104
616,108
652,26
1115,82
742,1642
341,93
1087,24
442,106
1349,119
561,1668
1232,37
401,105
1748,67
1842,56
557,36
1320,1672
1175,1676
628,79
1412,79
826,54
1197,101
1148,1667
1201,98
640,190
1523,75
1913,1641
1969,101
1254,233
188,36
1343,1672
1017,68
1459,29
663,53
1843,131
423,138
1165,1663
510,26
811,101
1172,42
865,1670
1175,79
1568,233
204,138
1344,73
1037,42
375,1671
1042,1642
248,84
779,1680
1009,61
1583,35
760,239
1067,82
492,28
1602,1659
614,73
1098,1630
1922,114
368,97
1133,94
1801,90
1929,109
755,82
1195,1233
1416,56
1288,99
1951,114
6,70
1829,1676
1594,1693
1533,95
979,1668
917,1668
1588,37
498,104
1934,73
1460,1668
1459,107
389,1667
896,1665
1317,73
895,93
976,131
1274,54
353,110
1385,233
1863,50
1095,196
587,1665
929,19
216,1698
1982,638
881,1680
204,41
1289,633
1527,1671
1470,1670
872,67
247,69
1445,1680
639,41
1283,87
1340,28
1583,64
1375,1807
391,42
1619,638
183,132
435,1672
957,1233
1805,87
649,110
1644,65
1154,75
1909,35
1799,633
1586,70
1714,19
1278,1092
1221,33
1956,84
374,106
1332,36
1906,65
1710,31
115,16
134,106
1170,1092
122,98
306,93
1379,80
519,93
1571,196
890,111
1629,70
911,633
1123,87
1965,68
1823,58
1328,23
613,19
1406,1660
373,196
34,1698
953,54
936,26
828,24
1238,633
1682,99
1265,1675
1050,1663
1623,1760
1276,1639
178,638
784,109
1517,1675
311,1668
1543,73
1344,1665
76,97
1417,1807
686,132
1370,67
1736,1660
1694,94
1326,84
1899,114
541,154
1154,93
1855,41
1231,89
1983,100
1413,70
129,90
596,638
250,62
957,59
279,19
636,1668
1018,59
681,41
952,1807
940,1656
590,109
494,70
1578,96
1520,24
487,29
1506,71
717,86
878,1660
791,37
6,1673
1056,154
1734,1639
271,43
735,1654
1206,1665
137,51
214,35
569,16
382,239
1964,1
993,90
848,41
1917,63
673,50
1651,79
1192,104
676,89
288,16
698,1639
352,61
1474,132
1016,20
1404,69
317,1639
1394,1667
1191,97
720,1630
1566,119
1054,1693
1373,89
293,99
594,96
1932,66
390,93
1929,42
134,86
466,638
609,1656
1144,93
1622,24
903,1658
1132,1670
620,24
768,43
1479,1797
970,59
309,69
1948,96
1695,67
1898,93
993,1630
959,31
615,1641
1445,42
1193,1
487,96
1584,196
593,75
738,190
885,61
1736,31
689,1656
214,61
432,1657
1023,131
551,86
187,29
246,1656
528,63
230,93
172,1659
551,39
1694,43
1404,91
672,132
817,23
1866,26
270,29
514,17
951,68
1748,26
1714,86
1849,51
1596,86
217,154
1727,54
1788,32
1606,91
478,19
257,1654
1547,1675
1799,1658
347,110
1325,89
1200,1672
209,1
1188,1659
1440,1233
839,1797
611,196
1256,1679
81,79
795,29
410,53
1445,75
1055,1658
791,73
260,1677
1346,1642
361,1656
859,233
1321,70
1184,1654
1346,1693
1846,86
582,97
369,54
167,1233
958,94
1239,59
9,101
230,79
1270,1657
1347,138
1404,105
598,16
564,96
139,29
1745,99
8,58
1627,67
1719,1785
1345,1665
1977,112
949,1807
1870,1663
1393,73
175,1666
1728,84
611,20
1383,196
855,1659
397,41
1247,131
516,33
755,107
291,1668
1626,56
1294,80
1976,39
1905,71
1449,233
554,1657
168,94
188,1
121,98
748,73
1614,1672
1924,94
1285,638
1602,80
1837,65
495,1666
1199,66
389,17
1682,24
781,101
1144,1667
1568,95
999,41
1853,50
898,50
612,100
1185,132
1330,17
783,103
911,82
327,107
1674,64
208,1639
904,132
193,67
655,89
1687,60
1614,1092
257,68
1899,58
839,93
769,33
1050,82
1453,119
1754,84
472,1680
592,1665
1713,131
1059,17
1284,28
788,89
512,107
341,1663
146,1663
990,132
842,1760
1626,1670
228,61
1264,37
345,1233
512,26
433,233
677,1642
450,19
1638,33
1074,1092
1145,1658
545,70
1944,54
1711,90
793,1680
1921,1654
908,1665
1574,1672
871,97
482,1663
992,70
1551,1672
542,638
1977,35
1724,70
1344,1654
1765,132
1214,154
1130,1233
796,23
1208,79
750,1670
349,633
1490,1675
262,80
1352,132
967,1667
1725,1639
1140,35
1854,85
1640,65
209,95
585,1668
987,104
701,112
1588,80
1257,154
539,93
1830,61
1445,17
1912,154
1378,84
403,56
1308,1807
1327,29
231,86
325,29
1550,63
562,56
1115,50
12,1797
989,87
1733,1654
1309,110
1370,108
891,67
914,1698
1878,1658
156,85
527,70
270,1665
130,1666
1546,58
588,112
1366,67
1476,1671
1391,1666
680,1632
240,93
940,50
407,53
1612,190
526,53
1268,110
1237,79
1493,53
1975,107
1351,59
1690,233
1913,1658
494,26
460,1092
206,1632
1287,101
339,65
292,73
169,1666
598,1807
319,1680
1793,17
1739,99
1759,108
1814,1673
199,1660
594,1630
575,53
1736,69
214,119
719,64
1471,79
1879,66
615,51
356,1658
1294,1658
962,77
1173,1797
1688,23
1546,93
1401,138
1309,17
1237,1678
1866,68
1704,119
139,37
567,61
1342,75
243,89
510,1659
1710,28
810,1233
828,1680
1650,1679
1558,80
1022,1672
1156,154
330,84
368,239
559,69
946,138
1099,1668
751,23
1358,101
498,1797
1017,103
513,1670
1779,1667
1765,1660
1307,60
1273,1642
925,39
674,233
710,93
1503,1680
1431,87
1732,112
575,59
392,82
1132,190
311,1671
1637,1641
558,80
1209,70
1318,638
1141,41
1053,77
1556,36
797,1807
799,63
428,28
1539,36
1138,119
1019,131
146,131
496,68
1789,1630
1697,90
919,1654
1915,1657
1167,106
266,82
1517,17
286,17
711,94
1578,1659
1804,23
1552,56
320,33
1222,1668
1337,1630
397,99
219,79
916,95
809,99
1379,65
403,132
192,107
751,37
1991,79
1211,1679
929,77
1519,32
1625,59
648,1693
1917,77
264,1670
1277,1092
179,1675
486,1797
608,1659
1308,638
1880,103
1967,23
979,26
429,69
1809,1665
514,109
824,67
375,1656
927,107
1923,98
1761,1667
1390,17
536,1660
1087,83
1570,107
1164,70
1536,39
981,100
1101,1693
1174,43
843,79
384,104
1453,32
705,98
1754,111
854,1657
1832,1667
906,1675
1828,60
390,82
1336,60
290,94
113,1675
1808,64
340,50
1244,90
1979,41
452,1666
1747,53
219,93
1177,23
1069,97
1569,131
688,196
48,1673
445,1673
1116,28
1578,83
660,106
238,90
1800,1693
25,1679
1551,132
1116,1639
852,68
516,1641
735,1639
935,97
225,80
1549,1679
1240,37
563,1678
1792,1676
711,1680
720,83
1839,110
352,93
1841,1233
1239,36
545,24
1535,39
1762,105
639,1092
861,84
585,50
413,1657
1489,1678
474,1657
827,93
1012,87
1366,24
1260,1659
1405,1672
1225,98
269,154
1707,60
540,59
373,1676
1021,112
323,1797
450,1671
290,80
236,98
1804,59
580,17
1133,37
655,1675
788,70
185,239
701,89
1057,1693
1419,108
1166,61
1352,89
1153,24
1138,1654
788,53
1950,1693
1345,1092
1810,112
690,93
929,105
912,239
842,96
1023,35
1782,1632
225,98
1557,32
1583,138
476,85
187,42
1863,138
9,100
545,42
1319,66
473,119
166,50
1645,1698
116,99
373,1660
1166,1657
1232,59
1306,68
149,75
259,1671
1255,43
1019,1641
617,1785
1295,26
1134,54
860,17
1450,17
867,97
78,82
391,1785
263,196
1781,1668
124,1678
1504,36
1728,196
1566,1630
1103,196
1844,112
688,17
1282,1641
785,71
140,1658
1375,110
1602,62
1109,94
1970,1680
746,1678
13,105
1928,26
646,41
1418,94
1314,31
211,80
1099,233
858,131
140,108
1411,53
918,71
1381,85
1753,84
1290,20
500,50
1533,1668
1463,1785
1054,84
524,89
321,132
1924,1658
1893,91
257,42
1644,105
354,196
1296,17
598,35
1244,1675
435,61
860,112
1295,104
604,77
644,94
1090,58
1514,100
1497,36
1204,54
967,1676
145,1
1619,1679
1767,83
685,1671
1905,112
584,112
1924,190
348,1797
1827,23
1576,1675
1042,91
1561,103
346,62
457,17
1401,1672
1075,33
838,73
913,1672
1618,35
842,132
1963,638
1162,77
991,1679
1867,154
1742,64
547,1693
365,20
1475,1659
426,1660
187,54
1180,1797
300,239
1829,42
270,1797
1022,20
1087,26
1168,58
48,239
1724,71
401,111
1748,77
571,29
1585,1679
722,99
1899,43
1346,51
746,109
1026,43
344,79
273,53
1395,1676
284,1671
1311,94
1794,36
1762,1658
1395,233
143,1666
1986,114
296,97
1201,96
281,633
1594,1673
859,36
1655,154
1049,20
366,84
1159,43
559,17
543,1660
1573,1641
727,101
1044,1667
1013,62
1721,1659
1314,35
1974,71
1246,68
271,112
515,100
1840,103
5,36
1458,108
874,1233
851,1680
1755,1656
1890,107
180,62
52,65
1711,107
558,53
412,89
1705,70
452,32
517,42
827,20
645,101
1570,50
1974,1658
635,89
156,86
1613,112
535,1760
1107,77
1037,1630
1164,60
378,85
1804,108
169,86
333,69
947,99
1248,100
1925,86
587,56
933,28
1234,75
556,99
498,23
484,70
1905,28
765,51
1281,26
289,80
401,638
917,1666
532,1760
1452,37
1588,39
758,82
1530,43
1460,1670
1918,112
1496,119
370,93
924,1760
379,233
181,83
1682,111
318,84
1975,1660
1702,106
582,31
231,71
653,111
1819,138
1554,1673
900,1698
637,1679
415,29
1708,20
1467,1678
1216,20
372,94
652,56
1333,105
509,67
1309,16
191,1675
1866,69
749,35
254,233
917,29
518,638
1513,1668
502,93
1225,36
175,105
1408,638
604,39
1216,1693
1161,154
1197,54
1183,103
122,96
586,633
1177,58
1640,190
1911,99
371,1667
1237,80
319,53
1851,54
1190,110
1444,1760
915,1660
791,17
1699,106
670,104
157,43
1519,29
1006,64
1855,1785
1471,1760
1367,89
1611,77
144,1675
718,633
1829,111
1478,87
859,1675
602,68
911,100
1089,638
1158,239
1525,24
996,1632
398,1693
1424,31
217,19
199,103
1783,1641
1414,638
793,64
998,59
1866,119
798,633
1559,56
786,33
1621,1657
665,62
1697,89
1643,1797
668,29
1315,84
1831,50
530,26
1048,633
1446,20
550,89
256,69
789,101
371,1760
995,1680
1861,65
444,108
1646,23
1133,64
269,87
1958,1639
1217,109
1526,1807
1827,94
815,60
1629,86
161,73
1395,64
832,60
171,112
1645,54
1939,1663
1262,638
1780,85
857,1797
440,111
1146,31
460,82
1070,1665
834,1785
912,19
1304,95
1401,75
599,1642
1718,54
489,233
384,1233
166,23
1434,43
422,109
630,1670
1459,1642
1394,109
187,239
742,95
1919,111
1849,39
304,1
743,1092
323,1673
729,1678
364,43
404,100
557,106
390,83
1721,93
587,69
1578,1642
256,83
1754,31
134,84
785,90
1004,106
1247,62
627,75
1552,70
1456,107
526,1663
544,1807
1777,103
1045,23
606,93
57,26
1820,53
571,1680
1031,36
1715,1667
353,41
1991,60
202,1672
1051,97
1505,1667
1198,1630
889,56
797,95
619,99
892,67
1741,1660
1708,95
1782,1670
1530,1639
702,196
449,98
1061,233
1019,64
659,19
202,1642
1584,36
1257,1654
630,1680
1624,1679
341,37
749,104
1852,91
292,1663
1188,1671
1738,94
1831,65
303,89
431,20
732,87
383,1807
1569,1670
374,70
1166,1678
1922,56
1096,1660
179,84
162,36
1982,70
165,41
1132,1639
786,1659
398,1807
1452,94
1555,97
724,1659
285,91
1908,119
751,56
788,54
936,87
349,62
370,101
1790,119
801,1673
1324,1675
1486,1678
329,50
736,1630
1964,80
136,1656
451,1677
1448,65
1981,105
569,50
683,86
372,103
1293,103
137,190
709,96
1461,107
1686,1660
1624,73
1108,90
830,26
649,91
395,105
785,1675
1104,119
1749,1667
1430,51
1429,638
517,84
631,90
1345,1671
1336,106
567,100
846,37
867,96
477,1630
44,39
484,1092
1021,1
826,17
1977,1660
1757,70
1298,109
1033,1666
1730,104
1398,154
168,64
849,33
1750,111
464,65
835,82
641,1641
396,112
721,111
1346,1658
1989,638
1495,95
781,99
1813,54
437,1693
1927,82
369,85
1550,33
1860,119
1736,61
756,1673
780,93
1957,97
1664,1630
1559,1671
1746,138
1856,1632
481,1654
596,1785
1364,99
616,97
1651,59
983,1673
398,1
1268,1641
1292,87
615,104
263,23
1353,71
1043,1641
255,1641
206,103
1400,1658
800,70
1443,82
378,62
1356,75
1838,41
494,1654
1271,1668
407,19
1187,89
767,1673
1362,1797
843,233
1345,111
44,1656
279,85
1721,1678
1972,60
545,1673
1119,53
883,1675
1854,56
610,71
1200,1797
1530,20
1925,1639
987,1785
289,36
1638,84
238,1
1551,233
393,70
801,65
1461,1657
761,51
946,1659
1458,1233
194,106
1155,41
1048,109
419,61
1839,19
1587,42
1950,114
1367,132
1762,28
1745,60
642,31
223,26
1491,110
599,1667
1459,1698
1810,1670
823,77
1306,89
1633,154
654,1671
789,62
387,60
1646,110
1846,1660
743,1675
1868,28
1315,26
712,37
347,90
212,62
1979,80
470,132
487,196
1524,1673
185,20
313,79
117,71
559,16
1017,73
1649,100
1884,83
546,39
603,58
1923,1657
1068,96
956,60
1199,96
719,1642
831,26
481,132
542,1233
1817,1659
1118,112
1894,1659
382,196
989,36
184,75
776,1679
1736,89
1108,1658
1694,1659
1204,1657
604,1693
1448,43
381,1632
865,111
1470,1642
137,196
288,104
877,106
1876,26
1326,63
8,119
1577,131
1249,50
1067,87
1450,85
864,16
1527,65
1771,85
1356,111
954,1
352,633
885,1665
1266,1680
1858,24
578,1678
973,1760
1972,16
580,106
249,80
181,33
1866,1678
980,73
410,107
745,1092
470,1
328,1668
518,51
1931,80
757,1807
318,85
1314,50
586,83
1763,107
1822,138
1182,101
851,77
814,67
1468,196
311,95
187,85
779,1667
1266,61
1583,50
631,109
1627,28
978,75
892,1233
1107,90
1902,1
1534,63
1228,80
862,1092
220,1671
402,1672
458,28
1697,63
1526,1667
444,95
1812,1676
1514,75
1389,1807
1911,98
1291,1
1042,31
752,71
954,1679
1912,73
1783,36
1891,1698
187,1678
800,1785
541,1663
747,1760
1193,42
1304,35
2,131
1753,98
1571,39
818,33
1686,638
339,62
1265,1672
180,108
1245,1660
1115,16
1465,65
1517,1672
1522,50
1856,132
1965,1630
405,24
407,638
392,35
1081,17
548,104
1232,99
1748,1
203,99
1255,19
504,1656
446,1663
981,80
1423,105
1026,111
1617,80
1046,106
737,1630
1380,138
1457,41
906,1671
47,67
266,80
654,89
1915,132
651,79
1151,1630
1248,1
1947,1665
862,111
1473,26
593,1632
1718,1678
1227,23
553,100
6,1676
1571,68
1038,29
1357,131
1213,73
535,61
1754,1667
1146,28
1442,131
1482,58
911,196
179,1677
1170,633
999,97
1614,68
256,1671
333,1233
1455,1670
649,62
1848,1654
14,104
1208,1663
1195,103
1285,233
149,53
1496,1680
1267,633
364,36
537,84
1474,1807
1956,75
1954,1233
841,1632
641,54
113,1673
343,80
1772,633
775,71
601,1676
1972,75
229,89
1282,1667
1069,95
308,1668
1536,1698
1405,1233
1241,112
1028,50
1908,98
610,1
1402,37
707,51
1405,56
393,63
1883,1630
268,23
1763,36
1142,35
885,58
1054,239
1199,24
908,71
1427,1233
1907,91
658,1668
1125,58
1757,1679
1226,41
294,75
116,31
690,1668
817,20
959,1233
1774,1670
1869,60
1489,1676
554,87
1492,1679
1707,62
307,29
625,42
914,79
435,80
165,71
1892,114
314,233
764,1807
1192,1660
621,190
994,80
1254,68
928,1658
377,82
696,1670
863,1658
0,39
1288,62
1622,41
631,1632
295,80
1476,85
1170,190
322,1658
1800,89
1395,95
610,19
1328,36
1755,633
174,56
1516,83
1978,98
1763,82
1286,109
650,131
1206,1632
1041,68
566,1657
1319,239
402,56
847,64
1905,1698
469,112
1873,26
1270,1660
1195,50
1145,105
25,42
1437,17
428,97
1227,1663
531,90
1909,119
78,33
1695,1654
1627,68
1531,107
1959,61
435,94
1892,96
1123,1679
188,1092
301,1657
1781,1666
471,1807
1986,108
684,80
573,62
313,50
1217,90
1052,29
463,138
1476,91
1980,1807
1045,42
640,69
751,73
185,104
493,90
375,90
1559,1670
415,53
1396,1678
402,42
535,196
1019,111
983,1672
476,1672
455,51
1313,61
1774,1698
1283,1659
1192,196
1266,119
1285,63
478,99
1605,1676
967,1785
954,106
1418,1693
738,1659
708,61
1636,19
1640,86
920,37
632,239
1683,66
1351,80
819,67
1282,1657
1390,1678
1615,41
677,97
587,239
879,37
610,68
1363,638
1452,67
973,96
920,84
620,109
268,90
640,83
1395,59
1075,35
579,70
1169,90
265,50
1061,1672
545,91
1631,79
737,41
920,65
798,1656
1115,86
877,119
1522,108
702,98
1644,89
334,56
1973,35
870,94
1083,1233
1464,77
1603,58
81,1233
1389,109
287,1673
917,104
1076,73
465,89
1558,75
1761,61
125,239
1925,98
1552,112
1794,1673
1242,1658
501,54
942,1668
249,69
1161,1642
1159,37
1331,42
980,68
1334,53
1003,109
1102,17
1927,32
1226,1659
811,89
497,59
350,1639
975,112
1293,43
1186,103
926,1670
730,91
693,85
52,67
733,62
1782,59
1174,1658
398,1671
1236,75
595,69
656,79
1980,90
1525,1639
1985,1630
1801,1657
793,106
595,50
920,1672
527,67
1521,94
1358,1659
537,109
354,89
961,39
317,67
1476,1666
732,24
1802,1672
1528,103
246,90
1774,50
178,154
197,1678
1467,196
920,1
560,24
1014,95
890,89
584,110
877,1665
289,86
1376,154
721,43
774,63
853,1630
834,1632
1003,91
610,1679
1267,32
788,239
878,131
1861,1672
259,1797
1867,43
393,97
1131,1675
1685,32
1285,1656
1525,99
848,65
676,33
514,132
773,31
1553,105
173,89
1532,106
428,41
1539,59
263,104
1316,96
1081,119
621,86
625,19
1413,80
21,86
867,42
1255,109
1090,1675
464,1665
1653,42
863,190
1400,64
115,20
775,98
838,1670
1008,67
1122,1675
556,83
611,190
1184,70
1813,1639
1052,69
167,67
1704,1666
852,35
1405,19
124,60
1864,60
1133,1641
1245,1659
490,63
1635,69
1947,65
1431,80
629,32
1492,98
616,43
1811,1668
1774,1656
305,66
323,1663
1813,1092
1687,131
952,109
1070,131
1220,1666
1933,63
1917,154
1126,1807
260,84
1987,1233
1370,79
1081,16
345,68
753,71
988,112
1983,19
1913,69
1624,16
521,73
1325,1659
1596,61
1744,94
530,24
491,1760
10,90
395,1676
1443,1092
875,1670
936,1092
1409,62
1636,43
1379,66
920,29
994,60
795,53
1055,41
501,28
926,87
1620,1673
532,1670
832,62
1530,77
613,1
1060,638
1388,35
1444,1639
1419,1663
591,1632
797,75
1948,1632
1303,59
481,1630
1418,233
9,77
1047,54
653,1671
1648,85
1019,37
267,56
1394,107
1141,56
153,1693
1842,109
1951,1693
903,239
1383,79
746,16
139,66
1060,50
981,97
14,24
246,1
618,86
373,1671
1389,53
1336,63
1393,50
1599,70
1197,24
1903,1760
1441,1668
912,1632
533,112
990,19
6,16
11,1670
212,119
1723,33
1945,31
1896,1665
401,1760
593,62
1557,1092
1727,638
572,70
1621,77
335,24
1407,132
1614,36
572,53
1604,26
1732,87
723,67
429,1672
1239,33
1226,86
141,1642
1926,51
1987,35
849,1671
244,85
120,91
726,79
692,75
1336,239
964,1658
1963,58
1815,67
625,1676
1949,99
421,91
1737,1639
125,1233
1966,68
186,61
1880,1797
721,1630
907,119
1208,24
38,1659
1710,73
347,98
1396,111
583,1
0,56
1602,43
1523,100
1106,68
403,1657
468,239
1924,84
990,1656
1358,86
1109,58
1553,1670
1108,633
1752,1671
374,1659
1149,83
1759,16
1978,99
434,1668
1964,82
1432,67
1359,1670
716,1668
1765,1679
1550,85
596,82
249,1667
565,51
420,1660
1876,131
204,109
1165,90
1441,100
743,50
230,67
1577,42
1034,1665
881,87
1451,79
1587,65
773,87
1613,87
655,87
877,35
1599,132
1212,138
827,108
939,1654
1527,105
1255,36
135,101
176,26
1423,82
209,1657
418,59
401,17
1936,101
1828,83
1296,196
472,1670
1435,1675
1537,1675
896,65
113,1797
437,111
1271,138
1750,109
687,53
1222,1632
159,1676
487,51
560,1657
1571,17
204,1641
1169,111
616,1657
694,1666
1831,1807
1604,239
1643,1667
318,28
1393,1676
823,1639
1732,75
794,79
388,106
908,1679
1969,1797
270,82
220,35
1326,33
1384,104
1164,132
696,42
592,1639
165,233
1292,32
1172,638
1299,110
1245,64
1764,90
628,70
1395,1667
1352,154
744,1807
485,99
729,87
1815,1657
162,70
1342,131
1146,1654
1315,1675
1721,1676
1817,97
788,101
280,1632
1864,132
1773,54
1811,233
268,91
1548,1658
606,41
577,1679
1495,111
1964,54
776,1667
350,1658
946,1657
1367,17
1132,96
1002,1657
180,43
551,100
1184,1797
372,69
563,1642
962,101
445,1807
160,23
1745,50
1430,98
773,75
277,54
1644,90
351,83
1970,111
139,61
431,75
1138,93
1235,119
225,1632
170,1693
630,1663
172,67
1721,42
217,196
165,108
6,190
725,36
997,1807
1137,108
1207,26
178,233
896,190
880,19
219,105
451,29
1023,1663
1709,1632
1733,62
829,70
1867,1092
505,50
1280,1656
573,65
1644,1668
1587,1667
1482,131
1318,1679
1689,41
1709,86
808,110
1398,23
353,87
204,1677
1756,23
1165,1658
1280,1670
1799,101
1270,93
1219,103
1492,79
1529,85
703,94
276,1807
1478,110
750,31
1566,131
1790,1673
558,56
1042,1639
321,101
159,23
1943,65
1067,56
273,1680
867,1092
1326,61
1016,94
1902,138
1566,1673
537,108
1070,70
297,29
796,97
746,90
1046,63
475,96
757,1658
1550,1663
1794,53
641,79
1978,1698
376,1760
1975,103
1834,31
747,1639
752,75
572,1092
1934,82
598,1680
486,1666
453,53
1696,67
1550,98
1988,1
1253,1672
343,1680
1228,1678
1590,100
123,94
534,64
1691,1693
938,95
854,91
1903,84
783,85
588,19
1583,60
1087,59
1437,1676
941,83
1494,43
1812,132
1316,97
1154,68
234,233
1558,1630
952,190
175,106
1560,196
1467,100
357,1666
1812,1678
1828,107
1063,1678
1669,63
0,79
511,19
259,84
151,66
6,53
1261,1659
1059,63
1533,108
832,33
1592,51
1722,71
1499,66
1172,100
214,42
932,43
1769,96
1128,1666
868,51
999,1665
1025,1658
1518,77
1706,1785
186,196
1145,65
538,17
1644,29
1384,17
726,32
1816,94
793,69
1702,1760
1168,23
910,90
286,138
1070,98
1606,112
833,95
672,91
601,43
1101,1656
1778,1807
225,1807
407,85
320,37
175,233
14,1667
667,65
1311,1092
910,633
380,54
1461,1693
1784,36
457,93
771,63
1331,23
640,28
845,1665
1067,1675
1989,1680
1070,1668
959,101
1907,79
1446,633
1819,107
555,24
194,1668
1833,91
1335,1663
455,91
1397,60
1323,31
422,96
1553,84
591,1665
1224,1630
1019,36
1501,110
1302,97
1430,42
1359,112
2,1678
206,60
1531,65
1935,1657
964,1668
967,77
1728,77
1606,98
297,107
1372,108
1305,93
347,23
1509,1797
1553,1641
1854,17
454,66
1787,94
371,1632
474,1
228,16
512,37
1889,1673
164,66
355,1785
1685,85
785,1660
433,39
821,86
1300,53
596,1760
369,63
1437,108
10,1665
1338,1671
1192,91
810,104
921,107
1016,39
1648,68
1647,20
1390,39
1674,56
850,82
888,97
1188,1666
598,138
1596,83
215,196
1731,1666
734,1760
496,100
1916,106
408,112
526,70
488,190
348,1678
236,94
661,75
933,64
867,196
1844,110
1923,633
1207,80
1079,101
1984,633
1841,62
461,1658
1987,638
498,90
938,1807
1901,28
263,1630
272,51
129,1630
630,84
1203,60
980,131
179,1658
676,132
240,1660
744,60
249,1666
504,43
12,60
1742,104
720,69
439,95
1512,33
854,16
1226,89
787,89
1430,71
1284,633
1397,16
955,37
1249,1660
277,17
813,63
1573,61
998,69
391,105
395,106
1852,100
1542,82
1909,1665
578,65
561,63
1345,1668
1555,1679
689,66
1026,67
675,51
592,1785
1988,1675
1824,1660
891,1665
1575,111
471,61
550,106
1090,87
687,71
501,80
943,41
1834,54
1033,1671
1379,111
792,19
552,1678
1180,68
1080,1660
1927,62
1433,1632
1107,633
150,70
1934,20
1508,1698
232,79
1122,70
1162,71
704,83
301,59
1355,1658
720,1807
308,19
862,1630
737,29
479,42
723,94
1957,1667
248,62
338,64
1688,50
622,62
146,37
454,1642
898,190
224,39
1454,91
1238,132
759,99
1755,106
304,79
1725,1678
163,132
1235,104
631,37
578,83
1610,36
1171,58
342,1658
1467,77
1218,99
362,1641
1412,71
478,131
1695,1668
427,41
926,29
1190,84
1409,101
982,1673
1965,104
1841,90
630,1
797,1670
1223,20
286,1807
1122,233
1948,1675
1395,61
292,82
1948,87
228,58
892,1
1550,54
1240,19
582,70
305,42
1930,114
625,1663
555,96
1681,86
372,70
652,16
1761,1630
1212,56
1195,16
716,53
459,36
1343,104
675,94
1427,69
250,1663
1043,1656
1821,109
1070,53
142,1654
1481,154
985,93
1653,84
1157,101
606,1667
1399,54
957,31
828,1673
1593,103
469,1663
324,1676
986,1675
451,28
772,1656
1609,103
249,75
1207,138
917,1660
1619,58
436,1665
973,16
792,111
1352,103
892,1676
1984,1660
1179,96
663,51
818,56
1391,63
1944,154
1799,100
147,66
1142,105
1848,1760
1614,29
1584,16
184,61
642,1673
773,43
1587,61
405,1
351,51
1470,1641
1920,50
391,50
1577,119
358,35
783,70
1084,1
345,110
18,60
810,32
1623,70
793,104
1990,101
1511,66
804,1660
1281,1657
472,103
865,1658
1936,33
1774,65
1251,132
1528,105
757,1657
1440,53
943,98
176,132
1579,66
1767,1671
772,154
323,196
1301,83
1545,71
1894,114
1331,58
660,60
518,54
353,96
1919,1642
2,63
975,64
616,63
1900,51
1611,32
730,43
1851,1675
783,39
1340,26
905,109
1775,24
432,95
1762,63
1588,1639
1292,100
1544,1659
1067,70
425,65
1720,1670
1406,233
1410,1630
429,633
415,1680
1906,1233
251,633
915,1698
1485,1660
937,62
873,70
1939,107
472,1663
272,1663
926,107
1101,1233
1247,87
313,104
3,90
1881,41
921,1641
360,77
965,1680
1554,16
1422,1658
1169,54
1809,1785
1448,1233
1263,36
1229,84
1010,138
1253,94
1625,93
1897,58
376,60
1597,31
398,77
471,1667
558,1665
1220,1676
410,1639
230,58
657,1668
1597,112
1943,100
1142,1785
670,1666
985,26
1124,35
1235,32
480,1630
283,61
145,60
1818,97
1710,51
226,33
1422,33
1298,19
1761,105
731,190
1854,100
1582,105
330,67
1787,67
1401,1642
1827,66
815,56
1689,101
553,105
1695,91
741,90
1834,131
487,104
1117,1797
1946,633
1736,23
1273,1663
1776,190
1973,1660
1263,42
15,60
932,90
1340,79
1897,36
1116,1676
500,68
1762,80
311,1680
1067,132
844,59
402,98
1330,196
410,1641
264,31
1542,119
567,239
1603,103
884,17
928,85
1154,41
972,1658
1529,1639
1569,1672
253,1667
1890,1656
1707,82
1309,1660
1254,73
1552,43
1308,63
1777,138
1726,93
1158,1667
365,1670
8,1693
1415,112
1951,66
252,24
1023,1671
594,633
646,70
1469,93
208,94
481,80
442,1632
1459,91
600,26
1595,109
1356,1797
1796,58
214,196
470,50
272,85
1023,56
593,77
446,59
1193,1760
1045,1679
414,1679
639,104
1117,1672
213,1632
1598,1680
603,1797
1155,80
473,104
556,1807
1333,91
421,89
1662,1642
850,83
1109,1642
334,64
1909,19
843,112
537,43
1643,75
791,1642
1646,68
330,20
1416,103
259,16
1036,138
795,98
523,89
1183,53
1976,31
696,1673
340,77
548,1642
1724,1233
842,1639
1130,1680
1126,1
1858,95
1496,132
1649,66
1259,1632
1718,1641
430,58
751,68
970,87
1877,82
1553,1668
1167,1654
1702,39
599,112
641,1676
1618,56
842,109
683,61
1606,1667
318,16
446,37
892,109
1769,77
1931,1092
1054,111
974,1663
1979,1676
241,1666
1088,107
925,1668
435,50
1141,26
827,110
1825,77
1109,1660
371,90
561,62
1114,60
1242,233
264,138
985,64
621,28
1103,82
791,1656
1167,91
1332,26
1227,196
840,66
1619,1668
1236,638
332,1656
1014,100
1539,1663
501,95
427,58
1244,59
1180,69
539,119
613,196
1423,633
946,79
140,154
447,132
1709,112
1433,1639
1342,1693
1770,110
1149,99
1331,64
615,1675
1280,104
1631,53
140,105
1544,79
922,23
890,1667
1044,96
1596,1679
1783,1807
1588,1807
1791,1660
1098,63
49,50
220,61
1731,119
1772,1671
521,54
193,69
817,53
14,85
195,1693
1063,106
1859,1807
1902,95
416,1785
1653,65
1021,190
989,1642
1218,96
1399,35
280,24
668,65
986,1670
1814,42
907,1672
1187,42
691,17
341,1672
1190,85
1911,53
681,107
1530,16
1513,56
1223,23
1317,94
793,1656
1571,1
612,1668
321,1233
613,71
1240,101
261,50
177,1657
1122,89
1820,154
787,1642
918,106
1240,20
814,43
1042,1760
1961,84
586,138
1640,1675
76,70
1736,190
686,97
525,1671
743,80
338,51
1205,37
1563,41
1005,63
336,1670
1012,23
294,100
1114,97
1097,239
1464,80
985,51
1450,111
1178,104
751,1670
924,90
228,1663
1225,51
732,1785
1580,1667
1214,111
404,24
833,16
1700,36
1019,1785
1001,60
819,37
1258,1785
772,1657
1565,24
1986,79
920,54
777,1797
1729,1677
1469,20
1287,109
1220,16
319,109
1767,1654
497,1797
204,1679
987,1656
433,29
1763,97
308,65
1201,1656
22,41
1226,29
130,1658
681,1658
754,96
381,1660
1637,1663
1691,1665
1471,71
351,50
1177,1693
1661,29
1074,89
1920,51
173,100
230,31
1461,93
1705,73
159,17
988,111
533,1642
443,1630
1326,67
832,1641
829,1657
304,108
361,109
1856,90
1983,73
864,20
665,37
1613,1680
654,65
1872,58
1252,1656
1339,37
369,1807
1593,112
1811,41
819,51
379,1656
326,33
681,54
295,132
1326,1676
521,1693
1153,42
13,41
1301,82
680,1668
1965,75
206,1642
464,31
1321,119
328,1672
1275,1668
1310,19
599,56
949,1677
627,1673
365,98
1006,42
1251,1785
989,50
1051,59
1608,54
1492,95
147,83
636,35
486,20
415,24
555,79
76,106
153,41
1037,85
962,71
1532,101
1445,1642
1816,82
1815,42
1302,91
1141,33
1322,1677
692,19
323,1680
253,89
365,1663
182,95
572,1657
991,97
115,104
1457,51
1628,638
687,1666
1591,1642
1835,1672
1299,154
1838,91
1362,112
1915,138
1861,90
577,70
1307,1675
816,20
1865,31
1655,196
205,56
1351,39
1301,1672
1458,1668
1871,1642
1064,1673
285,1676
1135,1660
832,35
1827,36
1038,23
1102,112
453,37
1212,1642
1789,138
728,1785
743,132
379,107
1635,70
862,1668
1162,28
1128,1668
1809,101
963,1657
376,61
429,77
656,31
725,1658
1081,1656
1109,638
1752,89
854,107
1560,54
655,110
1064,59
452,1
1731,79
1363,105
334,101
1038,1785
1539,42
621,69
1249,82
1050,101
1182,638
1906,106
125,17
1946,91
524,633
1076,62
584,62
1779,1657
677,85
1933,1642
316,19
11,1677
616,633
390,132
192,97
1655,75
1341,31
1309,1675
546,1677
410,75
268,29
1144,1632
1585,100
241,239
389,69
1408,19
1796,196
15,63
1855,1659
1604,23
1075,1785
666,43
1623,1679
1431,99
720,91
1937,26
318,196
1829,28
251,35
455,85
1471,105
692,64
1064,41
395,64
1563,17
126,106
292,1654
756,37
794,1680
1328,1656
685,31
1610,28
1126,1679
1935,1659
1977,93
1299,73
1191,239
1586,101
1697,110
243,59
672,107
1979,1092
1818,112
950,60
1640,112
483,633
779,132
873,33
1390,638
1137,42
655,1667
947,80
1004,103
48,1679
1578,1673
628,1680
1073,233
919,1233
687,131
136,1760
1293,1658
272,86
436,71
975,132
212,1668
1152,119
1834,1663
1336,638
1601,54
365,56
327,1665
1240,1670
719,131
1789,31
483,53
1350,99
466,39
1833,75
1281,1670
1984,41
128,1630
897,1693
938,35
1751,71
1879,114
1739,1671
1311,1672
692,86
657,1639
1617,39
1963,63
328,43
625,1665
1437,1632
884,96
7,37
445,66
1902,64
1724,26
1088,1666
1347,1679
1289,109
242,1654
632,104
1549,97
27,110
1788,63
155,85
1745,1632
510,1675
1773,190
815,110
1133,31
1083,96
1140,119
1069,77
1073,138
121,89
1847,98
1602,89
1695,62
406,32
1096,68
1078,84
1759,29
590,1630
1584,233
716,1671
700,28
493,100
1554,103
538,1663
122,638
183,39
733,1680
520,633
900,1639
1537,86
392,98
709,107
1195,54
1859,95
1627,43
301,233
961,1760
527,101
536,1630
757,1760
371,93
1188,110
1517,80
139,99
1892,108
273,67
614,58
1865,70
374,85
530,109
1941,1679
1066,75
551,1665
590,51
846,89
1885,1760
1737,28
1690,138
461,1642
295,66
370,1
677,1680
400,104
970,70
1196,70
1144,239
1237,132
228,54
1280,105
1544,112
1763,68
1412,638
308,110
1857,31
164,96
1213,1233
1803,71
1418,43
298,68
1509,106
1425,1639
1683,1671
504,59
785,1630
1048,100
15,97
1234,1671
184,35
1303,110
113,67
438,1092
1923,37
1816,105
971,196
773,70
1276,73
598,37
431,70
1815,96
310,43
371,43
260,190
1221,67
1477,233
1633,131
1431,1654
499,1659
1804,70
1606,190
1238,1680
1260,638
729,84
531,1654
534,1663
293,131
566,58
880,119
420,26
1750,114
919,32
1260,138
963,26
1888,29
1321,26
1984,1632
1662,67
1791,1807
231,89
1374,17
436,41
204,61
1825,1693
761,54
851,1672
1371,87
972,58
555,98
1108,20
595,1233
1442,1642
1886,31
412,65
750,131
163,39
1505,32
719,26
1752,31
1243,1658
597,1632
1249,1807
907,53
1225,50
1410,1656
537,16
871,1659
943,94
1207,23
822,51
1375,59
821,638
1953,1671
1287,1675
480,638
1207,132
930,80
177,1672
805,42
1912,50
878,1630
738,31
386,104
188,60
1576,1663
45,1659
834,1642
1975,131
1502,69
631,633
1628,37
1368,41
672,1654
1477,1673
45,1676
767,105
1564,119
1085,84
1430,1679
1179,19
1714,1680
1370,196
952,85
398,1675
1661,28
619,1675
1649,1660
1259,94
1597,106
509,75
753,95
830,37
598,65
496,95
1515,1660
1539,94
1191,1657
378,95
838,1657
1781,31
347,62
1086,69
1507,16
537,1663
437,33
1288,107
899,138
532,1663
1552,98
1207,154
1461,1670
1876,1807
437,82
481,56
800,1760
1796,82
487,70
532,1
1272,1658
1068,83
165,1656
1628,59
1612,1680
1078,28
503,70
639,64
1544,26
881,1672
1621,20
1201,1641
22,56
565,104
548,16
1580,69
1027,53
1006,154
1056,1641
449,63
1444,42
1980,100
1067,43
1141,32
277,87
981,73
1019,138
1373,77
567,58
860,32
1249,71
292,1698
496,77
868,1665
607,16
1019,1668
1019,638
1976,119
1426,104
693,1639
513,107
1401,1630
1955,109
781,196
377,24
734,60
536,35
152,1666
849,108
1277,100
121,35
855,50
1299,638
426,70
1611,67
690,17
450,64
506,1630
1034,64
1402,1670
784,101
1780,1785
1357,1092
591,96
1220,1678
1806,1677
1495,1678
528,90
1298,1672
1511,96
852,633
941,66
176,68
1005,1657
1117,41
238,1670
974,58
1531,37
1591,1659
543,35
1887,1642
1395,1660
614,1672
1550,1630
152,28
1704,138
1962,56
1945,96
494,1698
1130,86
11,1676
484,96
1170,87
1135,1677
1837,99
806,1675
1151,1233
1496,89
339,98
999,190
1189,90
998,633
640,31
1445,32
781,71
130,1807
1754,1676
1112,105
1240,94
1735,67
1682,77
750,89
1981,95
612,90
1971,89
905,62
1830,1656
392,71
1959,1672
1447,98
626,106
455,84
348,50
1553,73
1625,1092
1607,154
45,110
1775,62
317,1663
1262,103
531,69
1198,53
874,105
752,1233
1781,84
455,1760
608,85
1789,1641
1217,1659
304,1698
253,1665
450,1676
1339,94
1801,31
1007,196
1033,101
516,53
995,1668
923,93
1633,54
1318,70
269,67
1747,58
1069,90
849,63
1166,58
617,43
1975,90
1480,103
1602,68
791,51
1970,1654
1508,1673
1556,1667
232,86
275,66
1735,1797
349,87
859,1660
1805,131
574,1667
1842,1679
1904,66
361,1680
1549,1642
1354,1092
1209,1233
521,105
1880,154
631,66
978,26
299,1665
15,1671
415,633
364,23
1771,16
1403,26
822,90
435,196
1158,1760
1397,1666
1375,1676
387,105
134,56
1935,82
1018,103
1923,1668
1429,83
1750,87
1405,84
624,65
899,83
1877,80
1988,53
1475,154
767,70
1354,1797
683,63
1554,100
1739,32
619,87
1105,26
1453,1632
479,33
1350,82
1019,84
1886,32
1563,79
1587,69
1750,1673
1331,1667
1543,1660
527,100
1815,109
952,138
1984,87
900,106
1114,58
374,59
874,77
1831,109
214,1680
1768,19
1885,26
1208,42
250,108
1747,105
1080,1680
1062,20
1724,1807
837,633
1006,1678
283,1693
1973,1678
727,94
929,131
970,71
1864,233
907,1658
1519,83
801,1693
201,19
406,1630
918,94
1406,1807
1132,110
1152,84
1396,1675
113,66
1456,1632
1183,633
528,19
118,1665
161,1630
1563,93
787,104
1292,77
1280,1233
1501,65
1255,86
408,32
1884,1670
1703,84
125,103
1157,112
1768,1
628,66
1804,71
129,154
1093,24
1204,61
357,84
299,1658
1272,85
1476,39
1096,131
856,82
1817,101
1722,1092
448,196
1458,1663
289,62
1766,19
453,1673
977,233
1810,79
46,36
1388,103
1519,97
330,1679
510,17
1253,53
22,29
1608,28
1971,96
1058,37
1150,1671
214,99
1944,62
418,1660
187,79
1792,114
337,1666
1410,99
455,28
1971,1642
810,61
813,32
924,37
428,66
1098,190
213,26
1930,1639
368,29
1128,95
425,106
216,97
553,1676
957,28
354,51
1616,67
1925,109
1582,70
1362,29
1605,111
424,61
1609,100
886,29
1594,1680
1042,53
1533,53
397,1659
838,35
1685,1668
1746,70
453,79
1626,1680
1509,60
761,86
204,1673
1322,1639
1050,1632
1968,35
1844,638
669,86
193,1797
376,35
1210,1668
952,86
1467,1673
236,1673
1333,96
13,1785
413,1673
14,132
1644,68
925,1656
1930,1641
236,131
182,67
699,87
370,1657
1204,98
819,132
183,1667
458,20
1201,58
468,77
256,239
1806,1092
866,104
580,80
1594,1698
637,1
791,24
295,23
430,112
162,1660
487,65
878,132
1102,100
757,99
1625,39
406,233
1103,1658
1801,1676
1431,89
576,91
1035,1092
725,1654
416,50
569,108
1101,101
1486,1659
666,68
1404,58
173,84
1352,1659
1370,70
1019,28
1795,59
1560,42
1980,101
1706,1666
1926,233
1269,26
888,1233
1804,1639
1511,109
1724,98
1063,62
1748,104
665,53
243,33
1770,1654
725,83
48,17
1572,1642
357,233
1021,82
1653,53
529,1660
678,107
1486,132
1432,1659
577,68
461,59
1366,196
1150,17
1700,90
1372,59
160,1668
1376,62
1284,1675
813,1675
1878,99
906,107
1629,93
1153,58
1655,119
272,1665
185,58
22,233
1288,233
1499,41
453,35
1007,1676
1068,66
1568,32
832,84
1475,64
1974,58
1407,239
1118,86
586,79
552,51
1917,36
1192,99
163,99
1691,91
554,1092
1711,20
1880,16
524,24
561,1656
771,1639
1876,68
385,94
578,103
1990,68
742,1672
1831,90
914,101
1586,1797
1249,80
1325,1671
250,71
784,633
839,29
1569,24
367,86
333,98
981,1632
1279,1673
452,1668
269,80
533,105
1605,53
1308,91
529,100
161,66
1210,79
553,110
1695,68
1097,1641
263,1671
603,106
124,79
1763,60
825,20
329,31
935,107
1568,62
908,79
1136,80
1189,42
504,19
821,64
551,91
571,1657
884,1760
1218,1642
281,77
1286,1807
516,1665
1982,1656
1016,29
1242,97
1848,1660
1063,77
1302,101
685,29
1738,87
844,1666
1214,90
594,89
1424,1672
1829,1639
1687,1673
950,50
271,1639
475,94
1305,33
1110,138
1747,61
1801,111
1251,32
1401,1657
1494,1668
484,23
1740,100
285,66
1888,101
1780,51
768,36
1267,96
1655,91
863,1667
1759,41
582,1665
1124,1678
1803,93
1302,1678
1549,1671
1822,1663
895,1667
451,1668
1288,1679
291,69
352,85
1202,89
1155,85
787,79
146,61
1269,95
1108,83
1970,82
1087,73
793,37
742,64
1188,1678
561,1
567,111
1529,1654
8,132
155,87
1907,1693
1263,1785
1069,58
502,1641
1700,108
691,54
1633,71
1669,1
590,86
1398,131
1303,633
441,93
1715,1641
403,1660
1827,99
1332,1667
1824,69
704,42
1455,41
1887,106
1840,69
1108,131
1606,1670
115,1680
1770,138
1864,75
1554,101
318,23
261,108
1685,99
1520,1665
251,80
1890,77
420,1657
1401,104
1054,82
1957,1693
484,1632
582,233
747,1092
642,50
327,108
1953,132
980,1642
264,62
391,101
1741,29
731,1630
1546,29
297,58
1134,62
1543,1676
971,54
495,70
1275,100
262,109
118,61
779,85
434,84
883,41
886,54
1778,196
413,96
1089,105
1129,1092
556,16
245,39
532,89
1031,1
990,131
1149,96
690,71
706,1760
393,93
1813,63
1193,100
589,41
1740,1666
501,633
1557,58
251,110
305,60
1392,196
719,97
376,119
982,107
1834,1760
288,67
1508,39
978,108
428,77
1560,112
1191,50
931,62
588,69
958,1663
1771,110
1703,87
913,1092
527,154
675,37
1896,87
847,633
222,1666
1848,154
584,233
1969,16
1223,131
765,39
1338,65
1469,31
1343,1676
302,32
1888,31
1449,83
1824,97
1364,154
330,1676
1250,1
146,1671
535,99
5,58
922,100
1736,82
744,28
1873,239
1175,51
422,93
1694,1667
1900,90
1313,80
1027,104
1637,239
1571,1639
1828,1760
564,77
1741,1
267,71
1081,93
217,94
934,75
793,19
1127,56
1356,112
307,77
280,105
816,107
1039,77
483,1676
357,69
465,83
1246,1667
1915,80
1254,20
684,50
745,36
1533,67
714,131
1948,50
721,51
1933,1698
1456,42
1790,53
218,95
1327,36
1664,1666
147,70
1527,1675
1714,1678
1629,1675
1172,60
1283,83
1047,26
534,75
1471,64
338,32
982,119
1651,28
1563,56
509,73
774,1667
462,65
250,1677
1842,32
1036,111
1134,1680
1389,89
789,73
923,1673
1579,70
513,31
197,1672
326,36
1328,132
1951,100
1261,1668
1166,82
688,35
768,1233
358,1785
450,1654
129,1641
1730,89
956,90
613,23
1934,87
1385,70
1887,29
1432,17
1031,91
1377,1680
996,112
1425,1698
1168,1659
1502,196
754,62
365,95
247,95
1629,1693
802,1672
1391,190
681,1641
1504,1676
1273,109
1732,154
1152,1642
945,58
246,1675
1044,132
1782,190
536,1641
771,1656
316,1233
149,26
631,106
1544,1663
1816,196
1534,1675
485,1678
253,86
1178,75
1238,33
586,1672
897,89
1250,1641
1636,35
168,112
847,1658
1038,107
657,60
1135,1657
1247,83
168,31
738,33
835,19
1388,43
1459,67
1374,82
1304,42
1638,101
700,101
130,71
147,98
571,1642
9,69
1337,23
841,26
459,101
849,1693
619,1641
392,42
213,94
1208,1656
1798,23
969,190
1270,1672
1970,62
1596,68
1617,73
234,196
271,633
608,89
1709,633
772,68
777,1654
1643,99
542,1642
1043,67
821,1675
527,1092
1488,1656
347,28
1124,190
454,58
601,1675
10,68
1441,1676
198,63
1564,1672
1007,33
1217,1673
1740,119
713,1670
1784,41
1638,132
532,1676
738,51
847,1785
1682,56
1330,1659
1830,64
1689,26
1371,1671
808,61
1505,1673
311,154
226,1698
593,87
1358,239
1186,36
1907,82
1229,66
1411,99
454,1670
882,111
1809,84
139,154
1428,1660
1944,119
1105,77
1711,37
405,51
1648,75
561,1641
1051,1676
38,85
1053,86
378,16
604,108
72,37
964,1665
717,1675
1080,91
13,154
947,36
858,1673
113,1666
1747,79
1914,638
1609,82
511,50
494,94
305,1667
273,633
254,638
258,101
1099,196
1473,1807
669,108
1495,32
986,16
1584,77
989,101
1142,85
170,37
723,73
1202,86
1387,94
1725,106
1873,33
782,1656
1766,1630
1512,71
1901,1641
945,80
163,239
2,1693
4,51
44,154
1832,31
1560,132
1463,35
1728,80
273,86
78,73
1477,131
1043,95
1190,1092
1929,66
776,138
448,1233
1191,1680
748,62
1952,28
1555,105
356,73
1352,66
487,59
420,1668
1107,1668
717,112
40,20
1513,1797
140,119
1887,85
1028,190
312,94
493,97
297,1678
1988,70
744,33
1000,75
619,73
1540,17
835,138
113,86
1843,64
558,20
708,1665
301,85
585,90
1542,196
126,58
1926,39
842,1233
117,1665
1292,89
191,1658
1242,66
317,1665
1637,91
1050,39
682,29
617,1760
411,33
1703,1676
1643,61
1825,50
1528,68
124,1671
684,79
266,1668
687,66
1387,1672
1740,58
964,239
1634,1675
434,36
981,1670
1955,39
1042,94
946,75
1425,110
488,79
199,1807
721,103
353,77
193,1678
470,82
878,79
312,108
443,60
1458,65
1136,107
858,59
1713,1639
1856,1656
1273,70
557,1797
1776,91
230,119
1337,79
1121,138
1868,1693
1969,1672
887,37
799,105
1353,79
1306,95
297,43
478,106
442,1092
1332,69
1703,86
769,63
1457,1670
1399,63
1922,20
1579,93
684,61
1757,80
377,119
72,1657
1823,69
481,17
1385,105
171,35
135,1668
118,1092
529,35
1961,190
288,1797
1083,1668
1709,94
1068,106
1697,638
1626,1676
1327,17
959,43
1331,82
46,42
136,1677
1956,1639
1189,16
1631,39
211,105
1579,1672
935,50
1254,638
1967,97
204,56
1607,62
480,70
1614,20
604,1671
160,190
832,1760
1441,26
891,79
1705,67
234,108
947,1659
200,1672
1609,1233
1326,53
1919,94
427,1657
213,24
1778,1632
877,1
1286,1639
611,1665
1043,24
1960,190
125,119
1004,132
203,1659
1339,43
974,66
1514,95
1976,94
1298,54
1541,138
1207,16
505,75
937,86
209,85
427,26
762,37
501,63
306,63
855,1670
3,101
1841,79
167,84
1456,43
188,63
1352,108
669,1630
430,100
1133,131
344,1659
399,1
1623,1632
1402,100
579,61
1846,107
446,100
1203,109
1685,39
1078,1
515,111
383,1675
1897,65
926,1673
1448,19
1538,1658
1940,58
1173,1785
882,1698
1469,638
517,17
1180,1667
1647,75
1476,1658
732,96
1484,93
988,26
625,26
402,1663
1895,1667
1610,69
1828,28
1476,1673
1775,1677
1408,633
766,131
1764,100
1524,107
1804,101
1788,98
367,60
1115,1630
1190,26
1083,60
684,33
637,31
212,84
785,20
1945,58
1287,95
1078,96
909,107
970,107
717,56
996,1797
1742,58
415,119
308,83
884,1678
1434,1657
637,1670
1685,154
1354,68
126,1807
1839,63
1822,29
1013,1667
116,61
1401,39
1644,37
815,1639
1795,61
1461,1233
716,86
1008,1639
1893,104
521,64
1569,1654
1383,32
1704,97
1616,1693
1600,50
1450,79
971,96
1734,77
530,33
658,106
992,1654
1838,95
222,53
1364,1656
775,91
1042,132
836,91
505,103
641,83
674,1654
1287,60
829,100
1578,101
1843,1233
1576,1630
1444,1656
1250,69
1638,26
915,138
1000,98
375,106
1283,33
790,1807
1396,1630
608,1639
1111,111
376,65
1135,101
202,1663
1215,29
355,87
156,28
284,73
1826,1785
1623,97
1842,114
442,39
1460,1233
1295,58
799,33
323,1666
914,99
203,1668
1983,105
21,97
78,114
663,1672
1078,1797
1684,1760
1511,1092
1221,24
1745,1656
1021,98
1744,85
530,19
933,86
862,196
1768,91
518,1678
1113,138
279,36
321,1656
1757,103
1317,1670
365,1679
617,62
628,1678
295,53
278,87
498,131
1628,107
1591,17
1964,101
1729,114
1051,106
18,1670
808,62
557,1693
935,101
478,638
1240,33
137,56
767,60
1762,109
675,1673
1155,105
986,190
362,110
551,42
1216,73
402,95
650,1693
1826,100
1990,37
210,42
615,73
230,41
284,95
934,1
1326,109
800,37
184,1632
1142,1663
1127,67
779,43
1885,51
1043,80
1137,93
893,73
661,67
1733,111
819,97
912,1639
1958,1678
909,1675
1893,1641
202,37
1419,104
502,1676
1649,75
341,1630
1581,60
734,31
1293,138
209,1092
1649,36
1003,42
1652,119
1598,239
1023,39
895,104
1526,154
1425,1663
1722,101
1420,1663
821,80
857,1679
989,100
698,1660
1751,67
1859,1673
598,29
1779,138
1688,75
1745,110
1909,109
1839,1658
1765,99
456,100
1286,1678
425,1
1345,1676
1188,1672
1498,1658
1647,131
74,1678
1342,31
1011,99
594,73
1180,1658
779,89
283,28
1001,89
1039,101
968,110
1397,1679
1764,60
860,132
590,37
185,132
957,84
1542,1657
1615,93
752,58
1007,68
701,111
1823,96
498,84
1023,68
1985,91
386,33
174,64
1921,105
1546,1666
538,1659
1864,77
784,35
362,51
1304,132
1236,41
743,43
636,103
447,638
1541,1672
1889,1663
398,60
1859,67
334,36
1921,1680
591,196
206,98
1554,638
1164,28
759,24
1255,93
1536,29
1613,33
547,98
1786,1665
1892,104
644,82
323,83
712,50
1727,190
932,1665
333,54
1294,95
392,1698
895,1092
1706,103
1872,131
1945,83
883,1668
1433,1785
861,1632
1452,69
1787,112
1271,131
1576,1671
1573,1659
1874,42
540,1668
1806,37
204,1632
235,1660
1374,43
975,100
1497,1654
1757,1658
177,239
730,79
1795,1657
1176,93
958,119
1971,132
1954,84
652,24
1701,19
247,20
123,42
656,91
783,104
1674,119
773,66
1181,69
615,99
998,105
267,75
452,69
217,82
1285,39
1178,99
1095,1680
908,638
236,41
1453,108
337,28
10,138
1140,32
880,28
184,1785
219,16
209,90
856,85
982,1667
1338,79
475,1665
1965,98
422,1660
231,196
416,1233
487,94
252,79
1230,64
1709,93
751,103
1770,93
1752,1642
1516,1667
852,112
768,1659
1431,54
575,26
831,108
137,112
1155,16
415,35
1212,71
1397,77
1253,131
1608,110
1024,239
1765,56
870,86
320,1630
1909,83
1359,54
1225,54
1464,196
1046,36
1600,70
681,190
1161,100
1788,109
1861,97
1776,1671
1100,111
414,154
1083,33
1945,190
1412,51
556,103
847,1632
745,42
983,96
876,94
820,1670
1783,91
774,69
1587,1672
1095,53
1352,109
1239,1663
1318,1670
353,104
1752,1656
1132,62
690,105
174,110
714,99
455,233
440,62
261,1668
130,16
848,75
1843,60
1776,233
1819,1233
1637,1658
187,94
1384,60
653,1641
45,20
615,54
1191,67
759,93
1242,41
1464,99
786,51
1781,106
200,82
736,100
1856,95
1860,1665
576,1693
1381,1698
1936,39
668,51
880,1693
775,100
1039,93
913,77
511,106
523,100
926,99
855,75
289,110
198,96
916,61
191,67
1153,94
1193,39
182,1666
1381,16
277,1654
889,24
1611,73
747,86
892,35
839,638
892,1807
1485,50
1568,132
311,33
1625,85
1135,86
1779,50
1465,62
1101,98
76,103
1806,1671
524,101
1002,59
1064,50
1518,53
1031,1654
1256,100
1012,112
1297,1672
266,196
1687,107
1230,1670
496,65
170,1656
995,105
1164,36
466,1641
1080,65
343,71
1603,1797
240,70
1218,83
318,1641
1558,111
1120,71
718,1676
813,1672
631,1665
684,16
580,65
1979,119
1064,1678
181,58
1035,63
1952,83
281,1658
999,132
966,87
277,1656
1478,50
1189,37
1118,85
284,1807
466,60
1869,190
159,99
1634,1797
1517,1663
1377,190
1030,16
256,1666
719,91
1240,1630
1617,62
1681,1667
1899,110
206,53
1977,1666
670,1668
1155,1678
771,1785
310,23
708,1092
283,51
1747,67
256,95
279,39
559,239
1962,36
1503,68
1069,100
1622,26
1308,86
1373,1656
1028,53
699,1641
936,101
932,1630
1257,109
1368,104
1628,100
546,1670
140,77
179,1639
358,1642
1485,69
808,63
1857,36
1147,1642
1112,109
922,43
566,1642
1246,24
15,58
507,35
1503,1675
1547,39
1840,43
790,98
1880,114
1608,87
629,58
459,132
1387,98
871,77
1651,91
1044,43
1563,103
1946,1675
1185,107
1866,28
1279,33
217,107
1886,1807
378,1659
804,233
1603,109
146,89
5,1676
300,56
1738,82
1349,51
1704,94
186,1807
742,36
390,73
543,29
1575,64
601,62
607,112
1986,1
333,17
1188,1657
1801,108
862,70
738,80
1696,1658
560,42
1476,104
1015,1660
724,1663
1851,108
305,1665
694,1807
1581,59
1940,1675
630,93
1867,108
1962,1698
507,64
1891,98
437,1679
1260,83
565,41
1482,85
766,1642
1584,79
1125,33
439,70
1387,80
1515,39
1779,28
1155,86
1100,1659
1522,79
1135,233
113,132
1470,70
1235,85
1531,84
627,1797
1261,84
468,17
840,90
1463,82
1265,17
933,73
291,1666
167,1665
1538,94
1368,1658
335,1663
413,107
1868,83
628,1660
1602,35
1523,108
1750,107
1938,33
