1189,233
1986,1641
553,79
150,1233
1072,67
1950,1672
1726,1663
1621,103
1509,99
298,95
1554,96
207,59
1557,53
1535,73
711,1659
311,105
1456,1654
1236,42
1094,56
501,1675
146,42
1323,112
1490,1657
441,1668
817,61
1556,98
452,80
1397,138
1423,1678
1610,61
135,93
165,112
701,1642
1871,39
1764,35
386,1668
1479,32
1706,100
1945,82
570,32
752,41
1911,61
1247,1785
1317,86
731,31
1784,85
1433,1641
1196,67
610,58
280,1673
1991,26
1242,1665
526,638
1726,1641
74,239
1621,105
336,1632
1492,51
298,65
467,1632
908,28
486,112
287,97
1850,1807
607,1670
1930,75
1091,77
792,1233
1437,73
281,56
1550,1092
1884,1660
713,29
1192,62
1047,96
978,107
726,99
728,638
227,1807
15,1654
931,35
1266,108
1377,87
1360,233
240,1092
1128,85
722,100
556,1656
264,190
432,154
985,84
1467,66
454,1807
284,1668
580,233
1041,1641
444,1675
880,29
1234,90
1449,1642
1308,111
151,32
192,63
1375,65
1823,71
336,100
1331,39
1591,43
1937,1630
529,33
838,53
1045,67
934,1666
643,41
1567,66
812,1680
1495,103
587,1680
330,1675
976,35
1607,56
1904,1
305,35
1320,82
1467,1663
1412,1666
348,71
1691,1673
790,42
740,43
1294,1642
1370,110
531,16
1505,59
631,131
1683,1654
1356,28
1546,60
368,17
756,26
1717,53
1345,1657
981,33
1121,1680
895,1797
1579,60
604,86
584,1663
627,239
240,91
1305,109
611,60
1433,32
1774,41
1211,87
326,41
151,54
886,17
1901,90
1920,1639
1239,1673
765,54
1120,43
380,20
255,98
228,64
707,1807
1318,1671
268,65
1857,77
588,1676
1052,233
599,32
440,63
1290,63
1492,87
814,63
963,1667
1594,97
1447,71
1397,94
773,20
1880,56
351,56
388,54
372,83
1793,1671
1098,93
449,32
655,16
1444,33
783,79
659,85
275,1672
345,119
55,94
808,633
645,106
244,1785
499,80
764,1642
1939,132
564,94
547,190
911,1665
1960,31
732,98
1724,104
1451,1658
234,239
756,104
903,29
1093,87
11,109
1534,59
1208,105
1635,1666
1608,1632
816,28
1083,62
1230,131
578,1668
259,110
563,60
876,77
491,233
1160,42
3,85
944,1807
1082,109
589,107
1696,91
497,83
188,190
872,33
1739,31
1813,98
710,95
180,96
1229,91
551,1797
171,1659
242,233
851,87
730,50
1354,66
948,109
985,1693
825,1092
1661,41
1715,71
1826,94
1553,96
1015,87
116,63
264,106
149,39
1491,20
746,37
1333,239
914,111
1602,1630
991,111
1980,1659
821,1670
639,1667
641,32
1076,54
1745,1693
654,196
1409,59
1479,91
1483,28
1985,1092
6,1785
556,68
559,73
1223,86
249,104
13,85
1028,64
1173,51
606,108
1362,1632
572,196
420,41
228,100
835,20
302,77
1653,1630
1139,66
218,62
882,233
535,33
1419,1656
994,1797
1149,37
1186,17
503,83
855,190
143,98
806,1660
1253,71
1402,1667
740,110
889,154
962,32
1239,20
908,36
1940,105
227,1641
1428,1641
1105,80
1249,1630
1694,56
1056,1660
262,1693
1270,1679
1588,1660
354,131
564,50
874,96
182,35
400,1675
900,28
1778,91
1960,138
1825,138
209,16
1493,108
1258,29
1498,1670
1049,94
886,79
853,1672
1740,114
669,1665
1979,132
400,20
1837,94
240,1785
1398,42
335,108
1025,1698
1574,233
302,95
124,75
680,107
952,1658
1567,26
1859,1663
828,1807
1425,1667
1864,83
747,53
1263,51
1836,41
1361,79
1674,1698
1769,90
652,64
636,93
1279,83
1065,233
790,1678
516,1677
626,103
1484,1663
208,1658
466,190
489,103
1563,23
1198,62
702,35
1862,97
172,108
214,1673
1707,58
1620,83
1214,94
368,89
1342,19
1791,42
544,60
1001,109
240,99
407,99
1865,61
1422,58
640,196
1247,35
372,633
689,1673
263,1632
1116,16
1706,16
1433,1676
995,1641
211,64
1877,58
149,1632
1739,41
1974,26
1981,108
1947,36
153,104
447,1760
1903,17
1535,43
1316,1673
1196,1659
1216,89
1859,1675
941,16
925,1675
321,37
1774,1676
102,20
1209,110
199,60
92,26
1913,104
1306,70
310,65
827,105
1235,84
357,1092
1353,33
782,69
414,35
435,90
881,190
1398,1673
778,1658
359,1693
587,108
1268,59
1929,71
830,1658
1538,95
1421,1657
745,66
584,64
1561,1676
427,82
1153,20
1800,67
127,29
1107,1673
1854,154
936,66
403,29
1881,24
832,19
504,196
814,1659
1652,71
683,50
1253,28
1480,1668
1547,66
135,190
134,633
265,1680
1155,71
1084,103
435,1630
479,1665
1648,106
391,97
304,73
914,36
1128,104
994,1676
296,1671
506,108
1490,108
408,70
1157,154
1305,1
458,90
1143,33
923,60
1935,1233
657,104
1281,56
341,1679
1354,1630
363,75
1066,196
201,1666
1599,1092
1493,131
839,1663
1119,89
1378,69
57,67
717,31
242,65
1645,1
1061,1676
1692,86
1361,20
164,110
1923,154
416,29
303,1679
1176,95
989,70
719,109
1752,104
264,65
652,26
1115,82
1689,1657
341,93
1087,24
442,106
1349,119
561,1668
292,1670
401,105
1971,1680
1842,56
557,36
1320,1672
1175,1676
632,138
1412,79
826,54
1197,101
1201,98
563,35
1817,104
1523,75
1913,1641
1969,101
1254,233
188,36
1017,68
1857,114
1196,50
663,53
1843,131
423,138
1165,1663
989,39
811,101
1172,42
865,1670
1175,79
1344,73
224,94
388,65
1037,42
375,1671
1042,1642
248,84
779,1680
1583,35
675,70
1281,1639
1067,82
492,28
1602,1659
614,73
1098,1630
368,97
1804,114
1043,138
1801,90
1929,109
755,82
1195,1233
1288,99
1951,114
795,85
374,1676
1829,1676
1594,1693
1533,95
979,1668
917,1668
1588,37
1972,132
464,24
1460,1668
1459,107
389,1667
896,1665
1317,73
812,1671
1274,54
353,110
976,131
1863,50
599,35
1193,1680
587,1665
929,19
216,1698
1982,638
881,1680
204,41
386,132
740,75
1470,1670
872,67
247,69
639,41
1465,50
1283,87
1340,28
1375,1807
1914,105
391,42
1619,638
183,132
435,1672
957,1233
1074,35
1644,65
1977,56
1154,75
1799,633
1913,32
1586,70
1714,19
1278,1092
1221,33
374,106
746,67
1332,36
1710,31
115,16
134,106
465,65
923,1677
122,98
306,93
1379,80
519,93
1571,196
1629,70
1190,104
911,633
1123,87
1879,1666
1328,23
613,19
1406,1660
373,196
1136,1678
1304,32
953,54
936,26
828,24
1238,633
1682,99
1050,1663
1128,1693
1623,1760
1243,66
178,638
784,109
1517,1675
1543,73
1344,1665
187,110
1417,1807
686,132
1260,1671
1370,67
1736,1660
1694,94
1326,84
614,154
1154,93
1356,1
1855,41
1231,89
1983,100
1413,70
129,90
1077,233
250,62
957,59
279,19
1558,109
1426,98
681,41
952,1807
590,109
494,70
1578,96
640,104
487,29
368,1671
1506,71
717,86
878,1660
791,37
6,1673
1734,1639
1432,99
735,1654
1206,1665
1041,91
137,51
507,23
569,16
382,239
1964,1
993,90
848,41
1590,79
673,50
1651,79
1192,104
288,16
1934,1698
1343,85
352,61
1474,132
1016,20
1404,69
317,1639
217,31
1191,97
720,1630
1566,119
1054,1693
1178,89
594,96
1932,66
1275,65
390,93
1929,42
1278,89
466,638
609,1656
1144,93
1622,24
903,1658
637,32
1598,17
768,43
1479,1797
970,59
309,69
1948,96
1695,67
1220,97
1645,42
959,31
615,1641
1445,42
1193,1
487,96
1584,196
1989,1671
1071,96
885,61
1736,31
689,1656
214,61
432,1657
1023,131
1471,1
856,1672
246,1656
230,93
172,1659
551,39
737,111
1694,43
1938,1641
817,23
1866,26
1404,91
270,29
514,17
1430,35
1748,26
1714,86
1849,51
1596,86
217,154
364,31
1788,32
478,19
48,50
257,1654
1547,1675
1799,1658
347,110
205,68
209,1
1188,1659
1440,1233
880,84
441,86
611,196
1256,1679
81,79
795,29
487,1
1445,75
1055,1658
791,73
1346,1642
1662,60
361,1656
859,233
1321,70
791,190
1346,1693
136,1654
582,97
369,54
167,1233
958,94
9,101
230,79
1013,1654
1347,138
120,101
1404,105
598,16
139,29
1266,70
1745,99
1627,67
1345,1665
1719,1785
1242,239
1977,112
949,1807
1870,1663
1393,73
1963,69
276,65
611,20
1383,196
855,1659
397,41
1247,131
291,1668
424,89
1626,56
1294,80
1976,39
1351,97
195,32
1449,233
554,1657
168,94
188,1
430,66
748,73
1614,1672
1924,94
1285,638
1837,65
1948,68
1199,66
522,106
389,17
1682,24
781,101
1144,1667
1607,86
999,41
1853,50
898,50
612,100
249,1658
783,103
911,82
1505,29
1674,64
1917,1658
208,1639
904,132
193,67
655,89
1687,60
1614,1092
1624,196
1899,58
769,33
273,68
1050,82
1754,84
472,1680
712,53
592,1665
1713,131
1059,17
788,89
1180,93
341,1663
1784,87
146,1663
842,1760
1626,1670
228,61
1702,73
1264,37
433,233
1300,99
677,1642
128,633
450,19
1638,33
1074,1092
1145,1658
545,70
1711,90
612,106
793,1680
1921,1654
908,1665
1574,1672
1027,97
469,23
992,70
1551,1672
542,638
1977,35
1724,70
1450,101
1765,132
1130,1233
796,23
1208,79
487,638
349,633
1490,1675
262,80
526,43
967,1667
1761,56
1725,1639
1140,35
1854,85
1764,1807
209,95
585,1668
701,112
1328,108
1257,154
1588,80
539,93
268,77
1445,17
1912,154
1378,84
403,56
1308,1807
1540,98
231,86
325,29
1550,63
1614,24
965,77
12,1797
989,87
1733,1654
1309,110
891,67
341,110
914,1698
1878,1658
156,85
270,1665
621,103
1546,58
588,112
1366,67
1097,96
1391,1666
1356,109
680,1632
240,93
940,50
407,53
1612,190
441,29
994,29
1237,79
1493,53
1975,107
1351,59
1690,233
1783,84
460,1092
1287,101
1879,1679
206,1632
339,65
971,1668
169,1666
598,1807
319,1680
1793,17
1739,99
1814,1673
1232,1657
594,1630
575,53
1736,69
1819,56
555,73
719,64
1471,79
1879,66
615,51
356,1658
962,77
820,83
1688,23
1410,79
1546,93
1401,138
1237,1678
8,99
1866,68
1704,119
1944,1670
567,61
1342,75
243,89
510,1659
1710,28
828,1680
1258,39
581,1676
1558,80
1022,1672
1156,154
330,84
368,239
1170,106
946,138
1099,1668
751,23
498,1797
849,107
121,26
513,1670
1779,1667
1765,1660
1753,28
1273,1642
925,39
674,233
710,93
1503,1680
1732,112
541,119
814,79
392,82
1132,190
311,1671
1637,1641
558,80
1209,70
1505,69
1141,41
832,1663
1556,36
797,1807
428,28
1539,36
1019,131
712,1785
146,131
1450,1233
496,68
1789,1630
1697,90
919,1654
1845,66
1167,106
266,82
1517,17
711,94
1359,132
1804,23
1552,56
407,89
320,33
1222,1668
397,99
1582,100
219,79
916,95
1379,65
403,132
667,77
192,107
1991,79
727,28
1211,1679
929,77
1519,32
613,1807
1625,59
1385,196
264,1670
1277,1092
179,1675
486,1797
608,1659
1967,23
409,56
979,26
1590,1680
429,69
1809,1665
824,67
1472,233
375,1656
927,107
1923,98
1390,17
1232,95
536,1660
1087,83
1570,107
1536,39
139,65
782,111
1101,1693
1174,43
843,79
384,104
1931,1680
705,98
1903,1654
1832,1667
906,1675
1828,60
1754,111
1336,60
390,82
113,1675
661,61
1808,64
1244,90
452,1666
1834,86
1334,1760
219,93
1177,23
1069,97
1569,131
352,1658
688,196
48,1673
445,1673
1116,28
1449,29
660,106
1800,1693
1309,1667
25,1679
1551,132
1116,1639
529,239
516,1641
735,1639
225,80
133,39
1549,1679
1240,37
563,1678
486,89
711,1680
720,83
1839,110
352,93
814,107
1239,36
1614,80
1535,39
1762,105
639,1092
861,84
413,1657
1489,1678
1430,32
625,1679
827,93
1012,87
1366,24
1260,1659
1405,1672
1707,60
1434,1092
540,59
1439,67
373,1676
1021,112
323,1797
450,1671
236,98
1467,154
1804,59
580,17
1426,71
655,1675
788,70
308,1672
701,89
1057,1693
1419,108
1352,89
1153,24
748,84
1427,1641
788,53
1950,1693
1345,1092
1810,112
690,93
929,105
1725,131
842,96
1023,35
1782,1632
858,32
291,75
1583,138
476,85
187,42
9,100
545,42
1394,1
1319,66
55,19
166,50
1645,1698
116,99
1166,1657
1232,59
257,73
1306,68
149,75
1255,43
1019,1641
1849,60
1134,54
1295,26
1446,1092
860,17
1450,17
776,32
78,82
391,1785
263,196
124,1678
1339,101
1504,36
1728,196
1566,1630
1103,196
890,53
1282,1641
785,71
140,1658
553,35
1602,62
1605,19
1109,94
1970,1680
746,1678
13,105
74,105
646,41
613,42
1314,31
211,80
1099,233
858,131
140,108
221,119
918,71
1290,20
1753,84
500,50
965,104
1463,1785
76,91
1054,84
524,89
321,132
1924,1658
1802,26
257,42
354,196
282,1679
1296,17
598,35
1244,1675
435,61
860,112
1653,70
715,82
644,94
1090,58
1514,100
1422,101
1204,54
967,1676
145,1
1619,1679
1767,83
685,1671
548,1665
1979,67
1924,190
348,1797
1827,23
1576,1675
1042,91
1561,103
1716,1797
832,99
1401,1672
1075,33
838,73
913,1672
1618,35
842,132
5,50
991,1679
1682,154
1867,154
1742,64
547,1693
365,20
1343,31
426,1660
187,54
1180,1797
871,96
1829,42
270,1797
1022,20
1897,138
1168,58
416,1667
1724,71
401,111
571,29
1585,1679
1771,100
1899,43
722,99
1346,51
746,109
344,79
253,43
1395,1676
1750,1660
284,1671
1311,94
1794,36
1762,1658
256,26
143,1666
1986,114
1626,29
1201,96
281,633
195,31
859,36
1655,154
1049,20
1159,43
295,104
559,17
543,1660
1573,1641
727,101
1510,638
1013,62
1721,1659
1974,71
887,1679
1246,68
271,112
515,100
1840,103
1310,79
874,1233
466,98
851,1680
1755,1656
1890,107
52,65
1711,107
1649,1658
1847,1659
412,89
1705,70
452,32
517,42
827,20
645,101
887,54
635,89
156,86
1613,112
361,106
535,1760
1107,77
1037,1630
1045,1807
1342,41
1804,108
169,86
333,69
947,99
1248,100
1958,1659
587,56
933,28
1362,20
556,99
498,23
484,70
1905,28
802,63
1281,26
289,80
917,1666
914,1233
532,1760
1452,37
1588,39
1056,112
1530,43
370,93
1496,119
924,1760
1723,98
379,233
181,83
1623,1663
1682,111
1975,1660
1702,106
653,111
231,71
1961,60
1819,138
1808,1807
1554,1673
900,1698
637,1679
969,59
1708,20
1216,20
958,23
372,94
652,56
1333,105
1012,110
1309,16
191,1675
1866,69
749,35
254,233
1036,101
1774,79
1513,1668
502,93
1225,36
175,105
1408,638
604,39
384,60
1197,54
1183,103
1204,24
122,96
586,633
1640,190
1911,99
1454,1632
1237,80
247,1670
319,53
1851,54
1190,110
1444,1760
915,1660
1530,61
869,103
670,104
157,43
1519,29
1585,119
1855,1785
1471,1760
1367,89
1611,77
912,37
718,633
1829,111
1478,87
859,1675
602,68
398,73
1089,638
1158,239
552,1807
398,1693
1013,1678
1424,31
217,19
199,103
1783,1641
1414,638
371,108
998,59
1866,119
798,633
1559,56
984,1663
1621,1657
1697,89
1643,1797
1720,1680
279,1672
1315,84
1831,50
530,26
1048,633
1446,20
256,69
1161,132
1362,105
371,1760
995,1680
1861,65
444,108
1646,23
785,104
269,87
1958,1639
1217,109
1526,1807
997,83
1629,86
161,73
1395,64
539,54
832,60
1645,54
1939,1663
1921,54
359,33
1780,85
857,1797
440,111
1146,31
1070,1665
834,1785
604,633
1304,95
960,1659
1401,75
599,1642
1718,54
489,233
237,17
166,23
1434,43
422,109
1459,1642
1923,101
187,239
742,95
1919,111
1556,43
1849,39
743,1092
323,1673
786,19
364,43
1433,98
404,100
557,106
390,83
1721,93
1578,1642
760,1679
518,1667
1754,31
134,84
785,90
1004,106
627,75
259,79
1552,70
526,1663
544,1807
1134,638
1777,103
1045,23
553,87
1820,53
571,1680
1031,36
1695,77
1715,1667
353,41
1991,60
202,1672
1505,1667
1270,23
496,1673
889,56
797,95
619,99
892,67
1708,95
1449,1092
1782,1670
702,196
723,65
449,98
1061,233
1019,64
1926,61
202,1642
1584,36
1257,1654
630,1680
1795,28
341,37
1852,91
217,111
292,1663
1188,1671
1738,94
303,89
431,20
472,91
383,1807
1550,1665
1569,1670
1166,1678
1096,1660
1922,56
1192,1659
179,84
162,36
1982,70
165,41
1120,103
1321,1630
398,1807
1452,94
1555,97
724,1659
285,91
1102,42
751,56
788,54
936,87
370,101
1755,1680
325,53
801,1673
1486,1678
1324,1675
329,50
1964,80
318,108
136,1656
451,1677
1448,65
569,50
1782,1680
1608,73
372,103
1293,103
137,190
709,96
1461,107
1686,1660
186,239
1108,90
260,60
649,91
395,105
785,1675
1104,119
1749,1667
203,58
517,84
557,61
631,90
1345,1671
567,100
1892,103
846,37
867,96
477,1630
484,1092
1633,239
1021,1
826,17
1977,1660
1757,70
489,1659
627,39
1730,104
168,64
1750,111
849,33
464,65
600,67
835,82
488,71
396,112
721,111
1346,1658
1989,638
1495,95
781,99
681,1673
808,31
1927,82
369,85
1550,33
1860,119
756,1673
780,93
1722,112
1664,1630
1559,1671
582,1797
1746,138
1856,1632
481,1654
596,1785
1095,1659
1651,59
983,1673
398,1
257,41
1292,87
615,104
263,23
1134,86
489,64
1043,1641
255,1641
206,103
1400,1658
800,70
378,62
272,633
1268,1807
1838,41
494,1654
1271,1668
407,19
1187,89
767,1673
1710,103
1986,97
1345,111
44,1656
279,85
1721,1678
1972,60
545,1673
491,19
1854,56
610,71
1200,1797
1918,85
192,84
1925,1639
987,1785
289,36
399,43
1638,84
1551,233
393,70
801,65
1461,1657
761,51
691,1668
120,1807
194,106
1155,41
1048,109
419,61
1839,19
1950,114
1330,1
745,1677
1762,28
1745,60
642,31
223,26
1491,110
599,1667
1427,64
1174,97
823,77
1306,89
1633,154
654,1671
387,60
1510,24
1646,110
797,1657
743,1675
1868,28
1315,26
712,37
920,50
212,62
1979,80
470,132
487,196
185,20
956,77
117,71
1885,1658
559,16
1884,83
1017,73
546,39
603,58
1267,83
1068,96
1985,58
956,60
1199,96
831,26
481,132
211,111
542,1233
1817,1659
1118,112
436,50
184,75
1051,41
382,196
776,1679
1694,1659
1108,1658
1204,1657
604,1693
1795,1642
1729,1092
381,1632
865,111
1470,1642
137,196
288,104
1285,131
1876,26
1454,112
8,119
1577,131
1249,50
1067,87
1450,85
864,16
1265,82
1356,111
1467,84
954,1
352,633
885,1665
1064,638
1858,24
578,1678
973,1760
1972,16
580,106
979,1673
1864,190
1866,1678
980,73
410,107
470,1
164,62
328,1668
518,51
1931,80
1880,1672
318,85
1314,50
586,83
1763,107
1822,138
781,1630
814,67
52,80
1468,196
311,95
779,1667
1266,61
1031,1663
1583,50
631,109
978,75
892,1233
1070,82
1953,36
1902,1
1534,63
1228,80
862,1092
402,1672
1655,1639
458,28
1697,63
1526,1667
444,95
1774,63
1244,112
1389,1807
1911,98
1291,1
1042,31
1143,1657
954,1679
1912,73
1783,36
1891,1698
187,1678
1887,26
1428,93
747,1760
1304,35
1193,42
2,131
1571,39
1041,110
818,33
1686,638
339,62
1245,1660
1160,1698
1071,62
1115,16
1465,65
1517,1672
1856,132
1105,90
1965,1630
405,24
392,35
1497,638
1081,17
548,104
1232,99
1748,1
1252,110
1255,19
1495,1632
446,1663
981,80
1423,105
1026,111
1617,80
1046,106
1255,96
1457,41
1591,1660
47,67
266,80
654,89
906,1671
258,1666
651,79
1151,1630
219,65
1947,1665
862,111
593,1632
781,1807
1718,1678
1227,23
553,100
6,1676
1038,29
157,60
1357,131
716,1639
535,61
1754,1667
1146,28
1442,131
179,1677
1604,43
979,28
1170,633
999,97
1614,68
256,1671
333,1233
1455,1670
1059,1639
709,28
14,104
1208,1663
1285,233
149,53
1496,1680
1356,50
1267,633
364,36
537,84
1439,95
1956,75
1954,1233
841,1632
343,80
1143,75
1201,94
1772,633
775,71
601,1676
1972,75
229,89
681,24
308,1668
1536,1698
1405,1233
1241,112
731,56
1908,98
734,23
610,1
1402,37
707,51
1405,56
1883,1630
1407,1632
1763,36
1361,50
1142,35
1054,239
1199,24
1735,58
908,71
1427,1233
1907,91
658,1668
905,37
1757,1679
1269,85
294,75
116,31
690,1668
817,20
1774,1670
1869,60
1378,633
823,26
554,87
1492,1679
1707,62
307,29
435,80
678,60
1892,114
165,71
314,233
854,1673
764,1807
1192,1660
621,190
1254,68
1527,190
928,1658
377,82
696,1670
1838,1670
1288,62
885,1092
1622,41
631,1632
295,80
1476,85
1170,190
289,31
1395,95
1341,39
610,19
1328,36
1755,633
174,56
1978,98
676,154
1763,82
133,23
650,131
1206,1632
1041,68
566,1657
1319,239
958,93
372,96
1905,1698
469,112
1873,26
1270,1660
1195,50
1145,105
1420,111
1647,24
428,97
1227,1663
531,90
1909,119
1695,1654
1627,68
1956,24
1464,32
1959,61
435,94
1892,96
1123,1679
188,1092
1781,1666
583,103
1986,108
1804,43
684,80
313,50
1217,90
1052,29
1866,1657
463,138
1476,91
1334,41
1045,42
640,69
751,73
1324,1658
493,90
375,90
1559,1670
415,53
1396,1678
524,91
545,58
1019,111
983,1672
476,1672
455,51
193,64
1774,1698
1283,1659
1266,119
1285,63
1435,1656
478,99
1605,1676
1599,24
954,106
1418,1693
738,1659
641,108
1636,19
1640,86
920,37
632,239
1350,1785
1351,80
819,67
1282,1657
1615,41
1598,83
677,97
587,239
916,17
610,68
314,633
1452,67
973,96
920,84
620,109
268,90
892,1660
1395,59
1075,35
579,70
265,50
676,190
1061,1672
1631,79
1742,70
737,41
920,65
1115,86
877,119
716,59
591,35
702,98
1644,89
334,56
1973,35
870,94
1083,1233
217,84
1603,58
81,1233
1389,109
1011,69
1626,104
1076,73
465,89
1558,75
1761,61
1925,98
205,23
1552,112
1794,1673
1242,1658
501,54
212,63
1063,1656
1161,1642
1159,37
1331,42
980,68
1334,53
1102,17
951,1663
828,112
1226,1659
811,89
497,59
350,1639
975,112
1058,58
926,1670
466,96
730,91
693,85
52,67
733,62
1782,59
1174,1658
919,1673
595,69
656,79
877,105
1980,90
1361,1678
1985,1630
1801,1657
793,106
595,50
945,103
527,67
1521,94
537,109
1417,107
354,89
961,39
317,67
732,24
1802,1672
1161,110
246,90
1774,50
30,61
178,154
1467,196
920,1
1806,233
560,24
1014,95
890,89
877,1665
325,1092
289,86
1376,154
721,43
1291,99
853,1630
781,39
1003,91
610,1679
1267,32
878,131
1861,1672
389,100
1574,39
1867,43
393,97
1131,1675
1685,32
1285,1656
848,65
466,82
676,33
514,132
1553,105
1826,73
1532,106
1583,61
428,41
1539,59
263,104
1081,119
621,86
1857,1676
1912,1639
1413,80
21,86
867,42
1255,109
1090,1675
464,1665
643,1639
1400,64
115,20
1147,99
775,98
1723,1656
1008,67
1122,1675
556,83
611,190
1028,95
1813,1639
1052,69
167,67
1277,104
1405,19
852,35
124,60
1864,60
925,36
1245,1659
1635,69
1503,1693
1431,80
1947,65
629,32
616,43
1293,79
1811,1668
1774,1656
305,66
1687,131
841,16
1229,39
952,109
1070,131
1220,1666
1933,63
260,84
887,103
1987,1233
1370,79
49,69
1081,16
345,68
988,112
1603,119
1983,19
1913,69
1624,16
521,73
1249,93
1596,61
530,24
344,59
491,1760
10,90
1443,1092
1409,62
1636,43
1049,87
936,1092
383,75
1379,66
920,29
994,60
795,53
1055,41
212,97
967,633
1620,1673
532,1670
832,62
1530,77
613,1
1060,638
1067,638
953,68
1419,1663
591,1632
797,75
1948,1632
1303,59
1418,233
1293,65
1047,54
653,1671
1648,85
193,105
1019,37
1852,71
1394,107
1141,56
153,1693
793,80
1842,109
903,239
1383,79
746,16
1060,50
1316,132
981,97
729,1676
246,1
618,86
373,1671
1389,53
1336,63
1925,41
1599,70
1572,36
1903,1760
1441,1668
912,1632
533,112
6,16
48,1676
727,190
212,119
1723,33
1945,31
1896,1665
401,1760
593,62
1118,190
572,70
1621,77
335,24
194,50
1614,36
678,1630
572,53
1604,26
1732,87
723,67
429,1672
412,108
141,1642
1926,51
1910,84
1987,35
244,85
120,91
1775,64
726,79
692,75
1336,239
1815,67
1484,31
625,1676
1949,99
1198,67
421,91
1737,1639
1674,138
1966,68
186,61
721,1630
280,58
907,119
1208,24
38,1659
347,98
1396,111
134,68
0,56
255,80
1602,43
1523,100
1106,68
1001,1630
468,239
1924,84
1358,86
1824,64
1109,58
1553,1670
1108,633
1752,1671
1149,83
925,105
1978,99
434,1668
1729,69
1359,1670
716,1668
1964,82
1765,1679
225,103
1790,196
596,82
249,1667
565,51
420,1660
1876,131
204,109
500,94
743,50
230,67
1577,42
527,1671
1034,1665
881,87
1451,79
1859,1678
1613,87
655,87
178,1657
877,35
1212,138
1765,108
827,108
939,1654
1527,105
1292,50
135,101
176,26
1423,82
209,1657
401,17
740,1642
1936,101
1828,83
1296,196
1416,19
942,1641
1537,1675
896,65
113,1797
437,111
1271,138
1750,109
980,33
712,233
159,1676
487,51
560,1657
1571,17
204,1641
1169,111
1870,63
1831,1807
1564,16
1604,239
1643,1667
1594,69
1393,1676
823,1639
1732,75
794,79
388,106
1969,1797
1890,53
220,35
810,79
1326,33
1384,104
1164,132
696,42
592,1639
525,1657
1283,1675
1172,638
1299,110
1245,64
1764,90
1395,1667
1804,75
1352,154
744,1807
729,87
1815,1657
1021,17
162,70
1146,1654
1315,1675
926,28
1817,97
805,59
788,101
280,1632
1385,103
1773,54
1811,233
268,91
1548,1658
1692,60
577,1679
1495,111
1638,37
776,1667
350,1658
946,1657
1367,17
1132,96
180,43
1158,20
1344,112
1184,1797
372,69
563,1642
962,101
445,1807
160,23
200,1666
203,75
773,75
277,54
1644,90
351,83
1970,111
1724,66
431,75
934,86
1235,119
225,1632
170,1693
630,1663
618,31
1721,42
217,196
6,190
1593,96
997,1807
725,36
1207,26
178,233
1960,1233
451,29
880,19
1582,66
219,105
1023,1663
1709,1632
1733,62
829,70
983,107
1190,65
1280,1656
573,65
1644,1668
1587,1667
1318,1679
1445,29
1689,41
1068,98
808,110
1398,23
353,87
204,1677
1756,23
895,59
1280,1670
1270,93
1860,85
1219,103
1529,85
703,94
276,1807
1041,17
1478,110
750,31
592,73
1790,1673
558,56
1042,1639
321,101
159,23
535,1676
273,1680
867,1092
1326,61
351,65
1902,138
1795,86
1566,1673
537,108
1070,70
297,29
746,90
826,82
475,96
757,1658
1550,1663
195,97
641,79
326,35
1978,1698
376,1760
1975,103
1834,31
747,1639
710,1641
976,233
1934,82
598,1680
486,1666
453,53
1696,67
1988,1
1280,64
343,1680
1228,1678
1540,1672
1590,100
565,107
534,64
1691,1693
938,95
854,91
1903,84
1518,50
588,19
1583,60
1087,59
1437,1676
300,93
1647,83
1812,132
1316,97
1154,68
234,233
952,190
464,1666
175,106
1467,100
1090,111
357,1666
1812,1678
1828,107
1669,63
1871,23
0,79
511,19
1551,63
151,66
6,53
1261,1659
1059,63
832,33
252,106
1886,1641
1722,71
1499,66
214,42
932,43
1158,83
1769,96
1128,1666
868,51
999,1665
1025,1658
550,633
1323,33
186,196
1145,65
538,17
1384,17
726,32
1816,94
1434,87
793,69
1702,1760
1168,23
74,1632
991,85
1070,98
1606,112
833,95
672,91
601,43
1101,1656
165,50
225,1807
407,85
320,37
1799,1698
667,65
1847,28
1311,1092
910,633
380,54
1461,1693
474,63
771,63
814,131
1331,23
640,28
845,1665
1067,1675
1200,196
1070,1668
959,101
1907,79
1446,633
1819,107
1736,101
194,1668
1762,83
1335,1663
1323,31
1397,60
1343,80
422,96
1553,84
591,1665
1019,36
1960,82
1501,110
1302,97
1430,42
1913,86
2,1678
206,60
211,1660
1935,1657
964,1668
967,77
1728,77
297,107
1186,633
1372,108
1305,93
347,23
1308,62
1854,17
454,66
590,64
1787,94
1459,43
474,1
228,16
512,37
164,66
1788,633
355,1785
1685,85
785,1660
433,39
1870,83
1300,53
369,63
1437,108
10,1665
1779,23
305,109
1192,91
810,104
921,107
1016,39
1647,20
1390,39
756,41
850,82
1057,42
888,97
1188,1666
598,138
342,1630
215,196
1731,1666
734,1760
496,100
408,112
1261,91
526,70
1372,98
348,1678
236,94
661,75
933,64
577,62
1844,110
1923,633
1079,101
1984,633
1358,36
1841,62
461,1658
1950,1654
498,90
1901,28
263,1630
185,1672
272,51
936,90
630,84
1203,60
980,131
179,1658
240,1660
1606,1666
744,60
504,43
12,60
565,50
1742,104
720,69
439,95
1512,33
1192,73
488,1673
787,89
1430,71
1284,633
183,90
1397,16
1249,1660
277,17
813,63
998,69
1296,39
391,105
395,106
1542,82
452,105
1909,1665
1345,1668
561,63
615,196
1114,63
689,66
1026,67
675,51
592,1785
1988,1675
1386,37
891,1665
1575,111
471,61
550,106
47,1672
687,71
501,80
943,41
1033,1671
1911,36
1379,111
552,1678
499,1673
1180,68
1502,107
1927,62
1433,1632
1107,633
150,70
1508,1698
946,33
232,79
1122,70
336,1641
704,83
301,59
1355,1658
308,19
862,1630
1508,84
1364,110
479,42
723,94
1957,1667
338,64
585,65
1688,50
622,62
454,1642
898,190
1859,75
224,39
1238,132
759,99
1755,106
1353,68
304,79
163,132
1235,104
332,1679
631,37
578,83
1555,1693
1171,58
342,1658
1467,77
1868,233
362,1641
1412,71
1695,1668
279,86
427,41
566,36
1190,84
1409,101
982,1673
1965,104
630,1
248,1641
1223,20
1317,95
286,1807
1122,233
1948,1675
1395,61
292,82
228,58
201,24
882,43
1550,54
1240,19
1136,100
582,70
1930,114
625,1663
555,96
1681,86
372,70
652,16
1010,1642
1195,16
220,50
716,53
1343,104
370,1785
675,94
1427,69
250,1663
1043,1656
293,85
1070,53
142,1654
1481,154
985,93
1157,101
222,84
1399,54
957,31
828,1673
1514,82
871,1657
469,1663
324,1676
986,1675
451,28
772,1656
1513,154
249,75
1207,138
917,1660
1619,58
792,111
1527,1641
1352,103
892,1676
1270,35
663,51
1179,96
1096,108
818,56
1391,63
1944,154
1799,100
941,190
9,37
1848,1760
1614,29
1584,16
184,61
642,1673
1587,61
1181,190
351,51
1971,154
1470,1641
1920,50
391,50
1577,119
358,35
1191,69
345,110
18,60
1141,80
810,32
793,104
1990,101
1511,66
893,1693
472,103
1911,1233
865,1658
1281,1657
1936,33
1774,65
1528,105
1989,36
27,84
1440,53
943,98
176,132
1579,66
1767,1671
1223,107
323,196
1545,71
1927,131
1894,114
1331,58
660,60
518,54
353,96
1813,89
150,239
975,64
616,63
1900,51
1611,32
730,43
783,39
1822,24
905,109
524,111
1775,24
432,95
1762,63
1588,1639
1544,1659
1062,1658
572,1656
425,65
1720,1670
1406,233
429,633
415,1680
1889,17
1906,1233
251,633
1485,1660
1655,1632
937,62
873,70
1939,107
472,1663
829,105
1101,1233
1518,1665
1247,87
313,104
3,90
921,1641
1425,1807
360,77
1554,16
797,119
1422,1658
1169,54
1809,1785
1448,1233
1263,36
1357,31
1010,138
1253,94
1897,58
1399,1630
376,60
1597,31
1177,1658
471,1667
1220,1676
1495,1676
410,1639
230,58
657,1668
1597,112
1142,1785
129,35
670,1666
896,1233
1124,35
1235,32
480,1630
283,61
1818,97
880,1667
226,33
1757,108
1422,33
1298,19
1761,105
731,190
1582,105
1911,77
330,67
1787,67
6,36
1827,66
815,56
1689,101
1695,91
852,51
487,104
1117,1797
1946,633
436,112
557,1698
1736,23
1273,1663
1776,190
1973,1660
1263,42
15,60
1819,106
1340,79
1162,1
1116,1676
500,68
1762,80
1067,132
844,59
972,64
1037,1678
1330,196
410,1641
264,31
1542,119
567,239
884,17
635,119
928,85
972,1658
1524,33
1529,1639
47,82
253,1667
1890,1656
1707,82
1254,73
1552,43
1308,63
1389,196
1906,1092
1726,93
1158,1667
365,1670
8,1693
1415,112
1130,90
252,24
1023,1671
1469,93
1435,85
646,70
1571,119
481,80
442,1632
600,26
1595,109
1446,1667
1796,58
1356,1797
214,196
470,50
1023,56
879,1092
1418,54
446,59
1193,1760
1045,1679
639,104
1561,1092
1117,1672
213,1632
1598,1680
603,1797
1155,80
901,190
1333,91
421,89
1198,65
1662,1642
1109,1642
334,64
1700,1663
1909,19
843,112
537,43
1643,75
1204,95
1427,1678
330,20
1416,103
259,16
1036,138
523,89
1183,53
1133,32
1976,31
340,77
548,1642
363,100
1724,1233
842,1639
494,100
1126,1
1858,95
1095,100
1649,66
1259,1632
430,58
1718,1641
970,87
403,20
630,85
1553,1668
1167,1654
1702,39
599,112
641,1676
842,109
807,71
683,61
318,16
446,37
429,19
697,105
1769,77
1931,1092
1054,111
974,1663
1979,1676
1088,107
726,95
348,1663
435,50
1141,26
827,110
1825,77
371,90
7,24
561,62
1114,60
1849,71
264,138
985,64
621,28
1103,82
791,1656
1332,26
559,1654
1227,196
1362,1807
1619,1668
1236,638
1877,1630
1014,100
1539,1663
501,95
427,58
929,1632
1180,69
1644,1698
613,196
1423,633
946,79
140,154
447,132
1107,1678
1342,1693
1770,110
315,132
1149,99
1331,64
615,1675
1631,53
140,105
201,109
440,29
922,23
890,1667
1044,96
1596,1679
1715,23
1588,1807
1098,63
49,50
621,1666
220,61
1731,119
1772,1671
521,54
817,53
1464,66
14,85
1063,106
1859,1807
1026,82
416,1785
1653,65
1021,190
1875,1233
989,1642
1218,96
1399,35
1011,1676
986,1670
1814,42
866,70
907,1672
1187,42
691,17
1190,85
491,23
1911,53
681,107
1530,16
542,50
1726,1670
1317,94
793,1656
612,1668
613,71
1240,101
261,50
503,99
1099,154
177,1657
1122,89
1820,154
787,1642
975,111
1240,20
814,43
1042,1760
1961,84
841,79
1640,1675
612,16
1736,190
686,97
525,1671
743,80
338,51
1205,37
535,1656
1946,1785
336,1670
1012,23
294,100
1114,97
1097,239
985,51
14,39
1450,111
1178,104
1734,109
924,90
1225,51
732,1785
750,1672
1580,1667
1214,111
812,109
833,16
1700,36
1019,1785
1001,60
1258,1785
583,68
772,1657
1565,24
1986,79
1055,64
819,82
1729,1677
1469,20
1287,109
1220,16
1269,1233
1767,1654
497,1797
204,1679
987,1656
433,29
806,1630
1201,1656
22,41
1226,29
1907,20
1730,1639
754,96
1947,23
681,1658
381,1660
1471,71
1691,1665
351,50
1177,1693
1661,29
854,1233
1074,89
230,31
602,28
1461,93
1705,73
159,17
1568,1675
533,1642
443,1630
1326,67
832,1641
829,1657
1832,68
361,109
1856,90
864,20
611,1675
1613,1680
654,65
1872,58
1046,61
1339,37
1322,23
369,1807
1593,112
1811,41
819,51
909,1657
326,33
681,54
295,132
521,1693
338,1641
1153,42
1301,82
1965,75
1952,64
206,1642
1790,32
464,31
1321,119
328,1672
1310,19
599,56
1263,17
932,39
627,1673
1006,42
1251,1785
989,50
1051,59
332,109
1608,54
147,83
636,35
358,67
486,20
415,24
76,106
777,89
1900,67
1037,85
962,71
1532,101
1445,1642
1815,42
1302,91
92,42
1141,33
228,1676
692,19
323,1680
253,89
365,1663
182,95
572,1657
424,1667
1090,1670
1457,51
1628,638
687,1666
1591,1642
1835,1672
551,1785
1838,91
1895,94
1915,138
1861,90
577,70
1307,1675
816,20
1865,31
1257,239
1038,100
1351,39
1301,1672
1458,1668
1871,1642
1064,1673
1135,1660
1358,111
761,131
1827,36
1038,23
1102,112
453,37
1212,1642
1789,138
1371,17
1189,58
379,107
1635,70
862,1668
1162,28
1128,1668
1809,101
1904,37
429,77
656,31
725,1658
1691,89
645,51
1109,638
1752,89
854,107
1560,54
1064,59
142,87
452,1
1731,79
829,1693
334,101
1038,1785
1539,42
621,69
1249,82
1071,1673
1182,638
125,17
678,103
1946,91
524,633
1076,62
1779,1657
1379,71
1936,1656
1933,1642
316,19
11,1677
192,97
390,132
748,110
1655,75
1341,31
1309,1675
410,75
1707,1656
1144,1632
1585,100
241,239
1398,67
1000,108
1408,19
1796,196
15,63
1855,1659
1431,99
720,91
1951,1656
666,43
1623,1679
905,63
1937,26
318,196
251,35
455,85
260,69
605,1675
692,64
1064,41
395,64
126,106
1505,105
292,1654
756,37
794,1680
685,31
1126,1679
928,1666
1935,1659
1563,1658
1977,93
1299,73
1142,1659
1586,101
1697,110
243,59
672,107
1979,1092
950,60
6,132
483,633
779,132
873,33
1312,1807
1137,42
947,80
1004,103
263,1642
48,1679
1813,1656
628,1680
1578,1673
1073,233
919,1233
687,131
1002,633
1392,87
272,86
436,71
975,132
212,1668
1152,119
1834,1663
1122,19
1601,54
327,1665
753,1642
719,131
150,154
1789,31
483,53
1350,99
466,39
1833,75
1281,1670
897,1693
1194,1693
1822,103
938,35
1751,71
870,132
1739,1671
1311,1672
692,86
657,1639
1617,39
1232,67
328,43
625,1665
1437,1632
1291,1760
7,37
445,66
1977,111
1724,26
1088,1666
1347,1679
1289,109
1549,97
1275,84
1788,63
27,110
390,70
155,85
217,1656
510,1675
1773,190
815,110
1083,96
1140,119
511,39
1069,77
1715,1639
121,89
1847,98
1602,89
1695,62
406,32
1096,68
1561,62
590,1630
1584,233
643,87
716,1671
700,28
493,100
538,1663
841,82
183,39
733,1680
683,77
520,633
900,1639
1537,86
392,98
145,1666
1859,95
1454,79
1627,43
301,233
961,1760
1542,80
536,1630
757,1760
561,61
1188,110
1517,80
139,99
1892,108
273,67
614,58
526,86
530,109
1941,1679
1066,75
1875,29
590,51
846,89
1737,28
1241,39
10,111
1690,138
461,1642
370,1
1897,1658
677,1680
400,104
970,70
1196,70
1144,239
282,68
228,54
342,42
1544,112
1412,638
1763,68
308,110
164,96
1803,71
1988,73
1199,56
1418,43
1425,1639
298,68
1683,1671
1509,106
504,59
52,107
1048,100
15,97
1234,1671
438,1092
550,1666
113,67
1287,1233
1923,37
1816,105
336,1673
773,70
1276,73
598,37
1815,96
310,43
1381,1666
206,104
260,190
1221,67
1477,233
1633,131
1431,1654
1325,37
1804,70
1606,190
1238,1680
1260,638
531,1654
1373,1667
534,1663
293,131
1161,1660
420,26
1750,114
1879,1760
919,32
1846,1665
963,26
1888,29
1321,26
1984,1632
1791,1807
231,89
470,105
436,41
146,1673
204,61
1825,1693
761,54
851,1672
693,79
972,58
555,98
1108,20
595,1233
483,95
412,65
931,93
750,131
163,39
1505,32
1752,31
1243,1658
509,42
1249,1807
907,53
1225,50
1043,23
475,23
537,16
871,1659
943,94
1207,23
822,51
821,638
1456,89
1287,1675
480,638
1555,33
1207,132
177,1672
1334,1698
805,42
1912,50
878,1630
738,31
758,90
188,60
1576,1663
45,1659
834,1642
892,1678
1341,89
631,633
1628,37
1368,41
672,1654
1477,1673
45,1676
1858,1672
1564,119
1085,84
1179,19
280,1807
1370,196
952,85
398,1675
207,1659
133,138
619,1675
1649,1660
1259,94
1597,106
753,95
830,37
1224,1670
1855,61
496,95
1515,1660
1539,94
1191,1657
838,1657
340,1660
1781,31
1086,69
1507,16
1348,1642
537,1663
437,33
899,138
532,1663
10,53
1207,154
1355,53
1461,1670
1876,1807
481,56
800,1760
670,96
1796,82
1520,67
532,1
1272,1658
165,1656
1130,1656
1628,59
1612,1680
1078,28
639,64
1544,26
1051,58
1621,20
1201,1641
22,56
669,41
565,104
1027,53
1580,69
1006,154
1442,1678
528,108
449,63
1444,42
1980,100
1067,43
1141,32
1456,1672
981,73
1372,1678
1373,77
567,58
1249,71
292,1698
496,77
868,1665
937,60
940,31
1019,1668
1019,638
1976,119
1426,104
513,107
330,95
1401,1630
781,196
377,24
1301,99
734,60
536,35
849,108
1530,71
1277,100
121,35
1299,638
603,29
426,70
1611,67
690,17
450,64
667,1641
1402,1670
963,1656
784,101
1780,1785
1357,1092
1220,1678
1806,1677
1420,82
1495,1678
528,90
1522,190
852,633
689,41
941,66
176,68
1005,1657
1117,41
238,1670
408,23
1531,37
543,35
1887,1642
1395,1660
919,138
519,58
1550,1630
152,28
1704,138
1962,56
698,43
494,1698
1130,86
11,1676
1170,87
1135,1677
949,154
1837,99
335,97
1496,89
1151,1233
174,33
999,190
1189,90
998,633
1445,32
781,71
130,1807
22,85
1112,105
1735,67
1682,77
1426,633
710,70
750,89
1981,95
612,90
1971,89
905,62
1830,1656
1337,35
1447,98
626,106
455,84
1728,1654
348,50
1553,73
1607,154
1739,1672
1775,62
317,1663
1262,103
1876,73
1198,53
874,105
752,1233
418,19
1674,132
455,1760
608,85
1789,1641
1217,1659
1828,59
253,1665
450,1676
1339,94
1801,31
516,53
148,111
424,101
995,1668
923,93
1633,54
1318,70
269,67
1747,58
1841,1
849,63
617,43
1480,103
1578,90
1602,68
185,87
791,51
1970,1654
1508,1673
1556,1667
1361,53
275,66
349,87
1792,1667
859,1660
1805,131
574,1667
1842,1679
1904,66
1699,1671
1316,39
1354,1092
1209,1233
521,105
1880,154
631,66
978,26
841,1668
415,633
364,23
628,110
1771,16
1403,26
822,90
1397,1666
933,77
1375,1676
1804,50
387,105
134,56
1935,82
1351,107
1923,1668
1429,83
1750,87
624,65
1068,132
899,83
1988,53
1661,1785
1475,154
767,70
1354,1797
1554,100
1739,32
892,111
1250,239
1105,26
1453,1632
479,33
1350,82
1886,32
1816,28
1563,79
1012,61
1750,1673
1331,1667
1543,1660
527,100
1815,109
1984,87
517,94
900,106
1114,58
374,59
857,19
214,1680
1768,19
1041,1659
1885,26
250,108
530,106
1747,105
1080,1680
1062,20
837,633
1006,1678
171,1807
283,1693
727,94
929,131
1227,36
970,71
1628,66
907,1658
1519,83
801,1693
201,19
918,94
1625,106
1406,1807
1132,110
322,95
1396,1675
113,66
45,51
1183,633
528,19
118,1665
161,1630
1563,93
294,104
155,1676
1280,1233
1501,65
1899,50
1255,86
1884,1670
1703,84
125,103
1157,112
1768,1
660,1698
1804,71
129,154
1093,24
299,1658
162,66
1854,1671
1272,85
1476,39
1096,131
856,82
1140,84
1722,1092
448,196
1726,1668
289,62
1766,19
453,1673
977,233
1810,79
46,36
1763,1665
949,67
330,1679
510,17
1253,53
22,29
1608,28
1058,37
466,107
545,94
214,99
1944,62
418,1660
187,79
337,1666
1410,99
275,1654
455,28
810,61
1363,65
813,32
924,37
428,66
1098,190
431,87
1930,1639
368,29
1128,95
1384,233
216,97
957,28
354,51
195,119
88,91
1925,109
1582,70
1362,29
1605,111
424,61
886,29
1167,1668
1594,1680
1017,83
1533,53
397,1659
838,35
1685,1668
453,79
474,196
1626,1680
1509,60
204,1673
1710,1630
1322,1639
440,59
1968,35
1844,638
669,86
872,94
376,35
1210,1668
952,86
1467,1673
236,1673
1869,110
413,1673
14,132
1088,71
1644,68
925,1656
236,131
1855,60
182,67
370,1657
1204,98
819,132
200,190
183,1667
1201,58
923,98
468,77
256,239
866,104
997,56
580,80
1594,1698
637,1
791,24
299,80
162,1660
838,29
487,65
878,132
1102,100
757,99
1625,39
515,91
1801,1676
1431,89
576,91
686,16
1111,95
725,1654
416,50
569,108
1101,101
1486,1659
666,68
1883,31
1352,1659
1848,1632
1370,70
1019,28
1795,59
1560,42
1706,1666
55,80
1087,39
1269,26
888,1233
1804,1639
1511,109
1063,62
1103,103
1748,104
665,53
243,33
1770,1654
11,103
1572,1642
357,233
1100,1
604,62
529,1660
1021,82
678,107
1486,132
1432,1659
226,42
461,59
1366,196
1700,90
173,1671
1372,59
160,1668
1376,62
1284,1675
813,1675
1849,1675
745,1
1629,93
1153,58
1655,119
272,1665
185,58
1288,233
487,119
1428,91
453,35
1007,1676
1068,66
1568,32
1475,64
211,17
1974,58
1407,239
1118,86
586,79
993,71
1192,99
1691,91
554,1092
1397,54
1711,20
1091,1
1880,16
524,24
528,91
771,1639
1876,68
385,94
578,103
1990,68
1831,90
159,132
1586,1797
1249,80
663,1678
1325,1671
250,71
784,633
839,29
1473,99
1771,196
333,98
981,1632
1279,1673
452,1668
269,80
441,65
1605,53
1308,91
161,66
1210,79
1925,196
553,110
1097,1641
263,1671
1206,51
603,106
124,79
1089,1673
825,20
329,31
1568,62
1976,1641
504,19
1136,80
140,33
1189,42
821,64
551,91
571,1657
1218,1642
1027,16
416,94
1286,1807
516,1665
1982,1656
1016,29
1242,97
1063,77
1022,87
1302,101
685,29
1738,87
298,1668
793,196
594,89
1424,1672
1829,1639
1687,1673
950,50
1305,33
1928,1660
1325,94
1110,138
1747,61
1801,111
1251,32
1401,1657
1223,62
1740,100
484,23
488,82
1780,51
768,36
1267,96
1655,91
221,1092
863,1667
1374,73
582,1665
1124,1678
1803,93
1302,1678
1549,1671
1822,1663
1635,100
1288,1679
291,69
352,85
1537,90
1279,69
1155,85
787,79
146,61
1269,95
1108,83
1410,61
1087,73
793,37
1188,1678
561,1
361,43
567,111
1238,94
8,132
155,87
1263,1785
1069,58
1052,1698
502,1641
1700,108
691,54
1462,107
1669,1
590,86
1303,633
441,93
1419,100
403,1660
1332,1667
1827,99
624,66
1824,69
704,42
1455,41
734,154
1108,131
497,103
115,1680
1606,1670
1770,138
1554,101
137,86
318,23
261,108
1685,99
251,80
432,1632
420,1657
1930,90
1401,104
1054,82
1957,1693
709,105
582,233
747,1092
642,50
327,108
1271,1641
980,1642
264,62
391,101
1741,29
1833,196
1736,1679
297,58
1134,62
1543,1676
495,70
1472,1797
1275,100
262,109
118,61
779,85
434,84
923,56
1629,20
1778,196
413,96
1089,105
1129,1092
556,16
532,89
881,1639
990,131
1987,1675
1149,96
690,71
706,1760
393,93
1082,43
1193,100
589,41
501,633
1683,1673
1557,58
305,60
1392,196
719,97
834,35
624,1785
982,107
1834,1760
288,67
978,108
428,77
1977,24
1560,112
1191,50
931,62
588,69
1345,1642
1605,1654
1703,87
913,1092
527,154
675,37
1896,87
739,64
222,1666
1848,154
584,233
1223,131
394,190
765,39
1338,65
1108,1693
1343,1676
302,32
1449,83
1824,97
282,84
1974,77
330,1676
1250,1
146,1671
5,58
1235,1667
922,100
1736,82
744,28
1175,51
1604,105
422,93
1694,1667
1900,90
1313,80
1876,19
1571,1639
1167,154
1828,1760
564,77
267,71
1081,93
340,1785
217,94
934,75
793,19
1228,1233
307,77
1342,39
280,105
816,107
1039,77
483,1676
465,83
1246,1667
1248,110
1254,20
684,50
745,36
748,23
714,131
1140,91
1948,50
721,51
1933,1698
1456,42
1790,53
1987,1639
1664,1666
842,190
147,70
1527,1675
1714,1678
565,100
1172,60
1283,83
1047,26
1471,64
1681,68
338,32
1651,28
1563,56
509,73
1364,1675
774,1667
250,1677
736,98
1842,32
1036,111
1134,1680
789,73
133,1807
923,1673
1579,70
197,1672
128,59
1970,633
1328,132
1951,100
1261,1668
1166,82
688,35
768,1233
1247,109
129,1641
1730,89
956,90
1163,82
613,23
1385,70
281,1642
1887,29
1432,17
1377,1680
1567,37
996,112
1425,1698
1168,1659
365,95
369,100
1529,106
247,95
1629,1693
802,1672
1543,77
681,1641
1504,1676
1273,109
1732,154
1152,1642
246,1675
790,1630
753,79
536,1641
771,1656
1782,190
149,26
631,106
300,90
1544,1663
1534,1675
485,1678
253,86
1916,77
1238,33
1832,1680
586,1672
897,89
1250,1641
1636,35
371,1675
847,1658
1038,107
657,60
1135,1657
1143,1654
168,31
738,33
1459,67
339,86
727,1
1374,82
1304,42
1638,101
700,101
130,71
571,1642
1219,70
9,69
1337,23
1047,62
459,101
1380,1679
619,1641
392,42
213,94
1208,1656
969,190
241,1657
1270,1672
869,1673
1596,68
1617,73
234,196
271,633
1709,633
537,83
772,68
1643,99
1204,71
542,1642
1043,67
821,1675
527,1092
454,58
1396,17
347,28
550,1797
601,1675
10,68
1441,1676
198,63
1007,33
1223,75
1740,119
713,1670
1689,105
1784,41
1638,132
532,1676
738,51
121,51
1439,1797
1330,1659
1830,64
1689,26
1371,1671
808,61
1358,239
1604,131
1212,1659
226,1698
593,87
1186,36
1907,82
345,190
1411,99
454,1670
882,111
815,1675
139,154
1428,1660
1944,119
914,1630
1711,37
405,51
815,1656
561,1641
1051,1676
38,85
1053,86
604,108
964,1665
608,87
1855,65
717,1675
1080,91
13,154
947,36
1925,19
113,1666
1747,79
1914,638
1609,82
511,50
447,108
305,1667
273,633
254,638
245,1807
1099,196
1473,1807
137,43
1495,32
986,16
1584,77
898,36
989,101
723,73
1202,86
392,119
1387,94
1873,33
782,1656
951,41
1766,1630
1512,71
1901,1641
945,80
1413,31
756,54
4,51
44,154
1832,31
1560,132
1463,35
608,101
273,86
78,73
1477,131
1190,1092
1194,17
1929,66
776,138
1191,1680
74,29
1952,28
81,69
1555,105
356,73
1352,66
487,59
1107,1668
610,42
40,20
925,99
1513,1797
140,119
1887,85
312,94
493,97
1418,36
1714,1785
1988,70
744,33
835,138
619,73
1540,17
844,196
113,86
1843,64
1533,1658
301,85
708,1665
585,90
1542,196
1926,39
1710,638
795,1807
117,1665
1292,89
191,1658
1242,66
317,1665
1637,91
1366,35
48,75
617,1760
411,33
1703,1676
1643,61
1528,68
705,69
124,1671
684,79
523,75
687,66
1387,1672
1740,58
964,239
1634,1675
734,107
981,1670
1756,154
1042,94
1425,110
488,79
199,1807
828,107
721,103
353,77
342,41
470,82
878,79
312,108
443,60
1458,65
416,26
1713,1639
989,73
1856,1656
1273,70
557,1797
1758,95
230,119
1337,79
1121,138
1868,1693
1969,1672
1353,79
1283,1632
934,94
1306,95
297,43
478,106
442,1092
1014,1660
1703,86
769,63
1399,63
1490,1679
1922,20
1579,93
684,61
1757,80
859,33
553,20
1823,69
481,17
1385,105
171,35
1847,67
118,1092
529,35
288,1797
1083,1668
1709,94
518,79
1697,638
1199,90
1327,17
1626,1676
959,43
1956,1639
211,105
1763,1667
1189,16
1082,58
1631,39
1579,1672
1085,95
935,50
1254,638
1967,97
204,56
480,70
652,190
160,190
604,1671
1822,33
832,1760
1441,26
891,79
1705,67
947,1659
514,42
200,1672
1623,79
1326,53
1919,94
427,1657
213,24
877,1
496,36
611,1665
265,1641
1043,24
1960,190
125,119
1004,132
1339,43
1490,1665
668,83
1514,95
1976,94
1298,54
1207,16
505,75
1652,1667
937,86
209,85
762,37
501,63
1847,32
855,1670
842,1673
3,101
1841,79
167,84
188,63
1277,93
1352,108
669,1630
1133,131
344,1659
1195,1632
1623,1632
1402,100
727,1665
579,61
1846,107
446,100
1203,109
1813,82
1078,1
383,1675
1897,65
794,58
1152,50
1448,19
1538,1658
1940,58
1173,1785
882,1698
682,80
517,17
1180,1667
1476,1658
1835,53
1484,93
1856,94
625,26
732,96
402,1663
1895,1667
1221,36
1610,69
1775,1677
345,1663
1408,633
766,131
1764,100
1524,107
367,60
1788,98
1127,190
1115,1630
1083,60
684,33
373,86
212,84
983,119
785,20
1945,58
1287,95
1078,96
909,107
1489,39
996,1797
1682,100
1742,58
415,119
308,83
1434,1657
1058,71
637,1670
1685,154
126,1807
1786,67
1839,63
1822,29
1401,39
1644,37
1701,58
392,61
815,1639
1795,61
1461,1233
716,86
1893,104
521,64
1878,1666
1383,32
1704,97
362,1670
1616,1693
1450,79
971,96
1453,50
1734,77
530,33
1446,19
992,1654
1838,95
222,53
1364,1656
1776,1698
836,91
1042,132
141,17
641,83
674,1654
829,100
1578,101
1851,65
1843,1233
1576,1630
1444,1656
915,138
1432,96
1000,98
906,1233
375,106
1283,33
790,1807
1396,1630
608,1639
1058,89
1135,101
1691,93
202,1663
1215,29
1514,1670
156,28
284,73
388,1667
1842,114
442,39
1826,1785
1460,1233
1295,58
323,1666
203,1668
879,1657
1586,111
1983,105
21,97
78,114
663,1672
1078,1797
1221,24
1576,41
1312,1670
1745,1656
1021,98
1744,85
530,19
1485,1641
1768,91
862,196
518,1678
923,64
279,36
321,1656
1079,31
1317,1670
365,1679
617,62
1430,1630
295,53
278,87
498,131
1628,107
1652,97
1964,101
1729,114
808,62
163,1641
18,1670
557,1693
935,101
478,638
1240,33
1458,59
1058,107
1762,109
675,1673
1155,105
986,190
362,110
551,42
1437,1785
650,1693
1074,107
1826,100
1990,37
210,42
615,73
284,95
1783,1654
127,1797
1326,109
800,37
184,1632
1142,1663
1127,67
9,1807
1885,51
893,73
1100,39
1043,80
661,67
819,97
731,131
912,1639
1958,1678
909,1675
1893,1641
1160,99
1419,104
502,1676
1649,75
341,1630
406,42
1293,138
1096,90
209,1092
1649,36
1652,119
910,1642
1598,239
1023,39
895,104
1329,638
1425,1663
1722,101
1420,1663
821,80
989,100
1930,86
698,1660
1751,67
1859,1673
1134,67
1779,138
1688,75
1745,110
695,39
1839,1658
456,100
1286,1678
1256,77
425,1
1345,1676
1498,1658
1793,1658
1440,1656
74,1678
1342,31
1011,99
594,73
1180,1658
1629,239
1039,101
1001,89
968,110
1446,41
1764,60
533,26
860,132
590,37
185,132
957,84
1542,1657
1248,37
752,58
1007,68
829,154
1823,96
498,84
1023,68
1985,91
386,33
1006,119
1765,1672
1546,1666
538,1659
1864,77
784,35
362,51
1304,132
708,1666
447,638
1812,100
743,43
1541,1672
1889,1663
398,60
1859,67
1377,70
554,65
591,196
1554,638
1164,28
759,24
1255,93
1576,100
1536,29
547,98
550,29
1892,104
1786,1665
644,82
712,50
1727,190
888,1663
333,54
1901,119
1294,95
392,1698
895,1092
1706,103
587,233
1945,83
788,94
1433,1785
861,1632
1452,69
1787,112
1271,131
1573,1659
552,239
474,239
540,1668
1806,37
204,1632
235,1660
1193,106
975,100
1497,1654
1757,1658
177,239
730,79
740,36
244,1
958,119
1971,132
1954,84
652,24
1701,19
247,20
1190,1666
783,104
1674,119
773,66
921,73
615,99
998,105
267,75
910,101
217,82
1585,1675
1178,99
1285,39
1095,1680
287,1667
236,41
1453,108
337,28
1207,29
1140,32
880,28
184,1785
219,16
1629,100
856,85
982,1667
1338,79
74,62
1965,98
422,1660
231,196
416,1233
1763,233
768,16
1230,64
1709,93
751,103
460,60
1752,1642
1516,1667
852,112
768,1659
1036,1670
575,26
831,108
1155,16
415,35
398,105
1212,71
1253,131
1608,110
248,82
1024,239
870,86
320,1630
1909,83
1378,1693
165,132
1225,54
1464,196
1046,36
1600,70
681,190
1161,100
461,20
3,1658
1776,1671
1100,111
1083,33
1945,190
1412,51
1548,109
556,103
847,1632
745,42
1409,73
820,1670
1692,154
1783,91
774,69
1587,1672
1095,53
1352,109
1239,1663
761,91
1752,1656
1132,62
690,105
1907,106
1193,70
714,99
455,233
440,62
130,16
848,75
1843,60
137,98
826,1672
1819,1233
1637,1658
187,94
1384,60
653,1641
615,54
1222,90
588,20
759,93
1242,41
1464,99
1781,106
435,99
200,82
1856,95
864,41
1860,1665
576,1693
1381,1698
1936,39
668,51
775,100
1650,1680
1039,93
913,77
511,106
1024,1679
926,99
855,75
289,110
313,96
1459,119
191,67
1153,94
1193,39
182,1666
1509,43
277,1654
889,24
1611,73
892,35
912,33
839,638
892,1807
1568,132
311,33
1078,131
1135,86
1779,50
1101,98
642,73
1926,93
76,103
1806,1671
524,101
1002,59
1064,50
1518,53
1487,80
1012,112
578,16
1297,1672
266,196
1158,1663
1230,1670
496,65
170,1656
995,105
1164,36
466,1641
1703,107
950,85
1603,1797
240,70
1218,83
318,1641
1558,111
1120,71
1710,154
813,1672
631,1665
684,16
1153,63
1979,119
1064,1678
181,58
1806,114
707,94
281,1658
999,132
966,87
277,1656
174,138
1189,37
1118,85
284,1807
466,60
1869,190
1320,59
270,98
1517,1663
1377,190
1030,16
256,1666
1240,1630
1454,42
1617,62
1681,1667
1899,110
206,53
1299,62
675,110
1155,1678
771,1785
310,23
708,1092
1043,69
1747,67
256,95
279,39
559,239
1962,36
1911,75
1622,26
1308,86
1373,1656
286,1092
1837,95
699,1641
936,101
932,1630
1257,109
1628,100
546,1670
1990,1693
140,77
1652,98
358,1642
1485,69
1857,36
78,1665
1147,1642
1112,109
922,43
566,1642
766,1656
507,35
1710,1675
1503,1675
1547,39
1840,43
790,98
629,58
459,132
616,1
814,100
1387,98
871,77
1651,91
1044,43
1563,103
1946,1675
998,80
1279,33
1081,42
217,107
1886,1807
378,1659
804,233
146,89
888,90
1738,82
1349,51
1704,94
1037,1642
297,108
186,1807
742,36
390,73
836,41
1575,64
601,62
607,112
333,17
1152,1797
1188,1657
1801,108
862,70
738,80
560,42
997,75
1901,35
1015,1660
724,1663
1851,108
305,1665
694,1807
1940,1675
1270,1092
1260,60
1867,108
1962,1698
507,64
1891,98
437,1679
895,1676
565,41
1482,85
857,1678
1584,79
1125,33
439,70
1387,80
656,112
1779,28
1155,86
1100,1659
650,1676
1135,233
113,132
1470,70
1235,85
1271,110
521,1092
1261,84
468,17
840,90
1463,82
1265,17
291,1666
458,43
167,1665
335,1663
1868,83
983,73
413,107
1962,24
628,1660
1602,35
1523,108
1750,107
1918,39
1938,33
