1197,1656
150,1233
1072,67
1509,99
298,95
1480,1667
1557,53
146,42
1323,112
1556,98
1731,28
1423,1678
165,112
701,1642
1764,35
696,1693
1479,32
1706,100
752,41
1911,61
1948,41
1247,1785
1317,86
1433,1641
610,58
225,24
1991,26
1726,1641
74,239
1621,105
1525,132
1492,51
467,1632
908,28
486,112
1482,73
287,97
792,1233
281,56
1884,1660
837,19
713,29
1192,62
1047,96
978,107
1094,69
728,638
931,35
1377,87
240,1092
475,239
722,100
556,1656
432,154
1467,66
255,1760
454,1807
580,233
1041,1641
1234,90
1149,1657
1823,71
336,100
1591,43
1045,67
623,43
934,1666
1567,66
1495,103
976,35
1708,43
1467,1663
740,43
1370,110
531,16
351,91
631,131
1356,28
1546,60
368,17
1128,67
1717,53
1345,1657
981,33
1579,60
839,71
240,91
611,60
1774,41
326,41
1858,28
151,54
886,17
1901,90
1920,1639
1545,94
255,98
707,1807
268,65
1857,77
971,1666
1052,233
1492,87
814,63
963,1667
1515,94
1397,94
1880,56
372,83
1793,1671
524,112
1098,93
1444,33
55,94
244,1785
922,1659
499,80
547,190
1724,104
234,239
514,1665
911,1665
732,98
1960,31
756,104
1127,43
903,29
1093,87
11,109
1534,59
1177,132
1608,1632
816,28
1083,62
1230,131
1871,190
944,1807
1082,109
589,107
497,83
1662,96
872,33
1813,98
180,96
1229,91
1158,89
171,1659
242,233
730,50
948,109
1806,1668
1661,41
1826,94
1015,87
264,106
1523,1632
1333,239
914,111
991,111
1076,54
27,59
1745,1693
654,196
1479,91
1483,28
354,1654
559,73
1223,86
249,104
13,85
1135,1658
1028,64
606,108
572,196
420,41
3,67
302,77
1653,1630
535,33
994,1797
927,1639
806,1660
889,154
908,36
1249,1630
662,31
262,1693
1270,1679
1588,1660
874,96
72,58
182,35
1960,138
209,16
1258,29
1633,63
1049,94
853,1672
669,1665
1979,132
1395,77
1837,94
240,1785
1025,1698
124,75
1927,109
952,1658
1567,26
1859,1663
1864,83
1000,82
1263,51
1836,41
1361,79
1769,90
1239,42
636,93
516,1677
626,103
1484,1663
1898,1665
702,35
214,1673
1707,58
1214,94
772,53
368,89
1342,19
544,60
240,99
705,239
407,99
1422,58
1247,35
263,1632
728,39
1706,16
1433,1676
211,64
1877,58
576,26
1739,41
1981,108
1947,36
153,104
1350,101
1535,43
1316,1673
1196,1659
1216,89
591,67
941,16
925,1675
1774,1676
102,20
1876,1672
92,26
1913,104
827,105
1235,84
793,41
1306,70
310,65
1353,33
414,35
789,29
778,1658
359,1693
1268,59
830,1658
1539,1654
1538,95
1421,1657
745,66
584,64
494,111
427,82
1153,20
1107,1673
403,29
9,1642
1652,71
683,50
1253,28
1480,1668
565,58
1547,66
134,633
435,1630
479,1665
1664,85
914,36
1128,104
296,1671
506,108
1393,68
1157,154
458,90
1143,33
923,60
47,1680
657,104
341,1679
363,75
1066,196
1160,1
1493,131
1119,89
1378,69
1645,1
1739,68
1061,1676
1692,86
164,110
1923,154
1448,58
989,70
719,109
1752,104
652,26
742,1642
1689,1657
442,106
1349,119
561,1668
1748,67
1971,1680
1842,56
557,36
1175,1676
628,79
632,138
826,54
1197,101
1201,98
640,190
1817,104
1523,75
1969,101
1254,233
1343,1672
1196,50
423,138
811,101
1172,42
204,138
388,65
375,1671
1042,1642
779,1680
1009,61
1281,1639
1067,82
492,28
368,97
1133,94
1043,138
1801,90
1929,109
1288,99
1416,56
795,85
1829,1676
979,1668
1588,37
1934,73
1972,132
1460,1668
1459,107
1317,73
895,93
812,1671
1274,54
353,110
1863,50
1095,196
1193,1680
587,1665
216,1698
881,1680
1289,633
386,132
639,41
1283,87
1340,28
1583,64
1914,105
391,42
183,132
957,1233
1805,87
1074,35
1644,65
1154,75
1799,633
1909,35
1913,32
1586,70
1714,19
1221,33
1956,84
746,67
1710,31
115,16
134,106
1170,1092
465,65
519,93
1571,196
1629,70
1965,68
1879,1666
1328,23
613,19
1406,1660
1823,58
1304,32
953,54
1238,633
1050,1663
1276,1639
1243,66
178,638
1517,1675
1543,73
76,97
1260,1671
1370,67
1736,1660
1694,94
541,154
1356,1
1855,41
1983,100
1413,70
596,638
1077,233
250,62
957,59
279,19
1018,59
1426,98
681,41
1578,96
487,29
1520,24
368,1671
1506,71
791,37
1734,1639
1056,154
1041,91
382,239
993,90
1192,104
676,89
1934,1698
352,61
1016,20
1054,1693
1373,89
1178,89
594,96
1932,66
390,93
134,86
1278,89
466,638
1144,93
903,1658
1132,1670
637,32
768,43
309,69
1695,67
1898,93
1220,97
959,31
615,1641
1584,196
593,75
1989,1671
1736,31
689,1656
214,61
551,86
1471,1
551,39
1694,43
1404,91
672,132
1938,1641
270,29
1849,51
217,154
1727,54
364,31
1788,32
478,19
1799,1658
1200,1672
880,84
611,196
1256,1679
795,29
410,53
487,1
1445,75
791,73
1321,70
1184,1654
791,190
582,97
167,1233
230,79
1270,1657
120,101
139,29
1719,1785
1870,1663
1728,84
276,65
1383,196
855,1659
291,1668
755,107
195,32
554,1657
1285,638
1837,65
495,1666
522,106
389,17
1144,1667
612,100
1185,132
249,1658
783,103
911,82
1674,64
327,107
1917,1658
904,132
193,67
655,89
839,93
273,68
1754,84
472,1680
592,1665
1284,28
1180,93
341,1663
146,1663
842,1760
990,132
1702,73
1264,37
433,233
677,1642
345,1233
128,633
1145,1658
1711,90
908,1665
871,97
1027,97
992,70
542,638
1724,70
1344,1654
487,638
349,633
1490,1675
262,80
1352,132
1761,56
1140,35
209,95
585,1668
987,104
1328,108
1257,154
1912,154
403,56
1115,50
1614,24
1733,1654
1309,110
891,67
1370,108
341,110
914,1698
156,85
270,1665
527,70
621,103
1546,58
588,112
1366,67
1476,1671
1356,109
240,93
407,53
1612,190
526,53
994,29
1237,79
1493,53
1351,59
1913,1658
1783,84
460,1092
206,1632
339,65
292,73
971,1668
169,1666
319,1680
1739,99
1759,108
1819,56
719,64
615,51
356,1658
1294,1658
1410,79
1401,138
1866,68
1704,119
139,37
1944,1670
567,61
243,89
1710,28
810,1233
1258,39
1558,80
1022,1672
751,23
1358,101
849,107
925,39
674,233
1732,112
575,59
541,119
392,82
1637,1641
1209,70
1053,77
832,1663
1556,36
797,1807
1019,131
1138,119
712,1785
146,131
496,68
1697,90
1915,1657
1845,66
1167,106
1517,17
711,94
1578,1659
407,89
320,33
397,99
1379,65
809,99
667,77
192,107
1991,79
1625,59
648,1693
613,1807
264,1670
1277,1092
1967,23
1880,103
409,56
979,26
429,69
1809,1665
514,109
1472,233
927,107
1923,98
536,1660
1164,70
139,65
1101,1693
1174,43
384,104
1453,32
1931,1680
1832,1667
1828,60
390,82
290,94
661,61
1808,64
1244,90
452,1666
1979,41
1334,1760
219,93
1177,23
1069,97
1747,53
352,1658
688,196
1116,28
660,106
238,90
1309,1667
1116,1639
516,1641
735,1639
935,97
133,39
563,1678
720,83
1239,36
545,24
1614,80
639,1092
413,1657
1489,1678
474,1657
625,1679
1366,24
1260,1659
1707,60
269,154
1434,1092
540,59
323,1797
236,98
1133,37
1426,71
655,1675
701,89
1057,1693
1166,61
748,84
1950,1693
1810,112
690,93
912,239
1725,131
842,96
1023,35
1782,1632
225,98
291,75
1583,138
476,85
187,42
1863,138
55,19
1645,1698
116,99
1166,1657
373,1660
257,73
1306,68
149,75
1255,43
259,1671
1446,1092
860,17
78,82
263,196
1781,1668
1339,101
1504,36
1728,196
1103,196
688,17
1605,19
1970,1680
746,1678
646,41
1418,94
613,42
1314,31
858,131
1290,20
1381,85
76,91
1054,84
321,132
1924,1658
1893,91
1802,26
354,196
598,35
435,61
1295,104
715,82
644,94
1090,58
1204,54
1497,36
1422,101
967,1676
145,1
685,1671
1905,112
548,1665
1924,190
1576,1675
1042,91
457,17
832,99
1075,33
838,73
842,132
1963,638
1682,154
1867,154
547,1693
187,54
300,239
871,96
1829,42
1022,20
1168,58
48,239
416,1667
1724,71
571,29
1585,1679
1748,77
1771,100
1899,43
722,99
746,109
1026,43
253,43
1395,1676
1311,94
1794,36
1395,233
256,26
143,1666
1201,96
281,633
1594,1673
195,31
859,36
1049,20
1159,43
366,84
295,104
1573,1641
727,101
1721,1659
1314,35
887,1679
1974,71
271,112
1840,103
5,36
1310,79
874,1233
1755,1656
52,65
180,62
1649,1658
412,89
517,42
645,101
1570,50
887,54
635,89
156,86
1613,112
378,85
1342,41
169,86
947,99
587,56
1925,86
1958,1659
933,28
1905,28
1588,39
758,82
1056,112
1530,43
1496,119
924,1760
1460,1670
1623,1663
1682,111
1702,106
653,111
582,31
1961,60
231,71
1819,138
1554,1673
415,29
969,59
1216,20
372,94
652,56
509,67
1012,110
191,1675
1866,69
254,233
917,29
1036,101
1513,1668
1225,36
604,39
1216,1693
384,60
1197,54
1183,103
586,633
1177,58
247,1670
319,53
1851,54
1444,1760
1699,106
869,103
670,104
157,43
1519,29
1006,64
1585,119
1367,89
859,1675
602,68
911,100
398,73
1089,638
1158,239
398,1693
996,1632
1013,1678
217,19
199,103
798,633
786,33
984,1663
1621,1657
1697,89
1643,1797
668,29
279,1672
1831,50
530,26
1446,20
550,89
1161,132
371,1760
444,108
1646,23
1133,64
785,104
269,87
1958,1639
1217,109
815,60
539,54
832,60
1645,54
1939,1663
1262,638
359,33
1146,31
1070,1665
834,1785
912,19
960,1659
1401,75
489,233
1434,43
630,1670
1923,101
187,239
742,95
1919,111
304,1
1433,98
404,100
557,106
390,83
256,83
518,1667
134,84
627,75
1552,70
1456,107
1134,638
1045,23
571,1680
1031,36
57,26
1695,77
1715,1667
202,1672
1505,1667
1198,1630
496,1673
797,95
892,67
1708,95
1741,1660
1449,1092
702,196
449,98
1019,64
659,19
1926,61
202,1642
1584,36
341,37
749,104
217,111
292,1663
303,89
431,20
1831,65
472,91
383,1807
1569,1670
1096,1660
374,70
1192,1659
179,84
1982,70
165,41
786,1659
1321,1630
1555,97
724,1659
936,87
349,62
325,53
1486,1678
329,50
1448,65
1981,105
1782,1680
372,103
1293,103
709,96
1624,73
186,239
1108,90
395,105
1749,1667
1430,51
557,61
567,100
846,37
477,1630
44,39
1633,239
1021,1
826,17
1757,70
1033,1666
627,39
849,33
464,65
835,82
641,1641
488,71
721,111
1346,1658
1495,95
1813,54
681,1673
1927,82
369,85
1860,119
1736,61
1722,112
1664,1630
1559,1671
1746,138
616,97
1095,1659
1651,59
983,1673
398,1
1268,1641
1134,86
1043,1641
800,70
378,62
1356,75
1268,1807
1271,1668
407,19
767,1673
843,233
1986,97
1345,111
279,85
1972,60
1119,53
491,19
1854,56
610,71
1200,1797
1530,20
192,84
1925,1639
1551,233
761,51
946,1659
691,1668
1155,41
419,61
1839,19
1587,42
1330,1
1762,28
642,31
1491,110
1810,1670
1174,97
823,77
1306,89
1633,154
789,62
1510,24
743,1675
1315,26
712,37
347,90
920,50
1979,80
470,132
185,20
313,79
1885,1658
1884,83
546,39
603,58
1923,1657
1267,83
1068,96
831,26
1817,1659
1894,1659
436,50
184,75
776,1679
1694,1659
1736,89
1729,1092
1470,1642
137,196
288,104
877,106
1285,131
8,119
1067,87
1450,85
1527,65
1265,82
1356,111
352,633
885,1665
1266,1680
1064,638
1858,24
578,1678
1972,16
249,80
979,1673
1866,1678
980,73
410,107
745,1092
164,62
328,1668
586,83
1763,107
851,77
781,1630
814,67
1468,196
311,95
187,85
1031,1663
1583,50
978,75
892,1233
1107,90
1070,82
1534,63
862,1092
1526,1667
1514,75
1244,112
1291,1
1912,73
187,1678
541,1663
1428,93
1304,35
1571,39
1245,1660
180,108
1160,1698
1115,16
1465,65
1517,1672
1522,50
1105,90
392,35
1081,17
1232,99
203,99
1252,110
981,80
1423,105
1617,80
1380,138
1591,1660
47,67
654,89
906,1671
1915,132
258,1666
1151,1630
1947,1665
862,111
1473,26
781,1807
1227,23
553,100
1038,29
1213,73
716,1639
535,61
1754,1667
1146,28
1482,58
979,28
999,97
256,1671
1455,1670
1848,1654
709,28
149,53
1496,1680
537,84
1474,1807
1439,95
1956,75
1954,1233
343,80
641,54
1201,94
775,71
229,89
308,1668
1069,95
731,56
1908,98
707,51
1405,56
393,63
1361,50
1054,239
1907,91
658,1668
1125,58
905,37
294,75
690,1668
1869,60
1489,1676
1378,633
554,87
1707,62
307,29
625,42
678,60
435,80
165,71
1892,114
914,79
854,1673
764,1807
1192,1660
621,190
994,80
1527,190
928,1658
377,82
696,1670
863,1658
1838,1670
1288,62
1622,41
1170,190
1800,89
1341,39
610,19
1755,633
174,56
1516,83
676,154
1763,82
1041,68
566,1657
847,64
372,96
1905,1698
1270,1660
1145,105
25,42
1420,111
428,97
1227,1663
1909,119
78,33
1956,24
1123,1679
188,1092
1781,1666
471,1807
1804,43
684,80
313,50
1476,91
1980,1807
1334,41
1045,42
640,69
751,73
185,104
1324,1658
493,90
375,90
1559,1670
402,42
545,58
1019,111
983,1672
455,51
1313,61
193,64
1266,119
1285,63
478,99
967,1785
1599,24
738,1659
1636,19
1640,86
1683,66
1350,1785
1351,80
819,67
1282,1657
1390,1678
1598,83
677,97
587,239
610,68
1363,638
314,633
620,109
268,90
1075,35
1169,90
676,190
1061,1672
1631,79
737,41
798,1656
591,35
1644,89
334,56
870,94
917,104
1011,69
465,89
1558,75
1761,61
125,239
205,23
1552,112
1794,1673
1242,1658
942,1668
1063,1656
1159,37
1334,53
1102,17
1927,32
951,1663
811,89
497,59
926,1670
1186,103
1058,58
730,91
693,85
52,67
398,1671
877,105
1985,1630
527,67
1521,94
1358,1659
1417,107
354,89
961,39
317,67
1476,1666
1161,110
246,90
1774,50
178,154
197,1678
1806,233
1014,95
890,89
877,1665
834,1632
781,39
1003,91
610,1679
1861,1672
259,1797
1574,39
1867,43
1131,1675
1285,1656
1525,99
466,82
676,33
514,132
1553,105
173,89
1583,61
428,41
1539,59
263,104
1316,96
1857,1676
21,86
1255,109
464,1665
1653,42
643,1639
1400,64
115,20
775,98
838,1670
1723,1656
556,83
1813,1639
167,67
1704,1666
1277,104
1405,19
124,60
1864,60
1133,1641
925,36
1245,1659
616,43
1811,1668
323,1663
1229,39
952,109
1220,1666
260,84
1917,154
887,103
1370,79
1081,16
345,68
753,71
1603,119
1983,19
521,73
530,24
1744,94
344,59
491,1760
1443,1092
1636,43
875,1670
383,75
1379,66
994,60
795,53
501,28
212,97
832,62
1530,77
1060,638
1388,35
1067,638
591,1632
1948,1632
1303,59
481,1630
1293,65
1047,54
653,1671
1648,85
267,56
1852,71
1141,56
153,1693
1842,109
1951,1693
793,80
903,239
1383,79
1060,50
139,66
1316,132
746,16
618,86
373,1671
1197,24
1572,36
912,1632
533,112
6,16
11,1670
727,190
1723,33
1945,31
593,62
1727,638
194,50
1614,36
1604,26
1732,87
1239,33
412,108
141,1642
1926,51
1987,35
849,1671
1775,64
726,79
692,75
1336,239
1963,58
1484,31
625,1676
1949,99
421,91
125,1233
1674,138
721,1630
1208,24
38,1659
583,1
255,80
1602,43
468,239
1924,84
990,1656
1824,64
1109,58
1553,1670
1752,1671
1759,16
1729,69
1359,1670
716,1668
1765,1679
1550,85
225,103
596,82
420,1660
1876,131
1165,90
500,94
743,50
230,67
1577,42
1587,65
178,1657
1212,138
827,108
939,1654
1255,36
1292,50
135,101
176,26
209,1657
418,59
740,1642
1936,101
1828,83
1296,196
1435,1675
942,1641
1537,1675
896,65
437,111
1222,1632
712,233
560,1657
1571,17
204,1641
616,1657
1870,63
1831,1807
1604,239
1643,1667
318,28
1594,69
1393,1676
1732,75
388,106
270,82
810,79
1384,104
696,42
592,1639
165,233
525,1657
1299,110
1764,90
729,87
1342,131
805,59
1773,54
1811,233
268,91
606,41
1692,60
350,1658
946,1657
1132,96
1002,1657
1344,112
1184,1797
372,69
445,1807
1430,98
200,1666
277,54
1644,90
1970,111
139,61
1724,66
1235,119
170,1693
630,1663
172,67
618,31
6,190
1207,26
451,29
896,190
1582,66
219,105
1709,1632
1733,62
1867,1092
983,107
1280,1656
1318,1679
1689,41
1709,86
1068,98
204,1677
1756,23
1280,1670
1799,101
1860,85
1219,103
703,94
750,31
1566,131
592,73
1790,1673
1042,1639
321,101
1067,56
351,65
1902,138
1566,1673
297,29
796,97
326,35
376,1760
1834,31
747,1639
752,75
710,1641
1934,82
453,53
1696,67
1550,98
1540,1672
534,64
1691,1693
1583,60
941,83
300,93
1316,97
1154,68
234,233
1558,1630
464,1666
1467,100
357,1666
1828,107
1063,1678
1871,23
0,79
6,53
1059,63
1533,108
252,106
1722,71
1499,66
214,42
1172,100
1158,83
1769,96
868,51
1025,1658
1518,77
1323,33
1384,17
726,32
1816,94
910,90
991,85
833,95
672,91
601,43
1778,1807
165,50
225,1807
407,85
320,37
175,233
1799,1698
667,65
1311,1092
771,63
457,93
814,131
1331,23
1070,1668
1819,107
1833,91
1762,83
1397,60
1553,84
591,1665
1224,1630
1960,82
1501,110
1302,97
1430,42
1359,112
1913,86
206,60
964,1668
1728,77
1606,98
1186,633
1372,108
1305,93
347,23
1509,1797
590,64
474,1
228,16
512,37
1889,1673
1788,633
1685,85
785,1660
1300,53
821,86
1870,83
369,63
1437,108
10,1665
1338,1671
1779,23
810,104
1647,20
1390,39
1674,56
1057,42
598,138
1731,1666
496,100
1916,106
1261,91
526,70
236,94
933,64
867,196
577,62
1844,110
1923,633
1984,633
1987,638
1950,1654
1901,28
263,1630
272,51
129,1630
936,90
630,84
1203,60
980,131
676,132
1606,1666
504,43
12,60
439,95
1226,89
1192,73
1430,71
1284,633
1249,1660
955,37
183,90
1397,16
277,17
813,63
1573,61
1296,39
998,69
391,105
395,106
1852,100
452,105
1909,1665
561,63
689,66
1555,1679
615,196
1026,67
675,51
1988,1675
1824,1660
1386,37
891,1665
471,61
1033,1671
792,19
499,1673
1927,62
1508,1698
232,79
1162,71
336,1641
1355,1658
308,19
862,1630
720,1807
1508,84
479,42
1688,50
622,62
146,37
1859,75
1238,132
759,99
1755,106
1725,1678
332,1679
631,37
578,83
1171,58
1218,99
1868,233
362,1641
1412,71
1695,1668
478,131
279,86
1190,84
630,1
1223,20
797,1670
1317,95
1122,233
1948,1675
292,82
1948,87
201,24
1550,54
1240,19
582,70
305,42
1136,100
1681,86
372,70
652,16
1212,56
220,50
675,94
1070,53
1481,154
1653,84
1514,82
469,1663
986,1675
451,28
1609,103
1513,154
1207,138
917,1660
1619,58
973,16
1527,1641
792,111
1352,103
892,1676
1984,1660
1096,108
1391,63
1944,154
1799,100
147,66
9,37
1614,29
1584,16
184,61
773,43
1181,190
351,51
1470,1641
1920,50
783,70
1191,69
345,110
18,60
810,32
1623,70
893,1693
472,103
1281,1657
1774,65
1251,132
27,84
1440,53
943,98
1579,66
772,154
1223,107
1545,71
1331,58
353,96
2,63
150,239
975,64
1900,51
1611,32
1340,26
524,111
432,95
1762,63
1588,1639
1292,100
1062,1658
1720,1670
1406,233
251,633
1410,1630
1889,17
1906,1233
415,1680
873,70
926,107
1518,1665
313,104
921,1641
360,77
965,1680
797,119
1422,1658
1448,1233
1263,36
1229,84
1357,31
1010,138
1253,94
1897,58
398,77
1177,1658
1220,1676
410,1639
1142,1785
985,26
896,1233
1124,35
480,1630
283,61
145,60
880,1667
226,33
1422,33
1298,19
1854,100
1911,77
330,67
1787,67
815,56
553,105
852,51
487,104
1117,1797
1946,633
1834,131
557,1698
1273,1663
1776,190
1973,1660
932,90
1819,106
1340,79
500,68
1762,80
311,1680
1037,1678
1330,196
567,239
884,17
1154,41
1524,33
253,1667
1254,73
1552,43
1309,1660
1906,1092
1158,1667
365,1670
1415,112
1951,66
1130,90
252,24
646,70
442,1632
208,94
1571,119
1595,109
214,196
470,50
593,77
1418,54
446,59
213,1632
603,1797
473,104
901,190
1333,91
421,89
843,112
1646,68
1204,95
330,20
1416,103
259,16
795,98
1133,32
1976,31
340,77
548,1642
696,1673
363,100
1724,1233
842,1639
1858,95
1496,132
1095,100
1649,66
430,58
970,87
1877,82
630,85
1553,1668
1702,39
842,109
1606,1667
429,19
1931,1092
1979,1676
1088,107
925,1668
348,1663
1141,26
827,110
371,90
1109,1660
7,24
561,62
1103,82
791,1656
840,66
1362,1807
1619,1668
1539,1663
427,58
1244,59
929,1632
613,196
1423,633
447,132
1709,112
1107,1678
1770,110
1149,99
615,1675
1280,104
440,29
1044,96
1731,119
521,54
193,69
1464,66
14,85
1063,106
1859,1807
1902,95
1875,1233
989,1642
1218,96
1399,35
668,65
866,70
907,1672
691,17
1190,85
341,1672
491,23
1911,53
681,107
1530,16
1223,23
1726,1670
1317,94
612,1668
1240,101
321,1233
1099,154
177,1657
1122,89
1820,154
918,106
975,111
1240,20
814,43
1961,84
586,138
841,79
686,97
743,80
338,51
1563,41
535,1656
1012,23
1097,239
1178,104
751,1670
1734,109
1225,51
732,1785
1580,1667
404,24
812,109
1700,36
1001,60
1258,1785
920,54
1055,64
1729,1677
1287,109
1220,16
319,109
1269,1233
1767,1654
204,1679
987,1656
308,65
1907,20
681,1658
754,96
1177,1693
1637,1663
1730,1639
1471,71
351,50
1661,29
1920,51
602,28
1461,93
533,1642
832,1641
1983,73
611,1675
1613,1680
654,65
1872,58
1252,1656
1322,23
1593,112
1811,41
819,51
379,1656
909,1657
326,33
681,54
521,1693
13,41
1952,64
206,1642
1321,119
328,1672
1275,1668
932,39
627,1673
989,50
1051,59
1492,95
358,67
486,20
415,24
1037,85
153,41
1900,67
1815,42
1302,91
1141,33
1322,1677
92,42
253,89
365,1663
182,95
115,104
424,1667
1457,51
687,1666
1838,91
1362,112
1895,94
1861,90
816,20
1865,31
205,56
1257,239
1301,1672
1871,1642
1064,1673
285,1676
1358,111
1827,36
1102,112
1789,138
728,1785
1371,17
379,107
862,1668
1162,28
1081,1656
645,51
1109,638
854,107
1560,54
655,110
142,87
1731,79
1038,1785
621,69
1906,106
678,103
524,633
1076,62
1779,1657
677,85
1379,71
1933,1642
316,19
192,97
616,633
748,110
1655,75
1341,31
410,75
268,29
1398,67
1796,196
1855,1659
1431,99
1075,1785
1951,1656
666,43
1623,1679
1937,26
1829,28
605,1675
1064,41
395,64
126,106
1563,17
1505,105
756,37
685,31
1126,1679
1610,28
1563,1658
1586,101
243,59
950,60
1818,112
6,132
483,633
779,132
873,33
1390,638
1813,1656
628,1680
1073,233
919,1233
136,1760
1002,633
436,71
1152,119
1834,1663
365,56
753,1642
1789,31
483,53
1281,1670
128,1630
1194,1693
897,1693
938,35
1751,71
1879,114
1822,103
1739,1671
692,86
1617,39
1963,63
1232,67
625,1665
1437,1632
445,66
1902,64
1977,111
1088,1666
1289,109
1788,63
242,1654
1275,84
1347,1679
27,110
155,85
1745,1632
217,1656
510,1675
1773,190
815,110
1133,31
511,39
121,89
1602,89
406,32
1759,29
643,87
716,1671
700,28
538,1663
1554,103
841,82
183,39
733,1680
520,633
709,107
1454,79
301,233
536,1630
757,1760
371,93
561,61
1188,110
139,99
614,58
1865,70
1875,29
590,51
846,89
1737,28
1885,1760
10,111
1690,138
461,1642
370,1
295,66
1897,1658
1196,70
1144,239
228,54
1280,105
342,42
1412,638
308,110
1803,71
1213,1233
1988,73
1418,43
298,68
1509,106
785,1630
52,107
1048,100
1234,1671
438,1092
184,35
550,1666
15,97
113,67
1816,105
971,196
336,1673
773,70
1276,73
598,37
431,70
1381,1666
260,190
1431,1654
1238,1680
729,84
1373,1667
531,1654
534,1663
293,131
880,119
1161,1660
420,26
1750,114
919,32
1260,138
1846,1665
1321,26
1791,1807
231,89
1374,17
146,1673
761,54
851,1672
1108,20
1886,31
931,93
163,39
1505,32
1752,31
719,26
509,42
1249,1807
907,53
1225,50
1410,1656
475,23
537,16
1207,23
822,51
1953,1671
1456,89
1287,1675
480,638
1207,132
930,80
1334,1698
1912,50
878,1630
45,1659
1975,131
892,1678
1628,37
672,1654
45,1676
1430,1679
280,1807
1370,196
952,85
398,1675
1661,28
133,138
1649,1660
753,95
830,37
598,65
1855,61
496,95
1515,1660
1191,1657
378,95
340,1660
1086,69
1507,16
899,138
1288,107
1355,53
481,56
800,1760
1796,82
487,70
1520,67
639,64
1544,26
1621,20
881,1672
1051,58
1201,1641
22,56
1027,53
548,16
528,108
1444,42
1980,100
1141,32
277,87
1456,1672
1373,77
567,58
1249,71
860,32
940,31
1019,638
513,107
1401,1630
1955,109
1301,99
536,35
849,108
1277,100
855,50
603,29
1299,638
426,70
450,64
1034,64
667,1641
1402,1670
1220,1678
1806,1677
1298,1672
1522,190
852,633
1005,1657
1531,37
1591,1659
919,138
1962,56
1170,87
1135,1677
806,1675
335,97
1496,89
999,190
781,71
339,98
174,33
1445,32
1189,90
130,1807
1754,1676
22,85
1112,105
1735,67
1682,77
1240,94
710,70
1981,95
1971,89
1830,1656
1959,1672
1728,1654
348,50
1553,73
1607,154
45,110
1876,73
1198,53
874,105
752,1233
1781,84
418,19
455,1760
608,85
1789,1641
304,1698
1828,59
253,1665
450,1676
1339,94
1007,196
148,111
995,1668
1633,54
1747,58
1069,90
1841,1
849,63
617,43
1480,103
1975,90
185,87
1970,1654
1508,1673
1556,1667
232,86
1361,53
275,66
859,1660
1842,1679
361,1680
1699,1671
1354,1092
521,105
631,66
15,1671
841,1668
415,633
364,23
1403,26
435,196
933,77
1375,1676
387,105
1935,82
1018,103
1351,107
1750,87
624,65
899,83
1877,80
1661,1785
767,70
1554,100
1739,32
619,87
1250,239
1350,82
1886,32
1563,79
1587,69
1012,61
1331,1667
1815,109
1984,87
874,77
1041,1659
1885,26
1747,105
837,633
1724,1807
171,1807
283,1693
727,94
929,131
1864,233
1628,66
1519,83
801,1693
1406,1807
1152,84
322,95
113,66
1183,633
118,1665
787,104
294,104
1703,84
1157,112
1768,1
1204,61
1854,1671
856,82
1722,1092
448,196
1458,1663
1726,1668
453,1673
1810,79
46,36
1388,103
1763,1665
330,1679
510,17
22,29
1971,96
466,107
187,79
337,1666
1410,99
1971,1642
1363,65
813,32
428,66
1098,190
553,1676
195,119
1582,70
1362,29
1605,111
1609,100
1167,1668
1594,1680
1533,53
1685,1668
1746,70
474,196
1626,1680
1509,60
204,1673
1050,1632
440,59
1968,35
1844,638
669,86
193,1797
872,94
952,86
1467,1673
236,1673
1333,96
1869,110
413,1673
14,132
236,131
1930,1641
1855,60
370,1657
1204,98
819,132
458,20
923,98
468,77
866,104
791,24
430,112
838,29
487,65
757,99
1625,39
406,233
515,91
1801,1676
1431,89
576,91
1035,1092
686,16
725,1654
1486,1659
666,68
173,84
1848,1632
1352,1659
1795,59
1706,1666
1980,101
55,80
1269,26
1804,1639
1511,109
1724,98
1103,103
1748,104
665,53
243,33
48,17
11,103
1572,1642
357,233
1021,82
1653,53
604,62
1486,132
461,59
1700,90
1150,17
173,1671
1372,59
1376,62
813,1675
906,107
745,1
1629,93
1153,58
185,58
1499,41
1428,91
1068,66
1475,64
1974,58
1917,36
1091,1
771,1639
578,103
1831,90
914,101
663,1678
250,71
784,633
839,29
1569,24
1473,99
981,1632
269,80
1308,91
529,100
1925,196
553,110
1097,1641
263,1671
1763,60
1089,1673
329,31
1568,62
504,19
908,79
140,33
1189,42
1136,80
1218,1642
281,77
1027,16
1286,1807
1982,1656
1016,29
1848,1660
1022,87
1302,101
685,29
1738,87
844,1666
793,196
594,89
950,50
1305,33
475,94
1325,94
1747,61
1401,1657
484,23
285,66
488,82
1780,51
768,36
1267,96
1888,101
221,1092
1124,1678
1803,93
1822,1663
451,1668
1537,90
787,79
146,61
1087,73
1529,1654
1238,94
8,132
155,87
1263,1785
1907,1693
1052,1698
502,1641
691,54
1669,1
1398,131
624,66
1824,69
704,42
1455,41
1887,106
734,154
1108,131
1606,1670
1554,101
1890,77
432,1632
420,1657
1401,104
1957,1693
484,1632
709,105
582,233
642,50
391,101
731,1630
1833,196
495,70
262,109
779,85
883,41
1629,20
413,96
556,16
532,89
1031,1
1987,1675
1149,96
706,1760
393,93
1813,63
1082,43
589,41
501,633
1557,58
251,110
834,35
982,107
1834,1760
288,67
1508,39
1977,24
1560,112
1191,50
588,69
958,1663
1345,1642
1703,87
527,154
1896,87
847,633
739,64
222,1666
1848,154
1223,131
1469,31
1108,1693
302,32
1449,83
1824,97
1364,154
282,84
330,1676
1250,1
146,1671
535,99
1235,1667
922,100
1175,51
1900,90
1027,104
1876,19
1571,1639
267,71
793,19
1127,56
1228,1233
280,105
816,107
465,83
357,69
1248,110
1254,20
684,50
745,36
1533,67
1140,91
721,51
1456,42
1790,53
218,95
1987,1639
1664,1666
147,70
1527,1675
1629,1675
565,100
1172,60
1471,64
1651,28
982,119
1364,1675
774,1667
250,1677
1134,1680
1389,89
133,1807
923,1673
1579,70
197,1672
326,36
1970,633
1261,1668
1166,82
768,1233
358,1785
1247,109
129,1641
1730,89
956,90
1934,87
281,1642
1887,29
1377,1680
1425,1698
1502,196
1529,106
1504,1676
1273,109
246,1675
945,58
790,1630
536,1641
1782,190
149,26
316,1233
300,90
1534,1675
485,1678
253,86
1178,75
1832,1680
897,89
1250,1641
847,1658
835,19
727,1
1304,42
1638,101
571,1642
147,98
1219,70
9,69
1337,23
459,101
849,1693
1380,1679
392,42
213,94
1208,1656
1798,23
241,1657
1617,73
1709,633
772,68
777,1654
1204,71
542,1642
1043,67
454,58
1124,190
550,1797
601,1675
1441,1676
198,63
1217,1673
1223,75
1740,119
713,1670
738,51
1682,56
121,51
1330,1659
1830,64
808,61
311,154
1212,1659
226,1698
1411,99
454,1670
1809,84
815,1675
139,154
1711,37
405,51
1648,75
815,1656
561,1641
604,108
964,1665
72,37
608,87
717,1675
1747,79
1609,82
494,94
447,108
305,1667
273,633
254,638
669,108
137,43
1495,32
986,16
1584,77
170,37
392,119
1873,33
782,1656
1512,71
2,1693
1413,31
4,51
1560,132
273,86
1043,95
1194,17
1929,66
776,138
1191,1680
748,62
74,29
1952,28
1555,105
487,59
420,1668
610,42
40,20
140,119
1887,85
1028,190
1714,1785
619,73
1540,17
1843,64
558,20
1533,1658
301,85
708,1665
585,90
126,58
795,1807
117,1665
1292,89
191,1658
1050,39
48,75
1643,61
1528,68
684,79
266,1668
523,75
1387,1672
964,239
1634,1675
1955,39
1756,154
488,79
199,1807
721,103
193,1678
342,41
470,82
878,79
312,108
858,59
416,26
1713,1639
1337,79
1868,1693
887,37
934,94
297,43
478,106
442,1092
1332,69
1014,1660
1703,86
1399,63
1579,93
377,119
553,20
481,17
529,35
1083,1668
1961,190
1199,90
1327,17
1956,1639
211,105
1331,82
1763,1667
1189,16
1631,39
1579,1672
46,42
1085,95
1254,638
1967,97
480,70
1607,62
652,190
604,1671
1705,67
947,1659
234,108
514,42
200,1672
1326,53
1919,94
1286,1639
265,1641
1960,190
125,119
1339,43
974,66
1490,1665
1514,95
1207,16
209,85
427,26
1847,32
855,1670
1841,79
167,84
1456,43
1277,93
1352,108
669,1630
344,1659
399,1
727,1665
1846,107
446,100
1078,1
1685,39
1813,82
579,61
383,1675
1897,65
926,1673
1152,50
1538,1658
1940,58
1173,1785
1469,638
682,80
517,17
1180,1667
1476,1658
1647,75
1835,53
1484,93
625,26
402,1663
1476,1673
345,1663
1408,633
1764,100
1788,98
1190,26
373,86
212,84
785,20
909,107
970,107
1682,100
415,119
1434,1657
126,1807
1354,68
1786,67
1839,63
1401,39
1644,37
116,61
1701,58
815,1639
1795,61
1461,1233
1008,1639
1878,1666
1383,32
1704,97
1616,1693
1600,50
1453,50
1734,77
992,1654
1838,95
775,91
1776,1698
836,91
641,83
674,1654
1287,60
1851,65
1843,1233
1444,1656
915,138
1638,26
1432,96
1000,98
375,106
608,1639
1111,111
1058,89
1135,101
202,1663
1215,29
355,87
1514,1670
156,28
284,73
1826,1785
1623,97
388,1667
1295,58
323,1666
203,1668
914,99
879,1657
1983,105
663,1672
1078,1797
1511,1092
1312,1670
1745,1656
1744,85
530,19
933,86
1485,1641
1768,91
862,196
279,36
1113,138
923,64
278,87
1729,114
808,62
1051,106
163,1641
557,1693
478,638
1240,33
767,60
1458,59
1762,109
1155,105
362,110
1216,73
1074,107
1990,37
210,42
615,73
230,41
1783,1654
1326,109
184,1632
1127,67
779,43
9,1807
1885,51
893,73
661,67
1733,111
731,131
912,1639
1893,1641
1419,104
1581,60
1096,90
1652,119
1722,101
821,80
857,1679
1930,86
698,1660
1751,67
1859,1673
598,29
1134,67
1779,138
1688,75
1745,110
1765,99
1256,77
425,1
1345,1676
1498,1658
1647,131
1440,1656
1342,31
1180,1658
1039,101
283,28
1446,41
1764,60
957,84
752,58
701,111
829,154
1023,68
1985,91
386,33
174,64
1765,1672
538,1659
784,35
362,51
1236,41
708,1666
447,638
743,43
1541,1672
334,36
1377,70
591,196
1164,28
1255,93
206,98
1576,100
547,98
1786,1665
712,50
323,83
888,1663
333,54
895,1092
1945,83
883,1668
788,94
861,1632
1452,69
1573,1659
1874,42
474,239
204,1632
1497,1654
730,79
1176,93
740,36
958,119
1954,84
247,20
123,42
1190,1666
783,104
1674,119
773,66
1181,69
910,101
217,82
1285,39
1095,1680
908,638
287,1667
236,41
880,28
856,85
475,1665
74,62
422,1660
231,196
416,1233
487,94
1763,233
1752,1642
1516,1667
852,112
1431,54
1036,1670
1155,16
415,35
1212,71
1397,77
248,82
870,86
320,1630
1909,83
1359,54
1378,1693
1225,54
1046,36
1600,70
1861,97
461,20
1776,1671
1083,33
1945,190
414,154
1548,109
556,103
847,1632
745,42
983,96
1409,73
774,69
1352,109
1239,1663
1318,1670
1907,106
455,233
440,62
848,75
261,1668
137,98
1819,1233
1637,1658
1384,60
1191,67
588,20
759,93
1242,41
1464,99
786,51
435,99
1860,1665
1381,1698
668,51
880,1693
1650,1680
1039,93
913,77
511,106
198,96
1459,119
1193,39
889,24
1611,73
747,86
912,33
839,638
1568,132
311,33
1625,85
642,73
524,101
1002,59
1064,50
1031,1654
1487,80
1012,112
1297,1672
266,196
1687,107
1158,1663
1230,1670
170,1656
1164,36
343,71
950,85
1603,1797
1558,111
1120,71
718,1676
1710,154
813,1672
631,1665
684,16
580,65
1153,63
1979,119
1064,1678
181,58
1035,63
707,94
277,1656
284,1807
1869,190
1634,1797
270,98
1517,1663
1030,16
1617,62
1977,1666
1299,62
1155,1678
771,1785
708,1092
283,51
1043,69
279,39
559,239
1962,36
1503,68
1911,75
1622,26
1308,86
1373,1656
1028,53
286,1092
699,1641
936,101
932,1630
1368,104
1990,1693
140,77
358,1642
1857,36
808,63
78,1665
1112,109
922,43
566,1642
1246,24
1710,1675
1503,1675
790,98
629,58
1880,114
814,100
1387,98
871,77
1563,103
1866,28
998,80
1279,33
1886,1807
804,233
5,1676
888,90
1738,82
1349,51
1704,94
300,56
1037,1642
186,1807
742,36
390,73
543,29
836,41
333,17
1188,1657
560,42
1476,104
997,75
1851,108
305,1665
1940,1675
1581,59
1270,1092
1962,1698
507,64
565,41
766,1642
857,1678
1584,79
1125,33
1779,28
1522,79
650,1676
1135,233
113,132
1470,70
1531,84
1271,110
1261,84
468,17
1265,17
933,73
458,43
167,1665
335,1663
1868,83
1368,1658
1962,24
1602,35
1750,107
1938,33
634,1807
1189,233
1986,1641
553,79
1950,1672
1752,1679
1726,1663
1621,103
1554,96
207,59
596,90
1535,73
711,1659
311,105
1236,42
885,132
1456,1654
1094,56
501,1675
441,1668
1292,91
1490,1657
817,61
452,80
1397,138
1292,42
1610,61
135,93
1871,39
386,1668
1059,111
1945,82
570,32
731,31
1784,85
934,1680
1196,67
280,1673
1242,1665
526,638
641,1680
336,1632
298,65
1850,1807
607,1670
1451,36
1930,75
1091,77
1437,73
1550,1092
294,108
726,99
227,1807
15,1654
1266,108
1067,101
1360,233
1128,85
264,190
985,84
967,28
284,1668
444,1675
880,29
1449,1642
1734,1785
1308,111
151,32
192,63
1375,65
634,87
1331,39
1937,1630
529,33
838,53
198,1760
643,41
812,1680
587,1680
330,1675
152,1659
1607,56
1904,1
305,35
1320,82
861,110
1412,1666
348,71
1691,1673
790,42
975,26
1294,1642
1505,59
1683,1654
756,26
746,80
1121,1680
895,1797
604,86
584,1663
1942,112
627,239
1305,109
1433,32
1211,87
1429,1760
1239,1673
765,54
1120,43
380,20
508,65
228,64
1318,1671
588,1676
599,32
858,106
440,63
1290,63
1594,97
1447,71
76,1670
773,20
351,56
388,54
449,32
1708,1660
655,16
783,79
345,119
808,633
1360,70
275,1672
659,85
645,106
764,1642
634,1667
564,94
1939,132
1451,1658
1208,105
711,110
1635,1666
578,1668
259,110
563,60
1099,94
876,77
491,233
1160,42
3,85
610,1668
1696,91
188,190
1739,31
710,95
1085,97
551,1797
851,87
1354,66
985,1693
1727,1671
825,1092
1715,71
1553,96
116,63
1776,119
149,39
1491,20
746,37
1602,1630
22,1678
1980,1659
821,1670
639,1667
641,32
1382,105
1409,59
1985,1092
6,1785
556,68
352,1642
1173,51
1362,1632
228,100
835,20
1595,70
1139,66
218,62
882,233
1419,1656
593,90
1149,37
1186,17
503,83
855,190
1280,86
143,98
1253,71
1402,1667
740,110
1058,87
962,32
1239,20
227,1641
1428,1641
602,75
1940,105
1105,80
1694,56
1056,1660
135,1807
354,131
564,50
400,1675
900,28
796,93
1778,91
1825,138
1493,108
1498,1670
890,19
886,79
1740,114
400,20
1398,42
1347,1092
335,108
1574,233
302,95
680,107
596,71
1425,1667
828,1807
747,53
1674,1698
902,1641
652,64
1279,83
1065,233
790,1678
955,17
208,1658
466,190
489,103
1563,23
126,108
1198,62
1862,97
172,108
1620,83
408,106
1791,42
1001,109
1865,61
640,196
1341,1092
372,633
689,1673
1116,16
995,1641
1167,1641
149,1632
1974,26
447,1760
1903,17
1546,132
1859,1675
321,37
1209,110
199,60
716,106
357,1092
782,69
435,90
881,190
1342,29
1398,1673
587,108
1929,71
1561,1676
1622,39
1800,67
127,29
1854,154
936,66
1199,67
1881,24
832,19
504,196
814,1659
549,154
135,190
265,1680
1155,71
1084,103
547,1658
1648,106
391,97
304,73
994,1676
543,99
1490,108
408,70
1305,1
1935,1233
1116,69
1281,56
1354,1630
201,1666
1599,1092
1236,1630
839,1663
57,67
717,31
242,65
143,53
1361,20
416,29
303,1679
1176,95
616,108
264,65
1115,82
341,93
1087,24
1232,37
292,1670
401,105
1320,1672
1412,79
1148,1667
563,35
1913,1641
188,36
1017,68
1459,29
1857,114
663,53
1843,131
1165,1663
510,26
989,39
865,1670
1175,79
1344,73
1568,233
224,94
1037,42
248,84
1583,35
760,239
675,70
1602,1659
614,73
1098,1630
1922,114
1804,114
755,82
1195,1233
1951,114
6,70
374,1676
1594,1693
1533,95
917,1668
498,104
464,24
389,1667
896,1665
976,131
1385,233
599,35
929,19
1982,638
204,41
1527,1671
740,75
1470,1670
872,67
247,69
1445,1680
1465,50
1375,1807
1619,638
435,1672
649,110
1977,56
1278,1092
374,106
1332,36
1906,65
923,1677
122,98
306,93
1379,80
890,111
1190,104
911,633
1123,87
373,196
34,1698
1136,1678
936,26
828,24
1682,99
1265,1675
1128,1693
1623,1760
784,109
1344,1665
311,1668
187,110
1417,1807
686,132
1326,84
1899,114
614,154
1154,93
1231,89
129,90
636,1668
1558,109
952,1807
590,109
494,70
940,1656
640,104
717,86
878,1660
6,1673
271,43
1432,99
735,1654
1206,1665
137,51
214,35
507,23
569,16
1964,1
848,41
1917,63
1590,79
673,50
1651,79
288,16
698,1639
1343,85
1474,132
1404,69
317,1639
1394,1667
217,31
1191,97
720,1630
1566,119
293,99
1275,65
1929,42
609,1656
1622,24
620,24
1598,17
1479,1797
970,59
1948,96
993,1630
1645,42
1445,42
1193,1
487,96
738,190
1071,96
885,61
432,1657
1023,131
187,29
856,1672
246,1656
230,93
172,1659
528,63
737,111
817,23
1866,26
514,17
951,68
1430,35
1748,26
1714,86
1596,86
1606,91
48,50
257,1654
1547,1675
347,110
1325,89
205,68
209,1
1188,1659
1440,1233
839,1797
441,86
81,79
1055,1658
1346,1642
260,1677
1662,60
361,1656
859,233
1346,1693
1846,86
136,1654
369,54
958,94
9,101
1239,59
1013,1654
1347,138
1404,105
598,16
564,96
1266,70
1745,99
1627,67
1345,1665
8,58
1242,239
1977,112
949,1807
1393,73
175,1666
1963,69
611,20
397,41
1247,131
516,33
424,89
1626,56
1294,80
1976,39
1905,71
1351,97
1449,233
168,94
188,1
121,98
430,66
748,73
1614,1672
1924,94
1602,80
1948,68
1199,66
1682,24
781,101
1568,95
1607,86
999,41
1853,50
898,50
1330,17
1505,29
208,1639
1687,60
1614,1092
257,68
1624,196
1899,58
769,33
1050,82
1453,119
712,53
1713,131
1059,17
788,89
512,107
1784,87
1626,1670
228,61
450,19
512,26
1300,99
1638,33
1074,1092
545,70
1944,54
612,106
793,1680
1921,1654
1574,1672
482,1663
469,23
1551,1672
1977,35
1765,132
1214,154
1450,101
1130,1233
796,23
1208,79
750,1670
526,43
967,1667
1725,1639
1854,85
1640,65
1764,1807
701,112
1588,80
539,93
1830,61
268,77
1445,17
1378,84
1308,1807
1327,29
1540,98
231,86
325,29
1550,63
562,56
965,77
12,1797
989,87
1878,1658
130,1666
1097,96
1391,1666
680,1632
940,50
1268,110
441,29
1975,107
1690,233
1287,101
494,26
1879,1679
598,1807
1793,17
1814,1673
199,1660
1232,1657
594,1630
575,53
1736,69
214,119
555,73
1471,79
1879,66
962,77
1173,1797
820,83
1688,23
1546,93
1237,1678
1309,17
8,99
1342,75
510,1659
828,1680
1650,1679
581,1676
1156,154
330,84
368,239
559,69
1170,106
946,138
1099,1668
498,1797
1017,103
121,26
513,1670
1779,1667
1765,1660
1307,60
1753,28
1273,1642
710,93
1503,1680
1431,87
814,79
1132,190
311,1671
558,80
1318,638
1505,69
1141,41
428,28
1539,36
799,63
1450,1233
1789,1630
919,1654
266,82
286,17
1359,132
1804,23
1552,56
1222,1668
1337,1630
1582,100
219,79
916,95
403,132
751,37
727,28
1211,1679
929,77
1519,32
1917,77
1385,196
179,1675
486,1797
608,1659
1308,638
1590,1680
824,67
375,1656
1390,17
1761,1667
1232,95
1087,83
1570,107
1536,39
981,100
782,111
843,79
705,98
1754,111
854,1657
1903,1654
906,1675
1336,60
113,1675
340,50
1834,86
1569,131
48,1673
445,1673
1578,83
1449,29
1800,1693
25,1679
1551,132
852,68
529,239
225,80
1549,1679
1240,37
1792,1676
486,89
711,1680
1839,110
352,93
1841,1233
814,107
1535,39
1762,105
861,84
585,50
1430,32
827,93
1012,87
1405,1672
1225,98
1439,67
373,1676
1021,112
450,1671
290,80
1467,154
1804,59
580,17
788,70
185,239
308,1672
1419,108
1352,89
1153,24
1138,1654
1427,1641
788,53
1345,1092
929,105
1557,32
858,32
9,100
545,42
1319,66
473,119
1394,1
166,50
1232,59
1019,1641
617,1785
1849,60
1134,54
1295,26
1450,17
867,97
776,32
391,1785
124,1678
1566,1630
1844,112
890,53
1282,1641
785,71
140,1658
1375,110
553,35
1602,62
1109,94
13,105
1928,26
74,105
211,80
1099,233
140,108
1411,53
221,119
918,71
1753,84
500,50
1533,1668
965,104
1463,1785
524,89
257,42
1644,105
282,1679
1296,17
1244,1675
860,112
604,77
1653,70
1514,100
1619,1679
1767,83
584,112
1979,67
348,1797
1827,23
1561,103
346,62
1716,1797
1401,1672
913,1672
1618,35
1162,77
5,50
991,1679
1742,64
365,20
1475,1659
1343,31
426,1660
1180,1797
270,1797
1087,26
1897,138
401,111
1346,51
344,79
273,53
1750,1660
284,1671
1762,1658
1986,114
296,97
1626,29
1655,154
559,17
543,1660
1044,1667
1510,638
1013,62
1246,68
515,100
1458,108
466,98
851,1680
1890,107
1711,107
558,53
1847,1659
1705,70
452,32
827,20
1974,1658
361,106
535,1760
1107,77
1037,1630
1164,60
1045,1807
1804,108
333,69
1248,100
1234,75
1362,20
556,99
498,23
484,70
765,51
802,63
1281,26
289,80
917,1666
401,638
914,1233
532,1760
1452,37
370,93
1918,112
1723,98
379,233
181,83
1975,1660
318,84
1808,1807
900,1698
637,1679
1708,20
1467,1678
958,23
1333,105
1309,16
749,35
518,638
1774,79
502,93
175,105
1408,638
1161,154
1204,24
122,96
1640,190
1911,99
371,1667
1454,1632
1237,80
1190,110
915,1660
791,17
1530,61
1855,1785
1471,1760
1611,77
144,1675
912,37
718,633
1829,111
1478,87
1525,24
552,1807
1424,31
1783,1641
1414,638
793,64
371,108
998,59
1866,119
1559,56
665,62
1720,1680
1315,84
1048,633
256,69
789,101
1362,105
995,1680
1861,65
1526,1807
1827,94
997,83
1629,86
161,73
1395,64
171,112
1921,54
1780,85
857,1797
440,111
460,82
604,633
1304,95
599,1642
1718,54
384,1233
237,17
166,23
422,109
1459,1642
1394,109
1556,43
1849,39
743,1092
323,1673
729,1678
786,19
364,43
1721,93
1578,1642
587,69
760,1679
1754,31
785,90
1004,106
1247,62
259,79
526,1663
544,1807
1777,103
606,93
553,87
1820,53
353,41
1991,60
1051,97
1270,23
889,56
619,99
1782,1670
1530,1639
723,65
1061,233
1257,1654
630,1680
1624,1679
1795,28
1852,91
1188,1671
1738,94
732,87
1550,1665
1166,1678
1922,56
162,36
1132,1639
1120,103
398,1807
1452,94
285,91
1908,119
1102,42
751,56
788,54
370,101
1790,119
1755,1680
801,1673
1324,1675
1964,80
736,1630
318,108
136,1656
451,1677
569,50
683,86
1608,73
137,190
1461,107
1686,1660
830,26
260,60
649,91
785,1675
1104,119
1429,638
203,58
517,84
631,90
1345,1671
1336,106
1892,103
867,96
484,1092
1977,1660
1298,109
489,1659
1730,104
168,64
1750,111
1398,154
600,67
396,112
1989,638
781,99
437,1693
808,31
1550,33
756,1673
780,93
1957,97
582,1797
1856,1632
481,1654
596,1785
1364,99
257,41
1292,87
615,104
263,23
1353,71
489,64
255,1641
206,103
1400,1658
1443,82
272,633
1838,41
494,1654
1187,89
1362,1797
1710,103
44,1656
1721,1678
545,1673
883,1675
1918,85
987,1785
289,36
1638,84
238,1
399,43
393,70
801,65
1461,1657
1458,1233
120,1807
194,106
1048,109
1950,114
1367,132
745,1677
1745,60
223,26
599,1667
1459,1698
1427,64
654,1671
387,60
1646,110
1846,1660
797,1657
1868,28
212,62
487,196
1524,1673
956,77
117,71
559,16
1017,73
1649,100
1985,58
956,60
1199,96
481,132
719,1642
211,111
542,1233
1118,112
382,196
989,36
1051,41
1108,1658
1204,1657
604,1693
1448,43
1795,1642
381,1632
865,111
1876,26
1326,63
1454,112
1577,131
1249,50
864,16
1771,85
1467,84
954,1
973,1760
580,106
181,33
1864,190
470,1
518,51
1931,80
757,1807
1880,1672
318,85
1314,50
1822,138
1182,101
52,80
779,1667
1266,61
631,109
1627,28
1953,36
1902,1
1228,80
402,1672
220,1671
1655,1639
458,28
1697,63
444,95
1812,1676
1774,63
1389,1807
1911,98
1042,31
752,71
1143,1657
954,1679
1783,36
1891,1698
800,1785
1887,26
747,1760
1193,42
2,131
1753,98
1041,110
818,33
1686,638
339,62
1265,1672
1071,62
1856,132
1965,1630
405,24
407,638
1497,638
548,104
1748,1
1255,19
504,1656
1495,1632
446,1663
1026,111
1046,106
737,1630
1255,96
1457,41
266,80
651,79
1248,1
219,65
593,1632
1718,1678
6,1676
1571,68
157,60
1357,131
1442,131
179,1677
911,196
1604,43
1170,633
1614,68
333,1233
649,62
1059,1639
14,104
1208,1663
1285,233
1195,103
1356,50
1267,633
364,36
841,1632
113,1673
1143,75
1772,633
601,1676
1972,75
1282,1667
681,24
1536,1698
1405,1233
1241,112
1028,50
734,23
610,1
1402,37
1883,1630
268,23
1407,1632
1763,36
1142,35
1199,24
885,58
1735,58
908,71
1427,1233
1757,1679
1226,41
1269,85
116,31
817,20
1774,1670
959,1233
823,26
1492,1679
314,233
1254,68
0,39
885,1092
631,1632
295,80
1476,85
322,1658
289,31
1395,95
1328,36
1978,98
1286,109
133,23
650,131
1206,1632
1319,239
402,56
958,93
469,112
1873,26
1195,50
1437,17
1647,24
531,90
1695,1654
1627,68
1531,107
1464,32
1959,61
435,94
1892,96
301,1657
583,103
1986,108
1217,90
1052,29
573,62
1866,1657
463,138
415,53
1396,1678
535,196
524,91
476,1672
1774,1698
1283,1659
1192,196
1435,1656
1605,1676
954,106
1418,1693
708,61
641,108
920,37
632,239
1615,41
879,37
916,17
1452,67
973,96
920,84
640,83
892,1660
1395,59
579,70
265,50
545,91
1742,70
920,65
1115,86
877,119
1522,108
716,59
702,98
1973,35
1083,1233
1464,77
217,84
1603,58
81,1233
1389,109
287,1673
1626,104
1076,73
1925,98
501,54
249,69
212,63
1161,1642
1331,42
980,68
1003,109
828,112
1226,1659
350,1639
975,112
1293,43
466,96
733,62
1782,59
1174,1658
1236,75
919,1673
595,69
656,79
1980,90
1525,1639
1361,1678
1801,1657
793,106
595,50
920,1672
945,103
537,109
732,24
1802,1672
1528,103
30,61
1467,196
920,1
560,24
584,110
325,1092
289,86
1376,154
721,43
774,63
1291,99
853,1630
1267,32
878,131
788,239
389,100
393,97
1685,32
848,65
773,31
1826,73
1532,106
1081,119
621,86
625,19
1912,1639
1413,80
867,42
1090,1675
863,190
1147,99
1008,67
1122,1675
611,190
1184,70
1028,95
1052,69
852,35
1635,69
490,63
1503,1693
1431,80
1947,65
629,32
1492,98
1293,79
1774,1656
305,66
1687,131
1813,1092
841,16
1070,131
1933,63
1987,1233
1126,1807
49,69
988,112
1913,69
1624,16
1325,1659
1249,93
1596,61
10,90
1409,62
395,1676
1049,87
936,1092
920,29
1055,41
926,87
967,633
1620,1673
532,1670
613,1
1444,1639
953,68
1419,1663
797,75
1418,233
9,77
193,105
1019,37
1394,107
981,97
14,24
729,1676
246,1
1389,53
1336,63
1393,50
1925,41
1599,70
1903,1760
1441,1668
990,19
48,1676
212,119
1896,1665
401,1760
1557,1092
1118,190
572,70
1621,77
335,24
1407,132
678,1630
572,53
723,67
429,1672
1226,86
1910,84
244,85
120,91
1815,67
964,1658
1198,67
1737,1639
1966,68
186,61
1880,1797
280,58
907,119
347,98
1396,111
1710,73
134,68
0,56
1523,100
1106,68
403,1657
1001,1630
1358,86
1108,633
1149,83
374,1659
925,105
1978,99
434,1668
1964,82
1432,67
1790,196
249,1667
565,51
204,109
1441,100
527,1671
1034,1665
881,87
1451,79
773,87
1859,1678
1613,87
655,87
877,35
1599,132
1765,108
1527,105
1423,82
401,17
472,1670
1416,19
113,1797
1271,138
1750,109
687,53
980,33
159,1676
487,51
1169,111
694,1666
1564,16
823,1639
794,79
1969,1797
908,1679
1890,53
220,35
1326,33
1164,132
1292,32
1283,1675
1172,638
1245,64
1395,1667
628,70
1804,75
1352,154
744,1807
1815,1657
485,99
1021,17
162,70
1146,1654
1315,1675
1721,1676
926,28
1817,97
788,101
280,1632
1864,132
1385,103
1548,1658
577,1679
1495,111
1964,54
1638,37
776,1667
1367,17
180,43
551,100
1158,20
563,1642
962,101
160,23
1745,50
203,75
773,75
351,83
431,75
1138,93
934,86
225,1632
1721,42
217,196
165,108
1593,96
997,1807
725,36
178,233
1137,108
1960,1233
880,19
1023,1663
829,70
505,50
1190,65
573,65
1644,1668
1587,1667
1482,131
1445,29
808,110
1398,23
353,87
1165,1658
895,59
1270,93
1529,85
276,1807
1492,79
1041,17
1478,110
558,56
159,23
1943,65
535,1676
273,1680
867,1092
1326,61
1016,94
1795,86
537,108
1070,70
746,90
1046,63
826,82
475,96
757,1658
1550,1663
1794,53
195,97
641,79
1978,1698
1975,103
572,1092
976,233
598,1680
486,1666
1988,1
1253,1672
1280,64
343,1680
1228,1678
1590,100
123,94
565,107
938,95
854,91
1903,84
783,85
1518,50
588,19
1087,59
1437,1676
1494,43
1647,83
1812,132
952,190
175,106
1560,196
1090,111
1812,1678
1669,63
511,19
259,84
1551,63
151,66
1261,1659
832,33
1592,51
1886,1641
932,43
1128,1666
999,1665
1706,1785
550,633
186,196
1145,65
538,17
1644,29
1434,87
793,69
1702,1760
1168,23
286,138
74,1632
1070,98
1606,112
1101,1656
14,1667
1847,28
910,633
380,54
1461,1693
1784,36
474,63
640,28
845,1665
1067,1675
1989,1680
1200,196
959,101
1907,79
1446,633
555,24
1736,101
194,1668
1335,1663
1323,31
455,91
1343,80
422,96
1019,36
2,1678
1531,65
211,1660
1935,1657
967,77
297,107
1553,1641
1308,62
1854,17
454,66
1787,94
371,1632
1459,43
164,66
355,1785
433,39
596,1760
305,109
1192,91
921,107
1016,39
1648,68
756,41
850,82
888,97
1188,1666
1596,83
342,1630
215,196
734,1760
408,112
488,190
1372,98
348,1678
661,75
1079,101
1207,80
1358,36
1841,62
461,1658
498,90
938,1807
185,1672
179,1658
240,1660
744,60
249,1666
565,50
1742,104
720,69
1512,33
854,16
488,1673
787,89
1542,82
1345,1668
578,65
1114,63
592,1785
1575,111
550,106
1090,87
47,1672
687,71
501,80
943,41
1834,54
1911,36
1379,111
552,1678
1180,68
1080,1660
1502,107
1433,1632
1107,633
150,70
1934,20
946,33
1122,70
704,83
301,59
737,29
1364,110
723,94
1957,1667
338,64
248,62
585,65
454,1642
898,190
224,39
1454,91
1353,68
304,79
163,132
1235,104
1610,36
1555,1693
342,1658
1467,77
427,41
926,29
566,36
1409,101
982,1673
1965,104
1841,90
248,1641
286,1807
1395,61
228,58
892,1
882,43
1930,114
625,1663
555,96
1761,1630
1010,1642
1195,16
716,53
1343,104
459,36
370,1785
1427,69
250,1663
1043,1656
1821,109
293,85
142,1654
985,93
1157,101
606,1667
222,84
1399,54
957,31
828,1673
1593,103
871,1657
324,1676
772,1656
249,75
436,1665
1270,35
663,51
1179,96
818,56
1142,105
941,190
1848,1760
642,1673
1587,61
405,1
1971,154
391,50
1577,119
358,35
1084,1
1141,80
793,104
1990,101
1511,66
804,1660
1911,1233
865,1658
1936,33
1528,105
757,1657
1989,36
176,132
1767,1671
323,196
1301,83
1927,131
1894,114
660,60
518,54
1919,1642
1813,89
616,63
730,43
783,39
1851,1675
1822,24
905,109
1775,24
1544,1659
1067,70
572,1656
425,65
429,633
1485,1660
915,1698
1655,1632
937,62
1939,107
472,1663
272,1663
829,105
1101,1233
1247,87
3,90
1881,41
1425,1807
1554,16
1169,54
1809,1785
1625,93
1399,1630
376,60
1597,31
471,1667
558,1665
1495,1676
230,58
657,1668
1597,112
1943,100
129,35
670,1666
1235,32
1818,97
1710,51
1757,108
1761,105
731,190
1582,105
1401,1642
6,36
1827,66
1689,101
1695,91
741,90
436,112
1736,23
1263,42
15,60
1897,36
1162,1
1116,1676
1067,132
844,59
402,98
972,64
410,1641
264,31
1542,119
1603,103
635,119
928,85
972,1658
1529,1639
1569,1672
47,82
1890,1656
1707,82
1308,63
1777,138
1389,196
1726,93
8,1693
1469,93
594,633
1435,85
1023,1671
481,80
600,26
1459,91
1446,1667
1796,58
1356,1797
1023,56
272,85
879,1092
1193,1760
1045,1679
639,104
414,1679
1561,1092
1117,1672
1598,1680
1155,80
556,1807
1198,65
1662,1642
1109,1642
334,64
850,83
1700,1663
1909,19
537,43
1643,75
791,1642
1427,1678
1036,138
523,89
1183,53
1130,1680
494,100
1126,1
1259,1632
1718,1641
751,68
403,20
1167,1654
599,112
641,1676
1618,56
807,71
683,61
318,16
446,37
892,109
697,105
1769,77
1054,111
974,1663
241,1666
726,95
435,50
1825,77
264,138
1242,233
1849,71
1114,60
985,64
621,28
1167,91
559,1654
1332,26
1227,196
1236,638
332,1656
1877,1630
1014,100
501,95
1180,69
539,119
1644,1698
946,79
140,154
1342,1693
1433,1639
315,132
1331,64
1631,53
140,105
1544,79
201,109
922,23
890,1667
1596,1679
1783,1807
1715,23
1588,1807
1098,63
49,50
1791,1660
621,1666
220,61
1772,1671
817,53
195,1693
1026,82
416,1785
1653,65
1021,190
280,24
1011,1676
986,1670
1814,42
1187,42
1513,56
542,50
793,1656
613,71
261,50
1571,1
503,99
787,1642
1042,1760
1640,1675
76,70
612,16
1736,190
525,1671
1205,37
1005,63
1946,1785
336,1670
294,100
1114,97
1464,80
14,39
985,51
1450,111
924,90
228,1663
750,1672
1214,111
833,16
1019,1785
819,37
583,68
772,1657
1565,24
1986,79
777,1797
819,82
1469,20
497,1797
433,29
1763,97
806,1630
1201,1656
22,41
1226,29
130,1658
1947,23
381,1660
1691,1665
1074,89
173,100
854,1233
230,31
1705,73
159,17
988,111
1568,1675
443,1630
1326,67
829,1657
304,108
1832,68
361,109
1856,90
864,20
665,37
1046,61
1339,37
369,1807
295,132
1326,1676
338,1641
1153,42
1301,82
1965,75
680,1668
1790,32
464,31
1310,19
599,56
949,1677
1263,17
1006,42
1251,1785
147,83
365,98
332,109
1608,54
636,35
76,106
555,79
777,89
962,71
1532,101
1445,1642
1816,82
228,1676
692,19
323,1680
572,1657
991,97
1090,1670
1628,638
1591,1642
1835,1672
1299,154
551,1785
1915,138
577,70
1307,1675
1655,196
1038,100
1351,39
1458,1668
1135,1660
832,35
761,131
1038,23
453,37
1212,1642
743,132
1189,58
1635,70
1128,1668
1809,101
963,1657
1904,37
429,77
656,31
725,1658
376,61
1691,89
1752,89
1064,59
452,1
1363,105
829,1693
334,101
1539,42
1249,82
1050,101
1071,1673
1182,638
125,17
1946,91
584,62
1936,1656
11,1677
390,132
1309,1675
546,1677
1707,1656
1144,1632
1585,100
241,239
389,69
1000,108
1408,19
15,63
720,91
1604,23
905,63
318,196
251,35
455,85
1471,105
260,69
692,64
292,1654
794,1680
1328,1656
928,1666
1935,1659
1977,93
1299,73
1191,239
1142,1659
1697,110
672,107
1979,1092
1640,112
1312,1807
1137,42
947,80
1004,103
655,1667
263,1642
48,1679
1578,1673
687,131
1293,1658
1392,87
272,86
975,132
212,1668
1336,638
1122,19
1601,54
327,1665
719,131
1240,1670
150,154
1350,99
466,39
1833,75
1984,41
870,132
1311,1672
657,1639
328,43
884,96
1291,1760
7,37
1724,26
1549,97
632,104
390,70
1083,96
1140,119
1069,77
1073,138
1715,1639
1847,98
1695,62
1096,68
1078,84
1561,62
590,1630
1584,233
493,100
122,638
683,77
900,1639
1537,86
392,98
1195,54
145,1666
1859,95
1627,43
961,1760
527,101
1542,80
1517,80
1892,108
273,67
374,85
526,86
530,109
1941,1679
1066,75
551,1665
1241,39
677,1680
400,104
970,70
1237,132
282,68
1544,112
1763,68
164,96
1857,31
1199,56
1425,1639
1683,1671
504,59
1303,110
1287,1233
1923,37
1815,96
310,43
371,43
206,104
1221,67
1477,233
1633,131
499,1659
1325,37
1606,190
1804,70
1260,638
566,58
1879,1760
963,26
1888,29
1984,1632
1662,67
470,105
436,41
204,61
1825,1693
1371,87
693,79
972,58
555,98
595,1233
1442,1642
483,95
412,65
750,131
1243,1658
597,1632
1043,23
871,1659
943,94
821,638
1375,59
1555,33
177,1672
805,42
738,31
386,104
758,90
188,60
1576,1663
834,1642
1502,69
1341,89
631,633
1368,41
1477,1673
767,105
1858,1672
1564,119
1085,84
1179,19
1714,1680
207,1659
619,1675
1259,94
1597,106
509,75
1224,1670
1539,94
838,1657
1781,31
347,62
1348,1642
537,1663
437,33
532,1663
1552,98
10,53
1207,154
1461,1670
1876,1807
437,82
670,96
532,1
1272,1658
165,1656
1068,83
1130,1656
1628,59
1612,1680
1078,28
503,70
669,41
565,104
1580,69
1006,154
1056,1641
1442,1678
449,63
1067,43
981,73
1019,138
1372,1678
292,1698
496,77
868,1665
607,16
937,60
1019,1668
1976,119
1426,104
693,1639
330,95
781,196
377,24
734,60
152,1666
1530,71
121,35
1611,67
690,17
506,1630
963,1656
784,101
1780,1785
1357,1092
591,96
1420,82
1495,1678
528,90
941,66
1511,96
689,41
176,68
1117,41
238,1670
974,58
408,23
543,35
1887,1642
1395,1660
614,1672
519,58
1550,1630
152,28
1704,138
1945,96
698,43
494,1698
1130,86
11,1676
484,96
949,154
1837,99
1151,1233
998,633
640,31
1426,633
750,89
612,90
905,62
392,71
1337,35
1447,98
626,106
455,84
1625,1092
1739,1672
1775,62
317,1663
1262,103
531,69
1674,132
1217,1659
1801,31
516,53
1033,101
424,101
923,93
1318,70
269,67
1166,58
1578,90
1602,68
791,51
349,87
1735,1797
1792,1667
1805,131
574,1667
1904,66
1549,1642
1316,39
1209,1233
1880,154
978,26
299,1665
628,110
1771,16
822,90
1397,1666
1158,1760
1804,50
134,56
1923,1668
1429,83
1405,84
1068,132
1988,53
1475,154
1354,1797
683,63
892,111
1105,26
1453,1632
479,33
1019,84
1816,28
1750,1673
1543,1660
527,100
952,138
517,94
900,106
1114,58
374,59
1831,109
857,19
214,1680
1768,19
250,108
1208,42
530,106
1080,1680
1062,20
1006,1678
1973,1678
1227,36
970,71
907,1658
201,19
406,1630
1625,106
918,94
1132,110
1396,1675
1456,1632
45,51
528,19
161,1630
1563,93
1292,77
155,1676
1280,1233
1501,65
1255,86
408,32
1899,50
1884,1670
125,103
129,154
628,66
660,1698
1804,71
1093,24
299,1658
357,84
162,66
1272,85
1476,39
1096,131
1817,101
1140,84
289,62
1766,19
977,233
1519,97
949,67
1253,53
1608,28
1058,37
1150,1671
545,94
214,99
1944,62
418,1660
1792,114
275,1654
455,28
810,61
924,37
213,26
431,87
1930,1639
368,29
1128,95
425,106
1384,233
216,97
957,28
354,51
1616,67
88,91
1925,109
424,61
886,29
1042,53
1017,83
397,1659
838,35
453,79
761,86
1710,1630
1322,1639
376,35
1210,1668
13,1785
1088,71
1644,68
925,1656
182,67
699,87
200,190
183,1667
1201,58
256,239
1806,1092
997,56
580,80
1594,1698
637,1
295,23
299,80
162,1660
878,132
1102,100
1103,1658
1111,95
416,50
569,108
1101,101
1404,58
1883,31
1370,70
1019,28
1560,42
1926,233
1087,39
888,1233
1063,62
1770,1654
725,83
1100,1
529,1660
678,107
1432,1659
577,68
226,42
1366,196
160,1668
1284,1675
1878,99
1849,1675
1655,119
272,1665
1288,233
22,233
487,119
453,35
1007,1676
1568,32
832,84
211,17
1407,239
1118,86
586,79
552,51
993,71
1192,99
1691,91
554,1092
163,99
1397,54
1711,20
1880,16
524,24
561,1656
528,91
1876,68
385,94
1990,68
742,1672
159,132
1586,1797
1249,80
1325,1671
367,86
1771,196
333,98
1279,1673
452,1668
533,105
441,65
1605,53
161,66
1210,79
1695,68
1206,51
603,106
124,79
825,20
935,107
1976,1641
821,64
551,91
571,1657
884,1760
416,94
516,1665
1242,97
1063,77
1214,90
298,1668
1424,1672
1829,1639
1687,1673
271,1639
1928,1660
1110,138
1801,111
1251,32
1494,1668
1223,62
1740,100
1655,91
863,1667
1759,41
1374,73
582,1665
1302,1678
1549,1671
895,1667
1635,100
1288,1679
291,69
352,85
1202,89
1279,69
1155,85
1269,95
1108,83
1970,82
1410,61
793,37
1188,1678
561,1
742,64
361,43
567,111
1069,58
1700,108
1633,71
1462,107
590,86
1303,633
441,93
1715,1641
1419,100
403,1660
1332,1667
1827,99
1840,69
497,103
115,1680
1770,138
261,108
1864,75
137,86
318,23
1685,99
251,80
1520,1665
1930,90
1054,82
747,1092
327,108
1953,132
1271,1641
980,1642
264,62
1741,29
1546,29
1736,1679
297,58
1134,62
1543,1676
971,54
1472,1797
1275,100
118,61
434,84
886,54
923,56
1778,196
1089,105
1129,1092
245,39
881,1639
990,131
690,71
1193,100
1740,1666
1683,1673
305,60
1392,196
719,97
376,119
624,1785
978,108
428,77
931,62
1771,110
1605,1654
913,1092
675,37
584,233
1969,16
394,190
765,39
1338,65
1343,1676
1888,31
1974,77
5,58
1736,82
744,28
1873,239
1604,105
422,93
1694,1667
1313,80
1637,239
1167,154
1828,1760
564,77
1081,93
1741,1
340,1785
217,94
934,75
307,77
1356,112
1342,39
1039,77
483,1676
1246,1667
1915,80
748,23
714,131
1948,50
1933,1698
1327,36
842,190
1714,1678
1283,83
1047,26
534,75
1681,68
338,32
1563,56
509,73
462,65
736,98
1842,32
1036,111
789,73
513,31
128,59
1328,132
1951,100
688,35
450,1654
1163,82
613,23
1385,70
1432,17
1031,91
1567,37
996,112
1168,1659
365,95
754,62
369,100
247,95
1629,1693
802,1672
1391,190
1543,77
681,1641
1732,154
1152,1642
1044,132
753,79
771,1656
631,106
1544,1663
1816,196
1916,77
1238,33
586,1672
1636,35
168,112
371,1675
1038,107
657,60
1135,1657
1247,83
1143,1654
168,31
738,33
1459,67
1388,43
339,86
1374,82
700,101
130,71
841,26
1047,62
619,1641
969,190
1270,1672
1970,62
869,1673
1596,68
234,196
271,633
608,89
537,83
1643,99
821,1675
527,1092
1488,1656
1396,17
347,28
10,68
1007,33
1564,1672
1689,105
1784,41
1638,132
532,1676
847,1785
1439,1797
1689,26
1371,1671
1358,239
1505,1673
1604,131
593,87
1186,36
1907,82
1229,66
345,190
882,111
1428,1660
1944,119
1105,77
914,1630
1051,1676
38,85
1053,86
378,16
1855,65
1080,91
13,154
947,36
858,1673
1925,19
113,1666
1914,638
511,50
258,101
245,1807
1099,196
1473,1807
989,101
1142,85
898,36
723,73
1202,86
1387,94
1725,106
951,41
1766,1630
1901,1641
945,80
163,239
756,54
44,154
1832,31
1463,35
1728,80
608,101
78,73
1477,131
1190,1092
448,1233
81,69
356,73
1352,66
1107,1668
717,112
925,99
1513,1797
312,94
493,97
297,1678
1418,36
1988,70
744,33
835,138
1000,75
844,196
113,86
1542,196
1926,39
842,1233
1710,638
1242,66
317,1665
1637,91
682,29
1366,35
617,1760
411,33
1703,1676
1825,50
705,69
124,1671
687,66
1740,58
434,36
734,107
981,1670
1042,94
1425,110
946,75
828,107
353,77
443,60
1458,65
1136,107
989,73
1856,1656
1273,70
557,1797
1776,91
1758,95
230,119
1121,138
1969,1672
799,105
1283,1632
1353,79
1306,95
769,63
1457,1670
1490,1679
1922,20
684,61
1757,80
72,1657
859,33
1823,69
1385,105
171,35
135,1668
1847,67
118,1092
288,1797
1709,94
1068,106
518,79
1697,638
1626,1676
959,43
136,1677
1082,58
935,50
204,56
160,190
1614,20
1822,33
832,1760
1441,26
891,79
1609,1233
1623,79
427,1657
213,24
877,1
1778,1632
496,36
611,1665
1043,24
1004,132
203,1659
668,83
1976,94
1298,54
505,75
1541,138
1652,1667
937,86
762,37
501,63
306,63
842,1673
3,101
188,63
1133,131
430,100
1195,1632
1623,1632
1402,100
1203,109
515,111
794,58
1448,19
882,1698
732,96
988,26
1856,94
1895,1667
1610,69
1775,1677
1828,28
1221,36
766,131
1524,107
367,60
1804,101
1127,190
1115,1630
1083,60
684,33
637,31
983,119
1945,58
1287,95
1078,96
717,56
1489,39
996,1797
1742,58
308,83
884,1678
1058,71
637,1670
1685,154
1822,29
1013,1667
392,61
716,86
1893,104
521,64
1569,1654
362,1670
1450,79
971,96
530,33
658,106
1446,19
222,53
1364,1656
1042,132
505,103
141,17
829,100
1578,101
1576,1630
1250,69
906,1233
1283,33
790,1807
1396,1630
376,65
1691,93
1842,114
442,39
1460,1233
799,33
1586,111
21,97
78,114
1221,24
1684,1760
1576,41
1021,98
518,1678
321,1656
1757,103
1079,31
1317,1670
365,1679
617,62
628,1678
1430,1630
295,53
498,131
1628,107
1591,17
1652,97
1964,101
18,1670
935,101
137,56
1058,107
675,1673
986,190
551,42
402,95
1437,1785
650,1693
1826,100
284,95
934,1
127,1797
800,37
1142,1663
1043,80
1137,93
1100,39
819,97
1958,1678
909,1675
202,37
1160,99
502,1676
1649,75
341,1630
734,31
406,42
1293,138
209,1092
1649,36
1003,42
910,1642
1598,239
1023,39
895,104
1526,154
1329,638
1425,1663
1420,1663
989,100
1909,109
695,39
456,100
1839,1658
1286,1678
1188,1672
1793,1658
74,1678
1011,99
594,73
779,89
1629,239
1001,89
968,110
860,132
1397,1679
533,26
590,37
185,132
1542,1657
1615,93
1248,37
1007,68
1823,96
498,84
1921,105
1006,119
1546,1666
1864,77
1304,132
636,103
1812,100
1889,1663
398,60
1859,67
1921,1680
554,65
1554,638
759,24
1536,29
1613,33
550,29
1892,104
644,82
1727,190
932,1665
1901,119
1294,95
392,1698
1706,103
1872,131
587,233
1433,1785
1787,112
1271,131
1576,1671
552,239
540,1668
1806,37
235,1660
1374,43
1193,106
975,100
1757,1658
177,239
1795,1657
244,1
1971,132
652,24
1701,19
656,91
921,73
615,99
998,105
267,75
452,69
1585,1675
1178,99
1453,108
337,28
10,138
1207,29
1140,32
184,1785
219,16
209,90
1629,100
982,1667
1338,79
1965,98
252,79
768,16
1230,64
1709,93
751,103
1770,93
460,60
768,1659
575,26
831,108
137,112
398,105
1253,131
1608,110
1024,239
1765,56
165,132
1464,196
681,190
1161,100
1788,109
3,1658
1100,111
1412,51
820,1670
876,94
1692,154
1783,91
1587,1672
1095,53
353,104
761,91
1752,1656
1132,62
690,105
174,110
1193,70
714,99
130,16
1843,60
1776,233
826,1672
187,94
653,1641
615,54
45,20
1222,90
1781,106
200,82
1856,95
736,100
864,41
576,1693
1936,39
775,100
523,100
1024,1679
926,99
855,75
289,110
916,61
313,96
191,67
1153,94
182,1666
1381,16
1509,43
277,1654
892,35
892,1807
1485,50
1078,131
1135,86
1779,50
1101,98
1465,62
1926,93
76,103
1806,1671
1518,53
1256,100
578,16
496,65
995,105
466,1641
1080,65
1703,107
240,70
1218,83
318,1641
1952,83
1806,114
281,1658
999,132
966,87
1478,50
174,138
1189,37
1118,85
466,60
159,99
1320,59
1377,190
256,1666
1240,1630
719,91
1454,42
1681,1667
1899,110
206,53
670,1668
675,110
310,23
1747,67
256,95
1069,100
1837,95
1257,109
1628,100
546,1670
179,1639
1652,98
1485,69
1147,1642
507,35
15,58
766,1656
1547,39
1840,43
459,132
1608,87
616,1
1651,91
1044,43
1946,1675
1185,107
1081,42
217,107
378,1659
146,89
1603,109
297,108
1575,64
601,62
607,112
1986,1
1152,1797
1801,108
862,70
738,80
1696,1658
1901,35
1015,1660
724,1663
694,1807
630,93
1260,60
1867,108
1891,98
437,1679
1260,83
895,1676
1482,85
439,70
1387,80
1515,39
656,112
1155,86
1100,1659
1235,85
627,1797
521,1092
840,90
1463,82
291,1666
1538,94
983,73
413,107
628,1660
1523,108
441,98
1918,39
