634,1807
1189,233
1197,1656
553,79
150,1233
1950,1672
1752,1679
1726,1663
1509,99
298,95
596,90
1480,1667
1554,96
207,59
1557,53
1535,73
311,105
1456,1654
885,132
1236,42
501,1675
1323,112
1292,91
1490,1657
441,1668
1556,98
452,80
1731,28
1397,138
1292,42
1423,1678
1610,61
701,1642
1871,39
1764,35
386,1668
1059,111
696,1693
1479,32
1945,82
752,41
1911,61
1948,41
1247,1785
731,31
1784,85
934,1680
1196,67
1433,1641
610,58
225,24
1991,26
1242,1665
526,638
641,1680
74,239
1621,105
1525,132
336,1632
1492,51
908,28
486,112
1482,73
287,97
1850,1807
607,1670
1451,36
1930,75
1437,73
281,56
1550,1092
1884,1660
837,19
713,29
1047,96
294,108
978,107
1094,69
726,99
728,638
15,1654
1266,108
1067,101
1360,233
475,239
1377,87
240,1092
722,100
264,190
432,154
985,84
967,28
1467,66
255,1760
454,1807
284,1668
1041,1641
880,29
1234,90
1449,1642
1734,1785
1308,111
192,63
1149,1657
1375,65
1823,71
634,87
1331,39
1591,43
198,1760
529,33
838,53
1045,67
623,43
934,1666
643,41
1495,103
587,1680
330,1675
152,1659
976,35
1607,56
305,35
1320,82
1708,43
861,110
1467,1663
1412,1666
1691,1673
790,42
975,26
1294,1642
1370,110
531,16
351,91
631,131
1683,1654
1546,60
368,17
756,26
1128,67
1717,53
746,80
1121,1680
981,33
1579,60
839,71
1942,112
604,86
584,1663
627,239
240,91
1433,32
1774,41
1211,87
326,41
1858,28
1429,1760
151,54
1901,90
1920,1639
1239,1673
1120,43
380,20
1545,94
508,65
255,98
228,64
268,65
1857,77
971,1666
588,1676
1052,233
599,32
858,106
440,63
814,63
963,1667
1515,94
1594,97
76,1670
1447,71
1397,94
773,20
388,54
372,83
524,112
1793,1671
1098,93
1708,1660
655,16
449,32
345,119
275,1672
1360,70
55,94
808,633
922,1659
645,106
244,1785
499,80
764,1642
634,1667
564,94
514,1665
911,1665
1960,31
1724,104
1451,1658
234,239
756,104
1127,43
903,29
11,109
1534,59
1208,105
711,110
1635,1666
1177,132
1608,1632
1083,62
1230,131
259,110
563,60
1099,94
876,77
1871,190
1160,42
3,85
944,1807
610,1668
589,107
1696,91
497,83
1662,96
872,33
1739,31
710,95
180,96
1229,91
1085,97
1158,89
551,1797
171,1659
730,50
1354,66
948,109
985,1693
1727,1671
825,1092
1806,1668
1661,41
1553,96
116,63
1015,87
1776,119
264,106
1523,1632
149,39
746,37
1333,239
1602,1630
991,111
22,1678
1980,1659
639,1667
641,32
1382,105
27,59
1076,54
1745,1693
1479,91
1409,59
1483,28
6,1785
354,1654
556,68
352,1642
559,73
249,104
13,85
1135,1658
1028,64
1173,51
572,196
420,41
3,67
228,100
835,20
1595,70
302,77
1139,66
882,233
535,33
593,90
1419,1656
994,1797
1149,37
1280,86
503,83
855,190
927,1639
143,98
806,1660
1402,1667
740,110
1058,87
962,32
908,36
602,75
1940,105
227,1641
1428,1641
662,31
1694,56
1249,1630
1056,1660
135,1807
262,1693
1588,1660
354,131
874,96
72,58
182,35
400,1675
900,28
796,93
1778,91
209,16
1493,108
890,19
1258,29
1498,1670
1633,63
1049,94
886,79
669,1665
1979,132
1395,77
1837,94
400,20
1398,42
1347,1092
335,108
1025,1698
302,95
124,75
680,107
1927,109
952,1658
1859,1663
596,71
1425,1667
1864,83
1000,82
747,53
1263,51
1361,79
1674,1698
1769,90
902,1641
1239,42
652,64
636,93
1065,233
790,1678
626,103
1484,1663
955,17
208,1658
1898,1665
489,103
126,108
1563,23
1198,62
702,35
172,108
1707,58
1620,83
1214,94
772,53
368,89
441,98
408,106
1791,42
544,60
240,99
705,239
407,99
1865,61
640,196
1247,35
1341,1092
372,633
263,1632
728,39
1116,16
1706,16
995,1641
1167,1641
211,64
1877,58
576,26
149,1632
1739,41
1947,36
153,104
447,1760
1350,101
1903,17
1535,43
1546,132
1196,1659
1216,89
591,67
1859,1675
941,16
1774,1676
102,20
1209,110
1876,1672
199,60
716,106
92,26
1306,70
827,105
793,41
1235,84
357,1092
1353,33
414,35
435,90
881,190
789,29
1342,29
1398,1673
778,1658
1268,59
1929,71
830,1658
1539,1654
1538,95
745,66
584,64
1561,1676
494,111
1622,39
427,82
1800,67
1107,1673
1854,154
936,66
403,29
1199,67
1881,24
504,196
9,1642
814,1659
1652,71
549,154
1253,28
1480,1668
565,58
1547,66
135,190
1155,71
547,1658
1084,103
435,1630
479,1665
1664,85
1648,106
304,73
914,36
994,1676
296,1671
543,99
506,108
1393,68
1490,108
1157,154
1305,1
1143,33
47,1680
923,60
1935,1233
1116,69
657,104
1281,56
363,75
1066,196
1160,1
201,1666
1599,1092
1236,1630
1493,131
839,1663
1378,69
717,31
242,65
1645,1
1739,68
1061,1676
143,53
164,110
1361,20
1923,154
1448,58
303,1679
1176,95
989,70
1752,104
616,108
264,65
652,26
742,1642
1689,1657
341,93
1087,24
1349,119
561,1668
1232,37
292,1670
1748,67
1971,1680
557,36
1320,1672
1175,1676
628,79
632,138
1412,79
1197,101
1148,1667
1201,98
563,35
640,190
1817,104
1969,101
1254,233
188,36
1343,1672
1017,68
1459,29
1857,114
1196,50
1843,131
1165,1663
510,26
989,39
811,101
1172,42
1175,79
1568,233
204,138
224,94
1344,73
388,65
1042,1642
248,84
779,1680
1009,61
1583,35
760,239
675,70
1281,1639
492,28
614,73
1098,1630
1922,114
368,97
1804,114
1133,94
1043,138
1929,109
1288,99
1416,56
1195,1233
1951,114
6,70
795,85
374,1676
1533,95
979,1668
917,1668
1588,37
498,104
1934,73
1972,132
464,24
1459,107
896,1665
1317,73
895,93
812,1671
976,131
353,110
1385,233
1863,50
1095,196
599,35
1193,1680
216,1698
1982,638
881,1680
204,41
1289,633
1527,1671
386,132
740,75
872,67
247,69
1445,1680
1465,50
1283,87
1340,28
1583,64
1914,105
1619,638
183,132
435,1672
957,1233
1805,87
649,110
1074,35
1977,56
1154,75
1909,35
1799,633
1913,32
1714,19
1221,33
1956,84
746,67
374,106
1906,65
1332,36
115,16
134,106
1170,1092
465,65
923,1677
306,93
1379,80
1571,196
890,111
1629,70
1190,104
1123,87
1965,68
1823,58
1879,1666
613,19
1406,1660
373,196
34,1698
1136,1678
1304,32
828,24
1238,633
1682,99
1265,1675
1050,1663
1128,1693
1276,1639
1243,66
784,109
1517,1675
311,1668
1543,73
1344,1665
76,97
187,110
686,132
1260,1671
1736,1660
1694,94
1326,84
1899,114
614,154
541,154
1356,1
1231,89
1983,100
1413,70
129,90
596,638
1077,233
957,59
279,19
636,1668
1018,59
1558,109
1426,98
590,109
940,1656
494,70
1578,96
1520,24
640,104
487,29
368,1671
878,1660
6,1673
791,37
1734,1639
1056,154
271,43
1432,99
1206,1665
1041,91
137,51
214,35
507,23
1964,1
993,90
848,41
1917,63
1590,79
1651,79
1192,104
676,89
288,16
698,1639
1934,1698
1343,85
1016,20
1404,69
317,1639
1394,1667
217,31
720,1630
1566,119
1054,1693
1373,89
1178,89
293,99
1932,66
1275,65
390,93
134,86
1278,89
609,1656
1144,93
1622,24
903,1658
1132,1670
637,32
620,24
1598,17
970,59
309,69
1948,96
1695,67
1898,93
993,1630
1220,97
1645,42
615,1641
487,96
1193,1
1584,196
593,75
738,190
1989,1671
1071,96
689,1656
214,61
432,1657
1023,131
551,86
187,29
1471,1
856,1672
528,63
230,93
172,1659
737,111
1694,43
1938,1641
672,132
1866,26
1404,91
514,17
951,68
1430,35
1714,86
1849,51
1596,86
217,154
1727,54
364,31
1606,91
478,19
48,50
1547,1675
1799,1658
347,110
1325,89
205,68
1200,1672
1188,1659
1440,1233
839,1797
880,84
441,86
1256,1679
795,29
410,53
487,1
1055,1658
791,73
260,1677
1662,60
1346,1642
859,233
1321,70
1184,1654
791,190
1346,1693
1846,86
136,1654
167,1233
958,94
1239,59
9,101
230,79
1270,1657
1013,1654
120,101
1404,105
598,16
564,96
1266,70
8,58
1627,67
1719,1785
1242,239
1345,1665
949,1807
1870,1663
1393,73
175,1666
1728,84
1963,69
276,65
855,1659
397,41
1247,131
516,33
755,107
291,1668
424,89
1294,80
1976,39
1905,71
1351,97
195,32
168,94
188,1
121,98
430,66
1614,1672
1924,94
1285,638
1602,80
1837,65
1948,68
495,1666
522,106
1682,24
781,101
1144,1667
1568,95
1607,86
1853,50
898,50
612,100
1185,132
1330,17
249,1658
911,82
327,107
1505,29
1674,64
1917,1658
193,67
655,89
1687,60
1614,1092
257,68
1624,196
839,93
769,33
273,68
1050,82
1453,119
472,1680
712,53
592,1665
1059,17
1284,28
788,89
1180,93
512,107
1784,87
146,1663
990,132
842,1760
228,61
1702,73
677,1642
345,1233
512,26
1300,99
128,633
433,233
450,19
1074,1092
545,70
1944,54
1711,90
612,106
1921,1654
908,1665
1574,1672
871,97
482,1663
1027,97
469,23
542,638
1977,35
1724,70
1344,1654
1450,101
1214,154
1765,132
796,23
1208,79
750,1670
487,638
1490,1675
262,80
1352,132
526,43
1761,56
1725,1639
1854,85
1640,65
1764,1807
209,95
585,1668
987,104
1328,108
1588,80
539,93
1830,61
268,77
1912,154
1378,84
403,56
1308,1807
1327,29
1540,98
325,29
1550,63
562,56
1115,50
1614,24
965,77
989,87
1309,110
1370,108
891,67
341,110
1878,1658
156,85
527,70
621,103
270,1665
130,1666
588,112
1366,67
1476,1671
1097,96
1356,109
680,1632
940,50
407,53
1612,190
526,53
1268,110
441,29
994,29
1493,53
1351,59
1690,233
1913,1658
1783,84
494,26
1287,101
1879,1679
206,1632
339,65
292,73
971,1668
319,1680
1793,17
1739,99
1759,108
1814,1673
199,1660
1232,1657
575,53
1736,69
214,119
1819,56
555,73
1879,66
615,51
356,1658
1294,1658
962,77
1173,1797
820,83
1410,79
1546,93
1237,1678
1309,17
8,99
1866,68
1704,119
139,37
1944,1670
243,89
510,1659
1710,28
810,1233
828,1680
1650,1679
1258,39
581,1676
1022,1672
330,84
368,239
559,69
1170,106
1099,1668
751,23
1358,101
498,1797
849,107
1017,103
121,26
1779,1667
1765,1660
1307,60
1753,28
674,233
710,93
1503,1680
1431,87
1732,112
575,59
541,119
814,79
311,1671
1637,1641
558,80
1209,70
1318,638
1505,69
1053,77
832,1663
797,1807
428,28
799,63
1539,36
1019,131
1138,119
712,1785
1450,1233
496,68
1697,90
919,1654
1915,1657
1845,66
266,82
1517,17
286,17
711,94
1578,1659
1359,132
1552,56
407,89
1222,1668
1337,1630
397,99
1582,100
916,95
809,99
1379,65
403,132
667,77
751,37
1991,79
727,28
929,77
1519,32
613,1807
648,1693
1917,77
1385,196
1625,59
1277,1092
486,1797
608,1659
1308,638
1880,103
1967,23
409,56
1590,1680
429,69
1809,1665
514,109
1472,233
375,1656
1923,98
1761,1667
1390,17
1232,95
536,1660
1570,107
1164,70
1536,39
981,100
139,65
782,111
1174,43
384,104
1453,32
1931,1680
705,98
854,1657
1903,1654
1828,60
1754,111
390,82
1336,60
290,94
113,1675
661,61
340,50
1244,90
1979,41
1834,86
1334,1760
452,1666
1747,53
1177,23
1069,97
352,1658
48,1673
445,1673
1116,28
1578,83
1449,29
660,106
238,90
1309,1667
25,1679
1551,132
852,68
529,239
516,1641
735,1639
935,97
133,39
1549,1679
1240,37
1792,1676
486,89
720,83
1839,110
352,93
1841,1233
814,107
1239,36
545,24
1614,80
1762,105
861,84
585,50
413,1657
1489,1678
1430,32
474,1657
625,1679
1012,87
1260,1659
1405,1672
1225,98
269,154
1707,60
1434,1092
1439,67
1021,112
323,1797
450,1671
290,80
1467,154
236,98
580,17
1133,37
1426,71
788,70
185,239
308,1672
701,89
1057,1693
1166,61
1352,89
1153,24
1138,1654
748,84
1427,1641
1345,1092
1810,112
690,93
929,105
912,239
1725,131
1023,35
1782,1632
225,98
1557,32
858,32
291,75
476,85
187,42
1863,138
545,42
1394,1
473,119
1319,66
55,19
116,99
373,1660
1166,1657
1232,59
257,73
149,75
259,1671
1255,43
1019,1641
617,1785
1849,60
1295,26
1446,1092
1450,17
867,97
776,32
78,82
263,196
1781,1668
124,1678
1339,101
1728,196
1566,1630
1103,196
1844,112
688,17
890,53
785,71
140,1658
1375,110
553,35
1605,19
1109,94
746,1678
13,105
1928,26
74,105
646,41
1418,94
613,42
1099,233
858,131
140,108
1411,53
221,119
1381,85
1753,84
1290,20
500,50
1533,1668
965,104
76,91
524,89
321,132
1924,1658
1893,91
1802,26
257,42
1644,105
282,1679
598,35
1244,1675
435,61
860,112
1295,104
604,77
1653,70
715,82
1090,58
1204,54
1497,36
1422,101
145,1
1619,1679
1767,83
685,1671
1905,112
584,112
548,1665
1979,67
1827,23
1576,1675
1042,91
1561,103
346,62
457,17
1716,1797
832,99
838,73
913,1672
1618,35
842,132
1963,638
1162,77
5,50
1682,154
1742,64
547,1693
365,20
1475,1659
1343,31
187,54
1180,1797
300,239
871,96
270,1797
1022,20
1087,26
1897,138
1168,58
48,239
416,1667
571,29
1748,77
1585,1679
1771,100
722,99
1346,51
746,109
1026,43
344,79
253,43
273,53
1750,1660
1311,94
1794,36
1762,1658
1395,233
256,26
1986,114
296,97
1626,29
1201,96
281,633
1594,1673
195,31
1049,20
366,84
1159,43
295,104
559,17
543,1660
727,101
1044,1667
1510,638
1721,1659
1314,35
887,1679
1246,68
271,112
515,100
1840,103
5,36
1310,79
1458,108
466,98
1755,1656
1890,107
180,62
52,65
1711,107
558,53
1649,1658
1847,1659
452,32
517,42
827,20
645,101
1570,50
887,54
1974,1658
156,86
1613,112
361,106
1107,77
1037,1630
1164,60
378,85
1045,1807
1342,41
333,69
947,99
1248,100
1925,86
1958,1659
587,56
1234,75
1362,20
498,23
484,70
1905,28
765,51
802,63
289,80
401,638
917,1666
914,1233
1452,37
1588,39
758,82
1056,112
1460,1670
1918,112
1496,119
370,93
924,1760
1723,98
181,83
1623,1663
1975,1660
318,84
1702,106
582,31
653,111
1961,60
1819,138
1808,1807
1554,1673
637,1679
415,29
969,59
1708,20
1467,1678
958,23
372,94
652,56
509,67
1012,110
1309,16
1866,69
749,35
254,233
917,29
518,638
1036,101
1774,79
1225,36
175,105
1408,638
604,39
1216,1693
384,60
1161,154
1183,103
1204,24
586,633
1177,58
1640,190
1911,99
371,1667
1454,1632
247,1670
1851,54
1190,110
1444,1760
915,1660
791,17
1699,106
1530,61
869,103
157,43
1519,29
1006,64
1585,119
1471,1760
1611,77
144,1675
912,37
1829,111
1478,87
859,1675
602,68
911,100
398,73
1158,239
1525,24
996,1632
552,1807
1013,1678
398,1693
199,103
1783,1641
1414,638
793,64
371,108
1866,119
798,633
1559,56
786,33
984,1663
665,62
1697,89
1643,1797
668,29
1720,1680
279,1672
530,26
1048,633
1446,20
550,89
256,69
789,101
1161,132
1362,105
1861,65
444,108
1646,23
1133,64
785,104
1958,1639
1217,109
1526,1807
1827,94
997,83
815,60
161,73
1395,64
539,54
171,112
1645,54
1939,1663
1921,54
1262,638
359,33
857,1797
440,111
460,82
1070,1665
834,1785
912,19
604,633
960,1659
599,1642
1718,54
489,233
384,1233
237,17
1434,43
422,109
630,1670
1459,1642
1923,101
1394,109
742,95
1919,111
1556,43
304,1
743,1092
323,1673
729,1678
786,19
1433,98
557,106
390,83
1721,93
587,69
1578,1642
256,83
760,1679
518,1667
785,90
1004,106
1247,62
627,75
259,79
1456,107
1552,70
544,1807
1134,638
1777,103
606,93
553,87
57,26
571,1680
1031,36
1695,77
353,41
1991,60
202,1672
1051,97
1270,23
1505,1667
1198,1630
496,1673
619,99
892,67
1741,1660
1708,95
1449,1092
1782,1670
1530,1639
723,65
449,98
1019,64
659,19
1926,61
1584,36
1257,1654
630,1680
1624,1679
1795,28
341,37
749,104
217,111
1188,1671
1738,94
1831,65
303,89
431,20
732,87
472,91
1550,1665
1569,1670
374,70
1096,1660
1922,56
1192,1659
162,36
1982,70
165,41
1132,1639
786,1659
1120,103
1321,1630
1452,94
724,1659
285,91
1908,119
1102,42
788,54
936,87
349,62
370,101
1790,119
1755,1680
325,53
1324,1675
1964,80
329,50
736,1630
318,108
451,1677
1448,65
1981,105
569,50
1782,1680
683,86
1608,73
1293,103
709,96
1461,107
1686,1660
1624,73
186,239
830,26
260,60
395,105
785,1675
1104,119
1749,1667
1430,51
1429,638
203,58
557,61
631,90
1345,1671
1336,106
1892,103
846,37
477,1630
44,39
484,1092
1633,239
826,17
1977,1660
1757,70
1298,109
489,1659
1033,1666
627,39
1398,154
168,64
1750,111
464,65
600,67
835,82
641,1641
488,71
1346,1658
1989,638
1495,95
781,99
1813,54
437,1693
681,1673
808,31
369,85
1860,119
1736,61
756,1673
780,93
1957,97
1722,112
1559,1671
582,1797
1746,138
481,1654
596,1785
1364,99
616,97
1095,1659
983,1673
398,1
1268,1641
257,41
615,104
263,23
1353,71
1134,86
489,64
206,103
1400,1658
800,70
1443,82
378,62
1356,75
272,633
1268,1807
494,1654
407,19
1187,89
767,1673
1362,1797
843,233
1710,103
1986,97
279,85
1721,1678
1972,60
545,1673
1119,53
883,1675
491,19
610,71
1200,1797
1530,20
1918,85
192,84
289,36
399,43
238,1
1638,84
1551,233
801,65
1461,1657
761,51
946,1659
691,1668
1458,1233
120,1807
1048,109
419,61
1839,19
1587,42
1950,114
1330,1
1367,132
745,1677
642,31
223,26
1491,110
599,1667
1459,1698
1810,1670
1427,64
1174,97
1306,89
1633,154
789,62
387,60
1510,24
1646,110
1846,1660
797,1657
1315,26
712,37
347,90
920,50
212,62
487,196
470,132
1524,1673
185,20
313,79
956,77
1885,1658
559,16
1649,100
1017,73
546,39
603,58
1923,1657
1267,83
1985,58
1199,96
719,1642
831,26
481,132
211,111
1817,1659
1118,112
1894,1659
436,50
989,36
1051,41
382,196
776,1679
1736,89
1694,1659
1204,1657
604,1693
1448,43
1795,1642
1729,1092
865,111
137,196
288,104
877,106
1285,131
1876,26
1326,63
1454,112
1249,50
1067,87
1450,85
864,16
1527,65
1771,85
1265,82
1467,84
352,633
885,1665
1266,1680
1064,638
578,1678
973,1760
1972,16
580,106
249,80
979,1673
181,33
1864,190
980,73
410,107
745,1092
164,62
518,51
1931,80
757,1807
1880,1672
1314,50
586,83
1763,107
1822,138
1182,101
851,77
781,1630
52,80
1468,196
311,95
187,85
1266,61
1031,1663
631,109
1627,28
978,75
892,1233
1107,90
1070,82
1953,36
1228,80
862,1092
220,1671
402,1672
1655,1639
1697,63
1526,1667
444,95
1812,1676
1514,75
1774,63
1244,112
1911,98
1042,31
752,71
1143,1657
1912,73
1783,36
1891,1698
187,1678
800,1785
541,1663
1887,26
1428,93
1193,42
2,131
1753,98
1571,39
1041,110
339,62
1686,638
1265,1672
180,108
1245,1660
1160,1698
1071,62
1465,65
1517,1672
1522,50
1105,90
1965,1630
405,24
407,638
1497,638
1081,17
1232,99
1748,1
203,99
1252,110
1255,19
504,1656
1495,1632
1423,105
1026,111
1617,80
1046,106
737,1630
1380,138
1255,96
1591,1660
266,80
654,89
906,1671
1915,132
258,1666
651,79
1248,1
219,65
1947,1665
862,111
1473,26
781,1807
1718,1678
553,100
6,1676
1571,68
1038,29
157,60
1213,73
716,1639
1754,1667
1146,28
1442,131
1482,58
911,196
179,1677
1604,43
979,28
1614,68
256,1671
333,1233
1455,1670
649,62
1848,1654
709,28
1059,1639
1208,1663
1195,103
1285,233
1496,1680
1356,50
364,36
537,84
1474,1807
1439,95
1954,1233
841,1632
641,54
113,1673
343,80
1143,75
1201,94
601,1676
1972,75
229,89
1282,1667
681,24
1069,95
308,1668
1405,1233
1241,112
731,56
1028,50
734,23
1402,37
707,51
1405,56
393,63
1883,1630
268,23
1407,1632
1361,50
1142,35
885,58
1199,24
1735,58
1427,1233
1907,91
658,1668
1125,58
905,37
1757,1679
1226,41
1269,85
690,1668
817,20
959,1233
1774,1670
1869,60
1489,1676
1378,633
823,26
1707,62
307,29
625,42
914,79
678,60
165,71
1892,114
314,233
854,1673
1192,1660
621,190
994,80
1527,190
1254,68
377,82
696,1670
863,1658
0,39
1838,1670
885,1092
1622,41
295,80
1476,85
1170,190
322,1658
1800,89
289,31
1341,39
1328,36
1755,633
174,56
1516,83
1978,98
676,154
1286,109
133,23
1206,1632
1041,68
566,1657
1319,239
402,56
847,64
958,93
372,96
1873,26
1270,1660
1195,50
1145,105
25,42
1437,17
1420,111
1647,24
1227,1663
1909,119
78,33
1695,1654
1627,68
1531,107
1956,24
1464,32
435,94
1892,96
188,1092
301,1657
1781,1666
583,103
471,1807
1804,43
573,62
313,50
1217,90
1052,29
1866,1657
1476,91
1980,1807
1334,41
640,69
751,73
185,104
1324,1658
375,90
1559,1670
415,53
1396,1678
402,42
535,196
524,91
545,58
983,1672
455,51
1313,61
193,64
1774,1698
1283,1659
1192,196
1285,63
1435,1656
478,99
967,1785
1599,24
954,106
1418,1693
708,61
641,108
1636,19
1640,86
632,239
1683,66
1350,1785
819,67
1282,1657
1390,1678
1598,83
587,239
1615,41
879,37
916,17
610,68
1363,638
314,633
973,96
920,84
268,90
640,83
892,1660
1075,35
579,70
1169,90
265,50
676,190
545,91
1631,79
1742,70
737,41
798,1656
1115,86
877,119
1522,108
716,59
591,35
334,56
1973,35
870,94
1083,1233
1464,77
217,84
81,1233
1389,109
287,1673
917,104
1011,69
1626,104
1558,75
1761,61
125,239
1925,98
205,23
1794,1673
1242,1658
501,54
942,1668
249,69
212,63
1063,1656
1331,42
980,68
1334,53
1003,109
1102,17
1927,32
951,1663
828,112
497,59
350,1639
975,112
1293,43
1186,103
1058,58
466,96
926,1670
693,85
52,67
1782,59
1174,1658
398,1671
1236,75
919,1673
656,79
877,105
1980,90
1525,1639
1361,1678
793,106
595,50
920,1672
945,103
527,67
1521,94
1358,1659
1417,107
961,39
317,67
1476,1666
732,24
1802,1672
1161,110
1528,103
1774,50
30,61
178,154
197,1678
920,1
1806,233
560,24
890,89
584,110
325,1092
877,1665
1376,154
721,43
774,63
1291,99
834,1632
781,39
610,1679
1267,32
788,239
878,131
1861,1672
259,1797
389,100
1574,39
1131,1675
1685,32
1285,1656
1525,99
848,65
466,82
514,132
773,31
1553,105
1826,73
173,89
1583,61
263,104
1539,59
1316,96
1081,119
621,86
625,19
1857,1676
1912,1639
867,42
1255,109
1090,1675
464,1665
1653,42
643,1639
863,190
115,20
1147,99
775,98
838,1670
1723,1656
1122,1675
611,190
1184,70
1028,95
1813,1639
167,67
1704,1666
1277,104
852,35
124,60
1864,60
1133,1641
925,36
1635,69
490,63
1503,1693
1947,65
629,32
1492,98
616,43
1293,79
1811,1668
305,66
323,1663
1813,1092
841,16
1229,39
1687,131
1220,1666
1933,63
1917,154
1126,1807
887,103
260,84
1987,1233
49,69
1081,16
345,68
753,71
1603,119
1913,69
1624,16
521,73
1325,1659
1249,93
1744,94
344,59
530,24
10,90
395,1676
1443,1092
875,1670
1049,87
1409,62
383,75
1636,43
920,29
994,60
795,53
1055,41
501,28
926,87
212,97
967,633
532,1670
613,1
1530,77
1060,638
1388,35
1444,1639
1067,638
953,68
797,75
1948,1632
1303,59
481,1630
1418,233
9,77
1293,65
653,1671
1648,85
193,105
267,56
1852,71
1394,107
153,1693
793,80
1951,1693
1842,109
1383,79
1060,50
139,66
1316,132
981,97
14,24
729,1676
618,86
373,1671
1389,53
1336,63
1393,50
1925,41
1197,24
1572,36
1903,1760
1441,1668
533,112
990,19
6,16
11,1670
48,1676
727,190
1945,31
1896,1665
401,1760
593,62
1557,1092
1118,190
1727,638
1621,77
335,24
194,50
1407,132
678,1630
1604,26
1732,87
723,67
429,1672
1239,33
1226,86
412,108
1926,51
1910,84
1987,35
849,1671
120,91
1775,64
692,75
1336,239
964,1658
1963,58
1484,31
1815,67
1949,99
1198,67
421,91
125,1233
1674,138
1966,68
186,61
1880,1797
280,58
1208,24
38,1659
1710,73
347,98
1396,111
134,68
583,1
255,80
1523,100
1106,68
403,1657
1001,1630
468,239
1924,84
990,1656
1824,64
1553,1670
1108,633
1752,1671
1149,83
374,1659
925,105
1759,16
434,1668
1729,69
1432,67
716,1668
1964,82
1765,1679
1550,85
225,103
1790,196
565,51
420,1660
1876,131
204,109
1165,90
500,94
1441,100
230,67
1577,42
527,1671
881,87
1451,79
1587,65
773,87
1859,1678
655,87
178,1657
877,35
1599,132
1765,108
827,108
939,1654
1255,36
1292,50
176,26
1423,82
209,1657
418,59
401,17
740,1642
1828,83
1296,196
472,1670
1416,19
1435,1675
942,1641
896,65
437,111
1271,138
1750,109
687,53
980,33
1222,1632
712,233
487,51
1571,17
204,1641
1169,111
616,1657
694,1666
1870,63
1564,16
1604,239
1643,1667
318,28
1594,69
1732,75
794,79
388,106
908,1679
1969,1797
1890,53
270,82
810,79
1326,33
1164,132
696,42
592,1639
165,233
1292,32
525,1657
1283,1675
1245,64
1764,90
628,70
1804,75
1395,1667
744,1807
485,99
729,87
1021,17
1815,1657
1342,131
1146,1654
1315,1675
1721,1676
926,28
805,59
788,101
280,1632
1864,132
1385,103
1811,233
268,91
606,41
1692,60
577,1679
1495,111
1964,54
1638,37
946,1657
1367,17
1132,96
1002,1657
180,43
551,100
1158,20
1344,112
372,69
962,101
445,1807
160,23
1745,50
1430,98
200,1666
203,75
1970,111
1644,90
351,83
139,61
1724,66
1138,93
431,75
934,86
170,1693
630,1663
172,67
618,31
1721,42
217,196
165,108
1593,96
725,36
1137,108
1207,26
1960,1233
896,190
178,233
1582,66
451,29
1023,1663
1709,1632
1733,62
829,70
1867,1092
505,50
983,107
1190,65
1644,1668
1587,1667
1482,131
1445,29
1318,1679
1689,41
1709,86
1068,98
1398,23
353,87
1756,23
1165,1658
895,59
1280,1670
1799,101
1860,85
1529,85
1492,79
703,94
276,1807
1041,17
750,31
1566,131
592,73
558,56
1042,1639
321,101
159,23
1943,65
1067,56
535,1676
867,1092
1326,61
351,65
1016,94
1795,86
1566,1673
1070,70
297,29
796,97
746,90
1046,63
826,82
757,1658
1550,1663
1794,53
195,97
1978,1698
326,35
1975,103
1834,31
747,1639
752,75
572,1092
710,1641
976,233
486,1666
453,53
1696,67
1550,98
1988,1
1253,1672
1280,64
1228,1678
1540,1672
1590,100
123,94
565,107
1691,1693
854,91
1903,84
783,85
1518,50
1583,60
1087,59
1437,1676
941,83
1494,43
300,93
1647,83
1154,68
234,233
1558,1630
952,190
464,1666
175,106
1560,196
1090,111
357,1666
1828,107
1063,1678
1669,63
1871,23
511,19
259,84
1551,63
6,53
1261,1659
1059,63
1533,108
832,33
1592,51
252,106
1886,1641
1499,66
1172,100
214,42
1158,83
1128,1666
868,51
999,1665
1025,1658
1518,77
1706,1785
550,633
1323,33
1145,65
538,17
1644,29
726,32
1816,94
1434,87
1702,1760
1168,23
910,90
286,138
74,1632
991,85
1606,112
672,91
601,43
1101,1656
1778,1807
165,50
407,85
320,37
175,233
14,1667
1799,1698
1847,28
1311,1092
380,54
1461,1693
1784,36
474,63
457,93
771,63
814,131
845,1665
1067,1675
1989,1680
1200,196
1070,1668
1907,79
1446,633
1819,107
555,24
1736,101
1833,91
1762,83
1335,1663
455,91
1323,31
1343,80
1553,84
591,1665
1224,1630
1019,36
1960,82
1302,97
1430,42
1359,112
1913,86
2,1678
1531,65
211,1660
964,1668
967,77
1728,77
1606,98
297,107
1186,633
1305,93
347,23
1509,1797
1553,1641
1308,62
454,66
590,64
1787,94
371,1632
1459,43
228,16
512,37
1889,1673
1788,633
355,1785
785,1660
433,39
821,86
1870,83
1300,53
596,1760
1437,108
10,1665
1338,1671
1779,23
305,109
921,107
1016,39
1648,68
1647,20
1390,39
1674,56
756,41
1057,42
888,97
1188,1666
1596,83
342,1630
1731,1666
734,1760
496,100
1916,106
408,112
1261,91
488,190
1372,98
236,94
933,64
661,75
867,196
577,62
1923,633
1207,80
1079,101
1984,633
1358,36
461,1658
1987,638
1950,1654
938,1807
498,90
263,1630
185,1672
272,51
129,1630
936,90
1203,60
980,131
676,132
240,1660
1606,1666
744,60
249,1666
12,60
565,50
720,69
439,95
1512,33
854,16
1226,89
1192,73
488,1673
1284,633
183,90
955,37
1249,1660
277,17
813,63
1573,61
1296,39
391,105
395,106
1852,100
452,105
1542,82
578,65
561,63
615,196
1555,1679
1114,63
1345,1668
689,66
675,51
1988,1675
1824,1660
1386,37
1575,111
471,61
550,106
1090,87
47,1672
501,80
943,41
1834,54
1033,1671
1911,36
552,1678
792,19
499,1673
1180,68
1080,1660
1502,107
1107,633
150,70
1934,20
1508,1698
946,33
232,79
1162,71
336,1641
704,83
301,59
720,1807
308,19
862,1630
737,29
1508,84
1364,110
1957,1667
248,62
338,64
585,65
1688,50
622,62
146,37
898,190
1859,75
224,39
1454,91
759,99
1755,106
1353,68
1725,1678
163,132
1235,104
332,1679
578,83
1610,36
1555,1693
1171,58
1467,77
1218,99
1868,233
1412,71
478,131
1695,1668
279,86
427,41
926,29
566,36
982,1673
1965,104
1841,90
630,1
797,1670
248,1641
1223,20
1317,95
1948,1675
1395,61
292,82
1948,87
228,58
892,1
201,24
882,43
1240,19
1136,100
305,42
582,70
625,1663
555,96
372,70
652,16
1761,1630
1212,56
1010,1642
220,50
716,53
459,36
1343,104
370,1785
250,1663
1043,1656
1821,109
293,85
1070,53
1481,154
985,93
1653,84
1157,101
606,1667
222,84
957,31
828,1673
1593,103
1514,82
871,1657
986,1675
451,28
772,1656
1609,103
1513,154
249,75
917,1660
1619,58
436,1665
973,16
1527,1641
1352,103
892,1676
1984,1660
1270,35
1179,96
1096,108
818,56
1944,154
1799,100
147,66
1142,105
941,190
9,37
1584,16
184,61
642,1673
773,43
1181,190
405,1
1971,154
1470,1641
1587,61
1920,50
1577,119
358,35
783,70
1191,69
1084,1
18,60
1141,80
810,32
1623,70
1990,101
1511,66
804,1660
893,1693
1281,1657
1911,1233
1936,33
1774,65
1251,132
1528,105
757,1657
1989,36
27,84
943,98
1579,66
1767,1671
772,154
1223,107
323,196
1301,83
1927,131
1331,58
660,60
518,54
353,96
1919,1642
1813,89
2,63
150,239
1900,51
1611,32
730,43
1851,1675
783,39
1340,26
1822,24
524,111
1775,24
1762,63
1588,1639
1292,100
1544,1659
1062,1658
1067,70
572,1656
429,633
1406,233
1410,1630
415,1680
1889,17
251,633
915,1698
1485,1660
1655,1632
873,70
1939,107
472,1663
272,1663
829,105
926,107
1518,1665
1247,87
3,90
1881,41
921,1641
1425,1807
360,77
965,1680
797,119
1169,54
1809,1785
1448,1233
1263,36
1229,84
1357,31
1253,94
1625,93
1399,1630
1897,58
1597,31
398,77
1177,1658
471,1667
558,1665
1495,1676
410,1639
657,1668
1597,112
1943,100
1142,1785
129,35
985,26
896,1233
1235,32
480,1630
283,61
145,60
1818,97
1710,51
880,1667
1757,108
1422,33
1298,19
731,190
1854,100
1582,105
1911,77
1787,67
1401,1642
6,36
815,56
1689,101
553,105
1695,91
741,90
852,51
1834,131
1117,1797
1946,633
436,112
557,1698
1776,190
1973,1660
1263,42
15,60
932,90
1819,106
1897,36
1162,1
500,68
1762,80
311,1680
1067,132
844,59
402,98
972,64
1037,1678
264,31
1542,119
567,239
1603,103
884,17
635,119
1154,41
972,1658
1524,33
1529,1639
1569,1672
47,82
1707,82
1309,1660
1254,73
1552,43
1308,63
1777,138
1389,196
1906,1092
365,1670
8,1693
1415,112
1951,66
1130,90
1469,93
594,633
1435,85
646,70
208,94
1571,119
481,80
442,1632
1459,91
600,26
1446,1667
1356,1797
214,196
470,50
272,85
1023,56
879,1092
593,77
1418,54
1045,1679
414,1679
639,104
1561,1092
213,1632
1598,1680
603,1797
1155,80
473,104
901,190
556,1807
421,89
1198,65
850,83
1109,1642
334,64
1700,1663
843,112
537,43
1643,75
791,1642
1646,68
1204,95
1427,1678
1416,103
259,16
795,98
523,89
1183,53
1133,32
696,1673
340,77
548,1642
363,100
842,1639
1130,1680
494,100
1858,95
1496,132
1095,100
1259,1632
1718,1641
430,58
751,68
970,87
1877,82
403,20
630,85
1702,39
599,112
641,1676
1618,56
842,109
807,71
1606,1667
318,16
446,37
429,19
892,109
697,105
1054,111
974,1663
1979,1676
241,1666
1088,107
925,1668
726,95
348,1663
827,110
1825,77
1109,1660
371,90
7,24
264,138
1242,233
1849,71
985,64
621,28
1103,82
791,1656
1167,91
559,1654
1227,196
840,66
1362,1807
1236,638
332,1656
1877,1630
1539,1663
427,58
501,95
1244,59
929,1632
1180,69
539,119
1644,1698
1423,633
447,132
140,154
1709,112
1433,1639
1107,1678
1342,1693
315,132
1149,99
615,1675
1280,104
1631,53
140,105
1544,79
201,109
440,29
890,1667
1596,1679
1783,1807
1715,23
1791,1660
1098,63
49,50
621,1666
1731,119
1772,1671
521,54
193,69
817,53
1464,66
1063,106
195,1693
1859,1807
1902,95
1026,82
1021,190
1653,65
1875,1233
1218,96
1399,35
280,24
668,65
1011,1676
1814,42
866,70
1187,42
691,17
341,1672
1190,85
491,23
681,107
1530,16
1513,56
542,50
1223,23
1726,1670
1571,1
612,1668
321,1233
613,71
1240,101
261,50
503,99
1099,154
1122,89
1820,154
918,106
975,111
814,43
1042,1760
1961,84
586,138
841,79
1640,1675
76,70
612,16
525,1671
743,80
338,51
1205,37
1563,41
1005,63
535,1656
1946,1785
294,100
1114,97
1097,239
1464,80
14,39
1450,111
1178,104
751,1670
1734,109
924,90
228,1663
732,1785
750,1672
1580,1667
404,24
812,109
833,16
1019,1785
1001,60
819,37
583,68
1258,1785
1565,24
1986,79
920,54
777,1797
1055,64
819,82
1287,109
1220,16
319,109
1269,1233
497,1797
204,1679
987,1656
433,29
1763,97
308,65
806,1630
22,41
1226,29
1907,20
130,1658
1730,1639
1947,23
754,96
1637,1663
1691,1665
1177,1693
351,50
1661,29
1074,89
1920,51
173,100
854,1233
602,28
1705,73
159,17
988,111
1568,1675
533,1642
1326,67
832,1641
829,1657
304,108
1832,68
1856,90
1983,73
864,20
665,37
611,1675
654,65
1872,58
1046,61
1252,1656
1322,23
369,1807
1811,41
819,51
379,1656
909,1657
681,54
295,132
1326,1676
521,1693
338,1641
13,41
1301,82
680,1668
1965,75
1952,64
1790,32
1321,119
328,1672
1275,1668
1310,19
599,56
949,1677
1263,17
932,39
1251,1785
365,98
989,50
1051,59
147,83
332,109
1492,95
636,35
358,67
415,24
555,79
76,106
153,41
777,89
1900,67
1532,101
1037,85
1445,1642
1816,82
1302,91
92,42
1322,1677
1141,33
228,1676
323,1680
365,1663
182,95
572,1657
991,97
115,104
424,1667
1090,1670
687,1666
1591,1642
1835,1672
1299,154
551,1785
1838,91
1362,112
1895,94
577,70
1307,1675
816,20
1865,31
1655,196
205,56
1257,239
1038,100
1458,1668
1871,1642
1064,1673
1135,1660
285,1676
1358,111
832,35
761,131
1102,112
453,37
1212,1642
1789,138
728,1785
743,132
1371,17
1189,58
862,1668
1162,28
1128,1668
1809,101
963,1657
376,61
1904,37
656,31
725,1658
1081,1656
1691,89
645,51
854,107
1560,54
655,110
1064,59
142,87
452,1
1363,105
829,1693
1038,1785
1539,42
621,69
1249,82
1050,101
1071,1673
1906,106
125,17
678,103
1946,91
1076,62
584,62
1779,1657
677,85
1379,71
1936,1656
316,19
616,633
390,132
192,97
748,110
1341,31
1309,1675
546,1677
410,75
268,29
1707,1656
1585,100
241,239
1398,67
389,69
1000,108
15,63
1855,1659
1604,23
1075,1785
1951,1656
1623,1679
1431,99
905,63
720,91
1937,26
1829,28
251,35
455,85
1471,105
260,69
605,1675
395,64
1563,17
126,106
1505,105
292,1654
794,1680
1328,1656
685,31
1610,28
928,1666
1126,1679
1977,93
1563,1658
1299,73
1191,239
1142,1659
243,59
672,107
1979,1092
1818,112
950,60
1640,112
6,132
779,132
873,33
1312,1807
1390,638
947,80
655,1667
1004,103
263,1642
1813,1656
1578,1673
1073,233
919,1233
687,131
136,1760
1293,1658
1002,633
1392,87
975,132
212,1668
1152,119
1834,1663
1336,638
1122,19
365,56
327,1665
753,1642
1240,1670
719,131
150,154
483,53
466,39
1833,75
1281,1670
1984,41
128,1630
1194,1693
1822,103
938,35
1879,114
1751,71
870,132
692,86
657,1639
1617,39
1963,63
1232,67
328,43
1437,1632
884,96
1291,1760
445,66
1902,64
1977,111
1724,26
1289,109
1549,97
242,1654
632,104
1275,84
27,110
390,70
1788,63
155,85
1745,1632
217,1656
1773,190
815,110
1133,31
1140,119
511,39
1069,77
1073,138
1715,1639
1602,89
1695,62
406,32
1096,68
1078,84
1759,29
1561,62
1584,233
643,87
493,100
700,28
1554,103
538,1663
122,638
841,82
733,1680
683,77
520,633
1537,86
392,98
709,107
1195,54
145,1666
1454,79
1627,43
961,1760
527,101
1542,80
536,1630
757,1760
371,93
561,61
139,99
1892,108
273,67
614,58
1865,70
374,85
526,86
1941,1679
1066,75
551,1665
1875,29
846,89
1885,1760
1241,39
10,111
1737,28
461,1642
295,66
370,1
1897,1658
400,104
970,70
1144,239
1237,132
282,68
228,54
1280,105
342,42
1763,68
308,110
1857,31
164,96
1213,1233
1803,71
1988,73
1199,56
298,68
1509,106
1683,1671
504,59
785,1630
52,107
1234,1671
438,1092
184,35
1303,110
550,1666
113,67
1287,1233
1816,105
971,196
336,1673
1276,73
598,37
431,70
1815,96
310,43
1381,1666
371,43
206,104
1477,233
1633,131
1431,1654
499,1659
1325,37
1804,70
1238,1680
1260,638
729,84
1373,1667
534,1663
293,131
566,58
880,119
1161,1660
1750,114
1879,1760
919,32
1260,138
1846,1665
1888,29
1984,1632
1662,67
1791,1807
231,89
1374,17
470,105
146,1673
204,61
1825,1693
851,1672
1371,87
693,79
555,98
1108,20
595,1233
1442,1642
483,95
1886,31
931,93
750,131
1505,32
719,26
1752,31
1243,1658
597,1632
509,42
907,53
1225,50
1410,1656
1043,23
475,23
943,94
1207,23
822,51
1375,59
821,638
1953,1671
1456,89
480,638
1555,33
1207,132
930,80
1334,1698
805,42
878,1630
738,31
386,104
758,90
1576,1663
45,1659
834,1642
1975,131
892,1678
1502,69
1341,89
1368,41
672,1654
1477,1673
45,1676
767,105
1858,1672
1085,84
1430,1679
1179,19
280,1807
1714,1680
952,85
398,1675
207,1659
1661,28
133,138
1259,94
1597,106
509,75
753,95
830,37
1224,1670
598,65
1855,61
1515,1660
1191,1657
378,95
838,1657
340,1660
1781,31
347,62
1507,16
1348,1642
437,33
1288,107
899,138
532,1663
1552,98
10,53
1355,53
1461,1670
1876,1807
437,82
800,1760
670,96
1796,82
487,70
1520,67
1272,1658
1068,83
165,1656
1130,1656
1612,1680
1078,28
503,70
1544,26
881,1672
1051,58
1621,20
22,56
669,41
548,16
1580,69
1027,53
1006,154
1056,1641
1442,1678
528,108
1980,100
1067,43
1141,32
277,87
1456,1672
981,73
1019,138
1372,1678
567,58
860,32
1249,71
496,77
868,1665
607,16
937,60
940,31
1976,119
1426,104
693,1639
513,107
330,95
1401,1630
1955,109
377,24
1301,99
734,60
152,1666
849,108
1530,71
1277,100
855,50
603,29
426,70
1611,67
690,17
450,64
506,1630
1034,64
667,1641
963,1656
1780,1785
1357,1092
591,96
1220,1678
1806,1677
1420,82
528,90
1298,1672
1522,190
1511,96
689,41
941,66
1005,1657
1117,41
238,1670
974,58
408,23
1531,37
1591,1659
1887,1642
1395,1660
614,1672
919,138
519,58
152,28
1704,138
1945,96
698,43
1130,86
11,1676
484,96
1170,87
1135,1677
949,154
806,1675
335,97
1151,1233
339,98
174,33
999,190
1189,90
640,31
998,633
781,71
130,1807
1754,1676
22,85
1240,94
1735,67
1682,77
1426,633
710,70
612,90
1971,89
905,62
1830,1656
392,71
1337,35
1959,1672
626,106
455,84
1728,1654
1553,73
1625,1092
1607,154
45,110
1739,1672
317,1663
1262,103
531,69
1876,73
874,105
752,1233
1781,84
418,19
1674,132
608,85
1789,1641
304,1698
1828,59
450,1676
1339,94
1801,31
1007,196
1033,101
148,111
516,53
424,101
1633,54
1318,70
269,67
1747,58
1069,90
1841,1
1166,58
617,43
1975,90
1578,90
1480,103
185,87
791,51
1508,1673
1556,1667
232,86
1361,53
1735,1797
349,87
1792,1667
859,1660
574,1667
1842,1679
1904,66
361,1680
1699,1671
1549,1642
1316,39
521,105
1880,154
631,66
978,26
299,1665
15,1671
841,1668
364,23
628,110
1403,26
822,90
435,196
1158,1760
933,77
1397,1666
1804,50
387,105
1935,82
1018,103
1351,107
1923,1668
1429,83
1405,84
624,65
1068,132
899,83
1877,80
1661,1785
1475,154
1354,1797
683,63
1554,100
1739,32
619,87
892,111
1250,239
1453,1632
479,33
1019,84
1886,32
1816,28
1563,79
1587,69
1012,61
1543,1660
527,100
1815,109
952,138
1984,87
517,94
1114,58
374,59
874,77
1831,109
857,19
1768,19
1041,1659
1208,42
250,108
530,106
1747,105
1062,20
1724,1807
837,633
1006,1678
171,1807
1973,1678
727,94
929,131
1227,36
1864,233
1628,66
907,1658
801,1693
201,19
406,1630
1625,106
1406,1807
1132,110
1152,84
322,95
1396,1675
1456,1632
45,51
1183,633
118,1665
161,1630
1563,93
787,104
294,104
1292,77
155,1676
1501,65
1899,50
408,32
1255,86
125,103
1157,112
1768,1
628,66
660,1698
129,154
1093,24
1204,61
357,84
299,1658
162,66
1854,1671
1476,39
1096,131
1817,101
1140,84
1722,1092
448,196
1458,1663
1726,1668
1766,19
977,233
1810,79
46,36
1388,103
1763,1665
1519,97
949,67
510,17
22,29
1608,28
1971,96
1058,37
1150,1671
466,107
545,94
1944,62
418,1660
1792,114
337,1666
1410,99
275,1654
1971,1642
1363,65
810,61
924,37
428,66
1098,190
213,26
431,87
368,29
1128,95
425,106
1384,233
553,1676
957,28
354,51
195,119
1616,67
88,91
1362,29
1605,111
424,61
1609,100
886,29
1167,1668
1042,53
1017,83
1533,53
838,35
1685,1668
1746,70
453,79
474,196
1509,60
761,86
204,1673
1710,1630
1050,1632
440,59
1844,638
669,86
193,1797
872,94
376,35
1210,1668
1467,1673
236,1673
1333,96
1869,110
13,1785
14,132
1088,71
925,1656
1930,1641
236,131
1855,60
699,87
182,67
1204,98
819,132
200,190
458,20
1201,58
923,98
256,239
1806,1092
866,104
997,56
1594,1698
637,1
791,24
295,23
299,80
430,112
838,29
878,132
1102,100
757,99
1625,39
406,233
515,91
1103,1658
1431,89
576,91
1035,1092
686,16
1111,95
1101,101
569,108
1486,1659
666,68
1404,58
173,84
1883,31
1848,1632
1019,28
1795,59
1560,42
1980,101
1706,1666
1926,233
55,80
1087,39
1804,1639
1511,109
1724,98
1063,62
1103,103
665,53
243,33
1770,1654
725,83
48,17
11,103
357,233
1100,1
1653,53
604,62
1021,82
678,107
1432,1659
577,68
226,42
461,59
1700,90
1150,17
173,1671
160,1668
1376,62
1284,1675
813,1675
1878,99
1849,1675
906,107
745,1
1153,58
272,1665
185,58
22,233
1288,233
1499,41
487,119
1428,91
1007,1676
1568,32
832,84
1475,64
211,17
1974,58
1118,86
586,79
552,51
993,71
1917,36
163,99
1691,91
554,1092
1397,54
1091,1
1880,16
524,24
561,1656
528,91
385,94
578,103
1990,68
742,1672
1831,90
159,132
914,101
1249,80
663,1678
1325,1671
784,633
839,29
1569,24
367,86
1473,99
1771,196
1279,1673
452,1668
269,80
533,105
441,65
1308,91
529,100
161,66
1210,79
1925,196
1695,68
1097,1641
263,1671
1206,51
124,79
1763,60
1089,1673
825,20
935,107
1568,62
1976,1641
908,79
1136,80
140,33
504,19
551,91
571,1657
884,1760
1218,1642
281,77
1027,16
416,94
1982,1656
1016,29
1242,97
1848,1660
1063,77
1022,87
685,29
1738,87
844,1666
1214,90
298,1668
793,196
1829,1639
1687,1673
950,50
271,1639
475,94
1928,1660
1325,94
1305,33
1801,111
1251,32
1401,1657
1494,1668
1223,62
484,23
285,66
1888,101
488,82
768,36
1267,96
1655,91
221,1092
863,1667
1759,41
1374,73
1803,93
1302,1678
1549,1671
1822,1663
895,1667
451,1668
1635,100
291,69
352,85
1202,89
1537,90
1279,69
146,61
1269,95
1108,83
1970,82
1410,61
1087,73
742,64
1188,1678
561,1
361,43
1529,1654
1238,94
155,87
1907,1693
1263,1785
1069,58
1052,1698
1700,108
691,54
1633,71
1462,107
1669,1
1303,633
1398,131
441,93
1715,1641
1419,100
1827,99
1332,1667
624,66
704,42
1455,41
1887,106
734,154
1840,69
497,103
1606,1670
1770,138
1864,75
1554,101
137,86
261,108
1685,99
1520,1665
251,80
1890,77
432,1632
1930,90
1401,104
1957,1693
484,1632
709,105
747,1092
642,50
327,108
1953,132
1271,1641
264,62
391,101
1741,29
731,1630
1833,196
1546,29
1736,1679
1134,62
1543,1676
971,54
1472,1797
262,109
118,61
779,85
434,84
883,41
886,54
923,56
1629,20
1089,105
1129,1092
556,16
245,39
532,89
1031,1
881,1639
1987,1675
690,71
706,1760
393,93
1813,63
1082,43
1193,100
1740,1666
501,633
1683,1673
1557,58
251,110
1392,196
719,97
834,35
376,119
624,1785
1834,1760
288,67
1508,39
428,77
1977,24
1191,50
931,62
588,69
958,1663
1771,110
1345,1642
1605,1654
527,154
675,37
1896,87
847,633
739,64
1848,154
584,233
1969,16
1223,131
394,190
1338,65
1469,31
1108,1693
1343,1676
1888,31
1449,83
1824,97
1364,154
282,84
1974,77
1250,1
146,1671
535,99
1235,1667
1736,82
744,28
1873,239
1175,51
1604,105
1694,1667
1900,90
1313,80
1027,104
1637,239
1876,19
1167,154
564,77
1741,1
267,71
1081,93
340,1785
934,75
793,19
1127,56
1228,1233
1356,112
307,77
1342,39
816,107
465,83
483,1676
357,69
1246,1667
1248,110
1915,80
684,50
745,36
1533,67
748,23
1140,91
1948,50
1933,1698
1456,42
1790,53
218,95
1327,36
1987,1639
842,190
147,70
1527,1675
1629,1675
565,100
1283,83
1047,26
534,75
1471,64
1681,68
982,119
1651,28
1563,56
509,73
1364,1675
462,65
250,1677
736,98
1036,111
1134,1680
1389,89
789,73
133,1807
1579,70
513,31
197,1672
326,36
128,59
1970,633
1951,100
688,35
1166,82
768,1233
358,1785
450,1654
1247,109
1730,89
956,90
1163,82
1934,87
1385,70
281,1642
1432,17
1031,91
1377,1680
1567,37
1425,1698
1168,1659
1502,196
754,62
365,95
369,100
1529,106
1629,1693
802,1672
1391,190
1543,77
1273,109
1732,154
1152,1642
945,58
246,1675
1044,132
790,1630
753,79
1782,190
316,1233
149,26
631,106
300,90
1544,1663
1816,196
485,1678
253,86
1178,75
1916,77
1832,1680
586,1672
1250,1641
1636,35
168,112
371,1675
847,1658
657,60
1135,1657
1247,83
1143,1654
738,33
835,19
1388,43
339,86
727,1
1459,67
1638,101
700,101
130,71
147,98
571,1642
1219,70
1337,23
841,26
1047,62
459,101
849,1693
1380,1679
213,94
1208,1656
1798,23
241,1657
969,190
1270,1672
1970,62
869,1673
234,196
271,633
608,89
1709,633
537,83
777,1654
772,68
1204,71
1043,67
821,1675
527,1092
1488,1656
1396,17
1124,190
550,1797
454,58
10,68
1441,1676
198,63
1564,1672
1007,33
1217,1673
1223,75
713,1670
1689,105
1638,132
532,1676
738,51
847,1785
1682,56
121,51
1439,1797
1830,64
1371,1671
808,61
1505,1673
311,154
1604,131
1212,1659
1358,239
1186,36
1907,82
1229,66
345,190
1411,99
454,1670
1809,84
815,1675
1428,1660
1944,119
1105,77
914,1630
1711,37
405,51
1648,75
815,1656
38,85
1053,86
378,16
604,108
72,37
964,1665
608,87
1855,65
13,154
947,36
858,1673
1925,19
1747,79
1914,638
1609,82
511,50
494,94
447,108
273,633
254,638
258,101
245,1807
1473,1807
669,108
137,43
986,16
1584,77
898,36
1142,85
989,101
170,37
1202,86
392,119
1387,94
1725,106
782,1656
951,41
1512,71
1901,1641
945,80
163,239
2,1693
1413,31
756,54
1832,31
1560,132
1463,35
1728,80
608,101
273,86
1477,131
1043,95
1190,1092
1194,17
776,138
448,1233
1191,1680
748,62
74,29
81,69
1555,105
1352,66
487,59
420,1668
1107,1668
717,112
610,42
925,99
140,119
1887,85
1028,190
312,94
493,97
297,1678
1418,36
1714,1785
744,33
1000,75
835,138
1540,17
844,196
1843,64
558,20
1533,1658
708,1665
585,90
1542,196
126,58
1926,39
842,1233
1710,638
795,1807
1292,89
191,1658
317,1665
1637,91
1050,39
682,29
1366,35
48,75
411,33
1703,1676
1528,68
1825,50
705,69
684,79
266,1668
523,75
687,66
1740,58
964,239
1634,1675
434,36
734,107
1955,39
1756,154
1042,94
946,75
1425,110
199,1807
828,107
721,103
193,1678
342,41
878,79
312,108
443,60
1458,65
1136,107
858,59
416,26
989,73
1273,70
557,1797
1776,91
1758,95
1337,79
1121,138
1868,1693
1969,1672
887,37
799,105
1283,1632
934,94
1306,95
478,106
442,1092
1332,69
1014,1660
769,63
1457,1670
1399,63
1490,1679
1579,93
684,61
1757,80
377,119
72,1657
859,33
553,20
1385,105
171,35
135,1668
1847,67
529,35
1961,190
288,1797
1083,1668
1709,94
1068,106
518,79
1626,1676
1199,90
959,43
1331,82
46,42
136,1677
1763,1667
1956,1639
1082,58
1631,39
211,105
1579,1672
1085,95
1967,97
204,56
480,70
1607,62
652,190
1614,20
160,190
1822,33
1441,26
891,79
1705,67
234,108
947,1659
514,42
1609,1233
1623,79
1326,53
1919,94
213,24
1778,1632
877,1
1286,1639
496,36
265,1641
1043,24
125,119
1004,132
203,1659
1339,43
974,66
1490,1665
668,83
1298,54
1541,138
1207,16
1652,1667
505,75
209,85
427,26
762,37
1847,32
501,63
306,63
842,1673
1841,79
167,84
1456,43
188,63
1277,93
1133,131
669,1630
430,100
344,1659
399,1
1195,1632
1402,100
727,1665
1203,109
446,100
1078,1
1685,39
1813,82
515,111
383,1675
1897,65
794,58
926,1673
1152,50
1940,58
1173,1785
882,1698
1469,638
682,80
1180,1667
1647,75
1476,1658
1835,53
625,26
988,26
1856,94
732,96
402,1663
1221,36
1828,28
1476,1673
1610,69
1775,1677
345,1663
1764,100
1524,107
1804,101
1788,98
1127,190
367,60
1190,26
1083,60
684,33
373,86
637,31
983,119
785,20
1287,95
1078,96
909,107
970,107
717,56
1489,39
1682,100
1742,58
308,83
884,1678
1434,1657
1058,71
1685,154
1354,68
126,1807
1786,67
1822,29
1013,1667
116,61
1401,39
1644,37
1701,58
392,61
1795,61
1461,1233
1008,1639
1893,104
521,64
1878,1666
1569,1654
1704,97
362,1670
1616,1693
1600,50
971,96
1453,50
530,33
658,106
1446,19
992,1654
1838,95
1364,1656
775,91
1776,1698
1042,132
505,103
141,17
641,83
674,1654
1287,60
1578,101
1851,65
1576,1630
1444,1656
1250,69
1638,26
1432,96
915,138
906,1233
375,106
790,1807
1396,1630
608,1639
1111,111
1058,89
376,65
1691,93
202,1663
1215,29
355,87
1514,1670
284,73
388,1667
1623,97
442,39
1826,1785
1460,1233
799,33
323,1666
914,99
203,1668
879,1657
1586,111
78,114
663,1672
1078,1797
1684,1760
1511,1092
1576,41
1312,1670
1221,24
1744,85
530,19
933,86
1485,1641
862,196
518,1678
1113,138
923,64
279,36
1757,103
321,1656
1079,31
365,1679
617,62
628,1678
1430,1630
498,131
1628,107
1591,17
1652,97
1729,114
808,62
1051,106
163,1641
18,1670
935,101
478,638
1240,33
137,56
767,60
1458,59
1058,107
1155,105
986,190
362,110
551,42
1216,73
402,95
1437,1785
1074,107
1826,100
210,42
615,73
230,41
284,95
934,1
1783,1654
127,1797
184,1632
1142,1663
1127,67
779,43
9,1807
1043,80
1137,93
1100,39
893,73
661,67
1733,111
731,131
1958,1678
909,1675
1893,1641
202,37
1160,99
1419,104
1649,75
341,1630
1581,60
734,31
406,42
1096,90
209,1092
1649,36
1003,42
910,1642
895,104
1023,39
1526,154
1329,638
1722,101
1420,1663
821,80
857,1679
989,100
1930,86
1751,67
1859,1673
598,29
1134,67
1688,75
1745,110
1909,109
695,39
1765,99
1839,1658
1286,1678
1256,77
1345,1676
1188,1672
1793,1658
1647,131
1498,1658
1440,1656
1011,99
594,73
1180,1658
779,89
283,28
1629,239
1039,101
968,110
1446,41
1397,1679
533,26
860,132
185,132
957,84
1542,1657
1615,93
1248,37
752,58
701,111
829,154
1823,96
498,84
1985,91
386,33
174,64
1921,105
1006,119
1765,1672
1864,77
784,35
362,51
1304,132
1236,41
708,1666
636,103
1812,100
743,43
1541,1672
398,60
1859,67
334,36
1921,1680
1377,70
554,65
206,98
1164,28
759,24
1255,93
1576,100
1536,29
1613,33
550,29
1786,1665
644,82
323,83
712,50
1727,190
932,1665
888,1663
1901,119
392,1698
895,1092
1706,103
1872,131
587,233
883,1668
788,94
1945,83
1452,69
1787,112
1271,131
1576,1671
1573,1659
552,239
1874,42
474,239
1806,37
235,1660
1374,43
1193,106
1497,1654
1757,1658
177,239
730,79
1795,1657
1176,93
740,36
244,1
1954,84
652,24
1701,19
247,20
123,42
656,91
1190,1666
1674,119
773,66
1181,69
921,73
998,105
267,75
910,101
452,69
1585,1675
1285,39
1095,1680
908,638
287,1667
1453,108
337,28
10,138
1207,29
880,28
184,1785
219,16
209,90
1629,100
856,85
1338,79
475,1665
74,62
1965,98
231,196
416,1233
487,94
252,79
1763,233
768,16
1709,93
751,103
1770,93
460,60
1516,1667
852,112
1431,54
1036,1670
575,26
831,108
137,112
415,35
398,105
1212,71
1397,77
1608,110
248,82
1024,239
1765,56
320,1630
1909,83
1359,54
1378,1693
165,132
1046,36
1600,70
681,190
1161,100
1788,109
1861,97
461,20
3,1658
414,154
1083,33
1945,190
1412,51
1548,109
847,1632
745,42
983,96
876,94
1409,73
820,1670
1692,154
1587,1672
1095,53
1352,109
1239,1663
1318,1670
353,104
761,91
1132,62
690,105
174,110
1907,106
1193,70
440,62
261,1668
130,16
848,75
1843,60
1776,233
137,98
826,1672
1637,1658
1384,60
653,1641
45,20
1222,90
615,54
1191,67
588,20
1242,41
1464,99
786,51
435,99
200,82
736,100
864,41
1856,95
1381,1698
1936,39
668,51
880,1693
775,100
1650,1680
913,77
511,106
523,100
1024,1679
855,75
289,110
198,96
916,61
313,96
1459,119
1153,94
182,1666
1381,16
1509,43
889,24
1611,73
747,86
892,35
912,33
892,1807
1485,50
1568,132
311,33
1625,85
1078,131
1779,50
1465,62
1101,98
642,73
1926,93
1806,1671
1002,59
1064,50
1518,53
1031,1654
1487,80
1256,100
578,16
1297,1672
266,196
1687,107
1158,1663
170,1656
995,105
1164,36
466,1641
1080,65
1703,107
343,71
950,85
1218,83
318,1641
1558,111
1120,71
718,1676
1710,154
631,1665
684,16
580,65
1153,63
1064,1678
181,58
1035,63
1952,83
1806,114
707,94
999,132
966,87
1478,50
174,138
1118,85
284,1807
466,60
1869,190
159,99
1634,1797
1320,59
270,98
1030,16
256,1666
719,91
1240,1630
1454,42
1617,62
1899,110
206,53
1977,1666
670,1668
1299,62
675,110
771,1785
708,1092
283,51
1043,69
1747,67
256,95
559,239
1962,36
1503,68
1911,75
1069,100
1308,86
1373,1656
1028,53
286,1092
1837,95
936,101
932,1630
1368,104
1628,100
546,1670
1990,1693
179,1639
1652,98
358,1642
808,63
1857,36
78,1665
1147,1642
922,43
566,1642
1246,24
15,58
766,1656
1710,1675
507,35
1840,43
790,98
629,58
1880,114
1608,87
459,132
616,1
814,100
871,77
1044,43
1563,103
1946,1675
1185,107
1866,28
998,80
1081,42
1886,1807
378,1659
804,233
1603,109
146,89
5,1676
888,90
300,56
1349,51
1704,94
1037,1642
297,108
742,36
390,73
543,29
836,41
601,62
607,112
1986,1
1152,1797
1188,1657
862,70
738,80
1696,1658
560,42
1476,104
997,75
1901,35
724,1663
694,1807
305,1665
1940,1675
1581,59
1270,1092
630,93
1260,60
507,64
1891,98
437,1679
1260,83
895,1676
565,41
766,1642
857,1678
1125,33
439,70
1387,80
1515,39
656,112
1779,28
1100,1659
1522,79
650,1676
113,132
1470,70
1235,85
1531,84
627,1797
1271,110
521,1092
468,17
1265,17
1463,82
933,73
291,1666
458,43
1538,94
1368,1658
335,1663
983,73
1868,83
1962,24
628,1660
1523,108
1750,107
1918,39
1938,33
