413,28
159,1670
624,69
366,36
1696,19
1220,91
579,1673
676,131
194,28
1397,104
1732,77
388,108
686,79
1533,1656
1498,71
591,86
1822,90
385,24
498,1667
893,1760
1534,1654
1244,1672
1566,95
704,1663
1517,75
736,58
240,63
368,68
705,91
1238,111
526,91
1781,1673
88,67
1254,111
1567,1642
1258,98
637,103
931,1676
1466,119
1895,1092
1028,31
400,109
1230,119
660,17
1877,110
739,1666
1790,111
1810,89
1690,1693
951,1667
918,82
1202,233
1421,73
1320,100
1891,239
664,1630
1783,1797
550,1671
1525,53
1165,68
264,64
337,638
247,23
1758,93
1979,1680
1209,26
340,1671
1050,132
1323,110
1131,51
728,638
1795,98
675,89
1724,68
1909,64
1377,87
736,89
257,80
1714,110
1182,1666
1606,32
1898,1657
1400,1668
431,50
307,64
475,28
165,98
407,37
1925,1233
688,58
1121,1632
1119,63
788,109
553,26
1894,73
5,1797
176,1673
1352,96
1561,108
731,109
1589,1680
1509,54
908,131
742,1797
1636,1693
359,99
231,84
1162,112
1041,31
1611,61
725,1630
305,35
1006,131
525,1665
636,132
1893,114
203,67
1802,51
423,638
488,1659
786,62
76,1654
421,105
1825,99
189,29
1238,24
924,80
974,64
1110,70
122,1671
943,101
765,69
286,70
1154,154
1821,1660
1986,73
1429,1760
296,108
1012,1698
762,35
1720,101
72,1641
400,58
1523,86
1217,61
1328,24
1551,80
1277,91
218,90
1655,28
1691,1657
1749,87
1072,29
872,51
797,108
174,111
1442,99
503,79
1961,63
433,23
365,106
130,17
221,80
497,50
1917,28
1590,98
409,94
1212,86
1875,1678
1269,99
865,101
1202,28
210,82
726,28
1262,66
1481,1671
1563,61
1893,100
351,73
462,68
427,1641
598,90
304,98
928,50
530,154
1302,50
1932,93
1436,154
354,110
283,86
340,1657
1808,98
407,73
1222,638
1757,1
1020,1760
1620,1807
1345,65
963,108
1777,70
417,16
491,233
1771,1632
1435,112
357,1658
634,1233
834,1657
1424,633
363,1679
238,43
1820,69
261,16
207,66
889,31
433,1
1742,56
204,94
133,86
102,239
624,1671
1445,1667
1886,109
285,1233
676,42
1930,17
1291,1663
545,239
246,1678
1022,1233
948,28
394,1659
1906,1660
1070,233
794,1670
1434,77
1823,1663
369,1233
981,84
482,1670
1002,75
967,97
1104,41
1909,54
883,196
1346,106
1472,1233
1255,100
1708,1680
547,61
608,61
629,1807
1369,36
1962,51
681,42
442,638
1180,20
846,154
1184,95
519,80
349,1656
413,37
368,1670
1709,33
1362,1632
386,73
650,16
1459,68
1652,29
72,638
272,96
808,50
1985,28
1419,1656
1240,85
1864,37
1958,233
627,1693
898,95
599,1641
392,94
376,67
1115,106
1105,80
938,73
847,17
1016,19
1883,97
709,16
385,82
1113,1666
1460,69
1299,65
900,28
777,1659
867,67
297,97
49,1642
1801,16
1582,1
954,43
1011,54
760,1676
1329,109
1440,104
1059,68
687,1807
1811,75
965,1641
785,101
1408,1632
1965,24
1473,16
1754,131
585,1630
1857,138
1854,1092
532,1679
1200,109
1491,1630
1561,36
1374,67
1485,68
555,131
349,64
1696,1233
212,1660
46,96
1303,50
993,85
1715,50
500,67
1544,138
1005,112
1084,67
733,107
1488,86
649,36
1681,23
156,108
262,1679
1279,32
1960,90
324,32
1546,101
1637,36
682,36
521,98
1494,79
378,31
361,61
253,119
1521,99
1433,111
1035,1657
1096,1657
374,67
1060,138
893,71
1228,110
475,82
1080,1785
1207,90
1479,1233
1615,73
1341,1092
1783,109
1799,1672
1844,23
559,109
360,1
1851,111
1416,1642
1110,1668
1127,1630
1526,105
828,66
1793,42
507,67
643,111
1765,1668
1274,97
1475,32
1495,61
1136,66
1631,111
1930,84
1897,31
1722,1670
1458,43
1151,138
1354,104
1154,1670
92,107
1488,68
1075,1658
1070,1656
1096,1673
1311,1654
1869,50
1504,196
1728,36
1984,94
1983,62
480,1666
1531,87
618,62
782,69
910,62
621,35
175,1667
274,1678
1620,97
368,87
1036,50
246,104
1137,77
1004,60
855,1656
769,65
348,1670
1379,24
1272,62
293,233
691,58
1922,190
1542,1663
1783,99
168,93
1952,31
1773,73
724,1678
948,1680
185,1680
703,1092
1751,1654
1744,1760
878,64
143,39
683,50
892,100
841,84
347,1679
364,1639
476,41
1236,43
905,93
372,106
652,100
1294,1679
449,73
742,1656
135,190
585,95
1864,1657
1970,64
887,80
1424,100
213,1
1426,1678
435,59
1231,97
1221,91
11,82
303,112
1831,104
1393,68
1838,42
1966,95
1180,190
1399,42
88,68
1066,53
590,53
1267,1654
367,132
1254,108
812,23
1241,41
427,51
465,132
889,1642
1187,37
1868,66
1332,1693
121,109
306,233
784,1679
1122,239
1267,64
1692,39
1195,1657
704,60
1790,108
1810,86
1388,110
1519,1666
1925,1675
144,99
1850,1693
697,19
589,37
872,103
1136,110
1283,1233
1316,1630
754,119
481,1667
4,1670
1053,1693
1954,82
1701,17
1903,53
1479,1785
1360,91
455,37
803,111
971,75
975,1667
408,37
766,106
1815,239
1528,85
1613,1654
1593,93
286,85
458,1680
1412,1233
1369,110
1205,1642
1027,1680
159,638
1888,1672
0,29
326,79
1006,1693
185,23
1952,59
758,66
1385,110
650,75
634,84
1887,37
1317,71
1045,66
1985,37
130,109
191,190
342,62
1799,110
419,89
57,190
776,1676
1461,35
380,1672
912,86
730,95
1172,42
116,36
686,104
46,1693
1042,1642
156,37
947,1660
324,233
951,28
1694,98
575,1680
521,41
1180,1672
616,233
374,233
824,1698
1046,75
729,1698
1840,1656
1285,23
864,29
867,56
543,71
968,43
452,196
750,633
678,64
1802,1676
544,100
357,65
1868,23
1852,1676
1725,1658
1246,1671
140,1667
822,53
188,1233
920,61
795,85
890,93
765,53
748,19
1338,95
1709,60
1768,1672
1007,104
477,35
1649,17
248,1663
896,1665
1723,96
1355,138
1023,104
201,1807
314,1654
1881,70
197,53
1431,70
385,1663
1492,80
1223,1678
201,131
1467,1676
1401,26
1015,64
49,87
394,1654
1481,1670
1160,633
682,95
188,1668
1168,36
1620,42
1748,103
496,85
1208,106
1562,239
658,119
1014,58
1207,99
1120,75
244,1807
296,91
1251,106
1800,1760
1844,1665
1089,91
162,1657
1264,239
1615,132
160,1641
1746,53
164,33
936,26
1931,77
143,31
1766,131
1522,1680
1226,54
52,91
1944,31
1344,1665
25,1233
1220,1670
388,37
1501,1
1859,29
1491,23
351,190
182,86
1178,87
1359,20
368,62
1436,233
742,62
945,1666
846,104
313,1642
88,60
1426,98
1063,1665
430,1657
383,79
1321,1660
631,1667
302,1807
546,239
1351,28
987,67
1888,1698
1089,85
1435,65
1163,68
208,106
1530,65
1331,16
1139,69
404,1672
1442,132
1106,1667
1451,1092
703,101
1112,16
281,70
1920,103
565,68
1518,90
126,16
473,20
1380,95
1202,1
1354,196
1033,131
1876,65
1252,17
391,1797
528,239
782,110
1396,1092
1450,60
537,87
1381,638
478,33
1771,42
618,106
47,84
789,105
718,1
923,69
1761,97
1268,87
1126,29
1129,1807
559,94
1239,1698
1341,24
6,1659
409,233
1277,112
906,233
1555,190
136,1785
179,1641
1852,638
952,1659
738,190
810,1657
918,1678
1169,24
503,32
1280,37
1907,86
862,1657
1547,89
771,196
720,82
996,1675
1661,91
613,1667
703,107
52,63
1943,29
1007,1663
1484,1656
1587,111
1310,1660
1553,67
217,105
1637,35
521,97
742,75
411,89
967,68
1600,17
950,132
775,43
1415,1654
1096,1658
1166,1672
822,66
1503,39
1305,36
384,20
1553,1632
1365,66
139,1654
1188,1659
249,154
909,1672
515,1671
1288,59
1163,19
1077,1657
529,73
289,26
1874,69
1378,190
1196,89
185,89
1469,85
1553,1666
666,1672
1438,42
1324,1673
1086,1656
935,20
1475,1807
225,99
1347,108
1425,1660
1421,35
1259,1672
173,131
1004,1657
438,233
954,638
1735,1680
781,1641
301,95
1142,1698
1970,79
1074,24
260,50
244,95
958,41
777,104
1282,77
1266,70
1856,106
823,111
310,70
1306,71
1470,68
480,1667
1383,119
1332,109
1596,100
175,1666
860,16
701,138
738,1642
354,23
1903,1675
1366,132
428,132
1282,1785
1878,35
637,83
488,54
627,37
1884,77
909,95
1541,66
1766,105
1035,75
208,68
901,1675
1682,24
120,1680
124,104
1048,1092
1354,1807
1875,1657
1432,77
1010,73
1930,71
439,86
686,77
834,42
1976,1785
1498,69
1816,98
1563,69
476,1677
1505,29
1984,62
702,77
1719,1630
1349,132
193,67
874,36
306,1698
1687,60
1927,1671
1124,110
813,71
135,95
1973,69
618,33
1592,1676
1443,80
309,1678
495,77
1130,132
816,68
248,1670
1261,68
1814,16
216,58
1801,61
1267,1657
181,1642
209,109
1726,97
667,50
1827,20
1846,1678
1872,1659
1692,32
1196,61
495,1680
525,1
582,50
1959,1658
184,1233
552,97
1857,16
1385,1641
1293,60
1497,1659
1557,69
895,1698
693,70
419,59
1042,1657
1282,190
1745,62
969,233
303,1663
642,1
327,89
1164,190
47,1092
1810,1672
1191,41
456,131
460,1659
1224,1760
836,1092
1391,1660
1731,1641
769,51
933,154
553,1668
350,36
387,58
1750,1663
1778,96
1582,62
607,68
1008,36
1177,95
209,95
744,1672
855,1676
1384,1668
1777,41
563,83
1502,66
1927,39
936,63
1377,1679
1806,58
228,35
1591,90
747,111
362,131
1799,105
533,1678
1075,93
1594,93
1755,1657
412,41
1725,43
527,1660
1423,154
123,61
750,138
951,31
1488,31
1536,77
1845,1673
1795,82
1262,33
654,1760
1620,37
867,1233
574,39
1697,190
924,82
1026,60
875,638
912,1668
72,97
816,96
1737,1668
765,67
1211,105
202,233
1829,1675
1351,59
302,196
1027,1665
1381,154
830,1680
741,59
1921,43
1265,1807
486,1678
1691,1659
258,41
242,98
1453,1678
1402,96
1253,1676
1495,119
446,104
747,1665
1710,1632
555,56
1529,99
545,98
1478,100
555,73
260,1233
1881,1785
278,1680
319,1654
588,23
955,86
1805,86
334,17
1613,99
1005,1678
1617,96
1534,1666
1484,89
328,106
736,103
1896,41
722,70
1771,65
1527,85
284,1659
711,104
567,82
364,85
607,43
1033,64
497,1660
173,1679
1483,96
0,75
458,97
1552,89
829,110
800,1672
192,29
763,1660
657,69
1815,638
752,69
522,83
513,1670
1796,89
123,1630
1251,1680
1450,1693
1685,53
656,138
898,75
1268,1665
1608,62
1529,109
1811,1667
1422,1760
375,1
1715,73
777,65
264,108
120,60
816,1667
1062,1760
696,111
1745,20
1141,41
257,19
1859,28
703,1656
1953,71
888,65
88,1673
1617,82
1216,1659
1093,71
523,1693
1043,56
414,106
1871,104
1838,99
775,87
266,37
809,99
1237,99
1918,28
192,107
660,100
1985,97
1662,1
869,106
299,68
1224,119
467,16
953,71
917,638
867,1673
1274,75
1475,70
1277,1092
1578,131
179,1675
1690,633
1051,1
575,41
1112,17
1722,60
1689,1671
783,60
1464,1678
286,1660
1145,79
1018,1785
251,154
803,89
931,108
1191,96
270,16
807,1665
1913,82
675,19
253,99
571,66
537,86
614,100
1424,1680
1043,70
1778,89
643,1630
129,196
1274,638
856,97
1207,70
1177,23
1747,53
6,29
1352,43
1031,37
1877,69
1824,63
613,54
459,1679
1830,69
1156,1632
1290,112
868,68
918,1679
1830,1760
1015,1673
859,1639
1540,58
992,1092
1732,84
612,65
575,95
891,154
1614,80
1873,42
1714,196
1074,103
1739,1665
156,110
931,26
1181,28
1977,101
1134,36
1393,94
381,32
1275,94
780,1642
1939,33
217,1654
893,69
236,98
164,1641
954,59
444,119
1683,36
1222,1760
785,85
1123,19
1007,50
593,154
1345,61
408,1654
1751,1677
1365,50
1738,1666
1924,105
892,1630
255,36
795,1657
208,87
1863,100
925,108
1978,100
507,69
361,1663
1267,23
275,75
212,1676
1847,1680
801,23
1685,91
1618,1698
1300,63
1907,1233
1387,85
1019,95
1047,89
936,1657
517,196
938,43
1345,633
1166,1657
321,59
581,39
324,16
1232,59
1195,65
1736,1671
1295,26
782,75
303,108
910,60
882,1657
954,90
1123,1677
611,23
1569,77
976,1672
1885,1
1794,64
1080,110
1189,1760
1194,26
1566,1630
361,1092
607,99
957,80
102,1641
1350,1673
1337,1668
1049,56
741,20
1773,71
762,107
1611,1678
641,1642
430,67
1062,108
1267,1672
1144,233
1381,196
938,1668
1385,1
1020,60
1796,17
1391,31
1965,1670
294,1659
1239,91
708,1663
1547,68
113,73
1472,84
1215,1678
1442,1630
585,93
1010,1660
1087,20
1215,35
938,29
1420,99
320,1654
452,83
257,91
776,95
600,1667
135,94
1477,239
432,239
490,1665
414,19
1082,1639
1717,79
1261,67
1225,239
1373,1673
1466,131
1878,50
463,233
1979,67
1965,108
1910,1657
1164,1659
1532,1641
731,16
1891,50
1050,638
1716,1797
959,32
1082,53
1749,33
1152,43
693,69
1465,20
569,79
1336,1676
1711,101
1829,42
1763,1654
141,1667
345,24
1522,110
591,33
1232,39
1842,54
1527,112
1771,100
632,29
1648,233
635,56
1956,50
209,1632
530,196
145,98
1640,51
1214,106
1403,63
668,90
485,104
913,101
737,633
1379,54
863,233
332,1639
3,1665
886,26
1720,90
319,17
785,35
1726,16
592,1807
1449,196
1106,31
463,108
1352,99
1516,20
855,16
1003,107
837,1675
1213,20
1585,75
1770,89
423,132
140,16
894,633
1051,86
1550,60
1829,75
1283,107
402,16
438,196
187,68
1147,638
558,53
1954,98
1260,1693
412,89
931,69
199,131
456,35
1252,73
921,95
1806,1630
1664,51
449,196
1960,20
1686,1668
1821,99
1284,1656
48,108
252,638
1029,16
382,1667
1271,93
1493,67
1479,112
1264,1785
1965,63
899,132
1379,36
970,1660
1287,1667
942,1680
765,51
198,106
1783,87
383,58
1884,32
180,1092
127,33
1691,1658
1526,87
170,196
847,1666
45,1668
985,1639
1808,1807
1967,114
831,1698
298,32
1789,110
744,112
133,97
673,20
624,1676
161,1666
123,93
15,77
1661,20
424,1632
919,1693
901,108
851,59
180,1639
1282,131
844,106
759,89
707,1698
536,1680
1855,37
1966,24
528,1632
286,36
344,43
231,1693
812,84
1788,1233
1754,59
525,633
30,41
587,54
866,99
1446,196
368,1675
1123,89
627,28
494,37
1884,54
1921,36
1276,1667
1729,105
825,1
771,93
440,97
1381,28
1061,100
379,84
754,56
1034,70
1809,98
1724,1677
1089,638
1088,61
398,1693
887,101
524,97
743,111
1865,1679
1815,61
345,70
509,85
1505,68
1826,1760
635,101
303,69
1889,190
1322,1797
721,1660
1915,1656
1101,1659
641,37
1157,79
76,638
1972,68
1133,64
1183,1665
862,110
1661,1642
1184,82
1555,69
963,95
212,103
396,94
1135,1671
1301,107
1520,26
1442,19
857,1797
271,53
1290,79
157,1666
1176,106
311,51
1516,1632
392,65
602,86
767,154
398,91
645,58
1202,63
373,1639
763,73
1366,1632
541,1797
345,80
456,77
1086,1807
1145,63
847,131
1536,56
981,99
1420,1797
1906,16
668,19
891,1760
543,43
1572,1671
1890,1660
1265,105
711,79
861,638
1197,26
1375,1680
1282,1666
605,633
1743,51
1416,1680
423,110
612,1639
1951,70
691,80
1466,1760
380,73
752,98
530,1092
571,1680
1411,1663
1844,1639
851,1642
359,87
1089,1666
1585,1797
475,1658
1361,51
807,85
593,73
1841,233
690,59
486,94
434,1639
414,1675
784,60
551,80
882,105
1782,1670
955,1673
701,1807
1098,31
824,82
1006,190
382,110
900,239
1987,33
1699,1665
1879,119
780,1797
1077,41
1369,1632
1774,1665
160,106
712,1671
341,37
435,32
149,56
442,50
888,94
796,63
800,58
72,43
240,23
558,1659
88,107
933,67
205,66
167,1679
387,99
981,1659
1190,53
1653,131
1140,106
1551,100
813,638
423,28
1716,37
81,77
563,107
1425,132
529,79
396,66
1163,98
849,64
1556,1675
1078,83
272,79
218,17
1213,110
596,1668
1290,99
115,1675
810,1641
122,1807
265,96
1152,64
858,33
622,190
1897,28
1954,77
9,107
1776,53
779,1659
1221,1632
713,101
1155,90
241,1678
955,32
1822,108
48,196
463,1785
763,85
1481,104
694,1233
1104,119
897,1797
1909,1668
867,19
824,1642
1559,82
622,1693
736,32
644,105
1966,80
1140,1654
776,33
1346,95
920,1659
1825,58
1039,96
390,63
1295,138
1192,1641
1100,82
677,239
1272,65
456,1233
151,24
597,56
1058,1680
1743,23
1301,32
1379,106
617,29
1224,51
1978,132
1138,1641
1591,112
197,108
714,70
1763,65
312,100
1733,1807
298,91
979,86
1780,1668
1393,1678
1004,1641
15,26
1448,79
5,80
1050,190
479,1666
1057,64
1866,60
282,1676
1353,71
1191,53
492,59
860,1693
482,97
1167,60
559,1675
378,62
1562,132
414,16
737,1671
471,65
668,69
1532,1668
266,107
195,131
1579,101
1582,50
1710,103
718,109
6,89
1497,84
116,1676
1200,1797
634,65
1317,82
1176,132
623,33
271,109
170,112
500,1
1293,58
1150,1693
1618,1671
770,89
901,119
1574,1678
120,20
713,1
303,1657
1343,111
522,1657
1598,1797
823,77
1983,95
4,29
1825,85
1882,110
1460,56
1697,19
350,42
759,154
444,1671
584,16
323,68
1228,131
1962,105
1848,16
1192,638
1726,17
606,138
242,31
1587,1665
634,83
1507,1654
953,31
971,1672
1926,1660
936,33
955,633
771,96
1916,1660
542,75
1139,1785
1264,85
1594,91
666,104
422,84
355,51
1646,1667
1758,51
1542,154
457,1639
456,36
1148,43
156,87
496,90
1399,154
1828,20
998,239
145,83
1729,1657
1661,638
1788,106
694,71
1085,1678
330,32
1164,1673
800,1660
1830,1092
1966,1668
282,62
1025,28
1239,1658
1082,103
160,1630
1602,132
167,35
410,154
925,83
582,28
1850,96
1759,110
1175,233
476,111
204,36
133,96
1691,119
1047,19
1074,79
173,90
505,1760
1481,1675
1216,132
1224,1679
1050,23
1865,138
1305,67
1875,97
1400,63
1201,50
1015,638
1019,1665
1633,23
1083,50
875,1673
1503,111
1613,638
1190,111
202,104
3,89
1885,1630
211,154
1425,62
1099,35
359,50
1209,1639
252,104
953,59
1218,633
994,1807
1129,50
1131,1670
1283,1797
1245,1660
1601,86
2,50
1222,62
1893,1
459,108
1236,110
351,42
1074,65
1957,1630
479,97
1776,107
7,1632
1577,110
1839,1630
953,1670
203,99
1306,28
995,31
866,1677
1495,1632
1349,90
1832,60
507,1663
568,43
472,64
729,1667
381,26
609,1665
1359,17
1143,196
205,1698
482,41
1366,109
1593,31
434,132
839,39
1228,70
1467,112
1589,75
134,91
544,131
1080,53
1868,54
1106,99
1308,93
424,1
795,50
1073,106
263,1656
713,1693
1281,101
1445,84
825,1807
899,112
1385,1797
901,1698
422,1679
439,1639
228,96
999,131
1511,1667
1618,89
1988,1233
1626,1660
1128,1663
868,80
1973,1663
929,60
1065,82
1906,1672
1981,68
57,233
241,68
1142,64
1971,82
657,1760
323,1642
257,1092
385,37
1624,110
1715,89
1542,112
146,96
385,86
961,109
45,132
1791,1679
625,56
182,39
250,79
1906,96
217,1642
570,1760
266,1785
1629,54
1187,31
1609,58
1572,138
1905,41
1924,101
1358,71
1035,32
1163,119
278,105
554,1698
1803,39
426,1797
1604,138
168,131
1381,63
1931,106
212,1656
1186,63
790,103
439,79
264,1797
473,107
650,1671
830,105
1860,1092
1185,110
1316,58
341,36
489,107
1852,84
1964,638
1326,119
1953,97
1556,58
411,90
857,62
267,132
492,103
1399,66
408,110
124,1658
626,638
1304,1642
1375,1665
833,1666
1609,91
6,114
708,104
307,1639
809,93
370,19
502,1670
1469,1670
292,60
295,33
1456,233
204,1658
781,1668
1438,41
1000,53
1379,1641
1581,71
1250,99
1927,95
1568,68
331,1657
1864,69
1041,68
1793,95
322,112
1158,43
1914,61
832,1677
466,29
1192,71
1889,1639
1873,26
92,103
1891,1233
1933,86
1388,1679
834,70
1427,39
947,1671
1487,1
1876,96
47,132
1245,79
1121,65
1484,99
297,65
597,86
121,1797
617,1672
1794,94
732,1673
1335,98
694,110
1030,1698
1552,20
684,80
1753,1807
1055,99
1757,69
1923,1679
341,1785
553,33
366,190
1841,42
1936,1630
245,93
1575,1639
1973,1667
1281,83
1045,42
1502,101
1839,1092
1346,1659
355,1666
1578,196
646,190
117,132
1594,68
1152,95
780,94
1500,1639
1105,17
989,112
1160,1658
739,1657
908,1678
266,1233
249,1663
942,190
1563,70
294,119
1805,61
1882,1092
598,33
1955,1658
804,1630
561,43
1460,43
1559,99
1742,1665
967,37
705,94
337,36
816,1233
1794,80
1778,109
1483,75
641,108
363,190
845,196
829,53
792,1668
1476,58
1409,103
1408,1630
1523,65
862,39
189,1659
1017,190
135,1679
855,28
604,1642
1338,54
1820,104
518,84
757,132
1277,35
1280,99
675,1659
1927,67
1232,1680
831,100
1554,79
1240,17
1888,1233
1101,70
1448,62
622,91
1584,96
1325,638
575,99
1701,29
337,1679
1190,1668
92,75
591,35
224,51
1570,62
635,77
193,82
1977,32
1464,77
21,50
480,1698
478,109
1695,1642
425,103
1043,19
857,100
1959,33
1835,95
915,1668
1788,85
757,1641
1490,1670
1370,1668
1039,71
1295,233
943,82
986,1677
1294,51
585,1673
1190,64
1891,1673
792,109
1200,90
1898,1
1415,1233
1348,98
1506,28
1968,95
353,80
1391,61
675,1641
680,39
493,62
1010,104
1054,39
848,1671
814,54
1614,31
787,16
241,62
1879,73
997,633
1098,84
503,154
1540,131
1518,35
624,633
877,105
1356,138
274,84
1439,1673
799,68
250,1667
695,23
553,1642
296,1639
1605,1632
72,100
1710,17
611,35
704,633
27,82
1440,51
1422,71
580,196
88,36
587,58
883,1785
1342,190
904,1670
886,106
1849,1654
373,77
1150,77
856,41
1143,1642
400,63
0,239
835,63
1095,51
339,66
1520,79
1507,1639
1766,58
258,36
1418,98
169,1671
892,43
1981,63
170,85
885,196
1025,1641
1458,28
318,37
965,60
726,17
531,37
1117,1654
1560,1785
1525,1641
823,35
955,107
1853,1659
14,60
1046,89
749,33
1857,1676
648,86
1399,107
1457,62
1774,77
464,1665
1600,1670
746,79
411,16
52,1660
354,1678
577,65
1290,1660
1147,99
1558,87
1761,89
323,35
1781,1658
718,1668
55,1654
1486,50
5,633
1955,105
373,95
448,138
141,105
768,67
127,64
1952,91
1327,77
1822,1679
1919,1673
1519,31
954,1663
1709,1233
1010,61
1861,1658
576,37
1133,1641
999,29
144,1677
1189,61
1283,56
932,42
207,1698
1472,111
243,1693
652,89
871,39
1651,69
1044,29
128,1663
595,97
1755,35
146,111
1124,82
1505,90
1694,66
884,1
1363,100
1297,1666
445,33
1349,89
799,56
1506,1678
310,31
1107,107
799,1693
526,101
307,1693
1524,64
937,42
367,75
1473,104
1018,1233
10,90
1082,1676
1902,1668
1301,1693
674,20
430,24
1306,1797
1787,62
646,86
205,190
1827,1797
710,51
232,100
1304,50
1290,77
596,62
1960,1639
291,80
918,31
481,1630
901,61
1155,96
1465,82
203,131
1108,64
630,1668
1296,58
1903,105
288,131
217,99
509,101
1876,77
760,29
888,82
1114,90
1188,79
472,79
495,39
350,80
1825,28
1311,131
1117,80
1393,50
1021,1233
1747,73
1183,69
1278,93
452,1677
1462,132
1044,1639
330,119
1419,1679
1551,16
498,43
856,19
324,1641
1066,138
1556,1671
714,32
989,1092
1931,109
1184,1660
905,1679
730,96
216,1680
1268,638
515,190
898,42
882,103
314,1675
1772,62
636,90
871,75
930,1659
1305,1693
1012,35
887,75
725,1666
1741,112
1487,50
850,85
445,69
193,20
135,119
300,54
1872,112
512,1632
736,20
1524,53
756,95
1903,1665
48,54
1868,196
286,112
38,1659
1325,85
1733,104
367,111
512,1678
1340,1654
8,1673
1750,83
1328,86
1737,1092
161,107
487,61
751,58
899,111
795,1658
1200,16
1023,1675
542,99
641,1678
1020,41
1961,233
1692,79
572,84
497,108
831,67
673,97
801,20
804,39
969,96
829,638
1441,100
1154,1667
1545,638
92,96
1215,62
1859,90
1587,65
1511,41
1755,29
391,110
891,26
983,1642
1745,103
440,1670
1765,108
1714,68
1649,1667
1849,65
1048,1676
985,66
1946,19
1753,1693
799,1639
1889,91
434,91
1941,1666
746,1658
923,37
1191,1672
413,101
1541,61
1834,73
734,97
1898,42
670,23
1612,70
341,1641
1502,106
1874,51
643,51
1196,75
1766,109
377,1641
1185,1666
1374,32
1176,39
1799,1
951,1675
885,29
331,1654
1492,43
1041,53
1439,1654
1061,58
1833,17
184,32
1411,1233
1530,1657
612,96
136,131
1792,96
146,36
479,1676
441,1678
339,1667
1556,104
1775,100
1296,20
983,1656
1968,1676
1749,633
1524,154
1825,89
904,23
478,96
1391,1642
534,1673
273,56
1218,98
973,1641
1457,112
354,37
708,62
516,19
661,96
1069,35
1416,1
1645,1092
549,85
1143,1665
1912,33
842,1693
899,58
920,85
498,65
1206,119
1886,1667
1342,1673
1606,1630
1863,69
335,93
870,1656
1138,638
825,73
1897,109
1843,41
336,138
1239,106
773,58
1184,1797
851,32
102,90
768,1666
1563,87
1360,80
457,1659
1048,1657
1002,111
1831,132
766,28
113,1654
324,119
751,1668
186,112
133,1665
408,42
337,132
746,104
604,94
1922,1673
1121,108
284,1666
1904,1659
725,36
1925,97
1272,1675
516,1
1085,1658
1234,84
745,33
1063,1659
1783,66
1269,638
1324,101
1934,64
302,41
930,196
837,1672
805,190
1983,1675
589,65
865,131
313,190
767,108
697,32
1637,1760
439,1
5,33
1219,103
1278,1656
942,104
1478,110
693,84
1712,36
625,1642
938,109
1950,98
1145,1785
321,101
544,1670
645,98
1380,1
867,1092
1511,67
598,66
1289,87
1417,106
1366,71
1653,39
242,1667
1022,1666
326,35
437,36
1548,100
1164,1675
738,1679
546,196
30,77
1975,103
1706,66
127,93
202,100
1177,1092
3,109
1813,233
1428,73
660,51
1765,1654
1127,1693
1290,86
278,32
1988,1
889,23
1118,96
932,37
271,67
369,97
1108,190
1904,53
1518,67
1283,90
1752,73
224,97
189,1233
1074,77
264,98
1098,71
528,105
324,196
819,1668
175,1632
1582,1659
1570,67
1255,31
817,77
1544,1658
970,1675
1917,1693
648,87
334,132
1903,1630
1515,1641
172,39
547,53
179,111
715,97
826,100
1602,1785
346,1642
957,36
1307,1673
671,1632
1183,96
411,1660
874,1660
1812,1678
1616,43
141,23
916,85
511,19
479,1797
1456,66
6,53
1257,233
815,43
1834,1
235,85
1395,119
536,32
1360,1656
1645,65
1442,28
227,1667
909,99
415,1092
1210,32
1926,1630
1988,119
999,28
430,233
1300,17
1893,190
1253,95
1860,73
975,87
1290,43
409,50
392,86
1424,131
823,131
1175,110
1013,1675
558,84
211,1665
1776,109
1688,105
435,1693
888,69
857,32
1174,29
971,24
129,93
148,239
478,56
1791,60
15,633
1408,1785
1396,20
1957,1807
468,101
875,1657
1049,86
237,1632
1357,1675
755,53
1850,1660
329,138
532,1671
1595,1672
1723,131
218,56
271,54
1581,97
1916,1680
703,19
1595,1785
1499,80
658,1680
754,41
1880,107
1689,1675
965,31
622,16
1081,1668
1026,1641
645,39
1512,84
1702,1667
1151,109
1232,83
1637,60
146,94
881,59
1624,31
206,60
1460,67
874,106
1519,638
806,85
1433,103
408,98
1829,1659
475,90
954,53
1862,1639
1952,154
484,132
1558,112
628,1639
1252,633
1275,1630
441,79
1256,1670
575,638
245,71
983,19
1940,1676
1307,111
1824,51
242,37
278,111
1327,96
1518,1807
714,33
1321,95
643,103
133,35
959,107
1559,1660
270,196
804,50
754,91
698,1667
484,1654
284,32
930,1656
1597,36
1598,633
927,1760
473,105
1270,1632
955,23
45,99
1096,1665
1316,36
1373,53
1063,71
1525,1630
881,53
1946,1797
255,1654
460,1630
995,61
1295,16
1870,1654
1299,85
1521,101
364,20
421,43
1289,111
1936,104
1865,86
658,70
397,50
343,96
630,138
1595,154
893,50
417,87
1032,86
938,633
1933,1680
1844,29
1241,64
1120,233
557,1654
1571,98
998,1672
210,1785
265,20
1628,1693
527,638
1463,1654
1927,89
589,59
1803,87
976,64
1574,108
12,60
565,50
969,103
755,1672
1584,70
1481,1639
1304,190
865,54
422,61
1681,106
1186,190
376,101
1763,1630
952,24
147,1676
609,73
454,1656
166,54
1751,91
277,17
373,1656
1684,16
139,16
1424,108
747,1233
1022,79
456,108
704,1656
237,638
492,87
297,71
1093,41
1403,23
472,1671
215,75
551,1671
1986,106
1143,41
817,1642
1423,638
1986,1632
1748,1671
1585,35
1766,98
40,29
403,35
1932,638
1810,94
690,75
1100,1666
1374,33
932,28
1506,233
1431,42
448,1639
1355,1658
214,82
1229,29
511,1698
237,83
1213,1092
1528,1642
388,107
686,86
615,20
581,132
676,104
385,17
701,1665
1094,66
1259,1
1063,107
1633,1760
1894,1807
1087,97
1849,82
394,80
1208,70
985,83
125,106
1249,132
614,54
248,1675
933,100
1710,106
1272,82
425,1679
1150,87
447,58
748,37
178,71
1854,63
1052,109
921,1667
1456,56
1709,99
1692,61
146,1656
1766,28
664,91
1696,56
426,114
908,132
1887,66
993,20
480,65
975,108
1631,73
269,1657
237,69
626,36
476,53
163,1672
794,94
1593,1666
284,26
473,87
1302,190
1769,1671
1893,73
992,91
457,1658
689,29
1262,24
250,1663
1378,1667
225,1639
830,132
528,1656
912,1675
165,107
1429,1654
276,98
1110,1233
816,119
725,35
465,95
451,28
603,1675
1008,89
1801,82
718,66
0,1672
1199,1807
647,66
526,1675
1848,19
1462,77
1854,41
570,61
1160,53
1619,58
899,43
792,111
1588,93
406,105
1587,1666
1530,37
232,28
1595,37
1507,1659
775,1667
389,112
1388,90
1867,63
503,1666
1712,86
440,56
683,20
1364,19
727,1659
1058,56
942,105
693,83
1419,1797
1694,1673
244,31
619,1673
689,190
1222,96
7,1657
1067,59
1202,1672
1053,100
924,56
391,67
7,1678
478,93
1164,56
1013,638
543,77
1794,131
1964,1641
1821,16
1804,104
1935,24
911,1630
909,1658
1160,84
1403,1642
357,1760
800,1663
544,233
959,1630
1226,1673
1730,93
1713,51
1089,67
577,1785
295,26
423,33
1163,94
650,103
707,106
1405,31
430,109
1178,1675
1368,53
1132,54
801,98
968,1667
694,1657
821,111
809,1665
143,23
1103,1657
1971,1233
500,96
1293,91
466,80
871,51
1210,1675
1944,23
352,23
1330,32
1165,97
1634,114
469,54
1005,36
1735,638
462,79
1295,41
482,1679
362,1693
1856,87
699,96
1347,1698
631,31
796,112
1353,1679
317,83
1322,24
933,1807
917,138
812,80
444,90
448,29
1887,1675
1055,37
926,107
1099,87
768,69
1841,112
422,1680
1810,23
1973,1785
1136,1668
271,35
1031,77
775,633
1169,54
1314,67
1809,1785
949,1680
710,86
697,67
219,1667
332,98
979,19
1776,31
254,61
516,1680
1437,56
657,1668
753,69
5,1680
1295,63
1353,28
1831,89
1104,32
1252,1676
951,239
554,1
1182,633
1845,77
543,33
601,42
1810,1642
1708,1679
1744,80
529,1641
357,111
947,67
1779,1654
1318,86
1193,1233
510,1785
1452,1698
1705,1672
1545,99
1435,71
1368,98
393,50
1520,109
1485,75
326,1092
1307,1
242,131
577,1654
648,1666
1732,1672
996,104
1847,1675
1937,138
899,1663
1799,190
419,105
1620,1641
901,59
902,1654
793,1698
908,35
1407,97
1782,23
861,93
1694,35
1772,89
615,82
1151,108
1333,73
102,99
1542,119
149,50
1063,33
384,109
1101,1641
1303,1671
1861,63
229,70
819,26
489,1667
268,1670
1140,96
671,638
305,1679
1790,73
781,1679
1556,1665
1405,53
339,110
603,103
825,33
1505,1671
1307,31
1825,1760
149,1639
150,42
711,1679
1175,28
1340,93
1361,64
327,1670
723,69
1441,104
144,1658
412,110
362,87
345,53
509,132
1026,1656
931,1
1232,66
625,1666
1566,107
38,67
800,62
1704,70
418,39
293,31
350,64
304,1630
1204,95
944,99
854,1676
968,105
1504,43
933,79
1586,233
1143,90
684,93
520,60
269,119
1969,64
1878,154
1751,1672
902,63
1496,132
781,28
948,1673
966,24
1023,89
1452,233
1625,233
1277,28
525,23
941,1666
1392,68
1231,1663
562,28
769,1698
1930,95
1740,1760
962,31
1538,1672
982,90
159,79
219,1642
1933,83
1560,31
1815,83
348,1663
554,68
78,36
760,59
631,86
307,108
1029,53
1103,82
843,110
1107,23
867,100
357,36
1483,94
1305,56
1861,19
1055,108
47,1675
1811,108
1068,233
862,56
1108,1676
741,31
1223,33
1119,80
453,109
329,87
1196,69
560,1659
1434,638
1346,1654
1371,41
801,75
1061,87
1925,1666
436,90
882,54
1803,68
1361,19
1749,26
797,63
871,24
247,104
1155,63
1711,82
1037,63
905,70
640,1659
1688,51
197,138
361,1678
476,1675
1292,83
887,41
799,109
529,633
983,1658
914,31
254,196
1235,107
1329,1092
1916,24
407,190
1349,31
853,90
1922,105
270,1630
1002,138
1517,67
968,54
715,73
1747,132
1855,111
974,108
1201,24
408,77
725,16
1761,32
1272,83
1148,1668
425,1678
657,97
488,42
1284,26
294,1676
1119,70
842,62
1874,35
970,1233
420,104
667,1807
353,91
136,1673
1078,51
231,94
1392,96
143,50
510,19
184,65
1061,42
305,41
1374,1679
569,82
1414,1660
1752,111
723,111
421,1657
375,1678
1684,70
1903,50
391,63
1262,1666
456,58
146,20
1292,65
1755,1807
1873,1760
202,1807
554,56
1966,1
665,91
628,39
497,1785
296,1660
1038,1666
644,73
788,1785
1969,1632
528,1672
1514,83
903,70
984,100
530,80
274,1660
607,66
1975,19
488,24
1123,32
202,112
845,68
1756,98
463,107
252,64
1709,84
953,35
386,26
648,1785
1308,1797
926,1658
1739,107
982,1658
878,103
1858,1675
1290,53
1705,56
305,91
733,59
347,1760
761,1630
1880,50
116,35
1074,89
1441,16
1684,84
177,97
1506,1654
1971,1654
774,1676
1137,1672
1600,32
567,37
796,99
1221,56
1332,93
1171,89
1653,37
145,87
1429,1671
1110,94
526,63
583,58
1483,104
1049,1676
1915,109
424,41
405,1630
1055,54
1972,28
1059,51
447,89
1301,82
1783,82
1122,1639
1713,50
1699,1807
1823,61
1312,239
191,68
359,56
1031,94
642,1654
1231,1670
459,1656
815,1797
1172,80
12,1698
679,64
1051,59
1914,1
631,1233
1146,119
975,67
1149,138
669,42
802,1677
1870,154
1412,1656
355,37
1846,131
1741,87
1448,1656
1869,98
420,1797
1010,1679
1360,62
1583,62
1913,41
225,1666
1539,77
1316,1092
1106,1092
354,1677
1046,1642
1083,54
128,54
1712,1670
458,107
1197,66
205,56
1975,119
1458,1668
306,39
1321,1668
387,1680
1074,1672
1056,131
1035,56
121,28
1442,26
535,43
577,1659
1987,1630
889,39
1132,37
281,1760
1371,17
379,107
811,70
1111,83
1954,16
1776,16
871,32
372,58
1806,1676
1282,110
164,1693
1326,95
1953,89
800,19
1704,107
1617,84
1451,1632
954,190
665,1
258,633
461,94
796,71
601,41
125,17
608,53
1105,1673
1627,1656
1132,1656
1868,50
396,196
913,54
271,1668
316,19
1843,638
192,97
1329,196
780,1698
390,132
1135,1666
1813,1654
1725,638
532,1665
744,1639
1432,106
1179,93
1968,108
1240,93
1574,70
1229,69
1906,1668
790,105
901,58
907,1807
1084,69
569,138
1926,68
770,29
471,1680
367,633
1205,29
1063,83
729,1632
1913,84
769,1639
1124,67
1734,26
978,43
1451,1630
1008,132
22,1680
705,100
1721,96
1376,105
861,633
1627,1654
684,104
1436,101
1225,1632
508,28
1446,138
916,107
809,87
1452,101
920,110
25,1760
1256,1672
869,53
1166,53
1354,1667
1751,1642
919,1233
986,98
568,633
2,99
1949,1785
562,107
1209,138
433,37
679,26
1142,86
1128,1760
5,103
1039,1660
986,132
1465,97
183,70
1249,1632
45,97
230,39
1949,96
884,96
1221,111
1494,71
1991,1663
671,66
189,93
1650,56
1762,1630
1062,138
660,1660
276,41
1400,109
449,1693
815,110
1562,79
1446,132
1463,196
240,1680
1911,80
860,1233
202,43
1841,60
880,75
902,60
1287,26
1717,1659
1223,50
710,131
322,1654
235,33
272,53
1783,26
795,1663
1147,1666
460,28
406,32
1740,239
1300,86
717,196
1382,1632
1458,80
693,107
180,82
426,1666
1949,1660
676,100
1796,1233
609,79
1751,85
1022,77
145,239
1613,1785
961,77
851,1233
1460,33
303,106
179,56
1086,1233
1764,87
1141,138
594,63
867,103
1750,1642
1865,70
1646,87
266,98
601,23
767,1670
1118,1658
1412,83
259,1
386,1675
250,1092
1301,43
1159,61
226,1659
1940,1698
1378,75
663,41
1661,1676
1300,100
470,95
683,42
1753,94
616,1675
251,108
1708,56
990,1675
1914,75
481,1673
476,33
652,28
545,62
1812,110
1923,37
159,60
1546,190
220,62
227,84
1741,17
971,85
1771,108
483,1807
543,107
800,91
1534,26
1581,633
219,239
648,31
1403,39
266,20
1265,58
416,1641
513,61
1375,53
360,1659
932,1675
1345,98
677,109
1726,104
610,64
313,64
1331,32
1532,1639
781,63
1635,1092
677,1666
1395,63
1213,28
3,131
208,41
282,86
410,131
1947,107
1071,19
298,54
1058,36
1515,109
1371,87
1263,109
1246,239
1786,32
1987,97
1790,1666
595,1233
1532,66
1935,1693
1903,61
234,97
1980,64
1855,190
1009,59
227,66
1185,24
1370,20
796,1675
1178,105
1470,107
666,1797
367,1672
1428,1807
875,633
1046,32
682,1641
1419,1092
505,70
344,196
658,154
821,638
1049,1665
351,1657
540,154
350,1092
803,1656
1729,1676
1626,1760
1455,96
463,106
834,1642
529,24
751,105
1928,60
1432,1
398,1641
477,90
631,633
1591,83
1866,638
587,1675
308,66
1122,104
918,101
305,90
1172,50
1229,63
733,58
865,98
459,71
1684,85
779,1672
749,154
345,108
1741,1680
1487,70
1384,71
499,77
817,80
431,90
749,43
195,1656
1346,31
1473,1677
189,20
1029,26
608,42
897,73
290,1807
1292,1642
122,1676
155,29
913,73
1272,112
593,1663
1258,79
687,107
1958,24
1815,1807
785,23
1823,60
773,638
282,59
191,71
670,96
1891,84
1069,1658
1414,99
130,119
1035,154
576,43
389,96
1702,108
1499,73
674,1092
1601,95
1621,20
1125,31
204,33
332,110
1436,1630
534,71
1377,1660
116,50
264,101
1775,26
692,109
1798,39
881,28
365,131
1751,29
1460,106
1353,16
860,32
625,23
312,1654
496,77
1238,35
945,1672
1720,1672
729,17
857,68
711,97
608,56
280,67
1589,68
1311,56
1150,16
1811,54
1650,114
583,43
566,97
306,85
1376,61
937,77
1951,104
997,43
580,69
1713,35
1595,67
285,16
401,1673
1696,84
885,33
801,114
1117,1698
1159,1663
552,50
1547,53
1769,101
1492,110
298,28
137,154
173,54
1833,110
305,70
1816,50
678,1665
1963,1641
1728,1656
1826,1675
295,1785
1826,87
152,633
891,100
146,107
1913,73
1224,1698
1332,131
1853,1673
1062,1642
1714,61
1040,84
543,35
1575,86
1745,1659
1228,67
1652,1659
1636,64
474,1678
424,119
1290,1642
518,1675
1808,73
1254,93
984,79
930,23
1196,1092
0,80
192,98
997,93
319,33
1170,87
1153,53
1324,58
1402,28
1830,66
512,42
1564,58
1692,103
312,64
401,1659
807,93
976,103
518,16
868,93
1722,84
1061,16
782,1785
1141,1672
1839,97
171,1632
302,1632
1058,108
1739,1672
1296,62
321,80
1577,67
927,1676
681,638
1235,67
169,132
1549,29
1791,94
1738,86
561,16
928,1667
1973,103
622,1675
400,1668
1826,1663
1931,1673
614,31
1275,89
999,633
452,1658
839,16
454,54
994,91
956,1670
1972,80
892,638
694,54
1004,96
1408,1657
1247,36
693,1659
920,111
631,1641
1884,97
285,67
1800,80
25,1680
1237,239
998,1693
895,111
680,84
271,1
1486,1670
1735,1797
773,1659
1406,633
693,24
1741,1654
750,107
1712,16
292,233
549,633
1762,96
1084,84
553,638
1447,16
492,190
699,1092
223,62
1933,95
1094,101
1477,99
324,41
300,50
1295,29
750,1760
1214,71
954,83
537,41
1549,96
632,105
1936,107
1700,28
852,1654
47,98
122,33
1138,1679
1066,70
1746,1658
1090,64
1080,1666
1227,89
566,95
1301,24
1783,100
1379,98
809,64
1915,20
1454,1680
1042,110
1116,233
1247,1679
909,37
1288,1630
787,633
1585,54
1110,1693
1072,79
721,119
1477,1698
818,97
232,68
1300,87
361,1632
130,63
1736,53
1875,1760
365,41
348,103
1722,1679
1497,1680
1514,1630
642,53
166,53
1074,16
499,98
701,1676
1664,80
210,19
1205,112
564,104
1634,56
1984,87
129,31
1231,154
658,36
1786,1666
589,1660
1090,35
1717,70
246,97
266,99
1208,42
1761,20
1318,19
1502,1632
611,109
425,1666
266,1670
1298,103
785,56
1564,1760
1864,154
121,106
1924,70
420,1672
610,62
1877,98
1220,77
1790,107
1867,20
197,86
298,69
761,43
1058,19
1421,77
448,1658
1152,84
1374,1667
1118,41
1411,75
1364,105
1037,61
1259,1807
1498,77
1904,110
797,1092
158,1656
163,56
1790,1760
1933,67
1648,99
1647,53
178,1639
1637,79
1146,1680
116,239
1435,1663
408,32
1884,1670
857,29
912,1680
786,99
967,32
1207,1797
1872,80
954,119
789,54
1422,108
731,1233
286,80
711,31
215,90
698,112
1254,101
1278,111
729,196
899,62
313,71
909,73
1723,95
340,1092
956,36
207,98
672,1657
265,53
1763,1665
1082,60
332,75
794,42
831,99
1594,83
966,1678
1263,108
287,107
898,28
153,83
820,71
696,77
385,96
404,196
542,1676
945,104
509,41
1914,1632
310,58
971,66
167,1657
1625,1671
189,1
850,39
228,1657
1773,1693
268,1642
1009,1678
1843,1663
27,91
1518,1657
1652,1665
215,104
1189,1677
1069,17
1805,1693
1901,94
1298,75
802,36
859,61
1324,97
1072,138
664,61
1164,1632
610,83
573,93
167,90
1924,58
1800,104
146,1641
1696,73
1988,31
574,1657
1883,1693
1165,1654
825,95
1736,95
161,1673
565,101
1048,65
1731,196
204,131
424,1657
244,26
1883,1
1769,1654
1731,85
1185,41
1647,73
1225,82
250,1676
1179,1693
806,51
536,1673
1342,65
665,43
810,1092
1647,190
1539,65
1778,59
148,70
885,1675
1808,110
940,42
1811,43
819,53
838,1673
883,16
1014,80
1166,77
687,106
413,87
306,51
930,99
1156,35
970,26
1636,131
630,96
1715,1630
481,63
1508,1760
892,1693
218,32
1857,91
457,54
1571,63
1368,56
599,58
949,1675
969,83
552,69
1468,83
1103,1658
881,1679
784,104
1851,1676
18,154
382,1233
1056,1642
820,91
819,1672
510,239
1216,154
153,1668
1423,97
1734,79
614,112
283,32
125,29
402,1666
769,23
648,42
1110,110
712,71
434,31
1286,1233
491,82
533,103
274,1630
1284,1675
245,111
228,233
360,33
656,638
1190,97
1028,68
677,50
1472,1642
1459,64
1388,42
1595,66
1978,70
144,39
1985,24
811,43
832,84
318,73
653,154
507,16
1579,1760
927,1659
1085,119
369,23
575,35
868,63
1437,132
1701,93
194,90
911,109
1724,1668
1047,63
1587,26
901,71
612,36
1739,1693
1718,1092
1410,89
605,67
1637,54
734,1657
1418,1660
334,107
361,79
1909,60
1325,1671
1457,35
1312,1668
485,86
729,98
1818,108
1874,1632
718,60
1622,1656
316,190
1018,64
306,68
902,86
212,110
620,35
285,112
1669,190
1908,26
606,90
717,77
1055,1673
1898,80
724,1
959,16
670,93
1516,101
1209,1659
201,68
1360,1785
1270,28
163,1639
333,1663
426,73
1371,97
1482,36
52,131
490,42
1584,94
510,41
1158,65
806,1642
1361,75
1471,26
170,50
489,1092
1890,24
737,84
972,67
1715,95
116,23
958,58
193,108
1637,56
1012,73
1716,1673
1114,39
763,63
622,1672
894,109
897,53
1826,1660
246,26
1484,196
1312,61
708,96
984,94
566,66
693,1658
1106,79
1328,93
1056,50
1490,1092
1017,154
1374,190
613,62
1719,80
929,87
1887,100
1978,90
1102,82
1891,97
1505,1668
1732,1785
9,17
46,110
1792,1668
750,104
1023,138
241,104
848,16
1715,60
1162,62
1165,35
548,1233
163,31
260,53
1077,50
246,1760
803,79
505,1680
1951,1678
1225,106
621,39
435,86
520,1668
1750,1630
391,1667
1097,32
1939,41
357,63
250,91
507,1678
968,108
1265,28
1942,54
755,100
367,106
709,1679
1848,109
1151,1656
1868,80
1355,111
1156,84
1193,233
1395,37
1469,108
4,1654
1349,1660
1921,107
1974,97
710,16
218,24
1174,633
1269,1807
329,59
1927,85
576,20
1643,1672
1757,1642
1260,70
582,94
604,1698
829,633
315,105
1832,1092
1294,1675
1444,28
1869,87
783,24
1358,638
1910,1233
900,196
1057,1233
260,59
141,638
1778,1663
1856,99
1302,1
682,28
1825,66
52,1666
492,83
226,99
903,95
407,26
1438,638
1041,1658
943,68
394,61
531,1642
215,71
697,1680
1507,89
1362,54
811,1630
316,80
1972,53
1365,91
647,90
1575,1676
1834,50
1466,104
1156,90
1159,63
759,1665
117,108
1224,58
1352,79
583,131
1586,1676
939,41
758,239
852,96
1495,84
1065,17
1391,39
221,79
439,56
500,58
1336,1670
490,112
678,1663
1752,100
1313,70
745,1668
1024,31
591,91
462,101
543,196
1316,68
1447,132
1141,233
1949,66
78,53
1771,110
631,33
1440,190
800,93
1228,53
786,96
472,62
989,1639
379,1760
290,29
1697,26
448,39
1406,86
1426,16
1061,633
1248,80
1100,1233
880,26
1854,80
833,1632
1387,1671
1480,35
1542,1639
566,56
1692,138
539,70
1458,1660
1925,1632
549,33
1230,66
537,1667
330,233
697,1660
1770,95
46,37
339,29
1635,33
821,23
1428,33
2,87
493,70
935,51
1132,93
1118,24
1831,1673
952,73
1749,154
666,97
653,1657
851,39
1285,154
1384,91
1167,154
696,61
1232,31
753,60
1892,1797
723,1658
314,54
1417,99
993,1233
614,85
1057,196
1606,31
833,100
1831,16
145,90
789,71
165,23
1896,69
794,1657
1353,1632
1683,233
357,69
1616,68
1265,42
1272,100
491,1693
758,41
1493,42
1683,86
1351,60
1079,91
363,51
3,98
1953,1654
1456,42
635,1679
546,62
640,39
272,1
1874,16
1270,39
847,1668
925,90
1974,95
714,1673
1521,1807
220,1092
679,79
1554,1679
377,1785
773,23
1661,26
684,1654
424,1658
1681,68
248,94
1206,633
1028,1673
1980,80
1566,23
514,1666
804,1656
1913,28
1896,36
863,33
665,42
1898,1630
614,71
44,97
283,85
451,97
838,1663
495,104
155,31
1335,82
929,1698
843,138
1008,75
1644,1632
1273,1797
563,59
508,1672
1327,69
923,131
1638,107
1432,17
275,26
1735,89
1611,87
797,97
653,103
1100,638
1544,28
861,196
1158,90
1985,190
848,71
599,1630
1937,51
1135,84
1409,1658
1465,56
1522,59
1764,1680
352,43
666,69
1404,59
731,1641
1084,19
4,105
206,37
227,96
1973,1
562,1797
1935,1632
1262,56
324,80
609,1672
699,100
1439,96
390,111
981,56
1721,73
586,1672
1376,64
826,97
1047,1233
739,106
1307,1676
573,1642
1935,106
531,1698
1615,104
1619,109
718,1678
878,1673
1495,1092
1538,29
1170,99
1888,90
1264,138
1079,1233
1735,190
1193,19
1618,94
1485,85
1450,1666
1414,83
823,1668
613,106
1740,1659
562,66
191,196
1169,42
46,83
801,112
493,28
868,56
483,26
1920,99
287,60
1026,1680
551,53
1802,75
722,1807
666,87
395,87
1869,17
1443,1641
1270,1672
1029,1654
1876,69
1627,99
1596,68
1300,1657
324,70
864,51
1966,50
21,98
975,1663
1346,97
44,69
1593,32
501,196
1205,1668
1801,19
1416,79
1622,1657
1133,56
127,239
1947,1670
1102,1659
1287,51
1057,1672
1841,1785
1773,104
1348,35
121,66
893,154
529,1679
1655,68
1506,93
1469,71
791,63
1203,39
1349,1671
232,106
450,33
1193,29
1891,114
1985,233
349,67
1346,1679
1509,65
939,111
1974,53
1573,1672
1299,1641
1708,97
882,111
1809,84
1458,58
449,104
1257,1676
906,1630
1205,26
1812,54
884,29
813,1233
206,1
378,16
910,41
1893,1672
991,70
1531,53
1575,70
1208,16
550,67
1339,80
661,68
954,62
1929,80
1308,59
81,58
691,43
1466,85
1251,35
1202,1807
847,1630
1452,1676
1367,1673
962,1642
677,1785
285,65
549,26
1874,73
384,1668
1595,1693
826,1632
1729,77
1068,39
1302,1679
1877,61
1822,1660
1478,24
895,1666
1833,63
857,1672
804,63
1481,1656
429,1666
1330,99
251,50
1816,16
1155,84
1027,1
1047,66
1431,1673
244,1671
1256,61
428,106
1706,1641
1139,638
1032,1656
210,1092
800,50
299,1667
1319,1657
1123,1670
1238,1675
1932,106
597,77
1828,43
357,62
767,1693
348,1675
1503,41
688,28
248,633
1910,1642
850,1642
1256,1785
1756,132
159,1668
181,98
167,19
1806,90
719,1672
1756,59
1793,39
1863,1675
767,64
1141,1785
369,83
1381,42
1129,1
1310,110
1480,1665
525,100
446,41
1139,1668
1118,61
1303,85
898,54
1661,99
170,23
1904,114
1333,56
1193,1639
1542,196
1360,106
1893,80
1108,98
1384,96
1644,108
726,83
1316,87
1923,73
1363,20
463,1654
1002,132
125,83
1194,112
1569,68
1127,100
1787,1639
903,94
1828,89
246,103
1818,83
1308,31
1750,103
521,638
1163,59
1310,190
963,17
1223,29
983,50
699,1665
1746,1676
1824,84
1461,1663
878,79
1857,28
440,33
1198,1666
596,110
1370,239
429,1
379,20
990,1678
607,1668
1175,60
1930,77
185,1663
130,190
1769,1807
557,1797
962,109
745,1675
1064,103
385,20
1328,1670
888,19
1015,16
1205,64
1367,1233
1424,95
983,1654
584,1760
1501,95
874,1665
1792,132
1827,1671
1460,50
671,35
1831,29
1507,1797
1196,1666
346,1678
593,1671
1717,86
1609,239
485,109
1579,93
0,107
81,16
428,1641
1410,1671
1156,73
627,61
406,80
1810,58
598,1678
623,1797
1219,1092
150,85
1495,101
342,59
143,62
770,190
989,42
167,132
1054,60
1529,77
350,1660
383,1642
555,103
939,196
298,196
210,98
1313,87
1532,93
345,103
716,50
1876,28
421,154
1452,638
920,1665
1282,39
296,1632
786,83
1322,33
1729,1639
1801,196
1353,1639
528,1676
708,42
286,64
694,77
933,17
1929,104
0,1677
1384,1663
762,37
413,67
13,51
549,65
1153,1760
255,96
1212,633
328,1807
3,101
351,1675
1612,96
895,80
1274,43
1075,54
925,89
1094,1676
1664,1667
895,33
1729,53
365,108
385,1658
137,99
797,31
376,37
1155,31
972,1233
1175,64
418,1676
1914,106
1471,67
1015,71
597,1678
1407,43
1333,110
1815,16
882,1698
533,1654
1971,1658
1805,90
1933,101
920,1679
1276,104
923,1642
1423,29
514,1667
1067,79
1473,1666
44,98
1463,107
1521,32
1286,638
1936,1665
648,62
705,51
1355,89
1858,16
1431,638
1055,50
1958,31
508,1673
1062,32
1301,94
1025,20
363,1677
1888,60
513,1666
329,97
1231,1666
1766,61
1270,54
1418,109
1850,104
732,1807
1263,29
1216,1092
552,1233
1625,86
1381,98
443,86
227,1657
1540,233
1833,97
382,73
1661,43
1879,84
1681,53
853,1092
319,1656
1865,1668
7,1642
1410,69
1731,69
810,31
1878,1666
1296,100
267,98
1617,94
1124,58
1039,51
1117,69
1565,1233
145,69
1927,1632
526,1785
1372,53
912,1659
1946,196
219,75
1849,1673
501,19
926,108
1153,56
185,56
1841,107
956,105
980,103
9,1630
1006,73
680,1797
952,1642
1697,1666
1716,154
1422,1663
46,80
908,91
1685,59
1246,41
1396,1630
1111,111
652,80
815,1668
173,51
640,1672
1944,106
1508,105
615,91
432,66
1266,1233
1535,154
1394,112
645,64
314,106
371,119
1292,23
1494,63
1738,35
323,1666
1468,1630
632,80
78,114
497,1675
1452,1657
836,58
654,33
1562,196
1813,1680
550,86
933,86
1599,89
1488,1657
1362,94
1288,1233
1603,154
477,1680
1382,101
1279,1675
1723,1679
1340,1641
752,109
1430,1630
1411,1656
717,75
522,75
1169,138
1189,71
603,108
475,1639
1068,50
689,1659
1722,83
414,1670
1340,68
571,1659
1990,138
744,85
1223,1639
1281,1672
675,1673
270,111
1910,93
591,1679
1755,54
1350,132
531,70
988,93
1487,53
928,106
964,1666
1068,1654
1549,107
1527,51
280,51
1039,23
1204,86
964,101
1499,1676
1503,58
1768,73
1865,63
691,42
984,32
1170,53
819,97
916,119
1827,119
1227,61
1281,79
1371,1639
238,96
1455,37
1682,43
1331,107
194,154
1796,39
626,1807
1546,1680
1877,60
496,1666
1971,59
669,107
925,1
1152,75
1136,64
486,87
513,1641
878,35
915,23
549,1680
183,66
223,59
1613,94
1481,101
1688,75
489,83
902,1671
631,95
414,61
1104,1
1375,1656
1928,1693
1569,1693
1093,33
816,83
354,24
1939,43
1794,68
1137,79
216,41
145,19
1710,80
1841,1675
1055,101
118,80
815,106
1115,1670
1069,73
1238,1642
1952,29
1969,1233
1720,41
318,1665
1334,87
1119,105
1502,99
289,23
1800,65
1329,1665
791,66
707,41
1574,23
1652,69
1324,1660
1006,119
1485,106
1162,95
1385,1658
1988,71
1819,77
933,1678
1397,105
1903,37
982,95
838,1797
622,54
1336,1641
293,1092
1249,1654
595,16
971,91
1198,84
1221,1673
1222,1092
969,1760
1946,26
492,77
1090,62
1363,132
614,62
1100,75
269,19
587,24
858,1642
932,1665
1490,1
1879,1657
316,82
1116,75
1740,59
1978,1654
620,1676
879,31
1006,1677
1750,100
794,1797
1991,138
1884,64
725,1233
430,73
344,1632
1869,1642
1833,1670
1872,1656
1035,68
739,1667
1331,71
1078,58
1061,82
1910,233
1414,24
1897,100
1381,91
576,100
703,35
1199,196
1725,28
1981,114
719,99
1219,1
1218,1630
1115,80
736,233
1385,1670
1627,61
194,1639
891,33
1154,105
311,1654
292,1668
936,1760
971,73
992,50
1812,1660
1742,1673
125,100
353,633
708,37
1493,1665
1778,101
964,79
1172,1630
1819,1671
1915,68
1901,105
745,56
1777,91
1633,97
566,62
1523,73
1965,98
74,62
792,103
280,1639
232,20
1338,62
582,41
231,85
1870,16
1799,108
771,138
1232,1672
225,132
565,16
1853,89
915,65
1029,1693
163,1678
1715,104
1330,54
1024,239
1597,84
948,63
1191,77
642,20
1430,101
952,58
551,1092
1417,16
1057,105
749,53
72,239
488,1658
863,61
1107,73
371,61
1168,67
853,119
1208,90
1082,1663
1305,110
1050,1233
1107,54
937,196
1972,100
210,638
472,1641
1207,19
216,19
1962,94
184,1671
237,1667
1038,60
971,1667
349,107
663,73
1280,73
1125,233
443,91
1714,1676
764,1675
1900,59
318,35
1904,62
858,28
1890,97
642,119
770,32
204,190
1950,101
388,53
45,20
779,1676
358,37
1519,1658
1558,638
820,80
432,1675
55,95
1879,54
924,54
1242,41
1349,109
568,24
243,84
1531,29
544,1
746,69
1229,1666
1026,51
1835,69
1339,56
648,63
1258,56
923,103
779,97
1076,39
1976,109
877,638
430,1641
1197,75
320,79
157,190
621,633
1099,95
1020,138
1958,28
1395,110
1783,41
1469,33
336,79
1460,1672
221,50
1662,99
1735,91
1039,638
1572,1233
653,101
503,66
1250,35
184,98
1361,108
1034,90
244,196
780,104
1152,1
1044,23
323,1657
1926,93
164,1797
782,239
713,36
696,108
327,54
953,1667
649,154
300,84
1884,638
799,50
1121,16
860,60
771,1675
1549,70
648,94
995,105
407,239
945,1676
1720,1676
1596,39
985,131
1021,111
1228,73
240,70
1513,239
1222,1665
1422,89
1426,100
930,1
511,24
973,93
800,1667
1545,1671
1851,64
380,63
1726,58
660,89
1284,233
292,19
370,69
1432,97
1068,61
457,37
1820,90
1010,53
705,1675
593,1807
389,94
524,1679
446,1
1338,1659
1189,37
1564,87
184,112
1729,16
1250,53
194,89
1374,1630
640,1673
1802,73
534,85
609,20
459,103
1880,19
1938,1657
1064,32
378,1641
221,1675
1124,90
1349,65
598,97
1124,41
350,110
1452,1658
775,59
1885,32
1073,16
540,89
279,39
876,33
609,1658
1184,108
1592,89
582,1659
416,638
1784,43
255,53
1285,1698
664,106
1695,65
1368,104
1331,28
1682,54
1595,1665
653,56
1248,1678
396,39
1213,64
1877,41
1129,43
619,111
747,50
1597,1092
1061,28
415,106
1330,111
979,39
962,53
1614,77
1320,41
1306,196
465,1668
1577,71
1960,89
857,138
824,61
270,31
1413,43
38,75
1306,119
494,633
760,37
879,1678
917,71
1825,20
540,56
614,19
11,132
1939,28
1265,103
290,85
1882,1666
1899,1760
1440,101
392,1671
1372,26
1834,93
1801,108
1858,71
1605,36
423,96
1777,29
587,1641
177,638
258,99
1830,1676
1404,1676
929,84
838,110
1889,1666
1611,99
1779,111
1742,97
1117,1666
237,104
627,1654
1034,96
1240,1675
1880,64
207,1678
1165,32
1009,96
1751,66
1511,51
1227,1656
1762,239
1856,104
1470,70
223,75
578,70
304,41
1391,1630
1786,1660
1932,100
1398,1672
551,1678
276,54
704,1807
449,1680
320,24
1337,1671
566,83
627,35
1805,638
1513,70
319,65
