413,28
159,1670
624,69
366,36
1220,91
677,1658
676,131
1546,1667
194,28
1397,104
1732,77
388,108
686,79
676,97
1048,138
591,86
1822,90
385,24
498,1667
893,1760
1534,1654
381,86
1566,95
928,119
1517,75
736,58
240,63
368,68
1110,58
1238,111
526,91
1781,1673
88,67
386,1668
1567,1642
1258,98
637,103
1466,119
929,1658
601,1632
1028,31
400,109
1230,119
660,17
1877,110
1368,82
1810,89
1280,110
1690,1693
951,1667
918,82
1202,233
325,1666
1320,100
1891,239
664,1630
1783,1797
1165,68
264,64
337,638
247,23
1758,93
1900,103
1979,1680
616,107
340,1671
783,107
1323,110
442,109
1131,51
728,638
1795,98
675,89
766,26
912,1797
1909,64
1377,87
257,80
1714,110
1182,1666
1606,32
1721,32
431,50
604,64
307,64
475,28
165,98
483,1667
1925,1233
688,58
195,26
1119,63
788,109
553,26
1894,73
5,1797
524,1639
1352,96
1561,108
731,109
1589,1680
908,131
1297,36
1636,1693
359,99
1724,1663
1162,112
1075,1671
1041,31
1611,61
725,1630
1006,131
525,1665
1769,1672
1893,114
203,67
1802,51
1392,633
488,1659
786,62
860,89
76,1654
1825,99
1916,36
189,29
1238,24
1393,97
974,64
1110,70
122,1671
943,101
765,69
286,70
1083,32
1008,80
1986,73
1429,1760
296,108
1012,1698
762,35
1920,1639
72,1641
400,58
1324,93
1217,61
1328,24
1551,80
1277,91
218,90
771,106
1691,1657
1749,87
426,111
872,51
797,108
174,111
1442,99
1961,63
767,20
1964,28
365,106
130,17
221,80
497,50
1917,28
1283,84
1212,86
1875,1678
1269,99
960,1675
1202,28
541,24
210,82
726,28
1262,66
1481,1671
1893,100
978,79
462,68
1569,1658
427,1641
598,90
304,98
928,50
1302,50
1285,26
1436,154
354,110
304,1677
283,86
1340,638
1808,98
407,73
1222,638
1757,1
1020,1760
1345,65
441,41
963,108
212,86
417,16
491,233
1771,1632
1435,112
357,1658
265,196
1424,633
363,1679
1293,1630
238,43
1820,69
261,16
207,66
1240,71
433,1
824,196
204,94
133,86
102,239
624,1671
1445,1667
1535,1
285,1233
676,42
1291,1663
392,63
545,239
1022,1233
948,28
394,1659
1780,1639
716,80
1070,233
794,1670
1434,77
1823,1663
1511,105
981,84
1002,75
288,239
967,97
1104,41
1909,54
883,196
1346,106
1791,54
374,103
1708,1680
547,61
608,61
629,1807
1369,36
1742,1639
681,42
442,638
1180,20
846,154
1184,95
245,107
413,37
1851,67
368,1670
1709,33
1362,1632
386,73
504,154
1025,100
1652,29
72,638
272,96
808,50
1749,107
1419,1656
1240,85
1864,37
1958,233
627,1693
806,1660
1718,51
392,94
376,67
1115,106
1105,80
1220,1675
847,17
1016,19
1883,97
92,54
385,82
1113,1666
1460,69
400,1675
900,28
777,1659
867,67
49,1642
1100,51
1801,16
1582,1
1011,54
760,1676
276,19
1329,109
1440,104
1059,68
872,1658
1462,131
965,1641
785,101
1408,1632
1965,24
1473,16
1754,131
930,131
1854,1092
532,1679
806,1676
1200,109
1884,31
1561,36
1374,67
1485,68
555,131
349,64
212,1660
1482,32
1303,50
993,85
1715,50
1544,138
1005,112
1084,67
733,107
1488,86
416,82
1320,42
649,36
1866,29
262,1679
1279,32
1960,90
1171,1663
1546,101
1637,36
682,36
1148,87
1383,70
1494,79
378,31
361,61
253,119
1521,99
1433,111
1204,80
1096,1657
374,67
1534,65
893,71
1228,110
475,82
1207,90
1479,1233
1962,23
34,111
1341,1092
1783,109
1799,1672
1844,23
1777,28
360,1
1817,51
1416,1642
1110,1668
1127,1630
1526,105
278,103
1793,42
507,67
643,111
1765,1668
1037,131
1475,32
1136,66
1631,111
801,17
1930,84
1897,31
1722,1670
1458,43
1193,1658
1354,104
1798,103
92,107
1488,68
1075,1658
1096,1673
998,67
1311,1654
1869,50
1504,196
1728,36
1731,17
480,1666
793,41
1531,87
618,62
782,69
910,62
839,108
175,1667
274,1678
1620,97
368,87
651,20
175,36
1137,77
1004,60
855,1656
769,65
348,1670
1379,24
387,108
1538,95
691,58
1922,190
1542,1663
1783,99
168,93
960,41
1773,73
724,1678
948,1680
1107,1673
703,1092
1900,1656
1744,1760
878,64
143,39
683,50
841,84
347,1679
476,41
275,196
1236,43
311,104
905,93
372,106
652,100
1294,1679
449,73
742,1656
248,56
1145,119
1864,1657
1970,64
1867,638
1424,100
213,1
1426,1678
435,59
478,1233
1221,91
11,82
303,112
1393,68
712,1807
1838,42
1180,190
1399,42
390,42
1544,1673
1066,53
590,53
1267,1654
367,132
1415,60
812,23
1241,41
427,51
465,132
889,1642
1707,196
977,97
1332,1693
121,109
306,233
784,1679
1122,239
1267,64
699,1666
1195,1657
704,60
744,131
1810,86
1297,41
1519,1666
1925,1675
144,99
1850,1693
697,19
1267,1797
872,103
1136,110
1283,1233
770,90
754,119
481,1667
4,1670
1053,1693
1594,61
1903,53
1479,1785
1360,91
666,138
1150,1656
803,111
971,75
975,1667
408,37
766,106
1716,1092
1528,85
1613,1654
654,31
286,85
458,1680
1412,1233
1369,110
765,35
1027,1680
159,638
1888,1672
0,29
1123,59
1006,1693
1952,59
758,66
1385,110
650,75
977,83
529,32
1887,37
1317,71
1045,66
1985,37
46,41
929,1
342,62
1799,110
419,89
57,190
170,103
1461,35
380,1672
912,86
730,95
1708,36
116,36
46,1693
1042,1642
156,37
1239,1092
947,1660
324,233
951,28
574,87
521,41
1454,109
1180,1672
616,233
928,37
824,1698
1046,75
729,1698
1840,1656
1285,23
864,29
1574,1639
1500,106
968,43
452,196
750,633
678,64
1580,1658
544,100
357,65
1868,23
1616,56
1725,1658
1246,1671
140,1667
822,53
188,1233
890,93
501,60
1116,41
765,53
748,19
1338,95
1709,60
1007,104
347,196
477,35
248,1663
1042,65
896,1665
1355,138
1023,104
1927,26
201,1807
314,1654
1881,70
1431,70
1142,97
385,1663
1492,80
1223,1678
1802,83
719,65
1401,26
1015,64
49,87
394,1654
1801,1639
1160,633
682,95
188,1668
1168,36
1620,42
155,98
907,89
1208,106
1562,239
658,119
1014,58
1207,99
1120,75
405,1639
1251,106
1800,1760
1844,1665
1513,29
1496,67
162,1657
1264,239
1615,132
160,1641
1746,53
164,33
1418,104
143,31
1766,131
1522,1680
439,110
1226,54
52,91
1245,1680
1344,1665
25,1233
1220,1670
1501,1
1859,29
703,1657
351,190
507,1658
182,86
1178,87
1359,20
368,62
945,1666
466,1639
1376,68
846,104
313,1642
88,60
1426,98
1063,1665
805,103
383,79
1321,1660
302,1807
963,93
546,239
324,1663
987,67
1888,1698
1089,85
1435,65
1879,1680
208,106
1530,65
121,37
1139,69
404,1672
1708,111
1106,1667
1451,1092
703,101
1112,16
1920,103
815,1665
565,68
126,16
473,20
782,1632
1380,95
1202,1
1354,196
1033,131
1053,64
391,1797
428,17
528,239
782,110
1396,1092
537,87
1381,638
1697,85
478,33
1130,190
618,106
47,84
789,105
718,1
923,69
1207,71
1268,87
1126,29
1129,1807
1973,1698
1341,24
1196,107
6,1659
409,233
1277,112
906,233
1555,190
179,1641
1652,108
1852,638
952,1659
1398,90
918,1678
1734,638
1169,24
503,32
1280,37
1907,86
1547,89
771,196
720,82
996,1675
1712,24
187,29
703,107
1608,89
52,63
1943,29
1007,1663
1484,1656
1587,111
449,29
217,105
1637,35
521,97
1951,1671
742,75
1849,51
967,68
1600,17
950,132
461,73
1415,1654
1096,1658
1166,1672
822,66
1503,39
1340,1675
384,20
957,95
1365,66
139,1654
1188,1659
249,154
909,1672
510,633
1163,19
1077,1657
980,23
529,73
289,26
1378,190
1196,89
185,89
1469,85
1912,112
666,1672
763,638
859,233
1324,1673
1086,1656
935,20
225,99
1347,108
1052,1092
1425,1660
1421,35
1259,1672
1004,1657
1303,67
438,233
1735,1680
1950,16
781,1641
1142,1698
1145,100
1970,79
1074,24
260,50
244,95
958,41
564,96
1266,70
290,131
1856,106
823,111
310,70
864,100
1470,68
480,1667
1383,119
1596,100
841,1678
175,1666
860,16
701,138
738,1642
1903,1675
1366,132
564,1642
1282,1785
513,42
637,83
488,54
1706,112
627,37
909,95
1541,66
474,24
1766,105
1035,75
208,68
901,1675
467,59
641,1668
124,104
1048,1092
1354,1807
1875,1657
1432,77
1475,17
1930,71
439,86
834,42
1976,1785
618,1807
602,62
1816,98
1563,69
476,1677
1505,29
702,77
499,104
1719,1630
1349,132
193,67
874,36
1390,62
1397,1660
1927,1671
1124,110
813,71
135,95
1973,69
618,33
1835,108
471,71
309,1678
495,77
1130,132
816,68
1261,68
1794,85
1814,16
216,58
1267,1657
181,1642
341,1678
1726,97
987,26
667,50
1827,20
1846,1678
1872,1659
1196,61
842,1760
525,1
582,50
417,1654
1959,1658
184,1233
861,233
1857,16
1385,1641
1293,60
1497,1659
1557,69
787,1
419,59
1303,103
1042,1657
1282,190
1745,62
969,233
303,1663
257,37
166,89
1164,190
47,1092
1810,1672
1191,41
460,1659
149,96
1224,1760
836,1092
1391,1660
1731,1641
382,1680
553,1668
293,59
350,36
387,58
1750,1663
1582,62
607,68
1008,36
1177,95
534,1654
1387,1658
744,1672
855,1676
1384,1668
1777,41
1003,104
1502,66
936,63
1377,1679
1984,1639
228,35
1591,90
1331,86
747,111
362,131
1799,105
170,100
1075,93
1594,93
1755,1657
412,41
553,1233
1423,154
123,61
1098,41
750,138
951,31
1949,190
1536,77
1845,1673
1795,82
1262,33
1620,37
1214,132
574,39
1697,190
1219,1668
924,82
1026,60
875,638
912,1668
408,1679
816,96
1737,1668
765,67
990,70
1829,1675
1351,59
302,196
185,32
1381,154
830,1680
741,59
317,1807
1682,1675
1265,1807
486,1678
1691,1659
258,41
242,98
1453,1678
1438,98
1495,119
446,104
1867,54
747,1665
1710,1632
555,56
1529,99
911,23
1786,61
555,73
260,1233
1881,1785
278,1680
319,1654
955,86
1734,196
334,17
1627,26
1613,99
1005,1678
1617,96
1534,1666
328,106
1913,39
1896,41
772,109
722,70
1771,65
1527,85
284,1659
567,82
307,94
364,85
607,43
1033,64
122,99
566,110
1483,96
0,75
458,97
1552,89
829,110
192,29
763,1660
762,51
657,69
1815,638
653,17
513,1670
1796,89
123,1630
470,29
1251,1680
1450,1693
1685,53
1635,64
898,75
365,90
1608,62
1529,109
1811,1667
1422,1760
1715,73
1879,80
777,65
264,108
1041,138
816,1667
1062,1760
696,111
864,1233
1141,41
992,112
1859,28
703,1656
1953,71
888,65
88,1673
1835,39
1216,1659
1040,93
523,1693
1043,56
414,106
1871,104
1895,86
775,87
266,37
809,99
1237,99
1918,28
1223,80
1985,97
1381,190
1662,1
869,106
299,68
120,1639
467,16
953,71
917,638
867,1673
1475,70
942,35
1277,1092
1578,131
1690,633
750,86
629,53
575,41
1112,17
1722,60
1689,1671
783,60
1464,1678
1893,53
847,19
1018,1785
251,154
803,89
931,108
1191,96
807,1665
1853,1666
675,19
253,99
571,66
1214,82
1070,104
614,100
1424,1680
1043,70
1778,89
643,1630
129,196
1758,1680
1207,70
1177,23
1747,53
634,26
191,19
1352,43
1031,37
1877,69
1824,63
613,54
374,1642
1830,69
1800,56
1290,112
868,68
918,1679
1830,1760
1015,1673
859,1639
1177,1698
1732,84
612,65
575,95
1614,80
565,85
1873,42
163,23
1714,196
1074,103
1739,1665
859,1797
931,26
1181,28
1977,101
1134,36
1088,1676
660,1671
1275,94
780,1642
1939,33
893,69
1299,190
236,98
164,1641
954,59
444,119
1683,36
637,64
326,119
1123,19
1007,50
593,154
1345,61
408,1654
1751,1677
1844,17
1924,105
892,1630
161,86
255,36
795,1657
208,87
925,108
658,1641
507,69
361,1663
1267,23
712,1233
1290,98
212,1676
1847,1680
801,23
1685,91
1618,1698
1907,1233
1897,29
1019,95
1047,89
936,1657
311,1785
517,196
1345,633
264,54
1166,1657
321,59
139,28
324,16
1232,59
1195,65
611,1658
1295,26
782,75
303,108
882,1657
954,90
772,37
611,23
1569,77
976,1672
1415,1639
1885,1
1794,64
250,101
1189,1760
1194,26
1566,1630
361,1092
1288,91
957,80
102,1641
1337,1668
1490,154
278,132
741,20
1773,71
762,107
1611,1678
641,1642
430,67
1267,1672
697,1642
1381,196
1013,90
938,1668
542,110
1020,60
1796,17
1391,31
1965,1670
294,1659
708,1663
416,1
1547,68
113,73
1215,1678
1904,119
585,93
1779,239
1010,1660
1087,20
1215,35
1420,99
320,1654
1344,1657
257,91
776,95
1825,68
600,1667
135,94
1477,239
432,239
1391,1641
414,19
1082,1639
1774,16
1261,67
1225,239
1373,1673
929,1678
1878,50
1979,67
620,1672
1965,108
1910,1657
1164,1659
1532,1641
1891,50
218,69
1716,1797
1512,1233
959,32
1082,53
1749,33
1280,16
693,69
1465,20
569,79
1711,101
1954,80
1829,42
141,1667
1634,82
345,24
1522,110
591,33
1047,1092
1842,54
1527,112
1771,100
1279,1641
1648,233
635,56
1956,50
209,1632
530,196
1892,26
1640,51
1214,106
1403,63
1134,1641
913,101
34,16
737,633
1379,54
1854,1678
332,1639
3,1665
886,26
1436,87
319,17
785,35
1726,16
592,1807
1106,31
1164,1641
463,108
1352,99
1516,20
1003,107
1213,20
1585,75
1068,103
1378,85
1770,89
423,132
140,16
1051,86
740,71
1132,91
1829,75
1283,107
402,16
438,196
1147,638
558,53
1954,98
1260,1693
1714,1641
948,59
931,69
199,131
1252,73
314,65
921,95
1806,1630
924,60
449,196
1960,20
1686,1668
1821,99
704,1630
48,108
252,638
1029,16
1271,93
7,132
1422,65
1479,112
1264,1785
1965,63
899,132
1379,36
701,16
1287,1667
942,1680
198,106
1783,87
1770,56
279,239
1884,32
180,1092
127,33
1691,1658
170,196
847,1666
1682,111
985,1639
878,108
1808,1807
1967,114
831,1698
298,32
1789,110
744,112
764,1671
673,20
624,1676
15,77
659,233
719,67
1661,20
424,1632
919,1693
901,108
851,59
659,1666
1117,1656
844,106
759,89
707,1698
536,1680
1966,24
528,1632
175,105
344,43
231,1693
1020,1676
812,84
1788,1233
1754,59
525,633
1177,58
1160,94
866,99
1446,196
368,1675
627,28
494,37
1884,54
1921,36
1149,1675
1886,1642
1729,105
825,1
771,93
440,97
577,1632
1061,100
379,84
754,56
1034,70
173,60
398,73
1089,638
1088,61
398,1693
887,101
524,97
743,111
49,71
1815,61
1873,94
509,85
1505,68
1826,1760
635,101
303,69
1322,1797
864,59
439,1233
1915,1656
1101,1659
641,37
1157,79
718,53
1972,68
1183,1665
1636,41
862,110
1661,1642
1184,82
466,1671
963,95
212,103
396,94
1135,1671
1301,107
1978,65
857,1797
271,53
1290,79
1628,1
1540,53
1176,106
311,51
1516,1632
392,65
602,86
767,154
1451,97
645,58
1648,83
373,1639
763,73
1366,1632
1560,63
345,80
456,77
1086,1807
1145,63
1536,56
300,70
1849,39
1420,1797
1906,16
668,19
891,1760
543,43
1885,60
1890,1660
1265,105
752,132
861,638
1197,26
1375,1680
947,77
605,633
1743,51
1416,1680
423,110
612,1639
464,101
1466,1760
380,73
752,98
530,1092
1598,23
1411,1663
1844,1639
1442,37
1759,32
359,87
1089,1666
1585,1797
1361,51
807,85
593,73
1179,84
690,59
1000,85
486,94
434,1639
414,1675
216,1678
551,80
882,105
1782,1670
955,1673
1098,31
1651,95
824,82
1006,190
900,239
1987,33
166,1
1879,119
224,24
780,1797
1369,1632
1774,1665
1262,111
160,106
712,1671
341,37
1983,53
149,56
888,94
796,63
1383,67
800,58
72,43
240,23
558,1659
145,36
933,67
167,1679
387,99
313,1668
1043,196
1190,53
1653,131
1140,106
1551,100
813,638
423,28
1902,1698
1938,43
563,107
1425,132
529,79
358,1673
1163,98
849,64
1556,1675
1978,101
272,79
218,17
1213,110
596,1668
1290,99
115,1675
831,65
265,96
1152,64
858,33
402,59
1897,28
993,100
1954,77
9,107
1776,53
1221,1632
713,101
659,33
241,1678
1505,1
955,32
1822,108
48,196
463,1785
763,85
1207,1672
1104,119
328,84
897,1797
1909,1668
867,19
1559,82
622,1693
1265,132
970,638
644,105
1966,80
1140,1654
776,33
1346,95
920,1659
1039,96
301,1658
1295,138
1022,1654
1192,1641
1561,1760
677,239
1272,65
456,1233
151,24
1058,1680
212,26
1743,23
1379,106
617,29
1224,51
1955,63
1978,132
1528,1673
1591,112
197,108
714,70
312,100
1733,1807
704,80
979,86
744,39
1780,1668
1393,1678
1004,1641
15,26
1448,79
46,1668
1801,1630
479,1666
1057,64
1866,60
282,1676
1353,71
1191,53
1771,105
8,42
482,97
1167,60
559,1675
1299,108
1562,132
414,16
737,1671
1036,35
668,69
1532,1668
266,107
195,131
1579,101
1582,50
590,56
718,109
6,89
1361,1233
116,1676
1200,1797
634,65
1176,132
1591,70
271,109
757,54
170,112
500,1
1293,58
1150,1693
124,239
770,89
901,119
1574,1678
1900,1807
713,1
303,1657
522,1657
1775,104
1598,1797
1983,95
4,29
1825,85
1460,56
411,53
1874,1680
1697,19
350,42
597,107
444,1671
584,16
323,68
1228,131
1962,105
889,1657
1192,638
1726,17
606,138
1587,1665
1885,1658
1203,1672
1507,1654
953,31
971,1672
1926,1660
936,33
955,633
938,1657
542,75
1739,119
1139,1785
1264,85
1594,91
666,104
1471,91
355,51
1646,1667
1758,51
1542,154
1323,80
1148,43
156,87
1231,70
496,90
478,94
1828,20
998,239
145,83
1729,1657
1788,106
1609,131
694,71
1085,1678
330,32
1473,62
800,1660
1830,1092
366,103
282,62
1025,28
1239,1658
1082,103
160,1630
1307,32
1628,62
410,154
925,83
582,28
1850,96
1759,110
476,111
204,36
1749,196
1172,59
1691,119
1047,19
850,239
173,90
505,1760
1481,1675
1216,132
267,106
1050,23
1865,138
1305,67
954,19
1400,63
1201,50
1015,638
1019,1665
323,32
1083,50
875,1673
1592,66
1613,638
1190,111
202,104
3,89
1885,1630
302,71
1099,35
359,50
1209,1639
1102,108
953,59
1218,633
757,107
994,1807
1129,50
1131,1670
1283,1797
1981,50
2,50
1222,62
1851,1668
1893,1
459,108
1236,110
351,42
405,24
1957,1630
887,100
1776,107
7,1632
605,73
1839,1630
953,1670
203,99
1306,28
995,31
1495,1632
1704,103
1832,60
507,1663
568,43
472,64
729,1667
381,26
1959,107
1983,97
1143,196
205,1698
482,41
1366,109
945,1671
434,132
839,39
1711,1665
1467,112
1727,108
1589,75
134,91
544,131
1080,53
1106,99
663,138
1308,93
424,1
795,50
1538,20
1099,64
713,1693
1281,101
1445,84
825,1807
1385,1797
1526,1
901,1698
422,1679
439,1639
228,96
999,131
1516,111
1803,41
1988,1233
1626,1660
1128,1663
868,80
264,1672
929,60
1065,82
1005,233
1981,68
57,233
241,68
1142,64
1886,67
657,1760
323,1642
385,37
1624,110
422,98
1542,112
146,96
1913,80
385,86
961,109
45,132
1791,1679
1770,1632
1538,196
250,79
1906,96
217,1642
570,1760
266,1785
1629,54
1116,111
1609,58
1572,138
1706,42
1924,101
1358,71
1163,119
278,105
370,112
554,1698
1803,39
426,1797
1604,138
168,131
1381,63
1860,28
790,103
439,79
1302,1639
264,1797
948,77
473,107
650,1671
830,105
1098,111
1316,58
341,36
489,107
1852,84
1688,67
1748,37
1326,119
1953,97
1556,58
857,62
267,132
1798,1639
492,103
1399,66
408,110
269,233
1304,1642
1375,1665
833,1666
883,85
1609,91
6,114
708,104
789,1667
809,93
502,1670
1469,1670
238,106
477,104
295,33
1456,233
204,1658
781,1668
1096,64
1000,53
1379,1641
1581,71
1250,99
1927,95
1864,69
1162,1667
1041,68
1793,95
409,105
322,112
1914,61
1034,109
832,1677
466,29
548,35
1889,1639
1873,26
92,103
645,29
1933,86
1388,1679
834,70
1427,39
1022,73
1487,1
1876,96
47,132
1245,79
1416,131
297,65
791,1663
597,86
121,1797
1794,94
732,1673
122,54
1335,98
1499,1680
1030,1698
1552,20
684,80
1753,1807
1055,99
1975,50
1923,1679
341,1785
366,190
1841,42
573,62
1343,1680
245,93
1575,1639
1973,1667
1281,83
1045,42
1839,1092
1861,1698
355,1666
464,1797
1578,196
646,190
117,132
1594,68
1152,95
1540,24
1229,31
1105,17
989,112
1160,1658
739,1657
908,1678
266,1233
210,1807
1350,75
1563,70
294,119
1805,61
1882,1092
598,33
1955,1658
1435,1656
561,43
1543,1668
1559,99
1742,1665
967,37
705,94
337,36
122,56
1778,109
1483,75
641,108
363,190
359,1679
845,196
792,1668
856,77
447,56
1409,103
1408,1630
1523,65
862,39
189,1659
1017,190
855,28
674,95
530,1797
1338,54
1820,104
518,84
757,132
542,94
1280,99
675,1659
1927,67
594,1657
831,100
1554,79
484,1679
1888,1233
1101,70
1448,62
622,91
1325,638
575,99
1471,84
1701,29
1190,1668
254,96
92,75
591,35
224,51
351,80
635,77
193,82
1977,32
1125,1654
480,1698
478,109
1695,1642
1531,119
1043,19
857,100
1959,33
418,94
915,1668
1727,69
1788,85
757,1641
1490,1670
1370,1668
1039,71
1295,233
800,196
1605,100
1294,51
585,1673
1190,64
792,109
1200,90
1415,1233
1181,1667
1348,98
369,1658
1506,28
1968,95
353,80
1391,61
825,84
493,62
1010,104
1054,39
794,51
814,54
728,1673
1614,31
787,16
241,62
997,633
1098,84
503,154
449,41
1518,35
624,633
877,105
159,20
588,28
274,84
1439,1673
799,68
695,23
553,1642
1289,80
296,1639
1889,1
72,100
1710,17
611,35
704,633
27,82
1422,71
1018,35
306,1233
88,36
587,58
883,1785
866,111
904,1670
886,106
1849,1654
373,77
1150,77
1852,1663
1143,1642
400,63
1324,90
835,63
1095,51
1392,58
1520,79
1507,1639
1766,58
258,36
1418,98
1221,1797
1981,63
76,24
170,85
885,196
1025,1641
1458,28
318,37
1839,54
213,66
531,37
1117,1654
1560,1785
1525,1641
823,35
263,104
1853,1659
14,60
1046,89
1857,1676
458,138
648,86
1399,107
1577,1641
1774,77
464,1665
1600,1670
746,79
752,154
256,73
354,1678
577,65
1290,1660
1558,87
1761,89
323,35
1190,29
1723,1656
718,1668
55,1654
1486,50
5,633
1955,105
373,95
1682,1641
141,105
801,1632
127,64
1952,91
1822,1679
48,1663
1919,1673
1519,31
954,1663
1709,1233
1861,1658
1790,190
1133,1641
525,84
999,29
144,1677
1189,61
969,90
932,42
207,1698
1472,111
1809,96
652,89
871,39
1651,69
1044,29
595,97
1917,154
1755,35
146,111
1124,82
1838,132
884,1
1363,100
1199,1632
1297,1666
445,33
428,31
799,56
1506,1678
310,31
1107,107
526,101
1579,31
414,105
1524,64
937,42
367,75
1473,104
1018,1233
1444,1665
1082,1676
1902,1668
1301,1693
674,20
1469,77
1787,62
646,86
205,190
185,65
1827,1797
710,51
162,1671
1304,50
1290,77
596,62
291,80
1106,1663
918,31
481,1630
901,61
1730,1630
203,131
591,106
1108,64
630,1668
1296,58
1903,105
288,131
1876,77
1306,111
1606,1092
760,29
888,82
1114,90
1021,138
472,79
495,39
350,80
1311,131
1117,80
1393,50
1021,1233
1707,80
1567,1678
1183,69
1278,93
452,1677
1044,1639
896,101
1419,1679
1878,138
1551,16
498,43
856,19
324,1641
1368,110
1556,1671
714,32
1068,41
1931,109
1184,1660
905,1679
730,96
216,1680
515,190
898,42
1910,37
1897,16
314,1675
1772,62
636,90
1151,131
930,1659
1305,1693
1012,35
887,75
487,1657
200,19
1487,50
850,85
445,69
193,20
135,119
1353,58
1872,112
736,20
1524,53
756,95
496,99
1903,1665
1868,196
286,112
1870,1760
38,1659
1325,85
1733,104
1980,1675
1340,1654
886,1678
8,1673
1750,83
1328,86
1737,1092
161,107
1122,196
899,111
795,1658
1200,16
1023,1675
387,1785
542,99
641,1678
1139,37
437,1673
1692,79
572,84
497,108
831,67
673,97
804,39
1929,1678
510,64
829,638
1441,100
1154,1667
92,96
1674,90
1215,62
1859,90
1587,65
1511,41
1755,29
1688,82
983,1642
1745,103
452,104
440,1670
1714,68
1346,42
1649,1667
1849,65
1048,1676
1946,19
1322,67
1753,1693
799,1639
434,91
1941,1666
697,1677
746,1658
1312,68
1191,1672
413,101
1541,61
1834,73
202,94
1898,42
1612,70
1281,82
341,1641
1502,106
1874,51
1196,75
1766,109
1934,23
377,1641
1595,119
1374,32
1176,39
1799,1
951,1675
885,29
1554,90
447,1676
1041,53
1439,1654
1061,58
1833,17
184,32
1411,1233
136,131
1792,96
905,64
1904,106
146,36
441,1678
339,1667
1664,42
1556,104
1775,100
1296,20
983,1656
292,1693
1749,633
1198,95
1825,89
904,23
1391,1642
658,26
534,1673
273,56
1218,98
973,1641
1457,112
1426,23
911,1659
516,19
661,96
1069,35
1416,1
1645,1092
549,85
1378,239
842,1693
899,58
920,85
845,84
498,65
1206,119
1886,1667
1606,1630
479,1233
1863,69
335,93
507,98
825,73
1857,20
1897,109
1843,41
336,138
911,63
773,58
1184,1797
851,32
1593,1667
768,1666
1563,87
1360,80
1484,1678
1048,1657
1002,111
1831,132
766,28
113,1654
129,103
751,1668
186,112
408,42
1956,61
746,104
604,94
1922,1673
607,51
537,19
284,1666
1904,1659
725,36
1272,1675
933,23
516,1
1085,1658
1234,84
484,83
1063,1659
1783,66
1269,638
1324,101
1934,64
1044,1678
837,1672
859,86
805,190
1983,1675
589,65
865,131
313,190
827,1233
1637,1760
439,1
993,39
5,33
1219,103
1278,1656
942,104
569,94
1712,36
625,1642
938,109
1074,91
1145,1785
616,95
321,101
544,1670
645,98
1380,1
867,1092
527,66
1289,87
1417,106
884,93
1366,71
1653,39
1022,1666
340,20
326,35
437,36
1164,1675
738,1679
593,1658
546,196
30,77
1975,103
363,42
127,93
202,100
1177,1092
634,99
252,84
1428,73
660,51
1765,1654
1127,1693
1290,86
278,32
137,26
875,36
1118,96
932,37
271,67
369,97
1108,190
1518,67
1283,90
1316,1663
1752,73
224,97
189,1233
405,20
1186,233
1098,71
528,105
819,1668
175,1632
1582,1659
1198,26
1255,31
1704,1233
817,77
1544,1658
970,1675
1917,1693
334,132
1903,1630
1515,1641
189,41
464,1666
547,53
179,111
826,100
1602,1785
661,37
354,1679
957,36
1307,1673
671,1632
1183,96
411,1660
874,1660
577,64
1616,43
141,23
511,19
1605,71
1456,66
6,53
1257,233
762,63
815,43
1834,1
235,85
536,32
1766,90
1864,1092
1645,65
1442,28
227,1667
909,99
603,24
1210,32
1926,1630
1988,119
999,28
986,51
1893,190
55,132
1253,95
1860,73
975,87
409,50
392,86
1424,131
376,1233
254,60
1175,110
1013,1675
558,84
211,1665
1776,109
753,70
435,1693
941,69
857,32
1174,29
971,24
129,93
148,239
126,1632
15,633
1408,1785
1396,20
1143,119
468,101
1120,94
875,1657
1049,86
237,1632
1357,1675
755,53
532,1671
185,64
1181,1656
1595,1672
1723,131
218,56
271,54
516,1639
1916,1680
1595,1785
1628,28
1499,80
658,1680
1897,37
1880,107
1689,1675
965,31
622,16
1081,1668
645,39
538,99
1702,1667
1151,109
1394,104
1232,83
1637,60
146,94
1624,31
1242,20
1460,67
874,106
746,17
1519,638
806,85
1433,103
1829,1659
1101,1642
475,90
954,53
1862,1639
597,33
1558,112
1079,23
628,1639
1252,633
1275,1630
1256,1670
575,638
356,94
1937,1679
983,19
1940,1676
1307,111
1824,51
242,37
278,111
714,33
1321,95
1618,73
643,103
325,64
133,35
959,107
1559,1660
180,66
932,79
754,91
698,1667
484,1654
284,32
930,1656
1597,36
345,54
473,105
1270,1632
1839,1679
955,23
45,99
1096,1665
307,1092
1373,53
1063,71
1525,1630
1197,1233
1946,1797
255,1654
1012,83
995,61
1295,16
1870,1654
1393,82
1521,101
364,20
421,43
1936,104
1865,86
1424,1666
658,70
397,50
1548,93
630,138
1595,154
893,50
417,87
938,633
1933,1680
1844,29
1987,638
1614,1667
1050,1676
557,1654
1571,98
998,1672
210,1785
265,20
527,638
412,1641
842,108
1927,89
589,59
1803,87
1574,108
12,60
565,50
1371,73
969,103
755,1672
1584,70
1303,94
1930,94
865,54
422,61
1681,106
1186,190
376,101
910,1676
952,24
147,1676
609,73
454,1656
1508,53
1751,91
373,1656
1684,16
139,16
1424,108
1901,1632
747,1233
1815,80
456,108
175,1673
237,638
492,87
297,71
1093,41
1403,23
1703,58
551,1671
1986,106
1143,41
1358,54
1423,638
235,29
1986,1632
1748,1671
1585,35
1766,98
40,29
1948,65
1810,94
690,75
1100,1666
932,28
40,1656
1506,233
1431,42
332,90
448,1639
1355,1658
214,82
1234,1673
237,83
1213,1092
1880,85
1528,1642
686,86
615,20
581,132
609,91
385,17
1822,93
701,1665
1094,66
1259,1
1063,107
1894,1807
759,16
1292,33
1849,82
394,80
1208,70
985,83
125,106
1249,132
651,56
248,1675
1710,106
1272,82
1695,1668
266,1677
1150,87
447,58
748,37
178,71
1854,63
921,1667
1168,1676
710,233
1709,99
1692,61
146,1656
1766,28
664,91
1696,56
1974,73
1887,66
1317,32
993,20
480,65
1421,66
1631,73
269,1657
237,69
626,36
476,53
163,1672
1593,1666
1151,84
1266,20
473,87
1302,190
1769,1671
1893,73
992,91
459,36
1262,24
250,1663
1585,1667
1378,1667
225,1639
528,1656
283,67
912,1675
165,107
1874,1679
276,98
1110,1233
816,119
725,35
1348,1658
451,28
603,1675
1008,89
1412,53
718,66
0,1672
1199,1807
560,108
526,1675
1462,77
1854,41
570,61
1160,53
1619,58
899,43
880,99
1471,1659
406,105
1587,1666
1530,37
336,91
232,28
1595,37
775,1667
1696,54
1388,90
1867,63
1442,104
503,1666
1712,86
440,56
1364,19
170,97
727,1659
1058,56
693,83
1091,32
522,1671
1694,1673
244,31
619,1673
689,190
338,36
7,1657
1067,59
1202,1672
1053,100
391,67
496,93
594,132
478,93
1164,56
1013,638
543,77
1964,1641
789,77
1821,16
1804,104
1812,1785
911,1630
909,1658
1160,84
1403,1642
357,1760
544,233
945,1658
285,111
1226,1673
1730,93
1713,51
577,1785
295,26
423,33
1822,1667
707,106
1405,31
852,31
430,109
1178,1675
1054,132
1368,53
801,98
587,1671
968,1667
694,1657
821,111
809,1665
143,23
369,96
1971,1233
500,96
1937,63
466,80
871,51
1944,23
311,1676
352,23
1330,32
1165,97
469,54
514,53
1067,41
1735,638
462,79
1295,41
482,1679
1856,87
146,138
699,96
1347,1698
631,31
796,112
1873,1630
1887,1658
1322,24
933,1807
917,138
812,80
444,90
448,29
1106,108
1055,37
926,107
141,103
768,69
422,1680
1810,23
1973,1785
157,39
325,107
271,35
1031,77
775,633
1169,54
1314,67
1809,1785
507,31
1635,71
697,67
219,1667
332,98
979,19
1776,31
254,61
1437,56
645,1760
234,73
753,69
5,1680
1295,63
1353,28
1906,26
1104,32
1252,1676
951,239
554,1
775,61
543,33
601,42
1810,1642
1708,1679
1744,80
1575,84
581,1657
357,111
947,67
1779,1654
1318,86
203,633
1180,19
1452,1698
1705,1672
1545,99
1435,71
155,1797
393,50
1520,109
1485,75
1585,101
1307,1
242,131
577,1654
648,1666
1732,1672
1847,1675
1132,26
342,110
899,1663
1799,190
419,105
1620,1641
901,59
652,73
908,35
1407,97
802,1680
1782,23
1786,90
1694,35
1772,89
615,82
1151,108
1333,73
1542,119
864,94
149,50
273,96
384,109
1101,1641
1303,1671
688,106
229,70
819,26
489,1667
268,1670
1140,96
1908,109
1028,61
1790,73
781,1679
1556,1665
1405,53
339,110
821,36
825,33
1505,1671
1307,31
1825,1760
46,107
711,1679
1175,28
1340,93
1361,64
1620,1663
187,19
723,69
1441,104
144,1658
412,110
362,87
509,132
254,89
630,638
931,1
1232,66
625,1666
1566,107
1148,110
800,62
1704,70
1857,1656
293,31
350,64
304,1630
1204,95
944,99
544,51
968,105
933,79
1268,60
1586,233
1143,90
684,93
259,16
269,119
1969,64
1878,154
1751,1672
1609,41
1459,56
781,28
948,1673
966,24
1023,89
1452,233
1553,1668
1277,28
525,23
941,1666
1392,68
1448,69
184,20
769,1698
1930,95
1740,1760
962,31
1538,1672
159,79
416,103
219,1642
1560,31
395,109
1815,83
348,1663
554,68
78,36
1531,108
762,1673
307,108
1029,53
1103,82
843,110
1107,23
357,36
1483,94
269,24
1861,19
1055,108
47,1675
333,59
1811,108
1068,233
702,1665
1108,1676
1223,33
1689,83
1119,80
1023,79
329,87
1196,69
560,1659
1434,638
300,1642
1371,41
801,75
1061,87
1925,1666
436,90
882,54
1803,68
1010,67
1934,132
797,63
871,24
1155,63
878,58
1711,82
905,70
581,131
640,1659
1688,51
197,138
361,1678
476,1675
1591,1667
581,20
799,109
529,633
983,1658
914,31
254,196
1329,1092
1932,131
1859,1807
407,190
1349,31
853,90
1922,105
270,1630
1002,138
253,20
715,73
1747,132
1855,111
1875,1233
974,108
1201,24
725,16
1534,100
1761,32
1272,83
425,1678
1774,132
657,97
1284,26
313,65
294,1676
1119,70
1874,35
1123,131
970,1233
420,104
353,91
1277,32
136,1673
1078,51
231,94
1614,1807
143,50
510,19
575,31
1061,42
305,41
569,82
1414,1660
1525,61
1752,111
723,111
421,1657
1954,109
1684,70
1903,50
391,63
1262,1666
1946,1785
955,64
1292,65
1755,1807
1873,1760
202,1807
1966,1
665,91
975,1672
497,1785
296,1660
1038,1666
644,73
1161,97
404,24
1969,1632
528,1672
1514,83
984,100
1815,1673
530,80
274,1660
1411,1693
1975,19
488,24
1123,32
202,112
1841,75
1756,98
463,107
252,64
1709,84
1695,1
648,1785
1308,1797
1526,94
926,1658
1739,107
982,1658
878,103
1201,1656
1705,56
305,91
733,59
679,35
1174,1657
761,1630
1880,50
116,35
186,1658
1441,16
1684,84
177,97
1506,1654
1971,1654
1137,1672
1600,32
1249,54
574,41
796,99
1221,56
1332,93
1171,89
1653,37
1218,68
1110,94
523,16
526,63
583,58
1379,43
1049,1676
1915,109
424,41
405,1630
1055,54
1059,51
249,84
285,110
1301,82
1783,82
1122,1639
1713,50
1699,1807
1312,239
191,68
925,190
1023,17
1031,94
642,1654
1231,1670
815,1797
15,1807
1172,80
12,1698
679,64
1914,1
631,1233
311,42
975,67
1149,138
1139,1656
802,1677
1870,154
1819,62
1412,1656
355,37
1498,53
1741,87
1448,1656
1869,98
420,1797
1010,1679
149,29
1913,41
970,1673
225,1666
1539,77
1316,1092
1106,1092
1046,1642
639,1642
128,54
1712,1670
458,107
1197,66
1143,16
906,109
1975,119
1458,1668
306,39
387,1680
1074,1672
1056,131
1035,56
386,79
121,28
1432,28
1877,28
577,1659
1987,1630
889,39
1132,37
281,1760
1371,17
92,1676
811,70
1111,83
1954,16
1776,16
871,32
686,28
1282,110
1765,67
1306,24
1326,95
1953,89
800,19
1704,107
1617,84
954,190
258,633
404,83
461,94
478,62
796,71
601,41
125,17
1105,1673
577,80
280,80
1132,1656
1868,50
396,196
913,54
705,1632
316,19
1843,638
192,97
1329,196
780,1698
1888,85
1813,1654
1725,638
532,1665
1941,70
1432,106
864,1666
1179,93
1968,108
1240,93
1574,70
1229,69
555,26
993,83
901,58
907,1807
1084,69
569,138
1926,68
770,29
617,1654
1205,29
1063,83
729,1632
894,28
1913,84
769,1639
1087,89
1734,26
1605,1698
1451,1630
1008,132
22,1680
705,100
1376,105
861,633
397,62
1627,1654
684,104
1436,101
712,97
508,28
1008,98
916,107
809,87
1452,101
25,1760
1256,1672
1401,1659
869,53
1354,1667
1751,1642
919,1233
278,109
568,633
1371,1680
2,99
1949,1785
564,1233
1209,138
433,37
679,26
1142,86
1128,1760
1116,1667
986,132
1465,97
1943,26
183,70
1249,1632
45,97
1949,96
884,96
1198,70
1221,111
1991,1663
782,67
189,93
1650,56
1762,1630
437,233
660,1660
276,41
1400,109
1972,37
449,1693
815,110
1562,79
1446,132
513,66
240,1680
1911,80
860,1233
202,43
1841,60
553,59
902,60
666,1632
168,1675
1223,50
710,131
322,1654
235,33
1800,93
1783,26
795,1663
1147,1666
406,32
650,60
1300,86
717,196
716,1671
1382,1632
1458,80
693,107
550,1680
426,1666
1949,1660
676,100
1796,1233
666,190
1741,31
1022,77
145,239
1613,1785
961,77
1460,33
502,111
303,106
179,56
1086,1233
1141,138
739,80
867,103
557,73
1750,1642
1865,70
1646,87
266,98
472,1673
767,1670
1118,1658
1412,83
259,1
250,1092
1979,75
1301,43
1159,61
117,110
1378,75
663,41
1988,58
1661,1676
1300,100
470,95
683,42
1685,119
251,108
325,1671
1708,56
990,1675
1914,75
481,1673
1648,19
652,28
545,62
1923,37
159,60
1546,190
720,1680
227,84
1741,17
1818,132
1771,108
422,1807
483,1807
543,107
800,91
1534,26
1581,633
1403,39
189,97
1514,110
266,20
1265,58
416,1641
513,61
1375,53
1272,84
1345,98
1456,1233
677,109
1726,104
313,64
1056,106
1331,32
1532,1639
781,63
1635,1092
1119,65
1395,63
1213,28
3,131
426,112
282,86
231,89
1947,107
1071,19
298,54
1058,36
1515,109
1371,87
1691,110
551,97
1786,32
1987,97
1790,1666
595,1233
1370,101
1935,1693
1903,61
234,97
1980,64
1855,190
1488,24
227,66
1185,24
1370,20
1518,132
537,103
1470,107
666,1797
367,1672
1428,1807
875,633
682,1641
505,70
1521,1630
344,196
658,154
1376,17
1049,1665
351,1657
1551,36
540,154
350,1092
803,1656
494,19
1626,1760
1455,96
834,1642
1114,1698
529,24
751,105
1928,60
1432,1
403,65
885,77
631,633
1591,83
1866,638
587,1675
308,66
1122,104
305,90
1833,114
1245,1668
1229,63
733,58
865,98
459,71
1684,85
820,84
749,154
345,108
1741,1680
277,69
499,77
817,80
923,1641
431,90
749,43
195,1656
1346,31
283,83
671,26
1029,26
608,42
897,73
290,1807
122,1676
155,29
1565,233
437,33
1272,112
593,1663
1258,79
687,107
1958,24
785,23
1695,97
1823,60
1551,91
282,59
191,71
670,96
1891,84
1414,99
130,119
1035,154
1968,65
389,96
690,31
1702,108
674,1092
1601,95
365,97
1125,31
204,33
332,110
918,119
534,71
1377,1660
116,50
1442,1678
264,101
1775,26
692,109
881,28
365,131
716,91
1751,29
799,54
1798,1666
860,32
625,23
312,1654
496,77
1238,35
1720,1672
729,17
857,68
711,97
654,80
812,82
280,67
1650,1670
1311,56
1150,16
1811,54
1650,114
583,43
912,1656
1376,61
681,39
937,77
1951,104
997,43
1338,105
1713,35
1595,67
285,16
401,1673
1696,84
490,1807
1117,1698
1159,1663
552,50
1547,53
270,239
1769,101
1492,110
669,59
137,154
656,16
1833,110
305,70
1816,50
678,1665
1963,1641
171,1667
295,1785
1826,87
152,633
321,70
1782,138
146,107
1913,73
1224,1698
1332,131
1853,1673
396,633
1714,61
1040,84
543,35
1575,86
250,70
1228,67
1652,1659
1636,64
1416,77
424,119
1290,1642
518,1675
1808,73
1550,1630
984,79
930,23
1773,106
192,98
997,93
319,33
1170,87
1153,53
1827,68
1860,132
1402,28
1759,56
512,42
1564,58
1692,103
312,64
401,1659
807,93
976,103
497,68
868,93
1722,84
1118,67
378,1693
1141,1672
1839,97
171,1632
302,1632
1058,108
1296,62
321,80
1242,96
803,94
927,1676
681,638
1235,67
169,132
1933,190
1791,94
1738,86
561,16
928,1667
1260,1660
455,1760
400,1668
1826,1663
1931,1673
614,31
1275,89
452,1658
1043,79
839,16
454,54
994,91
1386,95
1904,1670
892,638
694,54
1004,96
1408,1657
1247,36
920,111
560,54
1884,97
1494,1671
285,67
1800,80
25,1680
1237,239
174,51
895,111
680,84
271,1
1486,1670
1187,1639
1406,633
693,24
858,89
1741,1654
750,107
292,233
1954,53
549,633
1762,96
553,638
1447,16
492,190
1047,64
1599,1785
223,62
1933,95
1094,101
1477,99
257,112
300,50
1295,29
1336,98
1214,71
954,83
537,41
660,1678
632,105
1936,107
1700,28
47,98
122,33
1138,1679
1001,84
383,154
1746,1658
1090,64
1080,1666
1227,89
566,95
1911,83
1379,98
809,64
1915,20
1754,154
1315,1632
1042,110
1116,233
1247,1679
909,37
787,633
1585,54
1178,1630
1110,1693
1072,79
666,1680
1477,1698
232,68
1300,87
361,1632
1100,1679
130,63
669,96
1875,1760
365,41
348,103
1722,1679
1497,1680
361,1666
166,53
1934,1670
1074,16
499,98
701,1676
1664,80
210,19
564,104
317,1667
700,1670
1984,87
129,31
1231,154
658,36
589,1660
1528,66
705,71
1717,70
246,97
266,99
1208,42
1761,20
516,41
1502,1632
611,109
425,1666
1298,103
642,633
1564,1760
1864,154
1113,28
121,106
1924,70
420,1672
1877,98
316,1641
1220,77
1867,20
905,1630
197,86
298,69
1058,19
1421,77
448,1658
1041,41
1374,1667
565,1
1118,41
1340,99
1364,105
1037,61
1259,1807
1498,77
1904,110
158,1656
1563,93
163,56
1933,67
1648,99
1647,53
542,1666
862,1233
1637,79
1146,1680
116,239
1435,1663
1884,1670
1168,82
857,29
912,1680
786,99
967,32
1207,1797
1389,1698
954,119
1532,1666
1737,1680
731,1233
286,80
711,31
215,90
698,112
266,1672
1278,111
729,196
313,71
1056,107
909,73
1723,95
956,36
207,98
579,77
672,1657
265,53
1082,60
1967,103
794,42
557,638
831,99
1594,83
966,1678
287,107
898,28
645,1671
1407,59
820,71
696,77
385,96
404,196
542,1676
945,104
509,41
1620,31
310,58
1342,87
167,1657
1625,1671
189,1
228,1657
286,51
268,1642
1009,1678
208,1233
1843,1663
27,91
1518,1657
1652,1665
570,73
1640,73
1069,17
1805,1693
1901,94
1298,75
802,36
855,1668
1324,97
1072,138
664,61
1164,1632
610,83
990,239
1924,58
1800,104
130,98
1696,73
1988,31
574,1657
974,1673
1883,1693
825,95
1736,95
1515,90
161,1673
1048,65
15,68
1731,196
204,131
424,1657
244,26
1869,110
1769,1654
1731,85
1185,41
1758,196
250,1676
1634,1092
1179,1693
806,51
536,1673
1342,65
665,43
1895,1665
1539,65
1778,59
307,1668
148,70
885,1675
1808,110
1811,43
1335,83
838,1673
883,16
1014,80
1166,77
687,106
1793,1233
413,87
1028,86
1156,35
970,26
1636,131
1338,100
1715,1630
481,63
1508,1760
3,1797
892,1693
1857,91
457,54
1916,1672
1571,63
599,58
949,1675
1388,75
969,83
552,69
1468,83
466,79
1024,89
784,104
1851,1676
18,154
382,1233
820,91
1869,96
819,1672
510,239
1216,154
1423,97
361,93
1734,79
614,112
672,65
125,29
402,1666
648,42
1110,110
584,50
712,71
1925,65
1286,1233
491,82
533,103
274,1630
1284,1675
1515,1675
652,1659
360,33
656,638
1190,97
1028,68
677,50
1530,68
1459,64
1388,42
1595,66
144,39
845,1675
811,43
1274,65
832,84
318,73
653,154
507,16
1579,1760
1085,119
661,1663
1162,26
575,35
868,63
1437,132
1701,93
1542,233
911,109
1724,1668
1047,63
901,71
1512,106
1739,1693
545,1807
1718,1092
1410,89
605,67
1637,54
381,1679
1418,1660
334,107
361,79
1452,1663
1325,1671
1457,35
1312,1668
485,86
1194,60
290,68
1874,1632
718,60
1622,1656
316,190
1018,64
1069,1233
902,86
212,110
620,35
1669,190
1908,26
1689,106
717,77
1055,1673
422,1665
1257,104
724,1
959,16
670,93
1516,101
1209,1659
1360,1785
1270,28
163,1639
1621,70
426,73
504,19
1482,36
52,131
490,42
1391,98
1584,94
510,41
1158,65
461,1797
1471,26
170,50
489,1092
1027,16
1890,24
737,84
645,35
1715,95
958,58
193,108
561,1642
1637,56
1012,73
1114,39
763,63
525,1630
622,1672
894,109
1826,1660
179,79
1484,196
846,67
1312,61
708,96
984,94
566,66
1106,79
405,1666
1056,50
1490,1092
1017,154
1352,83
1321,50
613,62
1719,80
929,87
1887,100
1483,1672
1102,82
1891,97
1505,1668
1732,1785
46,110
1738,1658
750,104
1023,138
490,28
241,104
848,16
1715,60
1165,35
1149,190
548,1233
847,233
260,53
1077,50
246,1760
803,79
1951,1678
621,39
1464,24
435,86
1932,105
520,1668
391,1667
1097,32
1939,41
357,63
250,91
507,1678
968,108
544,54
1690,23
755,100
1375,1679
367,106
1848,109
1151,1656
1868,80
1156,84
363,89
319,68
1193,233
1395,37
1469,108
1349,1660
1921,107
174,66
710,16
727,56
218,24
1174,633
1269,1807
329,59
1927,85
1753,82
1757,1642
1260,70
1259,1667
582,94
829,633
315,105
1053,1679
1832,1092
1294,1675
1444,28
1869,87
1944,82
1910,1233
900,196
591,85
1057,1233
260,59
141,638
1856,99
1051,1641
682,28
1825,66
386,1639
52,1666
492,83
903,95
407,26
1438,638
1041,1658
943,68
189,109
1814,31
215,71
1318,16
697,1680
1507,89
1362,54
811,1630
316,80
1972,53
1365,91
1684,1663
1720,70
1834,50
1466,104
1375,86
1159,63
759,1665
117,108
1224,58
583,131
602,1678
1586,1676
939,41
1934,24
852,96
1495,84
1065,17
1964,61
221,79
1607,73
500,58
1336,1670
490,112
678,1663
1420,132
1313,70
745,1668
591,91
462,101
543,196
1775,99
1410,1
1447,132
1141,233
1949,66
78,53
1771,110
631,33
800,93
1849,86
1228,53
786,96
472,62
989,1639
1727,93
1697,26
1201,29
1406,86
1113,1639
1426,16
1061,633
1248,80
880,26
1854,80
1197,105
1387,1671
1480,35
340,108
1542,1639
1692,138
539,70
1456,60
1458,1660
1203,1667
549,33
1230,66
537,1667
330,233
697,1660
46,37
1407,196
343,1675
1635,33
821,23
1428,33
2,87
493,70
776,1672
1132,93
1831,1673
952,73
737,35
1749,154
666,97
653,1657
1762,23
1285,154
887,56
1167,154
696,61
1232,31
473,196
1892,1797
723,1658
314,54
1417,99
993,1233
614,85
1057,196
1734,96
1953,17
1831,16
145,90
789,71
165,23
1569,97
794,1657
1353,1632
1683,233
1616,68
347,83
1800,1663
1272,100
491,1693
758,41
1493,42
728,108
1351,60
1079,91
363,51
3,98
1953,1654
773,1680
546,62
430,103
640,39
272,1
1874,16
1270,39
938,1632
925,90
1974,95
714,1673
197,73
220,1092
1554,1679
1897,66
377,1785
773,23
1661,26
684,1654
424,1658
558,61
248,94
1206,633
1028,1673
1862,20
981,69
514,1666
804,1656
1913,28
1896,36
863,33
243,82
1898,1630
614,71
44,97
451,97
367,61
495,104
1147,107
155,31
1335,82
929,1698
843,138
1008,75
116,1656
1273,1797
563,59
1045,233
1327,69
458,1642
1638,107
1432,17
275,26
1735,89
1611,87
653,103
1100,638
1499,75
1872,633
861,196
1158,90
1985,190
848,71
1937,51
636,62
1135,84
1465,56
1522,59
1322,1785
352,43
666,69
1442,1676
1404,59
731,1641
1563,54
4,105
206,37
227,96
562,1797
1935,1632
1262,56
284,233
324,80
609,1672
917,37
1439,96
390,111
981,56
1591,1639
586,1672
1376,64
1047,1233
1626,86
1307,1676
573,1642
1935,106
262,53
1615,104
1619,109
718,1678
590,105
1787,73
1495,1092
1538,29
1170,99
1888,90
1264,138
1231,638
1735,190
1193,19
1618,94
1341,1797
1450,1666
1414,83
613,106
1953,633
1740,1659
562,66
191,196
1169,42
1981,75
436,29
493,28
868,56
483,26
287,60
1026,1680
824,190
551,53
1802,75
722,1807
1960,105
395,87
1869,17
1443,1641
1270,1672
435,1760
1899,108
1627,99
1596,68
1300,1657
324,70
1966,50
21,98
975,1663
1346,97
537,83
44,69
1593,32
1721,91
1801,19
1416,79
890,20
1133,56
127,239
1947,1670
219,70
1102,1659
1287,51
850,1670
1841,1785
1773,104
999,1233
121,66
893,154
529,1679
1578,1666
1506,93
1469,71
791,63
1349,1671
232,106
396,37
1193,29
1891,114
1358,239
1985,233
1346,1679
1509,65
939,111
1203,84
1974,53
1722,82
1299,1641
1708,97
882,111
1809,84
1458,58
1009,112
45,108
906,1630
1205,26
1812,54
884,29
206,1
997,1632
378,16
910,41
1893,1672
991,70
391,1676
1575,70
1208,16
550,67
661,68
954,62
1710,65
735,77
1308,59
81,58
691,43
1251,35
1548,59
1202,1807
847,1630
1452,1676
1367,1673
1937,1666
677,1785
305,1667
549,26
1874,73
1595,1693
1496,41
826,1632
1729,77
1068,39
1302,1679
1554,112
1314,99
1478,24
895,1666
1833,63
857,1672
804,63
1853,36
429,1666
1330,99
251,50
1816,16
1155,84
362,83
1047,66
244,1671
1380,119
1256,61
1774,1673
1706,1641
1139,638
1032,1656
210,1092
800,50
1944,1785
1263,1675
1123,1670
1238,1675
1932,106
597,77
1828,43
767,1693
1118,1679
348,1675
1216,633
688,28
248,633
1910,1642
850,1642
1256,1785
157,104
181,98
127,16
167,19
1806,90
719,1672
1756,59
1863,1675
1141,1785
147,31
369,83
1381,42
594,1676
1310,110
1480,1665
1937,106
525,100
446,41
1135,31
1118,61
1303,85
1914,68
1661,99
170,23
1904,114
1333,56
1193,1639
952,29
1360,106
1893,80
1108,98
1384,96
1424,97
1316,87
1923,73
1520,1632
1363,20
618,37
1002,132
125,83
1194,112
1569,68
1127,100
1787,1639
1490,1693
1828,89
1818,83
1008,50
1308,31
1750,103
521,638
1605,26
1310,190
963,17
1223,29
983,50
540,1675
1824,84
1078,37
1461,1663
878,79
1857,28
440,33
298,67
596,110
1370,239
1120,1632
379,20
990,1678
607,1668
1175,60
1930,77
185,1663
130,190
1234,1666
210,112
962,109
483,82
1064,103
385,20
1328,1670
888,19
1015,16
1205,64
1367,1233
391,90
584,1760
1501,95
1963,28
1792,132
689,119
1827,1671
1460,50
671,35
1831,29
1196,1666
1453,109
593,1671
1717,86
1609,239
1110,54
485,109
1579,93
1093,1659
81,16
428,1641
1410,1671
627,61
1251,77
406,80
1810,58
537,1666
623,1797
1219,1092
739,1678
1495,101
342,59
770,190
989,42
167,132
1054,60
1529,77
811,96
383,1642
1067,1639
939,196
298,196
1529,62
210,98
1313,87
1684,66
345,103
716,50
1876,28
421,154
920,1665
15,1658
1127,59
296,1632
786,83
1322,33
1729,1639
1353,1639
528,1676
299,1642
286,64
694,77
1870,638
933,17
1929,104
0,1677
762,37
745,43
413,67
549,65
1153,1760
235,111
255,96
1212,633
328,1807
521,1760
1612,96
895,80
309,131
1274,43
925,89
1094,1676
1664,1667
1246,77
895,33
1729,53
787,1660
385,1658
137,99
797,31
325,1656
1155,31
972,1233
1175,64
418,1676
187,95
1512,112
1015,71
597,1678
1407,43
1333,110
1815,16
882,1698
1805,90
1933,101
920,1679
1276,104
1570,75
1456,1693
923,1642
1423,29
823,91
1473,1666
44,98
228,1641
1463,107
1521,32
1286,638
648,62
634,1639
1355,89
1858,16
1431,638
1144,62
1055,50
1958,31
508,1673
919,65
522,87
1025,20
363,1677
1888,60
513,1666
329,97
1231,1666
593,106
1418,109
1850,104
732,1807
586,91
1216,1092
552,1233
1485,51
1625,86
1381,98
443,86
1540,233
1616,1663
382,73
236,1785
1661,43
1879,84
1681,53
853,1092
338,19
1865,1668
7,1642
1410,69
1731,69
334,31
759,80
1296,100
267,98
1617,94
1124,58
1039,51
1117,69
291,1785
1927,1632
644,41
526,1785
1372,53
912,1659
1946,196
792,33
1849,1673
926,108
1153,56
1161,1679
185,56
956,105
187,1670
980,103
9,1630
1006,73
680,1797
1697,1666
1475,66
1240,83
1422,1663
46,80
908,91
1685,59
1246,41
1111,111
1809,89
652,80
815,1668
173,51
1597,26
516,1693
1508,105
615,91
432,66
1266,1233
1394,112
1359,104
645,64
314,106
371,119
1292,23
1977,87
323,1666
1468,1630
608,90
632,80
78,114
497,1675
1452,1657
253,1676
1562,196
1813,1680
550,86
933,86
1599,89
1488,1657
1362,94
858,1668
1177,98
477,1680
1382,101
390,233
1723,1679
1340,1641
1589,196
752,109
1430,1630
1411,1656
1309,1671
522,75
1169,138
603,108
1374,93
475,1639
1068,50
1722,83
1185,1630
414,1670
1340,68
571,1659
744,85
1076,1760
1281,1672
675,1673
270,111
1047,79
1910,93
591,1679
1350,132
1462,1656
531,70
328,33
1487,53
928,106
964,1666
1068,1654
1549,107
799,1672
1039,23
1204,86
1903,1656
964,101
1499,1676
1503,58
1865,63
691,42
984,32
1170,53
1863,1654
492,1807
1419,104
1827,119
1227,61
1281,79
1371,1639
370,104
1455,37
1682,43
194,154
1189,73
1796,39
626,1807
1546,1680
1877,60
496,1666
925,1
1152,75
1136,64
486,87
513,1641
446,60
1015,1667
878,35
1541,1670
824,91
183,66
223,59
1613,94
1481,101
1688,75
489,83
1793,1658
800,51
414,61
1104,1
1375,1656
1928,1693
1569,1693
1093,33
816,83
118,33
1939,43
1534,77
1137,79
1707,71
145,19
1710,80
1841,1675
1055,101
118,80
815,106
1083,100
1069,73
1437,1807
1952,29
1969,1233
1720,41
1334,87
620,1
1119,105
1502,99
289,23
1800,65
1808,1698
335,70
707,41
1574,23
1652,69
1324,1660
1006,119
1964,73
1162,95
1385,1658
1819,77
933,1678
575,119
1094,59
1903,37
982,95
838,1797
622,54
293,1092
1249,1654
1384,97
817,62
971,91
1198,84
1221,1673
1222,1092
969,1760
492,77
1433,69
1363,132
614,62
1717,67
1100,75
269,19
587,24
607,85
932,1665
1490,1
316,82
134,41
1116,75
1740,59
1978,1654
491,28
879,31
1006,1677
1750,100
794,1797
1776,1657
725,1233
430,73
344,1632
1869,1642
1833,1670
467,87
1713,1668
1035,68
739,1667
1078,58
1061,82
1297,43
1910,233
1414,24
1381,91
576,100
703,35
1290,26
780,86
1725,28
1981,114
719,99
1219,1
248,68
736,233
1385,1670
831,1632
1627,61
194,1639
1154,105
311,1654
292,1668
936,1760
971,73
935,1670
742,98
981,16
1742,1673
125,100
353,633
708,37
1493,1665
1778,101
802,190
1819,1671
679,638
1915,68
1901,105
745,56
1777,91
1633,97
289,66
1523,73
1965,98
1891,1667
792,103
1756,105
232,20
1338,62
582,41
231,85
1870,16
771,138
1232,1672
1286,65
186,1666
565,16
1853,89
915,65
163,1678
1715,104
525,1666
1024,239
871,154
1597,84
948,63
1191,77
642,20
1430,101
1566,43
1417,16
1057,105
813,29
749,53
72,239
1546,63
863,61
1107,73
371,61
853,119
1208,90
1335,41
1305,110
644,54
1050,1233
1107,54
937,196
1972,100
483,1678
472,1641
1207,19
216,19
1962,94
383,62
1038,60
971,1667
57,89
349,107
1280,73
1125,233
243,1673
443,91
1714,1676
764,1675
1900,59
982,26
305,94
858,28
1890,97
642,119
770,32
204,190
1950,101
1590,28
779,1676
581,98
358,37
1519,1658
1558,638
432,1675
55,95
496,196
1879,54
924,54
1242,41
1450,90
1178,71
243,84
1531,29
544,1
746,69
1229,1666
1026,51
307,93
1874,1659
648,63
1258,56
923,103
779,97
1076,39
877,638
1834,119
430,1641
320,79
963,109
157,190
621,633
1099,95
1020,138
1545,73
1783,41
680,1673
1469,33
336,79
1460,1672
1307,59
1662,99
1735,91
1039,638
1572,1233
653,101
1263,28
184,98
1361,108
1034,90
244,196
665,1667
780,104
412,50
1044,23
323,1657
1926,93
164,1797
1741,82
696,108
327,54
953,1667
436,1233
300,84
1459,1673
1884,638
799,50
1121,16
365,1658
771,1675
1549,70
648,94
833,70
407,239
945,1676
1720,1676
1596,39
985,131
1488,1676
240,70
934,196
1513,239
1222,1665
1422,89
1426,100
930,1
1254,54
149,1233
800,1667
1545,1671
1851,64
380,63
1726,58
660,89
292,19
771,54
522,70
1432,97
1068,61
457,37
1820,90
1010,53
389,94
579,24
524,1679
446,1
230,1092
1189,37
319,1675
1564,87
184,112
1729,16
254,1672
194,89
1374,1630
640,1673
1802,73
534,85
1108,58
1880,19
351,29
1938,1657
1064,32
378,1641
221,1675
1124,90
449,190
507,1654
1124,41
350,110
1452,1658
775,59
1885,32
540,89
876,33
1779,1660
609,1658
1184,108
121,64
469,1680
582,1659
416,638
1784,43
255,53
660,1233
664,106
1695,65
1368,104
1331,28
1682,54
1248,1678
396,39
215,1675
623,96
1213,64
1129,43
1112,109
619,111
747,50
1597,1092
1061,28
932,64
1330,111
979,39
962,53
1320,41
1970,95
1921,1675
465,1668
1577,71
1960,89
857,138
824,61
1051,1678
1413,43
38,75
1306,119
494,633
675,28
917,71
900,1
1825,20
540,56
614,19
11,132
1939,28
145,32
1882,1666
1899,1760
1440,101
1115,1675
1372,26
1834,93
13,233
1801,108
1858,71
1605,36
423,96
1905,32
587,1641
258,99
646,56
1830,1676
211,65
929,84
838,110
1889,1666
1611,99
1779,111
1117,1666
750,111
237,104
1034,96
1240,1675
1880,64
207,1678
1108,239
1279,70
1009,96
1511,51
1404,111
1227,1656
1762,239
1470,70
223,75
206,17
578,70
304,41
1391,1630
1786,1660
510,1676
551,1678
1548,84
276,54
704,1807
449,1680
1337,1671
566,83
363,90
1510,1654
1805,638
1513,70
319,65
