413,28
159,1670
366,36
1696,19
579,1673
677,1658
676,131
1546,1667
194,28
1397,104
1732,77
1533,1656
1498,71
676,97
1048,138
591,86
1822,90
385,24
893,1760
1534,1654
1244,1672
381,86
704,1663
928,119
1517,75
736,58
240,63
705,91
1238,111
1110,58
526,91
1254,111
386,1668
1567,1642
1258,98
931,1676
1466,119
929,1658
1895,1092
601,1632
1028,31
400,109
1230,119
739,1666
1790,111
1368,82
1810,89
1280,110
1690,1693
951,1667
918,82
1421,73
325,1666
1320,100
1891,239
550,1671
1525,53
1165,68
264,64
337,638
1900,103
1758,93
616,107
1209,26
783,107
340,1671
1050,132
1323,110
442,109
1131,51
728,638
675,89
1724,68
766,26
1909,64
912,1797
736,89
257,80
1714,110
1898,1657
1400,1668
1721,32
431,50
604,64
307,64
475,28
407,37
483,1667
1925,1233
1121,1632
195,26
1119,63
788,109
553,26
1894,73
176,1673
524,1639
1352,96
1561,108
1509,54
742,1797
1297,36
1636,1693
359,99
231,84
1724,1663
1162,112
1075,1671
1041,31
1611,61
305,35
1006,131
636,132
1769,1672
1893,114
203,67
423,638
1392,633
488,1659
786,62
860,89
421,105
1825,99
1916,36
189,29
924,80
1393,97
974,64
1110,70
122,1671
765,69
1154,154
1083,32
1821,1660
1008,80
1986,73
1429,1760
296,108
1012,1698
1720,101
1920,1639
400,58
1523,86
1324,93
1217,61
1328,24
1277,91
1655,28
771,106
1691,1657
1749,87
1072,29
426,111
872,51
797,108
503,79
1961,63
433,23
767,20
1964,28
365,106
130,17
497,50
1590,98
409,94
1283,84
1212,86
1875,1678
865,101
960,1675
1202,28
541,24
210,82
726,28
1262,66
1563,61
351,73
978,79
462,68
1569,1658
427,1641
598,90
304,98
530,154
1285,26
1932,93
1436,154
354,110
304,1677
340,1657
1340,638
1808,98
407,73
1222,638
1757,1
1620,1807
441,41
963,108
1777,70
212,86
417,16
491,233
1771,1632
634,1233
834,1657
1424,633
363,1679
265,196
1293,1630
238,43
1820,69
1240,71
889,31
433,1
1742,56
824,196
204,94
133,86
102,239
1886,109
1535,1
285,1233
676,42
1930,17
392,63
545,239
246,1678
1022,1233
1780,1639
394,1659
1906,1660
716,80
1070,233
794,1670
1823,1663
369,1233
1511,105
482,1670
1002,75
288,239
967,97
1104,41
1909,54
1472,1233
1255,100
1791,54
374,103
1708,1680
547,61
608,61
629,1807
1962,51
1742,1639
681,42
442,638
519,80
1184,95
349,1656
245,107
413,37
1851,67
368,1670
1709,33
650,16
1459,68
504,154
1025,100
1652,29
72,638
272,96
1985,28
1749,107
1419,1656
1240,85
1958,233
898,95
806,1660
599,1641
1718,51
392,94
376,67
1115,106
938,73
847,17
1220,1675
1883,97
709,16
92,54
385,82
1113,1666
1299,65
400,1675
900,28
777,1659
297,97
49,1642
1100,51
1801,16
954,43
1011,54
760,1676
276,19
1329,109
687,1807
1811,75
872,1658
1462,131
965,1641
785,101
1408,1632
1473,16
585,1630
930,131
1857,138
1854,1092
532,1679
806,1676
1491,1630
1884,31
1561,36
1374,67
1485,68
349,64
1696,1233
46,96
1482,32
1303,50
993,85
500,67
416,82
1005,112
1084,67
733,107
1488,86
1320,42
1681,23
1866,29
156,108
262,1679
1279,32
324,32
1171,1663
1546,101
1637,36
521,98
1148,87
1383,70
1494,79
378,31
361,61
253,119
1035,1657
1204,80
1096,1657
374,67
1060,138
893,71
1534,65
475,82
1080,1785
1479,1233
1615,73
1962,23
1341,1092
1783,109
1799,1672
34,111
559,109
1777,28
1851,111
1817,51
1416,1642
1110,1668
1127,1630
828,66
278,103
1793,42
507,67
643,111
1274,97
1037,131
1495,61
1136,66
1631,111
801,17
1930,84
1897,31
1151,138
1193,1658
1354,104
1154,1670
1798,103
92,107
1488,68
1070,1656
1096,1673
998,67
1311,1654
1504,196
1984,94
1983,62
1731,17
480,1666
793,41
1531,87
618,62
910,62
621,35
175,1667
839,108
274,1678
1036,50
651,20
246,104
175,36
1137,77
1004,60
855,1656
769,65
1272,62
293,233
387,108
1538,95
691,58
1922,190
1542,1663
1783,99
1952,31
960,41
1773,73
724,1678
185,1680
1107,1673
1751,1654
1900,1656
1744,1760
878,64
143,39
892,100
841,84
364,1639
476,41
275,196
1236,43
311,104
905,93
135,190
652,100
248,56
449,73
742,1656
585,95
1145,119
1970,64
887,80
1867,638
1424,100
213,1
435,59
1231,97
478,1233
1221,91
11,82
1831,104
1393,68
712,1807
1966,95
1180,190
390,42
88,68
1544,1673
1066,53
590,53
1267,1654
1415,60
1254,108
812,23
1241,41
427,51
1187,37
1868,66
1707,196
977,97
1332,1693
121,109
306,233
784,1679
1692,39
1195,1657
699,1666
704,60
1790,108
744,131
1388,110
1519,1666
1925,1675
1297,41
144,99
1850,1693
589,37
1267,1797
872,103
1283,1233
1316,1630
770,90
481,1667
4,1670
1954,82
1701,17
1594,61
1903,53
1479,1785
455,37
666,138
1150,1656
803,111
971,75
975,1667
408,37
1815,239
1716,1092
1528,85
1593,93
654,31
286,85
458,1680
1369,110
1205,1642
765,35
159,638
1888,1672
326,79
1123,59
1006,1693
185,23
1952,59
977,83
1385,110
650,75
634,84
529,32
1887,37
1317,71
130,109
191,190
46,41
929,1
342,62
1799,110
419,89
776,1676
170,103
1461,35
380,1672
912,86
1172,42
1708,36
686,104
46,1693
1042,1642
1239,1092
947,1660
324,233
1694,98
575,1680
521,41
574,87
1180,1672
1454,109
374,233
928,37
824,1698
1046,75
729,1698
1840,1656
867,56
1574,1639
543,71
1500,106
968,43
452,196
1580,1658
678,64
1802,1676
544,100
357,65
1852,1676
1725,1658
1616,56
140,1667
822,53
920,61
795,85
890,93
501,60
1116,41
765,53
748,19
1338,95
1768,1672
1007,104
347,196
1649,17
248,1663
1042,65
1723,96
1355,138
1023,104
1927,26
201,1807
314,1654
197,53
1431,70
1142,97
385,1663
201,131
1467,1676
1802,83
719,65
1401,26
1015,64
49,87
1481,1670
1801,1639
1160,633
682,95
1168,36
1748,103
496,85
155,98
907,89
1208,106
1562,239
658,119
1207,99
244,1807
296,91
405,1639
1251,106
1800,1760
1089,91
1513,29
1496,67
162,1657
1264,239
1615,132
160,1641
936,26
1931,77
1418,104
143,31
1766,131
439,110
1226,54
52,91
1944,31
1344,1665
1245,1680
25,1233
388,37
1859,29
703,1657
1491,23
351,190
507,1658
182,86
1178,87
1436,233
742,62
945,1666
466,1639
1376,68
846,104
313,1642
88,60
430,1657
805,103
383,79
1321,1660
631,1667
963,93
546,239
1351,28
324,1663
987,67
1089,85
1435,65
1163,68
208,106
1879,1680
1331,16
121,37
1139,69
1442,132
1708,111
1106,1667
1451,1092
703,101
281,70
1920,103
815,1665
1518,90
126,16
473,20
782,1632
1380,95
1202,1
1876,65
1252,17
1053,64
391,1797
428,17
528,239
782,110
1450,60
537,87
1697,85
478,33
1771,42
1130,190
618,106
47,84
789,105
1761,97
1207,71
1268,87
1126,29
559,94
1973,1698
1239,1698
1341,24
1196,107
6,1659
409,233
1277,112
136,1785
179,1641
1652,108
1852,638
738,190
1398,90
810,1657
918,1678
1734,638
1169,24
503,32
1280,37
862,1657
1547,89
1712,24
720,82
1661,91
613,1667
703,107
187,29
1608,89
52,63
1943,29
1007,1663
1310,1660
1553,67
449,29
217,105
1637,35
1951,1671
742,75
411,89
1849,51
967,68
1600,17
775,43
1415,1654
461,73
1096,1658
1166,1672
1305,36
384,20
1340,1675
1553,1632
957,95
1365,66
139,1654
249,154
515,1671
1288,59
510,633
1163,19
1077,1657
980,23
529,73
1874,69
1378,190
1196,89
185,89
1912,112
1553,1666
1438,42
763,638
859,233
1324,1673
1086,1656
1475,1807
225,99
1347,108
1052,1092
1425,1660
173,131
1259,1672
1303,67
438,233
954,638
1735,1680
1950,16
301,95
1142,1698
1145,100
1970,79
1074,24
260,50
777,104
564,96
1282,77
1266,70
290,131
1856,106
823,111
864,100
1306,71
1470,68
1383,119
1332,109
1596,100
841,1678
175,1666
701,138
354,23
1903,1675
1366,132
428,132
564,1642
513,42
1878,35
637,83
488,54
1706,112
1884,77
909,95
1541,66
474,24
1766,105
1035,75
1682,24
120,1680
467,59
641,1668
124,104
1048,1092
1354,1807
1875,1657
1010,73
1475,17
1930,71
686,77
834,42
618,1807
1498,69
602,62
1816,98
1563,69
476,1677
1984,62
702,77
499,104
1719,1630
1349,132
306,1698
1687,60
1390,62
1397,1660
1927,1671
1124,110
813,71
135,95
1592,1676
1443,80
1835,108
471,71
309,1678
495,77
1130,132
248,1670
1261,68
1794,85
1814,16
1801,61
1267,1657
209,109
341,1678
1726,97
987,26
667,50
1827,20
1872,1659
1692,32
842,1760
495,1680
525,1
582,50
417,1654
184,1233
552,97
1857,16
861,233
1385,1641
1497,1659
895,1698
693,70
787,1
419,59
1303,103
1042,1657
1282,190
1745,62
642,1
327,89
257,37
166,89
1164,190
47,1092
1191,41
456,131
460,1659
149,96
1224,1760
836,1092
769,51
933,154
382,1680
553,1668
293,59
350,36
387,58
1778,96
1582,62
607,68
1008,36
534,1654
209,95
1387,1658
744,1672
855,1676
563,83
1003,104
1502,66
1927,39
936,63
1984,1639
1806,58
228,35
1591,90
1331,86
747,111
362,131
533,1678
170,100
1594,93
1755,1657
1725,43
527,1660
553,1233
1423,154
123,61
1098,41
951,31
1488,31
1949,190
1536,77
1845,1673
1795,82
654,1760
1214,132
867,1233
574,39
1697,190
1219,1668
1026,60
875,638
72,97
408,1679
816,96
1737,1668
1211,105
202,233
990,70
1829,1675
1351,59
1027,1665
185,32
1381,154
830,1680
1921,43
1682,1675
317,1807
1265,1807
486,1678
1691,1659
242,98
1402,96
1253,1676
1438,98
1495,119
446,104
1867,54
747,1665
1710,1632
545,98
1478,100
911,23
1786,61
555,73
260,1233
1881,1785
319,1654
588,23
1805,86
1734,196
334,17
1627,26
1613,99
1005,1678
1534,1666
1484,89
736,103
1913,39
1896,41
772,109
722,70
1771,65
1527,85
711,104
307,94
364,85
607,43
497,1660
173,1679
122,99
566,110
1483,96
0,75
458,97
1552,89
800,1672
192,29
762,51
657,69
752,69
522,83
653,17
513,1670
1796,89
123,1630
470,29
1251,1680
656,138
1635,64
898,75
1268,1665
365,90
1608,62
1529,109
1811,1667
375,1
1879,80
777,65
264,108
120,60
1041,138
816,1667
1062,1760
1745,20
864,1233
257,19
1859,28
703,1656
992,112
888,65
88,1673
1617,82
1835,39
1093,71
1040,93
523,1693
1043,56
414,106
1838,99
1895,86
775,87
266,37
809,99
192,107
1223,80
660,100
1985,97
1381,190
1662,1
869,106
1224,119
120,1639
467,16
953,71
867,1673
1274,75
942,35
1277,1092
1578,131
179,1675
750,86
1051,1
629,53
575,41
1112,17
1722,60
1689,1671
286,1660
1893,53
1145,79
847,19
1018,1785
251,154
803,89
931,108
270,16
1913,82
1853,1666
675,19
253,99
1214,82
537,86
1070,104
614,100
1424,1680
1043,70
643,1630
1274,638
1758,1680
856,97
1207,70
1177,23
6,29
634,26
191,19
1352,43
1031,37
1877,69
1824,63
459,1679
374,1642
1156,1632
1800,56
1290,112
868,68
918,1679
1830,1760
1540,58
992,1092
1177,1698
1732,84
612,65
891,154
1614,80
565,85
1873,42
163,23
1714,196
1074,103
156,110
859,1797
1181,28
1977,101
1393,94
381,32
1088,1676
660,1671
1275,94
780,1642
217,1654
893,69
1299,190
236,98
164,1641
444,119
1222,1760
637,64
785,85
326,119
1123,19
1007,50
593,154
1345,61
1365,50
1844,17
1738,1666
1924,105
892,1630
161,86
255,36
208,87
1863,100
1978,100
658,1641
507,69
361,1663
712,1233
275,75
1290,98
212,1676
1847,1680
801,23
1685,91
1300,63
1897,29
1387,85
1019,95
1047,89
936,1657
311,1785
938,43
1345,633
264,54
321,59
581,39
139,28
324,16
1232,59
1736,1671
611,1658
1295,26
782,75
910,60
882,1657
1123,1677
772,37
611,23
1569,77
1415,1639
1885,1
1794,64
1080,110
250,101
1189,1760
1194,26
1566,1630
607,99
1288,91
957,80
1350,1673
1049,56
1490,154
278,132
741,20
1773,71
762,107
1611,1678
1062,108
1267,1672
1144,233
1381,196
697,1642
1013,90
1385,1
542,110
1020,60
1796,17
1391,31
1965,1670
1239,91
416,1
1547,68
113,73
1472,84
1442,1630
1904,119
585,93
1779,239
1010,1660
1087,20
938,29
1420,99
452,83
1344,1657
257,91
776,95
1825,68
600,1667
135,94
432,239
490,1665
414,19
1391,1641
1717,79
1774,16
1261,67
1373,1673
1466,131
929,1678
463,233
1979,67
620,1672
1965,108
1164,1659
1532,1641
731,16
218,69
1050,638
1716,1797
1512,1233
959,32
1749,33
1152,43
1280,16
693,69
1465,20
1336,1676
1711,101
1954,80
1763,1654
141,1667
1634,82
345,24
591,33
1232,39
1047,1092
1842,54
1527,112
632,29
1279,1641
1648,233
635,56
1956,50
145,98
1892,26
1640,51
1214,106
668,90
1134,1641
485,104
913,101
34,16
737,633
863,233
1854,1678
332,1639
3,1665
1436,87
1720,90
319,17
785,35
1726,16
1449,196
1106,31
1164,1641
463,108
1516,20
855,16
837,1675
1213,20
1585,75
1068,103
1378,85
1770,89
140,16
894,633
1550,60
740,71
1132,91
1829,75
1283,107
402,16
187,68
1147,638
558,53
1954,98
1714,1641
412,89
948,59
199,131
456,35
1252,73
314,65
921,95
1664,51
924,60
449,196
1960,20
1686,1668
1284,1656
704,1630
252,638
1029,16
382,1667
1493,67
7,132
1422,65
1479,112
1264,1785
1965,63
899,132
970,1660
701,16
1287,1667
765,51
198,106
383,58
1770,56
279,239
1884,32
180,1092
127,33
1526,87
170,196
1682,111
45,1668
985,1639
878,108
1808,1807
1967,114
831,1698
298,32
133,97
744,112
764,1671
123,93
161,1666
15,77
659,233
719,67
1661,20
424,1632
919,1693
180,1639
659,1666
1282,131
1117,1656
844,106
759,89
536,1680
1855,37
1966,24
175,105
286,36
344,43
231,1693
1020,1676
812,84
1788,1233
30,41
587,54
1177,58
1160,94
866,99
1446,196
1123,89
627,28
494,37
1921,36
1276,1667
1149,1675
1886,1642
1729,105
825,1
771,93
1381,28
577,1632
379,84
754,56
1809,98
173,60
1724,1677
398,73
1089,638
1088,61
398,1693
524,97
1865,1679
49,71
1815,61
345,70
509,85
1873,94
1826,1760
635,101
1889,190
1322,1797
864,59
721,1660
439,1233
1915,1656
1101,1659
1157,79
76,638
718,53
1133,64
1183,1665
1636,41
862,110
1661,1642
1555,69
466,1671
963,95
212,103
396,94
1520,26
1442,19
1978,65
857,1797
271,53
157,1666
1628,1
1540,53
1176,106
311,51
1516,1632
392,65
398,91
1451,97
645,58
1202,63
1648,83
373,1639
763,73
541,1797
1560,63
345,80
456,77
1086,1807
847,131
300,70
981,99
1420,1797
1906,16
1849,39
668,19
891,1760
1572,1671
1885,60
1890,1660
711,79
752,132
861,638
1197,26
1282,1666
947,77
605,633
1743,51
1416,1680
1951,70
464,101
691,80
1466,1760
380,73
752,98
1598,23
571,1680
1411,1663
851,1642
1442,37
1759,32
359,87
1089,1666
475,1658
1361,51
807,85
1841,233
1179,84
690,59
1000,85
486,94
434,1639
784,60
216,1678
551,80
1782,1670
955,1673
701,1807
1651,95
824,82
1006,190
382,110
166,1
1987,33
1699,1665
1879,119
224,24
1077,41
1369,1632
1774,1665
1262,111
160,106
712,1671
435,32
1983,53
442,50
888,94
796,63
1383,67
800,58
72,43
88,107
145,36
933,67
205,66
167,1679
313,1668
981,1659
1043,196
1190,53
1653,131
1140,106
1551,100
1716,37
81,77
1902,1698
1938,43
563,107
1425,132
396,66
358,1673
1163,98
849,64
1078,83
1978,101
272,79
218,17
1213,110
1290,99
810,1641
831,65
122,1807
265,96
1152,64
622,190
402,59
1897,28
993,100
1954,77
1776,53
779,1659
1221,1632
1155,90
659,33
241,1678
1505,1
955,32
1822,108
48,196
1481,104
694,1233
1207,1672
1104,119
328,84
897,1797
1909,1668
824,1642
1559,82
1265,132
736,32
644,105
1966,80
1140,1654
970,638
776,33
1825,58
1039,96
390,63
1295,138
301,1658
1022,1654
1100,82
1561,1760
677,239
1272,65
456,1233
597,56
1058,1680
212,26
1301,32
1379,106
617,29
1224,51
1955,63
1138,1641
1528,1673
1591,112
197,108
1763,65
312,100
704,80
298,91
979,86
744,39
1780,1668
1393,1678
1004,1641
5,80
46,1668
1050,190
1801,1630
479,1666
1057,64
1866,60
282,1676
492,59
860,1693
1771,105
8,42
482,97
1167,60
378,62
1299,108
1562,132
414,16
471,65
1036,35
668,69
1532,1668
266,107
195,131
1710,103
590,56
718,109
6,89
1497,84
1361,1233
116,1676
1200,1797
1317,82
623,33
1591,70
271,109
757,54
170,112
500,1
1293,58
1618,1671
124,239
901,119
1574,1678
120,20
1900,1807
713,1
1343,111
522,1657
1775,104
823,77
1983,95
4,29
1882,110
1460,56
411,53
1874,1680
1697,19
759,154
597,107
444,1671
584,16
323,68
1228,131
1848,16
889,1657
1726,17
606,138
242,31
634,83
1885,1658
1203,1672
1507,1654
953,31
971,1672
1926,1660
771,96
1916,1660
938,1657
542,75
1739,119
1139,1785
1264,85
666,104
422,84
1471,91
355,51
1646,1667
457,1639
456,36
1323,80
1148,43
156,87
1231,70
1399,154
478,94
1828,20
998,239
145,83
1661,638
1788,106
1609,131
694,71
1085,1678
1164,1673
1473,62
800,1660
1966,1668
366,103
282,62
1025,28
1239,1658
1602,132
1307,32
167,35
1628,62
410,154
925,83
582,28
1850,96
1175,233
476,111
1749,196
133,96
1172,59
1691,119
1074,79
850,239
173,90
505,1760
1481,1675
1224,1679
267,106
1050,23
1865,138
1875,97
954,19
1400,63
1201,50
1019,1665
1633,23
323,32
1083,50
1503,111
1592,66
1613,638
1190,111
202,104
211,154
1425,62
1099,35
359,50
252,104
302,71
1102,108
953,59
1218,633
757,107
994,1807
1131,1670
1245,1660
1601,86
1981,50
2,50
1222,62
1851,1668
1893,1
459,108
1074,65
479,97
1957,1630
405,24
1776,107
887,100
1577,110
605,73
1839,1630
953,1670
203,99
1306,28
866,1677
1349,90
1704,103
1832,60
507,1663
568,43
472,64
1959,107
609,1665
1359,17
1143,196
1983,97
205,1698
482,41
1593,31
945,1671
434,132
1228,70
1711,1665
1467,112
1727,108
1589,75
134,91
544,131
1868,54
663,138
1308,93
424,1
1073,106
263,1656
1538,20
1099,64
713,1693
1281,101
1445,84
899,112
1385,1797
1526,1
901,1698
422,1679
999,131
1511,1667
1516,111
1618,89
1803,41
1988,1233
1626,1660
868,80
1973,1663
264,1672
1065,82
1906,1672
1981,68
1005,233
57,233
241,68
1971,82
1886,67
657,1760
257,1092
385,37
1715,89
422,98
1542,112
146,96
1913,80
385,86
45,132
625,56
182,39
1770,1632
1538,196
250,79
1906,96
570,1760
266,1785
1187,31
1116,111
1609,58
1572,138
1905,41
1706,42
1924,101
1035,32
1163,119
278,105
370,112
554,1698
1803,39
426,1797
1931,106
1860,28
212,1656
1186,63
790,103
439,79
1302,1639
948,77
473,107
650,1671
1860,1092
1185,110
1098,111
1316,58
341,36
489,107
1688,67
1964,638
1748,37
1326,119
1953,97
411,90
857,62
267,132
1798,1639
492,103
124,1658
269,233
626,638
1304,1642
1375,1665
883,85
1609,91
6,114
307,1639
789,1667
809,93
370,19
502,1670
292,60
238,106
477,104
295,33
1456,233
781,1668
1438,41
1000,53
1096,64
1379,1641
1581,71
1568,68
331,1657
1864,69
1162,1667
1041,68
1793,95
409,105
1158,43
1914,61
1034,109
832,1677
1192,71
1889,1639
548,35
92,103
1891,1233
645,29
1933,86
834,70
1427,39
947,1671
1022,73
1487,1
1876,96
1121,65
1484,99
1416,131
297,65
791,1663
597,86
617,1672
1794,94
732,1673
122,54
694,110
1499,1680
1030,1698
1552,20
684,80
1753,1807
1757,69
1975,50
1923,1679
553,33
366,190
573,62
1936,1630
1343,1680
245,93
1575,1639
1281,83
1045,42
1502,101
1346,1659
1861,1698
355,1666
464,1797
1578,196
646,190
1594,68
780,94
1540,24
1500,1639
1229,31
1105,17
989,112
1160,1658
739,1657
249,1663
942,190
210,1807
1350,75
1563,70
294,119
1805,61
598,33
804,1630
1435,1656
561,43
1460,43
1543,1668
1559,99
1742,1665
967,37
816,1233
1794,80
1778,109
122,56
1483,75
641,108
359,1679
845,196
829,53
1476,58
856,77
447,56
1409,103
1408,1630
862,39
189,1659
135,1679
855,28
604,1642
674,95
1338,54
530,1797
1820,104
757,132
1277,35
542,94
1280,99
675,1659
1232,1680
594,1657
831,100
1240,17
484,1679
1888,1233
1101,70
1448,62
1584,96
1325,638
575,99
1471,84
337,1679
254,96
92,75
591,35
1570,62
351,80
635,77
193,82
1464,77
1125,1654
21,50
480,1698
478,109
425,103
1531,119
1043,19
857,100
1835,95
418,94
915,1668
1727,69
1788,85
757,1641
1490,1670
943,82
1295,233
800,196
986,1677
1605,100
1294,51
585,1673
1891,1673
792,109
1898,1
1415,1233
1181,1667
1348,98
369,1658
1506,28
1968,95
675,1641
680,39
825,84
493,62
1010,104
794,51
848,1671
814,54
728,1673
1614,31
787,16
1879,73
997,633
449,41
503,154
1540,131
1518,35
624,633
1356,138
159,20
588,28
274,84
799,68
250,1667
695,23
1289,80
296,1639
1605,1632
1889,1
72,100
1710,17
611,35
1440,51
580,196
1422,71
1018,35
306,1233
88,36
883,1785
1342,190
866,111
904,1670
886,106
1849,1654
856,41
1852,1663
1143,1642
400,63
0,239
1324,90
835,63
339,66
1392,58
1520,79
1507,1639
1766,58
169,1671
1221,1797
892,43
1981,63
76,24
170,85
885,196
1025,1641
965,60
1839,54
726,17
213,66
531,37
1117,1654
1560,1785
1525,1641
955,107
263,104
1853,1659
749,33
1046,89
458,138
648,86
1399,107
1457,62
1577,1641
464,1665
1600,1670
411,16
52,1660
752,154
256,73
354,1678
577,65
1147,99
1558,87
1761,89
1781,1658
1190,29
1723,1656
718,1668
55,1654
1486,50
5,633
448,138
1682,1641
141,105
768,67
801,1632
127,64
1327,77
1822,1679
48,1663
1919,1673
954,1663
1709,1233
1010,61
576,37
1790,190
1133,1641
525,84
999,29
144,1677
1283,56
932,42
969,90
207,1698
243,1693
1809,96
652,89
871,39
1651,69
128,1663
1917,154
1755,35
146,111
1505,90
1838,132
1694,66
884,1
1363,100
1199,1632
445,33
1349,89
428,31
799,56
1506,1678
310,31
799,1693
307,1693
1579,31
414,105
1524,64
937,42
367,75
1473,104
10,90
1444,1665
1902,1668
1301,1693
430,24
1306,1797
1469,77
1787,62
646,86
205,190
185,65
232,100
710,51
162,1671
1304,50
1290,77
1960,1639
291,80
1106,1663
918,31
1155,96
1465,82
1730,1630
203,131
591,106
1108,64
630,1668
1903,105
217,99
509,101
1876,77
1306,111
1606,1092
760,29
1114,90
1188,79
1021,138
472,79
495,39
1825,28
1311,131
1393,50
1021,1233
1707,80
1747,73
1567,1678
1183,69
1278,93
1462,132
896,101
330,119
1419,1679
1878,138
1551,16
498,43
856,19
1066,138
1368,110
714,32
989,1092
1068,41
1931,109
1184,1660
905,1679
1268,638
515,190
898,42
882,103
1910,37
1897,16
314,1675
636,90
871,75
1151,131
930,1659
1305,1693
725,1666
1741,112
487,1657
200,19
1487,50
850,85
445,69
193,20
300,54
1353,58
512,1632
736,20
1524,53
496,99
1903,1665
48,54
1868,196
286,112
1870,1760
1325,85
367,111
1980,1675
512,1678
1340,1654
886,1678
8,1673
1750,83
1328,86
487,61
1122,196
751,58
899,111
795,1658
1200,16
387,1785
542,99
1020,41
1961,233
1139,37
437,1673
1692,79
572,84
497,108
831,67
801,20
969,96
1929,1678
510,64
829,638
1441,100
1545,638
92,96
1674,90
1215,62
1859,90
1587,65
391,110
891,26
1688,82
983,1642
1745,103
452,104
1765,108
1714,68
1346,42
1649,1667
1849,65
985,66
1946,19
1322,67
1753,1693
1889,91
434,91
697,1677
746,1658
923,37
1312,68
1191,1672
413,101
1541,61
734,97
202,94
670,23
1612,70
1281,82
341,1641
1874,51
643,51
1196,75
1934,23
377,1641
1185,1666
1595,119
1374,32
1176,39
1799,1
331,1654
1492,43
1554,90
1041,53
1439,1654
447,1676
1061,58
184,32
1530,1657
612,96
136,131
1792,96
905,64
1904,106
479,1676
441,1678
339,1667
1664,42
1556,104
1775,100
1968,1676
292,1693
1749,633
1524,154
1198,95
1825,89
478,96
1391,1642
658,26
534,1673
273,56
973,1641
354,37
708,62
1426,23
911,1659
516,19
661,96
1069,35
1416,1
1143,1665
1912,33
1378,239
842,1693
899,58
920,85
845,84
498,65
1342,1673
1606,1630
479,1233
1863,69
870,1656
507,98
1138,638
825,73
1857,20
1897,109
1843,41
1239,106
911,63
773,58
1184,1797
102,90
1593,1667
768,1666
1563,87
457,1659
1484,1678
1048,1657
1002,111
1831,132
324,119
129,103
751,1668
186,112
133,1665
337,132
1956,61
746,104
604,94
1121,108
607,51
537,19
284,1666
1904,1659
1925,97
1272,1675
933,23
516,1
1085,1658
745,33
484,83
1063,1659
1783,66
1269,638
302,41
930,196
837,1672
1044,1678
805,190
1983,1675
589,65
859,86
767,108
697,32
827,1233
1637,1760
439,1
993,39
5,33
1278,1656
1478,110
693,84
569,94
1712,36
625,1642
1950,98
1074,91
1145,1785
616,95
321,101
544,1670
645,98
1511,67
598,66
527,66
1289,87
1417,106
884,93
1653,39
242,1667
1022,1666
340,20
326,35
1548,100
1164,1675
593,1658
546,196
30,77
1706,66
363,42
127,93
202,100
3,109
634,99
1813,233
252,84
1428,73
660,51
1765,1654
1127,1693
1988,1
889,23
137,26
875,36
1118,96
932,37
271,67
369,97
1904,53
1283,90
1316,1663
1752,73
224,97
1074,77
405,20
264,98
1186,233
1098,71
324,196
819,1668
175,1632
1198,26
1570,67
1255,31
1704,1233
817,77
1544,1658
970,1675
648,87
189,41
1903,1630
1515,1641
172,39
464,1666
547,53
715,97
826,100
661,37
346,1642
354,1679
957,36
1307,1673
671,1632
1183,96
1812,1678
577,64
1616,43
141,23
916,85
479,1797
1605,71
1456,66
6,53
762,63
815,43
1834,1
1395,119
536,32
1360,1656
1766,90
1864,1092
1645,65
1442,28
909,99
415,1092
1210,32
603,24
1926,1630
430,233
1300,17
986,51
1893,190
55,132
1253,95
1290,43
975,87
409,50
392,86
376,1233
823,131
1175,110
254,60
1013,1675
558,84
1688,105
753,70
435,1693
888,69
941,69
857,32
1174,29
129,93
478,56
1791,60
126,1632
15,633
1408,1785
1143,119
1957,1807
468,101
1120,94
875,1657
1049,86
1357,1675
1850,1660
329,138
532,1671
185,64
1181,1656
1595,1672
218,56
271,54
1581,97
516,1639
703,19
1595,1785
1628,28
1499,80
754,41
1897,37
1880,107
1689,1675
622,16
1081,1668
1026,1641
538,99
1512,84
1702,1667
1151,109
1394,104
1232,83
1637,60
881,59
206,60
1242,20
1460,67
874,106
746,17
1519,638
806,85
408,98
1101,1642
475,90
954,53
1952,154
597,33
484,132
1558,112
1079,23
628,1639
1275,1630
441,79
1256,1670
245,71
356,94
1937,1679
983,19
1940,1676
1307,111
1824,51
1327,96
1518,1807
714,33
1321,95
1618,73
325,64
133,35
959,107
270,196
804,50
180,66
754,91
698,1667
932,79
484,1654
930,1656
1598,633
927,1760
473,105
1270,1632
345,54
1839,1679
955,23
1096,1665
1316,36
307,1092
1373,53
1525,1630
881,53
1946,1797
1197,1233
460,1630
1012,83
995,61
1870,1654
1299,85
1521,101
1393,82
364,20
1289,111
1936,104
1424,1666
658,70
397,50
343,96
1548,93
1595,154
893,50
1032,86
938,633
1987,638
1844,29
1241,64
1120,233
1614,1667
1050,1676
557,1654
1571,98
998,1672
210,1785
1628,1693
1463,1654
412,1641
842,108
1927,89
589,59
976,64
1574,108
12,60
565,50
1371,73
1481,1639
755,1672
1304,190
1303,94
1930,94
865,54
422,61
1681,106
1186,190
1763,1630
910,1676
147,1676
609,73
166,54
1508,53
277,17
1751,91
373,1656
1684,16
139,16
1901,1632
1022,79
1815,80
456,108
704,1656
175,1673
237,638
492,87
297,71
472,1671
1703,58
215,75
551,1671
1986,106
1358,54
817,1642
1423,638
235,29
1986,1632
1748,1671
1585,35
1948,65
403,35
1932,638
1810,94
690,75
1374,33
932,28
40,1656
1506,233
332,90
448,1639
1355,1658
1229,29
511,1698
237,83
1234,1673
1213,1092
1880,85
388,107
686,86
615,20
676,104
609,91
385,17
1822,93
701,1665
1094,66
1063,107
1633,1760
1087,97
759,16
1292,33
1849,82
394,80
1208,70
125,106
614,54
651,56
248,1675
933,100
1710,106
425,1679
1695,1668
266,1677
1150,87
447,58
748,37
178,71
1052,109
1456,56
1168,1676
710,233
1709,99
1692,61
146,1656
1766,28
426,114
1974,73
908,132
1887,66
1317,32
993,20
975,108
1421,66
1631,73
269,1657
237,69
476,53
794,94
1593,1666
284,26
1151,84
1266,20
473,87
1302,190
1769,1671
457,1658
459,36
689,29
1262,24
250,1663
1585,1667
1378,1667
830,132
528,1656
283,67
165,107
1429,1654
276,98
1110,1233
1874,1679
725,35
465,95
1348,1658
451,28
1008,89
1801,82
1412,53
718,66
1199,1807
647,66
560,108
1848,19
1462,77
1854,41
570,61
1160,53
880,99
792,111
1588,93
1471,1659
406,105
1587,1666
336,91
232,28
1595,37
1507,1659
1696,54
389,112
1388,90
1867,63
1442,104
503,1666
1712,86
683,20
170,97
727,1659
1058,56
942,105
1419,1797
1091,32
522,1671
1694,1673
244,31
619,1673
1222,96
338,36
7,1657
1067,59
1202,1672
924,56
7,1678
496,93
594,132
478,93
1164,56
1013,638
1794,131
1964,1641
789,77
1804,104
1935,24
1812,1785
911,1630
909,1658
1160,84
800,1663
544,233
945,1658
959,1630
285,111
1226,1673
1713,51
1089,67
577,1785
1163,94
423,33
650,103
1822,1667
707,106
852,31
430,109
1178,1675
1054,132
1132,54
801,98
587,1671
968,1667
694,1657
821,111
1103,1657
369,96
1971,1233
500,96
1293,91
466,80
1937,63
1210,1675
1944,23
311,1676
352,23
1330,32
1634,114
1005,36
514,53
1067,41
1735,638
462,79
1295,41
362,1693
1856,87
146,138
1347,1698
631,31
1353,1679
317,83
1873,1630
1887,1658
1322,24
933,1807
917,138
444,90
1887,1675
1106,108
1055,37
926,107
1099,87
141,103
1841,112
422,1680
1810,23
157,39
1136,1668
325,107
271,35
1031,77
775,633
1169,54
949,1680
710,86
507,31
1635,71
697,67
219,1667
979,19
1776,31
516,1680
1437,56
645,1760
657,1668
234,73
753,69
5,1680
1353,28
1831,89
1906,26
1104,32
1252,1676
1182,633
775,61
1845,77
543,33
601,42
1810,1642
1708,1679
1575,84
529,1641
581,1657
947,67
1779,1654
1193,1233
510,1785
203,633
1180,19
1452,1698
1705,1672
1545,99
1368,98
155,1797
393,50
1520,109
326,1092
1585,101
1307,1
242,131
577,1654
996,104
1937,138
1847,1675
1132,26
342,110
899,1663
1799,190
1620,1641
902,1654
793,1698
652,73
908,35
1407,97
802,1680
861,93
1786,90
1694,35
1772,89
615,82
102,99
1333,73
864,94
149,50
1063,33
273,96
384,109
1303,1671
1861,63
688,106
229,70
819,26
268,1670
671,638
305,1679
1908,109
1028,61
1790,73
781,1679
1556,1665
339,110
603,103
821,36
825,33
1505,1671
149,1639
150,42
46,107
711,1679
1175,28
1361,64
327,1670
1620,1663
187,19
723,69
1441,104
144,1658
345,53
509,132
1026,1656
254,89
630,638
931,1
1232,66
625,1666
38,67
1148,110
800,62
418,39
1857,1656
293,31
304,1630
1204,95
944,99
854,1676
544,51
1504,43
933,79
1268,60
1586,233
520,60
684,93
259,16
269,119
1878,154
902,63
1609,41
1496,132
1459,56
781,28
948,1673
966,24
1452,233
1625,233
1553,1668
525,23
941,1666
1231,1663
562,28
1448,69
184,20
769,1698
1930,95
1740,1760
962,31
982,90
416,103
219,1642
1933,83
1560,31
395,109
1815,83
348,1663
760,59
631,86
1531,108
762,1673
307,108
1029,53
1103,82
1107,23
867,100
1483,94
269,24
1305,56
1861,19
1055,108
47,1675
333,59
862,56
702,1665
1108,1676
741,31
1223,33
1689,83
453,109
1023,79
329,87
1196,69
560,1659
1346,1654
300,1642
1371,41
801,75
1061,87
882,54
1803,68
1361,19
1749,26
1010,67
1934,132
871,24
247,104
1155,63
878,58
1037,63
905,70
581,131
640,1659
1688,51
197,138
1292,83
887,41
1591,1667
581,20
799,109
529,633
983,1658
914,31
1235,107
1932,131
1916,24
1859,1807
407,190
1349,31
853,90
1922,105
1517,67
968,54
253,20
715,73
1747,132
1855,111
1875,1233
974,108
408,77
1534,100
1761,32
1272,83
1148,1668
1774,132
657,97
488,42
1284,26
313,65
294,1676
842,62
1874,35
1123,131
420,104
667,1807
353,91
1277,32
136,1673
1078,51
1392,96
1614,1807
510,19
184,65
575,31
1061,42
1374,1679
569,82
1414,1660
1525,61
1752,111
723,111
375,1678
1954,109
1684,70
1903,50
456,58
146,20
1946,1785
955,64
1292,65
1755,1807
1873,1760
554,56
1966,1
628,39
975,1672
497,1785
296,1660
644,73
788,1785
1161,97
404,24
1969,1632
528,1672
903,70
984,100
1815,1673
274,1660
607,66
1411,1693
1975,19
1123,32
202,112
845,68
1841,75
1756,98
252,64
953,35
386,26
648,1785
1308,1797
1695,1
926,1658
1526,94
982,1658
1858,1675
1290,53
1201,1656
1705,56
305,91
347,1760
679,35
1174,1657
761,1630
1880,50
1074,89
186,1658
1441,16
1684,84
177,97
1971,1654
774,1676
1600,32
567,37
1249,54
574,41
796,99
1221,56
1332,93
145,87
1429,1671
1218,68
1110,94
523,16
526,63
1483,104
1379,43
1049,1676
1915,109
424,41
1055,54
1972,28
249,84
447,89
285,110
1301,82
1783,82
1122,1639
1713,50
1823,61
191,68
925,190
359,56
1023,17
1031,94
642,1654
459,1656
815,1797
15,1807
1172,80
679,64
1051,59
1914,1
631,1233
1146,119
311,42
669,42
1139,1656
802,1677
1870,154
1819,62
1412,1656
1846,131
1498,53
1741,87
1448,1656
1869,98
1360,62
1583,62
149,29
1913,41
970,1673
225,1666
1539,77
1316,1092
354,1677
1083,54
639,1642
128,54
1712,1670
458,107
1143,16
205,56
906,109
1975,119
1458,1668
1321,1668
387,1680
1074,1672
1056,131
386,79
1442,26
1432,28
535,43
1877,28
577,1659
1987,1630
889,39
1132,37
379,107
92,1676
811,70
1111,83
372,58
1776,16
871,32
686,28
1806,1676
1765,67
164,1693
1306,24
1326,95
1953,89
800,19
1704,107
1451,1632
665,1
258,633
404,83
461,94
478,62
796,71
601,41
608,53
1627,1656
577,80
280,80
1132,1656
1868,50
396,196
271,1668
705,1632
316,19
1843,638
192,97
390,132
1888,85
1135,1666
1813,1654
1725,638
744,1639
1941,70
1432,106
864,1666
1179,93
1968,108
1240,93
1906,1668
790,105
555,26
901,58
993,83
907,1807
1084,69
569,138
471,1680
367,633
617,1654
1205,29
1063,83
894,28
1913,84
769,1639
1124,67
1087,89
978,43
1605,1698
1451,1630
1008,132
22,1680
1721,96
1376,105
861,633
397,62
1627,1654
1225,1632
712,97
508,28
1446,138
1008,98
916,107
809,87
920,110
25,1760
1401,1659
869,53
1166,53
1354,1667
1751,1642
278,109
986,98
568,633
1371,1680
1949,1785
562,107
564,1233
1209,138
433,37
1142,86
5,103
1116,1667
1039,1660
986,132
1465,97
1943,26
183,70
1249,1632
230,39
884,96
1198,70
1221,111
1494,71
671,66
782,67
189,93
1650,56
1062,138
437,233
660,1660
276,41
1972,37
449,1693
815,110
1562,79
1463,196
880,75
240,1680
1911,80
860,1233
1287,26
1717,1659
513,66
902,60
553,59
666,1632
168,1675
1223,50
710,131
322,1654
272,53
1800,93
1783,26
795,1663
460,28
650,60
1740,239
1300,86
717,196
716,1671
1382,1632
1458,80
180,82
550,1680
426,1666
1949,1660
609,79
1751,85
666,190
1741,31
1022,77
145,239
1613,1785
851,1233
1460,33
502,111
303,106
1086,1233
1764,87
594,63
867,103
739,80
1750,1642
1865,70
557,73
266,98
601,23
472,1673
767,1670
1412,83
386,1675
250,1092
1979,75
1301,43
226,1659
117,110
1940,1698
1378,75
663,41
1988,58
1300,100
470,95
1753,94
616,1675
1685,119
251,108
325,1671
1708,56
990,1675
1914,75
476,33
1648,19
652,28
1812,110
1923,37
1546,190
720,1680
220,62
227,84
1818,132
971,85
1771,108
422,1807
483,1807
543,107
800,91
219,239
648,31
1403,39
189,97
1514,110
266,20
1265,58
416,1641
360,1659
932,1675
1272,84
1345,98
1456,1233
677,109
610,64
313,64
1056,106
1331,32
1532,1639
1635,1092
677,1666
1119,65
1213,28
3,131
208,41
426,112
410,131
231,89
1947,107
1071,19
298,54
1058,36
1263,109
1246,239
1691,110
551,97
1786,32
1987,97
1790,1666
1532,66
1370,101
1935,1693
1903,61
234,97
1009,59
1488,24
227,66
1185,24
796,1675
1518,132
1178,105
537,103
1470,107
666,1797
367,1672
1428,1807
1046,32
1419,1092
505,70
1521,1630
344,196
821,638
1376,17
1049,1665
351,1657
1551,36
540,154
803,1656
1729,1676
494,19
1626,1760
463,106
834,1642
1114,1698
529,24
751,105
398,1641
403,65
477,90
885,77
631,633
1591,83
1866,638
587,1675
918,101
305,90
1172,50
1833,114
1229,63
733,58
1245,1668
459,71
779,1672
820,84
749,154
345,108
1487,70
277,69
1384,71
499,77
817,80
923,1641
431,90
749,43
1473,1677
189,20
283,83
671,26
1029,26
608,42
897,73
1292,1642
122,1676
913,73
1565,233
437,33
1272,112
593,1663
687,107
1958,24
1815,1807
1695,97
1823,60
773,638
1551,91
282,59
191,71
1891,84
1069,1658
1414,99
1968,65
1035,154
576,43
690,31
1702,108
1499,73
674,1092
365,97
1621,20
1125,31
204,33
1436,1630
918,119
534,71
1377,1660
1442,1678
264,101
1775,26
1798,39
881,28
365,131
716,91
1460,106
1353,16
799,54
1798,1666
860,32
625,23
312,1654
496,77
945,1672
654,80
857,68
711,97
608,56
812,82
280,67
1589,68
1311,56
1650,1670
1811,54
1650,114
566,97
306,85
1376,61
912,1656
681,39
937,77
1951,104
580,69
1338,105
1713,35
1595,67
401,1673
885,33
801,114
490,1807
1117,1698
1159,1663
552,50
1547,53
270,239
298,28
669,59
137,154
173,54
656,16
1833,110
305,70
1816,50
1728,1656
1826,1675
171,1667
295,1785
1826,87
891,100
321,70
1782,138
146,107
1913,73
1224,1698
1332,131
1062,1642
396,633
1714,61
1040,84
1745,1659
250,70
1228,67
1652,1659
474,1678
1416,77
424,119
1290,1642
518,1675
1808,73
1254,93
1550,1630
1196,1092
0,80
1773,106
192,98
997,93
319,33
1170,87
1827,68
1324,58
1860,132
1830,66
1759,56
512,42
1564,58
1692,103
312,64
518,16
976,103
497,68
868,93
1061,16
1118,67
782,1785
378,1693
1141,1672
1839,97
171,1632
302,1632
1739,1672
1242,96
321,80
1577,67
803,94
927,1676
681,638
1549,29
169,132
1933,190
1791,94
1738,86
1973,103
1260,1660
622,1675
455,1760
400,1668
1826,1663
1931,1673
614,31
999,633
1043,79
839,16
454,54
956,1670
1972,80
1386,95
1904,1670
892,638
694,54
1004,96
1408,1657
693,1659
631,1641
560,54
1884,97
1494,1671
285,67
1800,80
25,1680
998,1693
174,51
895,111
680,84
1735,1797
773,1659
1187,1639
1406,633
693,24
858,89
1741,1654
1712,16
292,233
1954,53
549,633
1084,84
553,638
1447,16
699,1092
1047,64
1599,1785
223,62
1933,95
1094,101
324,41
257,112
300,50
750,1760
1336,98
1214,71
954,83
1549,96
660,1678
632,105
1936,107
852,1654
47,98
1001,84
1138,1679
1066,70
383,154
1746,1658
1090,64
1080,1666
1301,24
1783,100
1911,83
1379,98
809,64
1454,1680
1754,154
1315,1632
1042,110
1116,233
1247,1679
1288,1630
787,633
1585,54
1178,1630
1110,1693
721,119
666,1680
818,97
232,68
1300,87
1100,1679
130,63
1736,53
669,96
1875,1760
365,41
1722,1679
1514,1630
361,1666
642,53
166,53
1934,1670
1074,16
499,98
701,1676
1205,112
564,104
317,1667
1634,56
700,1670
1984,87
129,31
658,36
1786,1666
1090,35
1528,66
705,71
1717,70
246,97
266,99
1761,20
1318,19
516,41
1502,1632
611,109
266,1670
785,56
642,633
1564,1760
1864,154
1113,28
121,106
1924,70
610,62
1877,98
316,1641
1790,107
1867,20
905,1630
298,69
761,43
1058,19
1421,77
1041,41
1152,84
1374,1667
565,1
1411,75
1340,99
1364,105
1037,61
1259,1807
1498,77
797,1092
1563,93
163,56
1790,1760
1933,67
1647,53
542,1666
178,1639
862,1233
1637,79
1146,1680
116,239
408,32
1884,1670
1168,82
912,1680
786,99
967,32
1872,80
1389,1698
789,54
1422,108
1532,1666
731,1233
1737,1680
286,80
711,31
215,90
1254,101
266,1672
1278,111
899,62
313,71
1056,107
909,73
340,1092
956,36
579,77
672,1657
265,53
1763,1665
1967,103
332,75
794,42
557,638
831,99
1594,83
1263,108
287,107
153,83
645,1671
1407,59
820,71
696,77
385,96
404,196
509,41
1914,1632
310,58
971,66
1620,31
1342,87
167,1657
850,39
189,1
1773,1693
286,51
268,1642
1009,1678
208,1233
1843,1663
27,91
215,104
1189,1677
570,73
1640,73
1069,17
1805,1693
1901,94
1298,75
859,61
855,1668
1324,97
1072,138
573,93
1164,1632
167,90
990,239
1924,58
146,1641
130,98
1696,73
1988,31
574,1657
974,1673
1165,1654
825,95
1515,90
161,1673
565,101
1048,65
15,68
1731,196
424,1657
1883,1
1869,110
1769,1654
1731,85
1647,73
1225,82
1758,196
250,1676
1634,1092
1179,1693
806,51
536,1673
810,1092
1895,1665
1647,190
1539,65
1778,59
307,1668
148,70
885,1675
940,42
819,53
1335,83
838,1673
883,16
1014,80
1166,77
1793,1233
306,51
930,99
1156,35
970,26
1028,86
1338,100
630,96
1715,1630
481,63
1508,1760
3,1797
218,32
1857,91
1916,1672
1571,63
1368,56
599,58
1388,75
969,83
552,69
1103,1658
881,1679
466,79
1024,89
784,104
1851,1676
18,154
1056,1642
820,91
1869,96
819,1672
510,239
153,1668
361,93
1734,79
614,112
283,32
672,65
402,1666
769,23
648,42
584,50
712,71
434,31
1925,65
1286,1233
491,82
533,103
245,111
228,233
1515,1675
652,1659
360,33
656,638
1190,97
1028,68
1472,1642
1530,68
1459,64
1388,42
1978,70
845,1675
1985,24
811,43
1274,65
832,84
318,73
653,154
927,1659
1085,119
661,1663
369,23
1162,26
575,35
868,63
1701,93
194,90
1542,233
911,109
1724,1668
1587,26
612,36
1512,106
1739,1693
545,1807
1718,1092
1410,89
1637,54
734,1657
381,1679
1418,1660
334,107
1909,60
1452,1663
1325,1671
1457,35
729,98
1818,108
1194,60
290,68
1874,1632
718,60
1622,1656
316,190
306,68
1069,1233
212,110
620,35
285,112
1689,106
1908,26
606,90
717,77
1898,80
422,1665
1257,104
724,1
959,16
670,93
1516,101
201,68
1621,70
1270,28
163,1639
333,1663
504,19
1371,97
1482,36
52,131
490,42
1391,98
1584,94
806,1642
1361,75
461,1797
1471,26
170,50
1027,16
1890,24
737,84
972,67
645,35
116,23
958,58
193,108
561,1642
1012,73
1716,1673
1114,39
763,63
525,1630
622,1672
897,53
246,26
179,79
1484,196
846,67
1312,61
708,96
566,66
693,1658
1328,93
1056,50
1490,1092
405,1666
1352,83
1374,190
1321,50
613,62
1719,80
1978,90
1887,100
1483,1672
1102,82
1891,97
1505,1668
9,17
1792,1668
1738,1658
750,104
1023,138
490,28
241,104
1162,62
1715,60
1149,190
548,1233
163,31
847,233
260,53
246,1760
803,79
505,1680
1225,106
621,39
1464,24
435,86
1932,105
1750,1630
391,1667
1097,32
1939,41
357,63
544,54
1265,28
968,108
1942,54
1690,23
755,100
1375,1679
709,1679
1848,109
1151,1656
1355,111
1156,84
363,89
319,68
1193,233
1395,37
4,1654
1349,1660
1974,97
174,66
710,16
727,56
218,24
1174,633
1269,1807
576,20
1643,1672
1753,82
1757,1642
1260,70
1259,1667
604,1698
829,633
315,105
1053,1679
1832,1092
1294,1675
783,24
1944,82
1358,638
1910,1233
900,196
591,85
1057,1233
141,638
1778,1663
1302,1
1051,1641
682,28
1825,66
386,1639
52,1666
226,99
903,95
407,26
1438,638
189,109
394,61
531,1642
1814,31
215,71
1318,16
697,1680
1507,89
811,1630
316,80
1972,53
647,90
1575,1676
1684,1663
1720,70
1466,104
1156,90
1375,86
1159,63
759,1665
117,108
1352,79
602,1678
1586,1676
939,41
758,239
1934,24
852,96
1065,17
1391,39
1964,61
439,56
1607,73
500,58
1336,1670
490,112
1752,100
1420,132
1313,70
1024,31
591,91
462,101
1775,99
1316,68
1410,1
1447,132
1141,233
1949,66
78,53
1440,190
800,93
1849,86
1228,53
786,96
379,1760
989,1639
290,29
1727,93
1201,29
448,39
1406,86
1113,1639
1426,16
1061,633
1100,1233
880,26
1197,105
833,1632
1387,1671
1480,35
340,108
566,56
1692,138
539,70
1456,60
1203,1667
1925,1632
549,33
1230,66
537,1667
330,233
1770,95
339,29
1407,196
343,1675
1635,33
821,23
1428,33
2,87
935,51
776,1672
1118,24
1831,1673
952,73
737,35
1749,154
666,97
851,39
1762,23
1384,91
887,56
1167,154
696,61
753,60
473,196
1892,1797
723,1658
1417,99
1606,31
993,1233
614,85
833,100
1734,96
1953,17
1831,16
145,90
789,71
1896,69
1569,97
794,1657
1683,233
357,69
1265,42
347,83
1800,1663
1272,100
491,1693
758,41
1683,86
728,108
1351,60
1079,91
363,51
1456,42
773,1680
635,1679
546,62
430,103
640,39
272,1
1270,39
847,1668
938,1632
925,90
1974,95
1521,1807
197,73
679,79
1554,1679
1897,66
377,1785
773,23
1661,26
1681,68
558,61
248,94
1206,633
1980,80
1566,23
1862,20
981,69
514,1666
804,1656
1896,36
863,33
665,42
243,82
614,71
44,97
283,85
838,1663
367,61
495,104
1147,107
155,31
1335,82
843,138
1644,1632
116,1656
1273,1797
563,59
508,1672
1045,233
923,131
458,1642
1638,107
1432,17
1735,89
1611,87
797,97
1100,638
1499,75
1544,28
1872,633
861,196
1158,90
1985,190
599,1630
636,62
1135,84
1409,1658
1465,56
1322,1785
1764,1680
352,43
666,69
1442,1676
1404,59
1084,19
1563,54
4,105
206,37
1973,1
562,1797
1935,1632
1262,56
284,233
699,100
917,37
1439,96
390,111
981,56
1721,73
1591,1639
586,1672
826,97
739,106
1626,86
1307,1676
573,1642
262,53
531,1698
1615,104
1619,109
878,1673
590,105
1787,73
1495,1092
1538,29
1170,99
1888,90
1079,1233
1231,638
1735,190
1193,19
1485,85
1341,1797
1414,83
823,1668
613,106
1953,633
1740,1659
562,66
46,83
801,112
1981,75
436,29
493,28
868,56
1920,99
287,60
1026,1680
824,190
551,53
1802,75
666,87
1960,105
395,87
1443,1641
1029,1654
1876,69
435,1760
1899,108
1627,99
1596,68
1300,1657
864,51
1966,50
21,98
975,1663
537,83
1593,32
501,196
1205,1668
1721,91
1801,19
1622,1657
890,20
1133,56
127,239
219,70
1102,1659
1287,51
1057,1672
850,1670
1773,104
1348,35
121,66
999,1233
893,154
1578,1666
1655,68
1506,93
1469,71
1203,39
1349,1671
450,33
396,37
1193,29
1891,114
1358,239
349,67
1346,1679
1509,65
1203,84
1974,53
1573,1672
1722,82
1299,1641
1708,97
1809,84
449,104
1009,112
1257,1676
45,108
906,1630
1205,26
884,29
813,1233
206,1
997,1632
378,16
910,41
1531,53
391,1676
1575,70
1208,16
1339,80
661,68
954,62
1929,80
1710,65
1308,59
735,77
691,43
1466,85
1548,59
1202,1807
847,1630
1367,1673
962,1642
677,1785
285,65
1937,1666
305,1667
1874,73
384,1668
1595,1693
1496,41
826,1632
1729,77
1877,61
1822,1660
1554,112
1314,99
1478,24
895,1666
857,1672
804,63
1481,1656
1853,36
429,1666
251,50
1027,1
1155,84
362,83
1047,66
1431,1673
1380,119
1256,61
428,106
1774,1673
1706,1641
1139,638
210,1092
299,1667
1319,1657
1944,1785
1263,1675
1123,1670
1238,1675
1932,106
597,77
357,62
1118,1679
348,1675
1503,41
1216,633
688,28
248,633
850,1642
1756,132
157,104
159,1668
181,98
127,16
167,19
1806,90
719,1672
1793,39
767,64
1141,1785
147,31
369,83
1129,1
594,1676
1310,110
1480,1665
1937,106
525,100
1139,1668
1135,31
1118,61
898,54
1914,68
1661,99
170,23
1904,114
1193,1639
1542,196
952,29
1360,106
1893,80
1644,108
726,83
1424,97
1316,87
1923,73
1520,1632
463,1654
618,37
1002,132
125,83
1194,112
1569,68
903,94
1490,1693
1828,89
246,103
1818,83
1008,50
1308,31
1750,103
1163,59
1605,26
1310,190
963,17
699,1665
1746,1676
540,1675
1824,84
1078,37
1461,1663
878,79
1857,28
1198,1666
298,67
1370,239
429,1
1120,1632
379,20
990,1678
607,1668
1175,60
1930,77
1769,1807
1234,1666
557,1797
210,112
483,82
745,1675
1064,103
385,20
1328,1670
1015,16
1424,95
1367,1233
391,90
983,1654
584,1760
1963,28
874,1665
1792,132
689,119
1827,1671
1460,50
671,35
1507,1797
346,1678
1453,109
593,1671
1717,86
1609,239
1110,54
1579,93
0,107
1093,1659
81,16
1410,1671
1156,73
1251,77
406,80
1810,58
598,1678
537,1666
623,1797
150,85
739,1678
1495,101
143,62
770,190
989,42
167,132
1054,60
350,1660
811,96
555,103
1067,1639
939,196
298,196
1529,62
210,98
1532,93
1684,66
345,103
716,50
1876,28
1452,638
15,1658
1282,39
1127,59
296,1632
786,83
1801,196
1729,1639
1353,1639
708,42
299,1642
286,64
694,77
1870,638
933,17
1929,104
1384,1663
745,43
413,67
13,51
549,65
1153,1760
235,111
255,96
3,101
351,1675
521,1760
1612,96
895,80
309,131
1075,54
925,89
1094,1676
1246,77
895,33
1729,53
365,108
787,1660
137,99
797,31
376,37
325,1656
1155,31
972,1233
1914,106
1471,67
187,95
1512,112
1015,71
597,1678
1407,43
1815,16
533,1654
1971,1658
1570,75
1933,101
920,1679
1276,104
1456,1693
923,1642
514,1667
1067,79
823,91
1473,1666
44,98
228,1641
1521,32
1286,638
1936,1665
705,51
634,1639
1355,89
1858,16
1431,638
1144,62
1055,50
1062,32
1301,94
919,65
522,87
1025,20
363,1677
1888,60
513,1666
1766,61
1270,54
593,106
1418,109
1850,104
1263,29
586,91
1216,1092
552,1233
1485,51
1625,86
443,86
227,1657
1833,97
1616,1663
382,73
236,1785
1661,43
1879,84
1681,53
319,1656
338,19
1865,1668
7,1642
810,31
1878,1666
334,31
759,80
1296,100
267,98
1617,94
1124,58
1565,1233
145,69
291,1785
1927,1632
644,41
526,1785
1372,53
912,1659
219,75
792,33
501,19
926,108
1153,56
1161,1679
1841,107
956,105
187,1670
980,103
9,1630
1006,73
952,1642
1716,154
1475,66
1240,83
1422,1663
46,80
908,91
1685,59
1396,1630
1809,89
652,80
815,1668
640,1672
1597,26
1944,106
516,1693
1508,105
615,91
432,66
1535,154
1394,112
1359,104
314,106
371,119
1494,63
1738,35
1977,87
323,1666
1468,1630
608,90
632,80
78,114
836,58
654,33
253,1676
1562,196
1813,1680
550,86
933,86
1288,1233
1603,154
1362,94
858,1668
1177,98
477,1680
1279,1675
390,233
1723,1679
1340,1641
1589,196
752,109
717,75
1411,1656
1309,1671
522,75
1189,71
603,108
1374,93
475,1639
689,1659
1722,83
1185,1630
414,1670
571,1659
1990,138
1223,1639
1076,1760
1281,1672
675,1673
1047,79
1910,93
591,1679
1755,54
1462,1656
531,70
988,93
328,33
1487,53
928,106
964,1666
1527,51
280,51
799,1672
1039,23
1204,86
1903,1656
964,101
1499,1676
1768,73
691,42
984,32
819,97
1863,1654
916,119
492,1807
1419,104
1827,119
1227,61
1281,79
238,96
370,104
1455,37
1331,107
194,154
1189,73
1796,39
626,1807
1546,1680
1971,59
669,107
925,1
1152,75
1136,64
486,87
446,60
1015,1667
915,23
549,1680
1541,1670
824,91
183,66
223,59
1613,94
1481,101
902,1671
631,95
1793,1658
800,51
414,61
1104,1
1375,1656
1569,1693
1093,33
354,24
118,33
1939,43
1794,68
1534,77
216,41
1707,71
145,19
1710,80
1841,1675
118,80
1115,1670
1083,100
1069,73
1238,1642
1952,29
1969,1233
1437,1807
318,1665
1334,87
620,1
1119,105
1502,99
1329,1665
791,66
1808,1698
335,70
707,41
1574,23
1652,69
1006,119
1485,106
1964,73
1162,95
1988,71
1819,77
1397,105
575,119
1094,59
1903,37
982,95
838,1797
1336,1641
293,1092
595,16
1384,97
817,62
971,91
1198,84
1221,1673
1222,1092
1946,26
1433,69
1090,62
1363,132
614,62
1717,67
1100,75
269,19
858,1642
607,85
932,1665
1879,1657
316,82
134,41
1116,75
1978,1654
620,1676
491,28
1006,1677
1750,100
1991,138
1884,64
1776,1657
725,1233
430,73
344,1632
1869,1642
1872,1656
467,87
1713,1668
1035,68
1331,71
1078,58
1061,82
1297,43
1910,233
1897,100
1381,91
1199,196
703,35
1290,26
780,86
1725,28
1981,114
1218,1630
248,68
1115,80
736,233
1385,1670
831,1632
1627,61
891,33
1154,105
935,1670
292,1668
936,1760
992,50
1812,1660
742,98
981,16
1742,1673
125,100
353,633
1493,1665
964,79
802,190
1172,1630
1819,1671
679,638
1915,68
1901,105
745,56
566,62
289,66
1523,73
1965,98
74,62
280,1639
1891,1667
1756,105
232,20
1338,62
582,41
231,85
1799,108
1286,65
1232,1672
225,132
186,1666
565,16
1853,89
1029,1693
163,1678
1330,54
525,1666
1024,239
871,154
1597,84
948,63
642,20
952,58
551,1092
1566,43
1417,16
1057,105
813,29
488,1658
72,239
1546,63
863,61
1107,73
1168,67
853,119
1335,41
1082,1663
1305,110
644,54
1050,1233
1107,54
937,196
210,638
483,1678
472,1641
216,19
184,1671
237,1667
383,62
1038,60
971,1667
57,89
663,73
1280,73
1125,233
243,1673
443,91
1714,1676
318,35
1904,62
982,26
305,94
858,28
1890,97
642,119
204,190
388,53
1590,28
45,20
779,1676
581,98
358,37
1519,1658
820,80
432,1675
496,196
1879,54
924,54
1349,109
568,24
1450,90
1178,71
243,84
1531,29
544,1
746,69
1835,69
1339,56
307,93
1874,1659
648,63
1258,56
923,103
779,97
1976,109
1834,119
430,1641
1197,75
320,79
963,109
157,190
621,633
1958,28
1545,73
1395,110
1783,41
680,1673
1469,33
336,79
221,50
1307,59
1662,99
1735,91
1572,1233
503,66
1263,28
1250,35
184,98
1361,108
244,196
665,1667
780,104
1152,1
412,50
1044,23
323,1657
782,239
1741,82
713,36
696,108
327,54
436,1233
649,154
300,84
1459,1673
1884,638
799,50
860,60
365,1658
771,1675
1549,70
995,105
833,70
407,239
945,1676
1720,1676
1021,111
1228,73
1488,1676
240,70
934,196
1513,239
1222,1665
1422,89
511,24
973,93
1254,54
149,1233
800,1667
1545,1671
1851,64
380,63
1284,233
292,19
771,54
370,69
522,70
1432,97
1068,61
457,37
705,1675
593,1807
389,94
579,24
524,1679
230,1092
1338,1659
1189,37
319,1675
1564,87
184,112
1250,53
254,1672
194,89
1374,1630
640,1673
609,20
459,103
1880,19
1108,58
351,29
1938,1657
1064,32
378,1641
1349,65
598,97
449,190
507,1654
1124,41
350,110
1452,1658
775,59
1073,16
279,39
876,33
1779,1660
609,1658
1592,89
121,64
469,1680
582,1659
416,638
1784,43
1285,1698
664,106
660,1233
1368,104
1331,28
1595,1665
653,56
1248,1678
396,39
215,1675
623,96
1877,41
1129,43
1112,109
619,111
747,50
1597,1092
415,106
932,64
1330,111
979,39
1614,77
1306,196
1970,95
1921,1675
465,1668
1577,71
1960,89
857,138
270,31
1051,1678
1413,43
38,75
760,37
675,28
879,1678
917,71
900,1
1825,20
540,56
614,19
1265,103
290,85
145,32
1882,1666
1899,1760
1115,1675
392,1671
1372,26
1834,93
13,233
1801,108
1605,36
1777,29
1905,32
587,1641
177,638
258,99
646,56
1404,1676
211,65
929,84
838,110
1889,1666
1611,99
1742,97
750,111
237,104
627,1654
1034,96
1240,1675
1880,64
1108,239
1165,32
1279,70
1751,66
1511,51
1404,111
1227,1656
1856,104
1470,70
223,75
206,17
304,41
1391,1630
1932,100
1398,1672
510,1676
551,1678
1548,84
276,54
704,1807
320,24
1337,1671
363,90
627,35
1510,1654
1805,638
1513,70
319,65
