413,28
624,69
1696,19
1220,91
579,1673
677,1658
676,131
1546,1667
194,28
388,108
686,79
1533,1656
1498,71
676,97
1048,138
591,86
1822,90
498,1667
1534,1654
1244,1672
381,86
1566,95
704,1663
928,119
1517,75
368,68
705,91
1238,111
1110,58
1781,1673
88,67
1254,111
386,1668
1567,1642
637,103
931,1676
1466,119
929,1658
1895,1092
601,1632
1028,31
660,17
1877,110
739,1666
1790,111
1368,82
1810,89
1280,110
1690,1693
1202,233
1421,73
325,1666
1320,100
664,1630
1783,1797
550,1671
1525,53
1165,68
264,64
1900,103
247,23
616,107
1979,1680
1209,26
340,1671
783,107
1050,132
442,109
1131,51
1795,98
675,89
1724,68
766,26
912,1797
1377,87
736,89
257,80
1182,1666
1606,32
1898,1657
1400,1668
1721,32
431,50
604,64
475,28
165,98
407,37
483,1667
688,58
1121,1632
195,26
1119,63
788,109
5,1797
176,1673
524,1639
1352,96
731,109
1589,1680
1509,54
908,131
742,1797
1636,1693
231,84
1297,36
1724,1663
1162,112
1075,1671
1041,31
725,1630
305,35
525,1665
636,132
1769,1672
1893,114
1802,51
423,638
1392,633
488,1659
860,89
76,1654
421,105
1825,99
1916,36
1238,24
924,80
1393,97
974,64
1110,70
943,101
286,70
1154,154
1083,32
1821,1660
1008,80
1986,73
1429,1760
762,35
1720,101
1920,1639
72,1641
400,58
1523,86
1324,93
1328,24
1551,80
218,90
1655,28
771,106
1691,1657
1072,29
426,111
872,51
174,111
1442,99
503,79
1961,63
433,23
767,20
1964,28
365,106
221,80
1917,28
1590,98
409,94
1283,84
1212,86
1269,99
865,101
960,1675
1202,28
541,24
726,28
1481,1671
1563,61
1893,100
351,73
978,79
462,68
1569,1658
427,1641
928,50
530,154
1302,50
1285,26
1932,93
1436,154
304,1677
283,86
340,1657
1340,638
1808,98
407,73
1020,1760
1620,1807
1345,65
441,41
963,108
1777,70
212,86
491,233
1435,112
357,1658
634,1233
834,1657
1424,633
363,1679
265,196
1293,1630
261,16
207,66
889,31
1240,71
433,1
1742,56
824,196
204,94
624,1671
1445,1667
1886,109
285,1233
1535,1
1930,17
1291,1663
392,63
545,239
246,1678
1780,1639
948,28
394,1659
1906,1660
716,80
1434,77
794,1670
369,1233
1511,105
981,84
482,1670
1002,75
288,239
967,97
883,196
1346,106
1472,1233
1255,100
1791,54
374,103
1708,1680
547,61
1369,36
1962,51
1742,1639
681,42
1180,20
846,154
519,80
1184,95
349,1656
245,107
413,37
1851,67
1362,1632
386,73
650,16
1459,68
504,154
1025,100
1652,29
72,638
808,50
1985,28
1749,107
1240,85
1864,37
627,1693
898,95
806,1660
599,1641
1718,51
392,94
376,67
1105,80
938,73
1220,1675
1016,19
1883,97
709,16
92,54
385,82
1460,69
1299,65
400,1675
900,28
867,67
297,97
1100,51
1801,16
1582,1
954,43
1011,54
276,19
1440,104
1059,68
687,1807
1811,75
872,1658
1462,131
965,1641
785,101
1965,24
1754,131
585,1630
930,131
1857,138
1854,1092
806,1676
1200,109
1491,1630
1884,31
1561,36
1374,67
555,131
1696,1233
212,1660
46,96
1482,32
1303,50
1715,50
500,67
1544,138
1005,112
1084,67
416,82
1320,42
649,36
1681,23
1866,29
156,108
262,1679
1960,90
324,32
1171,1663
1546,101
682,36
521,98
1148,87
1383,70
1494,79
361,61
1521,99
1433,111
1035,1657
1204,80
1096,1657
1060,138
1534,65
893,71
1228,110
1080,1785
1207,90
1479,1233
1615,73
1962,23
34,111
1783,109
1844,23
559,109
1777,28
360,1
1851,111
1817,51
1416,1642
828,66
1127,1630
1526,105
278,103
1793,42
1765,1668
1274,97
1037,131
1475,32
1495,61
1136,66
801,17
1930,84
1722,1670
1458,43
1151,138
1193,1658
1354,104
1154,1670
1798,103
1488,68
1075,1658
1070,1656
998,67
1311,1654
1869,50
1728,36
1984,94
1983,62
1731,17
480,1666
793,41
618,62
782,69
910,62
621,35
839,108
1620,97
368,87
1036,50
651,20
246,104
175,36
1137,77
855,1656
348,1670
1379,24
1272,62
293,233
387,108
1538,95
691,58
1922,190
168,93
1952,31
960,41
1773,73
948,1680
185,1680
1107,1673
703,1092
1751,1654
1900,1656
1744,1760
878,64
683,50
892,100
347,1679
364,1639
476,41
275,196
311,104
905,93
372,106
652,100
1294,1679
135,190
248,56
585,95
1145,119
1864,1657
1970,64
887,80
1867,638
213,1
1426,1678
1231,97
478,1233
1221,91
303,112
1831,104
1393,68
712,1807
1838,42
1966,95
1399,42
390,42
88,68
1544,1673
1066,53
590,53
367,132
1254,108
812,23
1415,60
465,132
1187,37
889,1642
1868,66
1707,196
977,97
1332,1693
121,109
1122,239
1267,64
1692,39
1195,1657
699,1666
1790,108
744,131
1810,86
1388,110
1519,1666
1925,1675
1297,41
697,19
589,37
1267,1797
872,103
1136,110
1316,1630
770,90
754,119
481,1667
1053,1693
1954,82
1701,17
1594,61
1903,53
1360,91
455,37
666,138
1150,1656
803,111
971,75
766,106
1815,239
1716,1092
1528,85
1613,1654
1593,93
654,31
458,1680
1412,1233
1205,1642
765,35
1027,1680
159,638
0,29
326,79
1006,1693
185,23
1123,59
758,66
1385,110
634,84
977,83
529,32
1887,37
1045,66
1985,37
130,109
191,190
46,41
929,1
342,62
419,89
57,190
776,1676
170,103
1461,35
730,95
1172,42
1708,36
116,36
686,104
46,1693
156,37
1239,1092
947,1660
951,28
1694,98
575,1680
521,41
574,87
1454,109
616,233
374,233
928,37
824,1698
1046,75
1285,23
864,29
867,56
1574,1639
543,71
1500,106
968,43
750,633
1580,1658
678,64
1802,1676
357,65
1868,23
1852,1676
1725,1658
1246,1671
1616,56
188,1233
920,61
795,85
890,93
501,60
1116,41
765,53
1709,60
1768,1672
1007,104
347,196
477,35
1649,17
1042,65
896,1665
1723,96
1355,138
1927,26
201,1807
1881,70
197,53
1431,70
1142,97
1492,80
1223,1678
201,131
1467,1676
1802,83
719,65
1401,26
1015,64
394,1654
1481,1670
1801,1639
1160,633
188,1668
1620,42
1748,103
496,85
155,98
907,89
1208,106
1562,239
1014,58
1120,75
244,1807
296,91
405,1639
1251,106
1089,91
1844,1665
1513,29
1496,67
162,1657
1264,239
1746,53
164,33
936,26
1931,77
1418,104
143,31
1522,1680
439,110
1226,54
52,91
1944,31
1245,1680
1220,1670
388,37
1501,1
1859,29
703,1657
1491,23
507,1658
182,86
1359,20
368,62
1436,233
742,62
945,1666
466,1639
1376,68
846,104
1426,98
1063,1665
430,1657
805,103
383,79
631,1667
302,1807
963,93
546,239
1351,28
324,1663
1888,1698
1089,85
1163,68
208,106
1530,65
1879,1680
1331,16
121,37
404,1672
1442,132
1708,111
1106,1667
703,101
1112,16
281,70
815,1665
565,68
1518,90
126,16
473,20
782,1632
1354,196
1033,131
1876,65
1252,17
1053,64
391,1797
428,17
528,239
1396,1092
1450,60
1381,638
1697,85
478,33
1771,42
1130,190
618,106
718,1
923,69
1761,97
1207,71
1268,87
1129,1807
559,94
1973,1698
1239,1698
1341,24
1196,107
6,1659
906,233
1555,190
136,1785
179,1641
1652,108
952,1659
738,190
1398,90
810,1657
918,1678
1734,638
503,32
1907,86
862,1657
1547,89
771,196
1712,24
996,1675
1661,91
613,1667
703,107
187,29
1608,89
1943,29
1484,1656
1587,111
1310,1660
1553,67
449,29
217,105
521,97
1951,1671
742,75
411,89
1849,51
967,68
950,132
775,43
1415,1654
461,73
822,66
1503,39
1305,36
384,20
1340,1675
1553,1632
957,95
1365,66
1188,1659
909,1672
515,1671
1288,59
510,633
1163,19
980,23
529,73
289,26
1874,69
1912,112
1196,89
1469,85
1553,1666
666,1672
1438,42
763,638
859,233
1324,1673
935,20
1475,1807
225,99
1347,108
1052,1092
1421,35
173,131
1004,1657
1303,67
438,233
954,638
1950,16
781,1641
301,95
1142,1698
1145,100
1970,79
244,95
958,41
777,104
564,96
1282,77
1266,70
290,131
1856,106
310,70
1306,71
864,100
480,1667
1383,119
1332,109
841,1678
175,1666
860,16
738,1642
354,23
1903,1675
564,1642
428,132
1282,1785
513,42
1878,35
637,83
1706,112
627,37
1884,77
909,95
474,24
1766,105
208,68
901,1675
1682,24
120,1680
467,59
641,1668
124,104
1048,1092
1432,77
1010,73
1475,17
1930,71
439,86
686,77
1976,1785
618,1807
1498,69
602,62
1816,98
1563,69
1505,29
1984,62
499,104
1719,1630
193,67
874,36
306,1698
1687,60
1390,62
1397,1660
1927,1671
813,71
1973,69
618,33
1592,1676
1443,80
1835,108
471,71
309,1678
495,77
816,68
248,1670
1794,85
1814,16
216,58
1801,61
181,1642
209,109
341,1678
1726,97
987,26
1827,20
1846,1678
1692,32
1196,61
842,1760
495,1680
525,1
417,1654
1959,1658
184,1233
552,97
861,233
1385,1641
1293,60
1557,69
895,1698
693,70
787,1
419,59
1303,103
1042,1657
969,233
303,1663
642,1
327,89
257,37
166,89
1164,190
1810,1672
1191,41
456,131
460,1659
149,96
1391,1660
1731,1641
769,51
933,154
553,1668
382,1680
293,59
350,36
1750,1663
1778,96
1177,95
607,68
534,1654
209,95
1387,1658
744,1672
1384,1668
1777,41
563,83
1003,104
1502,66
1927,39
1984,1639
1377,1679
1806,58
228,35
1331,86
747,111
1799,105
533,1678
170,100
1075,93
1594,93
412,41
1725,43
527,1660
553,1233
1423,154
1098,41
750,138
951,31
1488,31
1949,190
1536,77
1262,33
654,1760
1620,37
1214,132
867,1233
574,39
1219,1668
924,82
1026,60
912,1668
72,97
408,1679
816,96
765,67
1211,105
202,233
990,70
1829,1675
302,196
1027,1665
185,32
1381,154
741,59
1921,43
1682,1675
317,1807
1265,1807
486,1678
258,41
1453,1678
1402,96
1253,1676
1438,98
1495,119
1867,54
747,1665
555,56
1529,99
545,98
1478,100
911,23
1786,61
555,73
260,1233
278,1680
588,23
955,86
1805,86
1734,196
334,17
1627,26
1613,99
1617,96
1484,89
328,106
736,103
1913,39
1896,41
772,109
722,70
284,1659
711,104
567,82
307,94
364,85
1033,64
497,1660
173,1679
122,99
566,110
1483,96
0,75
829,110
800,1672
192,29
763,1660
762,51
1815,638
752,69
522,83
653,17
513,1670
123,1630
470,29
1450,1693
1685,53
656,138
1635,64
898,75
1268,1665
365,90
1608,62
1422,1760
375,1
1715,73
1879,80
777,65
120,60
1041,138
816,1667
696,111
1745,20
864,1233
1141,41
257,19
1859,28
992,112
1953,71
888,65
1617,82
1835,39
1216,1659
1093,71
1040,93
523,1693
1043,56
1871,104
1838,99
1895,86
775,87
1237,99
1918,28
192,107
1223,80
660,100
1985,97
1381,190
1662,1
299,68
1224,119
120,1639
953,71
917,638
1274,75
1475,70
942,35
1277,1092
179,1675
1690,633
750,86
1051,1
629,53
575,41
1112,17
783,60
1464,1678
286,1660
1893,53
1145,79
847,19
1018,1785
803,89
1191,96
270,16
807,1665
1913,82
1853,1666
675,19
571,66
1214,82
537,86
1070,104
614,100
1424,1680
1778,89
129,196
1274,638
1758,1680
856,97
1207,70
1747,53
6,29
634,26
191,19
1352,43
1877,69
613,54
459,1679
374,1642
1830,69
1156,1632
1800,56
1290,112
918,1679
1015,1673
859,1639
1540,58
992,1092
1177,1698
1732,84
575,95
891,154
1614,80
565,85
163,23
1714,196
1739,1665
156,110
859,1797
931,26
1181,28
1134,36
1393,94
381,32
1088,1676
660,1671
1275,94
1939,33
217,1654
893,69
1299,190
236,98
954,59
1683,36
1222,1760
637,64
785,85
326,119
1123,19
1007,50
408,1654
1751,1677
1365,50
1844,17
1738,1666
1924,105
892,1630
161,86
795,1657
1863,100
925,108
1978,100
658,1641
507,69
712,1233
1267,23
275,75
1290,98
212,1676
801,23
1618,1698
1300,63
1907,1233
1897,29
1387,85
1019,95
1047,89
311,1785
517,196
938,43
264,54
1166,1657
321,59
581,39
139,28
324,16
1195,65
1736,1671
611,1658
1295,26
303,108
910,60
954,90
1123,1677
611,23
772,37
976,1672
1415,1639
1885,1
1080,110
250,101
1189,1760
1194,26
361,1092
607,99
1288,91
102,1641
1350,1673
1337,1668
1049,56
1490,154
278,132
741,20
1773,71
641,1642
430,67
1062,108
1144,233
697,1642
1381,196
1013,90
938,1668
1385,1
542,110
1020,60
1796,17
294,1659
1239,91
708,1663
416,1
1547,68
1472,84
1215,1678
1442,1630
1904,119
585,93
1779,239
1010,1660
1215,35
938,29
320,1654
452,83
1344,1657
257,91
776,95
1825,68
1477,239
490,1665
1391,1641
414,19
1082,1639
1717,79
1774,16
1261,67
1225,239
1466,131
929,1678
1878,50
463,233
1979,67
620,1672
1910,1657
1164,1659
731,16
1891,50
1050,638
218,69
1716,1797
1512,1233
1082,53
1749,33
1152,43
1280,16
693,69
569,79
1336,1676
1954,80
1829,42
1763,1654
141,1667
1634,82
1522,110
591,33
1232,39
1047,1092
1527,112
1771,100
632,29
1279,1641
1648,233
209,1632
530,196
145,98
1892,26
1640,51
1403,63
668,90
1134,1641
485,104
913,101
34,16
1379,54
863,233
1854,1678
332,1639
886,26
1436,87
1720,90
319,17
785,35
592,1807
1449,196
1164,1641
463,108
1352,99
855,16
1003,107
837,1675
1213,20
1585,75
1068,103
1378,85
423,132
894,633
1051,86
1550,60
740,71
1132,91
1829,75
402,16
438,196
187,68
1147,638
1714,1641
1260,1693
412,89
948,59
931,69
199,131
456,35
314,65
921,95
1806,1630
1664,51
924,60
449,196
1821,99
1284,1656
704,1630
48,108
252,638
382,1667
1271,93
1493,67
7,132
1422,65
1479,112
1965,63
899,132
1379,36
970,1660
701,16
942,1680
765,51
1783,87
383,58
1770,56
279,239
1884,32
180,1092
1691,1658
1526,87
847,1666
1682,111
45,1668
985,1639
878,108
1808,1807
1789,110
298,32
133,97
764,1671
673,20
624,1676
161,1666
123,93
15,77
659,233
719,67
901,108
424,1632
851,59
180,1639
659,1666
1282,131
1117,1656
844,106
707,1698
536,1680
1855,37
528,1632
175,105
286,36
344,43
1020,1676
812,84
1754,59
525,633
30,41
587,54
1177,58
1160,94
866,99
368,1675
1123,89
627,28
1884,54
1921,36
1276,1667
1149,1675
1886,1642
1729,105
440,97
1381,28
577,1632
1061,100
379,84
1034,70
1809,98
173,60
1724,1677
398,73
1089,638
1088,61
887,101
743,111
1865,1679
49,71
1815,61
345,70
1873,94
1505,68
1826,1760
303,69
1889,190
1322,1797
864,59
721,1660
439,1233
1915,1656
641,37
76,638
718,53
1972,68
1133,64
1183,1665
1636,41
862,110
1184,82
1555,69
466,1671
212,103
1135,1671
1520,26
1301,107
1442,19
1978,65
857,1797
1290,79
157,1666
1628,1
1540,53
1176,106
311,51
602,86
767,154
398,91
1451,97
645,58
1202,63
1648,83
373,1639
1366,1632
541,1797
1560,63
345,80
1145,63
847,131
1536,56
300,70
981,99
1420,1797
1906,16
1849,39
543,43
1572,1671
1885,60
1265,105
711,79
752,132
861,638
1197,26
1375,1680
1282,1666
947,77
605,633
423,110
612,1639
1951,70
464,101
691,80
1466,1760
1598,23
752,98
530,1092
571,1680
1844,1639
851,1642
1442,37
1759,32
359,87
1585,1797
475,1658
1361,51
1179,84
593,73
1841,233
690,59
1000,85
784,60
434,1639
414,1675
216,1678
882,105
1782,1670
701,1807
1098,31
1651,95
824,82
382,110
900,239
1699,1665
166,1
1879,119
224,24
780,1797
1077,41
1369,1632
1262,111
160,106
341,37
435,32
1983,53
149,56
442,50
888,94
796,63
1383,67
240,23
558,1659
88,107
145,36
933,67
205,66
387,99
313,1668
981,1659
1043,196
1190,53
1653,131
813,638
423,28
1716,37
81,77
1902,1698
563,107
1938,43
529,79
396,66
358,1673
1163,98
1556,1675
1078,83
1978,101
272,79
218,17
596,1668
115,1675
810,1641
831,65
122,1807
265,96
858,33
622,190
402,59
1897,28
993,100
9,107
1776,53
779,1659
713,101
1155,90
659,33
241,1678
1505,1
955,32
463,1785
763,85
1481,104
694,1233
1207,1672
1104,119
328,84
1909,1668
867,19
824,1642
622,1693
1265,132
736,32
644,105
1966,80
970,638
1346,95
1825,58
920,1659
1039,96
390,63
301,1658
1022,1654
1192,1641
1100,82
1561,1760
677,239
1272,65
151,24
597,56
212,26
1743,23
1301,32
1379,106
1955,63
1224,51
1978,132
1138,1641
1528,1673
1591,112
714,70
1763,65
1733,1807
298,91
704,80
979,86
744,39
1393,1678
15,26
1448,79
5,80
46,1668
1050,190
1801,1630
479,1666
1866,60
1353,71
1191,53
492,59
860,1693
1771,105
8,42
482,97
559,1675
378,62
1299,108
1562,132
737,1671
471,65
1036,35
668,69
266,107
1579,101
1582,50
1710,103
590,56
718,109
1497,84
1361,1233
116,1676
634,65
1317,82
1176,132
623,33
1591,70
271,109
757,54
500,1
1150,1693
1618,1671
124,239
770,89
901,119
120,20
1900,1807
713,1
303,1657
1343,111
1775,104
1598,1797
823,77
1983,95
1825,85
1882,110
1460,56
411,53
1874,1680
350,42
759,154
597,107
444,1671
584,16
1962,105
1848,16
889,1657
1192,638
1726,17
242,31
1587,1665
634,83
1885,1658
1203,1672
1507,1654
953,31
936,33
771,96
955,633
1916,1660
938,1657
542,75
1739,119
1264,85
1594,91
422,84
1471,91
355,51
1758,51
1542,154
457,1639
456,36
1323,80
1148,43
1231,70
496,90
1399,154
478,94
1828,20
145,83
1729,1657
1661,638
1609,131
694,71
330,32
1164,1673
1473,62
800,1660
1830,1092
1966,1668
366,103
1025,28
1082,103
160,1630
1602,132
1307,32
167,35
1628,62
410,154
925,83
1759,110
1175,233
476,111
204,36
1749,196
133,96
1172,59
1047,19
1074,79
850,239
173,90
505,1760
1216,132
1224,1679
267,106
1050,23
1305,67
1875,97
954,19
1400,63
1015,638
1633,23
323,32
1083,50
875,1673
1503,111
1592,66
1190,111
3,89
1885,1630
211,154
1425,62
1099,35
302,71
1209,1639
252,104
1102,108
953,59
757,107
994,1807
1129,50
1283,1797
1245,1660
1601,86
1981,50
2,50
1851,1668
1893,1
1236,110
351,42
1074,65
1957,1630
479,97
405,24
887,100
7,1632
1577,110
605,73
1839,1630
953,1670
995,31
866,1677
1495,1632
1349,90
1704,103
1832,60
1959,107
568,43
729,1667
381,26
609,1665
1359,17
1143,196
1983,97
482,41
1366,109
1593,31
945,1671
839,39
1228,70
1711,1665
1467,112
1727,108
1589,75
1080,53
1868,54
1106,99
663,138
1308,93
1073,106
795,50
263,1656
1538,20
1099,64
713,1693
1281,101
825,1807
899,112
1526,1
901,1698
439,1639
228,96
999,131
1511,1667
1516,111
1618,89
1803,41
1626,1660
1128,1663
1973,1663
264,1672
929,60
1065,82
1906,1672
1005,233
57,233
1142,64
1971,82
1886,67
657,1760
323,1642
257,1092
1624,110
1715,89
422,98
1542,112
1913,80
385,86
961,109
1791,1679
625,56
182,39
1770,1632
1538,196
250,79
217,1642
570,1760
1629,54
1187,31
1116,111
1609,58
1905,41
1706,42
1924,101
1358,71
1035,32
1163,119
370,112
1803,39
1604,138
168,131
1381,63
1931,106
1860,28
212,1656
1186,63
1302,1639
439,79
264,1797
948,77
473,107
830,105
1860,1092
1185,110
1098,111
1316,58
341,36
1852,84
1688,67
1964,638
1748,37
1326,119
1556,58
411,90
857,62
1798,1639
1399,66
408,110
124,1658
269,233
626,638
1304,1642
883,85
833,1666
1609,91
708,104
307,1639
789,1667
809,93
370,19
1469,1670
292,60
238,106
477,104
295,33
204,1658
781,1668
1438,41
1000,53
1096,64
1250,99
1927,95
1568,68
331,1657
1864,69
1162,1667
1041,68
409,105
322,112
1158,43
1034,109
832,1677
466,29
1192,71
548,35
1873,26
92,103
1891,1233
645,29
1388,1679
834,70
947,1671
1022,73
1487,1
47,132
1245,79
1121,65
1484,99
1416,131
297,65
791,1663
121,1797
617,1672
1794,94
122,54
1335,98
694,110
1499,1680
1030,1698
1552,20
1055,99
1757,69
1975,50
1923,1679
341,1785
553,33
1841,42
1936,1630
573,62
1343,1680
245,93
1973,1667
1281,83
1502,101
1839,1092
1346,1659
1861,1698
355,1666
464,1797
646,190
117,132
780,94
1152,95
1540,24
1500,1639
1229,31
1105,17
989,112
908,1678
266,1233
249,1663
942,190
210,1807
1350,75
1563,70
294,119
1882,1092
1955,1658
804,1630
1435,1656
561,43
1460,43
1543,1668
1742,1665
705,94
337,36
816,1233
1794,80
1778,109
122,56
359,1679
641,108
363,190
829,53
792,1668
1476,58
856,77
447,56
1409,103
1523,65
862,39
1017,190
135,1679
855,28
604,1642
674,95
530,1797
1820,104
518,84
1277,35
542,94
1280,99
1927,67
1232,1680
594,1657
831,100
1554,79
1240,17
484,1679
1888,1233
622,91
1584,96
1471,84
575,99
1701,29
337,1679
1190,1668
254,96
92,75
224,51
1570,62
351,80
635,77
1977,32
1464,77
1125,1654
21,50
480,1698
1695,1642
425,103
1531,119
1043,19
1959,33
1835,95
418,94
915,1668
1727,69
757,1641
1370,1668
1039,71
1295,233
943,82
800,196
986,1677
1605,100
585,1673
1190,64
1891,1673
1200,90
1898,1
1415,1233
1181,1667
1348,98
369,1658
353,80
1391,61
675,1641
680,39
825,84
493,62
1054,39
794,51
848,1671
814,54
728,1673
1614,31
241,62
1879,73
1098,84
503,154
1540,131
1518,35
877,105
1356,138
449,41
159,20
588,28
1439,1673
799,68
250,1667
553,1642
1289,80
296,1639
1605,1632
1889,1
72,100
704,633
27,82
1440,51
1422,71
580,196
1018,35
306,1233
587,58
883,1785
1342,190
866,111
886,106
373,77
1150,77
856,41
1852,1663
1143,1642
0,239
1324,90
835,63
1095,51
339,66
1392,58
1520,79
258,36
1418,98
169,1671
1221,1797
892,43
1981,63
76,24
170,85
1458,28
318,37
965,60
1839,54
726,17
213,66
531,37
1117,1654
823,35
955,107
263,104
1853,1659
14,60
749,33
1857,1676
458,138
648,86
1457,62
1577,1641
1774,77
464,1665
746,79
411,16
52,1660
752,154
256,73
354,1678
1290,1660
1147,99
1558,87
323,35
1781,1658
1190,29
1723,1656
718,1668
55,1654
1955,105
373,95
448,138
1682,1641
141,105
768,67
801,1632
1952,91
1327,77
1822,1679
48,1663
1519,31
954,1663
1010,61
1861,1658
576,37
1790,190
1133,1641
525,84
999,29
1189,61
1283,56
932,42
969,90
1472,111
243,1693
1809,96
652,89
1044,29
128,1663
595,97
1917,154
1755,35
1505,90
1124,82
1838,132
1694,66
884,1
1199,1632
1297,1666
445,33
1349,89
428,31
799,56
1107,107
799,1693
526,101
307,1693
1579,31
414,105
1524,64
937,42
1018,1233
10,90
1444,1665
1082,1676
1902,1668
674,20
430,24
1306,1797
1469,77
1787,62
646,86
185,65
1827,1797
232,100
162,1671
1304,50
596,62
1960,1639
291,80
1106,1663
481,1630
901,61
1155,96
1465,82
1730,1630
203,131
591,106
1108,64
1296,58
288,131
217,99
509,101
1876,77
1306,111
1606,1092
888,82
1114,90
1188,79
1021,138
495,39
350,80
1825,28
1117,80
1707,80
1021,1233
1747,73
1567,1678
1183,69
452,1677
1462,132
1044,1639
896,101
330,119
1419,1679
1878,138
1551,16
324,1641
1066,138
1368,110
1556,1671
714,32
989,1092
1068,41
1931,109
730,96
216,1680
1268,638
1910,37
898,42
882,103
1897,16
314,1675
1772,62
871,75
1151,131
930,1659
1012,35
887,75
725,1666
1741,112
487,1657
200,19
1487,50
445,69
135,119
300,54
1353,58
1872,112
512,1632
736,20
756,95
496,99
1903,1665
48,54
286,112
1870,1760
38,1659
367,111
1733,104
1980,1675
512,1678
1340,1654
886,1678
8,1673
1737,1092
161,107
487,61
1122,196
751,58
899,111
1023,1675
1200,16
387,1785
641,1678
1020,41
1961,233
1139,37
437,1673
1692,79
497,108
673,97
801,20
804,39
969,96
1929,1678
510,64
829,638
1154,1667
1545,638
92,96
1674,90
1215,62
1511,41
1755,29
391,110
891,26
1688,82
983,1642
452,104
440,1670
1765,108
1714,68
1346,42
1649,1667
1048,1676
985,66
1322,67
1753,1693
799,1639
1889,91
1941,1666
697,1677
746,1658
923,37
1312,68
1191,1672
1834,73
734,97
202,94
1898,42
670,23
1612,70
1281,82
1502,106
1874,51
643,51
1766,109
1934,23
377,1641
1185,1666
1595,119
1176,39
951,1675
885,29
331,1654
1492,43
1554,90
1041,53
1439,1654
447,1676
1833,17
1411,1233
1530,1657
612,96
905,64
1792,96
1904,106
146,36
479,1676
441,1678
1664,42
1556,104
1296,20
983,1656
1968,1676
292,1693
1749,633
1524,154
1198,95
478,96
904,23
1391,1642
658,26
534,1673
1218,98
1457,112
354,37
708,62
1426,23
911,1659
516,19
661,96
1645,1092
549,85
1143,1665
1912,33
1378,239
842,1693
845,84
920,85
1206,119
1886,1667
1342,1673
1606,1630
479,1233
335,93
870,1656
507,98
1138,638
825,73
1857,20
1843,41
336,138
1239,106
911,63
773,58
851,32
102,90
1593,1667
1563,87
1360,80
457,1659
1484,1678
1048,1657
766,28
324,119
113,1654
129,103
751,1668
133,1665
408,42
337,132
1956,61
746,104
1922,1673
1121,108
607,51
537,19
284,1666
725,36
1925,97
1272,1675
933,23
516,1
1234,84
745,33
484,83
1063,1659
1324,101
1934,64
302,41
930,196
837,1672
1044,1678
859,86
1983,1675
865,131
313,190
767,108
697,32
827,1233
1637,1760
439,1
993,39
1219,103
942,104
1478,110
693,84
569,94
1712,36
938,109
1950,98
1074,91
1145,1785
616,95
321,101
1380,1
867,1092
1511,67
598,66
527,66
1289,87
884,93
1366,71
1653,39
242,1667
340,20
326,35
437,36
1548,100
738,1679
593,1658
546,196
1975,103
1706,66
363,42
127,93
1177,1092
3,109
634,99
1813,233
252,84
1428,73
1765,1654
1290,86
1988,1
278,32
889,23
137,26
875,36
1118,96
271,67
1108,190
1904,53
1518,67
1283,90
1316,1663
1752,73
189,1233
1074,77
405,20
264,98
1186,233
528,105
324,196
819,1668
1582,1659
1198,26
1570,67
1255,31
1704,1233
1544,1658
1917,1693
648,87
334,132
1903,1630
172,39
189,41
464,1666
547,53
179,111
715,97
661,37
1602,1785
346,1642
354,1679
957,36
577,64
671,1632
411,1660
874,1660
1812,1678
1616,43
916,85
511,19
479,1797
1605,71
1456,66
1257,233
762,63
815,43
235,85
1395,119
536,32
1360,1656
1766,90
1864,1092
1645,65
227,1667
415,1092
1210,32
603,24
1988,119
999,28
430,233
1300,17
986,51
1893,190
55,132
1860,73
975,87
1290,43
376,1233
392,86
1424,131
823,131
1175,110
254,60
211,1665
1776,109
1688,105
753,70
435,1693
888,69
941,69
1174,29
971,24
148,239
478,56
1791,60
126,1632
15,633
1396,20
1143,119
1957,1807
468,101
1120,94
1049,86
237,1632
755,53
1850,1660
329,138
532,1671
185,64
1181,1656
1723,131
218,56
1581,97
516,1639
1916,1680
703,19
1595,1785
1628,28
658,1680
754,41
1897,37
1880,107
965,31
622,16
1026,1641
645,39
538,99
1512,84
1702,1667
1394,104
1232,83
146,94
881,59
1624,31
206,60
1242,20
1460,67
874,106
746,17
1433,103
408,98
1829,1659
1101,1642
475,90
1862,1639
1952,154
597,33
484,132
1558,112
1079,23
1252,633
1275,1630
441,79
575,638
245,71
356,94
1937,1679
983,19
1307,111
242,37
278,111
1327,96
1518,1807
714,33
1618,73
325,64
643,103
133,35
1559,1660
270,196
804,50
180,66
754,91
932,79
484,1654
284,32
1597,36
1598,633
927,1760
473,105
1270,1632
345,54
1839,1679
45,99
1316,36
307,1092
1373,53
1063,71
881,53
1946,1797
255,1654
1197,1233
460,1630
1012,83
1295,16
1870,1654
1299,85
1521,101
1393,82
421,43
1289,111
1865,86
1424,1666
658,70
343,96
1548,93
630,138
1595,154
417,87
1032,86
938,633
1933,1680
1987,638
1241,64
1120,233
1614,1667
1050,1676
557,1654
1571,98
265,20
1628,1693
527,638
1463,1654
412,1641
842,108
1927,89
1803,87
976,64
1574,108
1371,73
565,50
969,103
1481,1639
1584,70
1304,190
1303,94
865,54
1930,94
422,61
376,101
1763,1630
910,1676
952,24
147,1676
454,1656
166,54
1508,53
277,17
1751,91
373,1656
1424,108
1901,1632
747,1233
1022,79
1815,80
456,108
704,1656
175,1673
492,87
1093,41
1403,23
472,1671
1703,58
215,75
551,1671
1143,41
1358,54
817,1642
1423,638
235,29
1986,1632
1766,98
40,29
403,35
1932,638
1948,65
1810,94
1100,1666
1374,33
932,28
40,1656
1431,42
332,90
448,1639
214,82
1229,29
511,1698
237,83
1234,1673
1880,85
1528,1642
388,107
686,86
581,132
676,104
609,91
385,17
1822,93
701,1665
1259,1
1633,1760
1894,1807
1087,97
759,16
1292,33
1849,82
394,80
985,83
1249,132
614,54
651,56
248,1675
933,100
1272,82
425,1679
1695,1668
266,1677
1150,87
748,37
1854,63
1052,109
921,1667
1456,56
1168,1676
710,233
1709,99
1692,61
664,91
1696,56
426,114
1974,73
908,132
1887,66
1317,32
480,65
975,108
1421,66
1631,73
269,1657
626,36
163,1672
794,94
1593,1666
284,26
1151,84
1266,20
473,87
457,1658
1893,73
992,91
459,36
689,29
1262,24
1585,1667
1378,1667
225,1639
830,132
283,67
912,1675
165,107
1429,1654
1874,1679
1110,1233
816,119
465,95
1348,1658
451,28
603,1675
1008,89
1801,82
1412,53
0,1672
647,66
560,108
526,1675
1848,19
1462,77
1854,41
1619,58
880,99
899,43
792,111
1588,93
1471,1659
406,105
1530,37
336,91
232,28
1507,1659
775,1667
1696,54
389,112
1388,90
1442,104
503,1666
440,56
683,20
1364,19
170,97
727,1659
942,105
693,83
1419,1797
1091,32
522,1671
1694,1673
244,31
689,190
1222,96
338,36
7,1657
1053,100
924,56
391,67
7,1678
496,93
594,132
478,93
1164,56
543,77
1794,131
789,77
1821,16
1804,104
1935,24
1812,1785
909,1658
1403,1642
357,1760
800,1663
544,233
945,1658
959,1630
285,111
1730,93
1713,51
1089,67
295,26
423,33
1163,94
650,103
852,31
1405,31
1822,1667
430,109
1054,132
1368,53
1132,54
801,98
587,1671
968,1667
809,1665
143,23
1103,1657
369,96
1971,1233
1293,91
1937,63
466,80
871,51
1210,1675
311,1676
352,23
1165,97
1634,114
469,54
1005,36
514,53
1067,41
1735,638
462,79
482,1679
362,1693
146,138
699,96
1347,1698
796,112
1353,1679
317,83
1873,1630
1887,1658
1322,24
933,1807
812,80
448,29
1887,1675
1106,108
1055,37
1099,87
141,103
768,69
1841,112
422,1680
1973,1785
157,39
1136,1668
325,107
271,35
775,633
1314,67
1809,1785
949,1680
710,86
507,31
1635,71
697,67
332,98
979,19
254,61
516,1680
1437,56
645,1760
657,1668
234,73
5,1680
1295,63
1831,89
1906,26
1104,32
951,239
554,1
1182,633
775,61
1845,77
543,33
601,42
1575,84
1744,80
529,1641
581,1657
357,111
947,67
1193,1233
1318,86
510,1785
203,633
1180,19
1452,1698
1705,1672
1435,71
1368,98
155,1797
1520,109
1485,75
326,1092
1585,101
242,131
648,1666
1732,1672
996,104
1847,1675
1937,138
1132,26
342,110
1799,190
419,105
901,59
902,1654
793,1698
652,73
908,35
802,1680
1782,23
861,93
1786,90
1694,35
1772,89
1151,108
102,99
1542,119
864,94
149,50
1063,33
273,96
1101,1641
1303,1671
1861,63
688,106
229,70
489,1667
1140,96
671,638
305,1679
1908,109
1028,61
1790,73
781,1679
1405,53
603,103
821,36
825,33
1307,31
1825,1760
149,1639
150,42
46,107
711,1679
1340,93
1361,64
327,1670
1620,1663
187,19
723,69
412,110
362,87
345,53
509,132
1026,1656
254,89
630,638
1232,66
1566,107
38,67
1148,110
800,62
1704,70
418,39
1857,1656
350,64
304,1630
1204,95
854,1676
544,51
968,105
1504,43
1268,60
1586,233
1143,90
520,60
259,16
269,119
1969,64
1751,1672
902,63
1609,41
1496,132
1459,56
781,28
948,1673
1023,89
1625,233
1553,1668
1277,28
525,23
1392,68
1231,1663
562,28
1448,69
184,20
769,1698
1930,95
1538,1672
982,90
159,79
416,103
219,1642
1933,83
395,109
1815,83
554,68
78,36
760,59
631,86
1531,108
762,1673
307,108
1103,82
843,110
867,100
357,36
1483,94
269,24
1305,56
1861,19
333,59
1811,108
1068,233
862,56
702,1665
1108,1676
741,31
1689,83
1119,80
453,109
1023,79
329,87
1196,69
1434,638
1346,1654
300,1642
1371,41
1925,1666
436,90
1361,19
1803,68
1749,26
1010,67
1934,132
797,63
871,24
247,104
878,58
1711,82
1037,63
905,70
581,131
640,1659
361,1678
476,1675
1292,83
887,41
1591,1667
581,20
799,109
983,1658
254,196
1235,107
1329,1092
1916,24
1932,131
1859,1807
407,190
1349,31
270,1630
1002,138
1517,67
968,54
715,73
1747,132
253,20
1875,1233
1201,24
408,77
725,16
1534,100
1761,32
1148,1668
425,1678
1774,132
657,97
488,42
313,65
294,1676
1119,70
842,62
1123,131
970,1233
420,104
667,1807
1277,32
136,1673
231,94
1392,96
1614,1807
143,50
510,19
184,65
575,31
1374,1679
305,41
569,82
1525,61
1752,111
421,1657
375,1678
1954,109
1684,70
391,63
1262,1666
456,58
146,20
1946,1785
955,64
1292,65
1755,1807
202,1807
554,56
628,39
665,91
975,1672
497,1785
1038,1666
644,73
788,1785
1161,97
404,24
1969,1632
903,70
1514,83
1815,1673
530,80
274,1660
607,66
1411,1693
488,24
1123,32
845,68
1841,75
1756,98
463,107
1709,84
953,35
386,26
648,1785
1695,1
1526,94
926,1658
1739,107
878,103
1858,1675
1290,53
1201,1656
1705,56
733,59
347,1760
679,35
1174,1657
761,1630
116,35
1074,89
186,1658
1441,16
177,97
1506,1654
774,1676
1137,1672
1600,32
567,37
1249,54
574,41
796,99
1171,89
1653,37
145,87
1429,1671
1218,68
1110,94
523,16
583,58
1483,104
1379,43
1049,1676
1915,109
405,1630
1972,28
1059,51
249,84
447,89
285,110
1301,82
1783,82
1699,1807
1823,61
1312,239
191,68
925,190
359,56
1023,17
1231,1670
642,1654
459,1656
15,1807
1172,80
12,1698
1051,59
311,42
631,1233
1146,119
975,67
1149,138
669,42
1139,1656
802,1677
1819,62
1412,1656
355,37
1846,131
1498,53
1741,87
420,1797
1010,1679
1360,62
1583,62
149,29
1913,41
970,1673
225,1666
1106,1092
354,1677
1046,1642
1083,54
639,1642
128,54
458,107
1197,66
205,56
1143,16
906,109
1975,119
306,39
1321,1668
1035,56
1074,1672
386,79
121,28
1442,26
1432,28
535,43
1877,28
577,1659
889,39
281,1760
1371,17
379,107
92,1676
811,70
1954,16
372,58
1776,16
686,28
1806,1676
1282,110
1765,67
164,1693
1306,24
1326,95
1953,89
1617,84
1451,1632
954,190
665,1
258,633
404,83
478,62
796,71
125,17
608,53
1105,1673
1627,1656
577,80
280,80
1132,1656
1868,50
913,54
271,1668
705,1632
316,19
1329,196
780,1698
390,132
1888,85
1135,1666
1813,1654
532,1665
744,1639
1941,70
1432,106
864,1666
1179,93
1574,70
1229,69
1906,1668
790,105
555,26
901,58
993,83
907,1807
1926,68
770,29
471,1680
367,633
617,1654
1205,29
894,28
729,1632
1913,84
1124,67
1087,89
1734,26
978,43
1605,1698
1451,1630
22,1680
705,100
1721,96
397,62
861,633
684,104
1436,101
1225,1632
712,97
508,28
1446,138
1008,98
809,87
1452,101
920,110
1256,1672
1401,1659
869,53
1166,53
1751,1642
919,1233
278,109
986,98
1371,1680
2,99
1949,1785
562,107
564,1233
433,37
679,26
1128,1760
5,103
1116,1667
1039,1660
986,132
1943,26
183,70
45,97
230,39
1949,96
884,96
1198,70
1494,71
1991,1663
671,66
782,67
189,93
1762,1630
1062,138
437,233
660,1660
1400,109
1972,37
449,1693
1562,79
1446,132
1463,196
880,75
1911,80
202,43
1841,60
1287,26
1717,1659
902,60
553,59
666,1632
168,1675
1223,50
235,33
272,53
1800,93
1783,26
1147,1666
460,28
406,32
650,60
1740,239
1300,86
716,1671
1382,1632
693,107
180,82
550,1680
426,1666
676,100
1796,1233
609,79
1751,85
666,190
1741,31
1022,77
145,239
961,77
851,1233
1460,33
502,111
179,56
1764,87
1141,138
594,63
867,103
739,80
557,73
1865,70
1646,87
601,23
472,1673
767,1670
1118,1658
259,1
386,1675
250,1092
1979,75
1159,61
226,1659
117,110
1940,1698
1378,75
1988,58
1661,1676
1300,100
683,42
1753,94
616,1675
1685,119
251,108
325,1671
990,1675
476,33
481,1673
1648,19
652,28
545,62
1812,110
159,60
1546,190
720,1680
220,62
1741,17
1818,132
971,85
1771,108
422,1807
483,1807
1534,26
1581,633
219,239
648,31
1403,39
189,97
1514,110
266,20
513,61
360,1659
1375,53
932,1675
1272,84
1345,98
1456,1233
1726,104
610,64
313,64
1056,106
1331,32
781,63
677,1666
1119,65
1395,63
1213,28
208,41
426,112
282,86
410,131
231,89
1947,107
298,54
1515,109
1371,87
1263,109
1246,239
1691,110
551,97
1786,32
1987,97
595,1233
1532,66
1370,101
1935,1693
1980,64
1855,190
1009,59
1488,24
227,66
1370,20
796,1675
1518,132
1178,105
537,103
1470,107
666,1797
875,633
1046,32
682,1641
1419,1092
505,70
1521,1630
658,154
821,638
1376,17
1049,1665
1551,36
540,154
350,1092
1729,1676
494,19
1626,1760
1455,96
463,106
834,1642
1114,1698
1928,60
1432,1
398,1641
403,65
477,90
885,77
631,633
1591,83
308,66
1122,104
918,101
305,90
1172,50
1833,114
1229,63
1245,1668
865,98
1684,85
779,1672
820,84
749,154
1741,1680
1487,70
277,69
1384,71
499,77
923,1641
431,90
195,1656
1346,31
1473,1677
189,20
283,83
671,26
1029,26
608,42
290,1807
1292,1642
155,29
913,73
1565,233
437,33
1272,112
1258,79
687,107
1815,1807
785,23
1695,97
1823,60
773,638
1551,91
282,59
670,96
1069,1658
1414,99
130,119
576,43
1968,65
389,96
690,31
1702,108
1499,73
1601,95
365,97
1621,20
1125,31
918,119
332,110
1436,1630
534,71
116,50
1442,1678
264,101
692,109
1798,39
716,91
365,131
1751,29
1460,106
1353,16
799,54
1798,1666
860,32
625,23
1238,35
945,1672
1720,1672
729,17
857,68
654,80
608,56
812,82
280,67
1589,68
1650,1670
1150,16
1811,54
583,43
566,97
306,85
1376,61
912,1656
681,39
937,77
997,43
580,69
1338,105
1713,35
285,16
1696,84
885,33
801,114
490,1807
1117,1698
1159,1663
270,239
1769,101
1492,110
298,28
669,59
137,154
173,54
656,16
1833,110
678,1665
1963,1641
1728,1656
1826,1675
171,1667
295,1785
152,633
891,100
321,70
1782,138
146,107
1913,73
1853,1673
1062,1642
396,633
1714,61
543,35
1575,86
1745,1659
250,70
1228,67
1636,64
474,1678
1416,77
424,119
1254,93
518,1675
1550,1630
984,79
930,23
1196,1092
0,80
1773,106
192,98
997,93
1827,68
1153,53
1324,58
1860,132
1402,28
1830,66
1759,56
512,42
1564,58
401,1659
807,93
518,16
976,103
497,68
1722,84
1061,16
1118,67
782,1785
378,1693
1141,1672
1839,97
1058,108
1739,1672
1296,62
321,80
1577,67
1242,96
803,94
927,1676
1235,67
1549,29
1933,190
1791,94
561,16
928,1667
1973,103
1260,1660
622,1675
455,1760
400,1668
1931,1673
1275,89
999,633
452,1658
1043,79
839,16
994,91
956,1670
1972,80
1386,95
1904,1670
892,638
694,54
1247,36
693,1659
920,111
631,1641
560,54
1884,97
1494,1671
1800,80
1237,239
998,1693
174,51
895,111
271,1
1486,1670
1735,1797
773,1659
1187,1639
1406,633
693,24
858,89
750,107
1712,16
1954,53
549,633
1762,96
1084,84
553,638
492,190
699,1092
1047,64
1599,1785
1933,95
1477,99
324,41
257,112
300,50
1295,29
750,1760
1336,98
1214,71
537,41
1549,96
660,1678
632,105
1700,28
852,1654
122,33
1001,84
1138,1679
1066,70
383,154
1090,64
1227,89
566,95
1301,24
1783,100
1911,83
1379,98
1915,20
1454,1680
1754,154
1315,1632
1042,110
1116,233
909,37
1288,1630
787,633
1178,1630
1072,79
721,119
666,1680
1477,1698
818,97
232,68
361,1632
1100,1679
130,63
1736,53
669,96
365,41
348,103
1497,1680
1514,1630
361,1666
642,53
166,53
1934,1670
1074,16
1664,80
210,19
1205,112
564,104
317,1667
1634,56
700,1670
1984,87
1231,154
1786,1666
589,1660
1090,35
1528,66
705,71
1717,70
266,99
1208,42
1318,19
516,41
1502,1632
425,1666
266,1670
1298,103
785,56
642,633
1564,1760
1113,28
121,106
420,1672
610,62
1877,98
316,1641
1220,77
1790,107
905,1630
197,86
298,69
761,43
1421,77
448,1658
1152,84
1041,41
565,1
1118,41
1411,75
1340,99
1364,105
1259,1807
1904,110
797,1092
158,1656
1563,93
163,56
1790,1760
1648,99
1647,53
542,1666
178,1639
862,1233
1146,1680
1435,1663
408,32
1884,1670
1168,82
857,29
1207,1797
786,99
1872,80
1389,1698
954,119
789,54
1422,108
1532,1666
731,1233
1737,1680
286,80
698,112
1254,101
266,1672
1278,111
729,196
899,62
1056,107
909,73
1723,95
340,1092
207,98
579,77
672,1657
1763,1665
1082,60
1967,103
332,75
794,42
557,638
831,99
966,1678
1263,108
898,28
153,83
645,1671
1407,59
820,71
385,96
542,1676
945,104
1914,1632
971,66
310,58
1620,31
1342,87
167,1657
1625,1671
850,39
228,1657
1773,1693
286,51
268,1642
208,1233
1843,1663
1518,1657
1652,1665
215,104
1189,1677
570,73
1640,73
1069,17
1901,94
802,36
859,61
855,1668
1324,97
664,61
610,83
1164,1632
573,93
167,90
990,239
1800,104
146,1641
130,98
1696,73
1988,31
974,1673
1883,1693
1165,1654
1736,95
1515,90
161,1673
565,101
1048,65
15,68
204,131
244,26
1883,1
1869,110
1769,1654
1185,41
1647,73
1225,82
1758,196
250,1676
1634,1092
1179,1693
1342,65
665,43
810,1092
1895,1665
1647,190
1539,65
1778,59
307,1668
1808,110
940,42
1811,43
819,53
1335,83
838,1673
1793,1233
1166,77
687,106
413,87
306,51
930,99
1156,35
1636,131
1028,86
1338,100
630,96
1715,1630
481,63
3,1797
892,1693
218,32
457,54
1916,1672
1571,63
1368,56
1388,75
949,1675
969,83
1468,83
1103,1658
881,1679
466,79
1024,89
784,104
1851,1676
382,1233
1056,1642
820,91
1869,96
1216,154
153,1668
1423,97
361,93
1734,79
283,32
672,65
125,29
402,1666
769,23
1110,110
584,50
712,71
434,31
1925,65
1286,1233
274,1630
1284,1675
245,111
228,233
1515,1675
652,1659
360,33
1190,97
677,50
1472,1642
1530,68
1459,64
1595,66
1978,70
144,39
845,1675
1985,24
811,43
1274,65
832,84
507,16
1579,1760
927,1659
1085,119
661,1663
369,23
1162,26
575,35
1437,132
194,90
1542,233
911,109
1047,63
1587,26
901,71
612,36
1512,106
1739,1693
545,1807
1718,1092
605,67
734,1657
381,1679
1418,1660
361,79
1909,60
1452,1663
1325,1671
1312,1668
485,86
729,98
1818,108
1194,60
290,68
1874,1632
1622,1656
1018,64
306,68
1069,1233
902,86
212,110
285,112
1669,190
1908,26
1689,106
606,90
1055,1673
1898,80
422,1665
1257,104
724,1
959,16
1209,1659
201,68
1360,1785
1270,28
1621,70
333,1663
426,73
504,19
1371,97
1482,36
52,131
1391,98
510,41
1158,65
806,1642
1361,75
1471,26
461,1797
489,1092
1027,16
1890,24
972,67
645,35
1715,95
116,23
958,58
561,1642
1637,56
1012,73
1716,1673
1114,39
525,1630
894,109
897,53
1826,1660
246,26
179,79
1484,196
846,67
708,96
984,94
693,1658
1106,79
1328,93
1056,50
405,1666
1017,154
1352,83
1374,190
1321,50
613,62
929,87
1887,100
1978,90
1483,1672
1102,82
1732,1785
9,17
46,110
1792,1668
1738,1658
750,104
1023,138
490,28
848,16
1162,62
1165,35
1149,190
548,1233
163,31
847,233
1077,50
246,1760
505,1680
1951,1678
1225,106
621,39
1464,24
1932,105
520,1668
1750,1630
391,1667
1097,32
544,54
250,91
507,1678
968,108
1265,28
1942,54
1690,23
1375,1679
367,106
709,1679
1848,109
1868,80
1355,111
1156,84
363,89
319,68
1395,37
1469,108
4,1654
1974,97
1921,107
174,66
710,16
727,56
218,24
329,59
1927,85
576,20
1643,1672
1753,82
1757,1642
1259,1667
582,94
604,1698
829,633
315,105
1053,1679
1444,28
1869,87
783,24
1944,82
1358,638
1910,1233
591,85
1057,1233
260,59
1778,1663
1856,99
1302,1
1051,1641
682,28
386,1639
52,1666
492,83
226,99
189,109
407,26
1041,1658
943,68
394,61
531,1642
1814,31
215,71
1318,16
1507,89
1362,54
647,90
316,80
1365,91
1575,1676
1684,1663
1720,70
1834,50
1466,104
1156,90
1375,86
759,1665
1224,58
1352,79
583,131
602,1678
1586,1676
758,239
1934,24
852,96
1495,84
1391,39
1964,61
221,79
439,56
1607,73
500,58
1336,1670
678,1663
1752,100
1420,132
745,1668
1024,31
591,91
543,196
1775,99
1316,68
1410,1
1447,132
1141,233
1771,110
631,33
1440,190
800,93
1849,86
379,1760
472,62
290,29
989,1639
1727,93
1697,26
1201,29
448,39
1406,86
1113,1639
1426,16
1248,80
1100,1233
1854,80
1197,105
833,1632
1387,1671
340,108
1542,1639
566,56
1692,138
1456,60
1458,1660
1925,1632
1203,1667
549,33
1230,66
697,1660
1770,95
46,37
339,29
1407,196
343,1675
1635,33
821,23
493,70
935,51
776,1672
1132,93
1118,24
1831,1673
737,35
1749,154
653,1657
851,39
1762,23
1285,154
1384,91
887,56
1167,154
1232,31
753,60
1892,1797
473,196
1417,99
314,54
1606,31
614,85
1057,196
833,100
1734,96
1953,17
1831,16
165,23
1896,69
1569,97
794,1657
1353,1632
357,69
1616,68
1265,42
347,83
1800,1663
1272,100
491,1693
1493,42
1683,86
728,108
1351,60
3,98
1953,1654
1456,42
773,1680
635,1679
546,62
430,103
272,1
1874,16
847,1668
938,1632
925,90
714,1673
1521,1807
197,73
220,1092
679,79
1554,1679
1897,66
773,23
684,1654
424,1658
1681,68
558,61
248,94
1028,1673
1980,80
1566,23
1862,20
981,69
514,1666
1913,28
1896,36
665,42
243,82
1898,1630
614,71
283,85
451,97
838,1663
367,61
495,104
1147,107
155,31
929,1698
1008,75
1644,1632
116,1656
1273,1797
508,1672
1045,233
1327,69
923,131
458,1642
1638,107
275,26
1735,89
797,97
653,103
1100,638
1499,75
1544,28
1872,633
861,196
848,71
599,1630
1937,51
636,62
1135,84
1409,1658
1522,59
1322,1785
1764,1680
352,43
1442,1676
1404,59
731,1641
1084,19
1563,54
206,37
227,96
1973,1
1935,1632
284,233
324,80
609,1672
699,100
917,37
1439,96
1721,73
981,56
1591,1639
1376,64
826,97
1047,1233
739,106
1626,86
1307,1676
1935,106
262,53
531,1698
1615,104
718,1678
878,1673
590,105
1787,73
1495,1092
1538,29
1264,138
1079,1233
1231,638
1735,190
1618,94
1485,85
1341,1797
1450,1666
1414,83
823,1668
1953,633
1740,1659
191,196
1169,42
46,83
801,112
1981,75
436,29
493,28
483,26
1920,99
287,60
824,190
551,53
722,1807
666,87
1960,105
395,87
1869,17
1270,1672
1029,1654
1876,69
435,1760
1899,108
1627,99
1596,68
324,70
864,51
537,83
21,98
1346,97
44,69
1593,32
501,196
1205,1668
1721,91
1416,79
1622,1657
890,20
1133,56
1947,1670
219,70
1102,1659
1057,1672
850,1670
1841,1785
1773,104
1348,35
999,1233
893,154
529,1679
1655,68
1578,1666
1506,93
791,63
1203,39
232,106
450,33
396,37
1193,29
1358,239
1985,233
349,67
1346,1679
939,111
1203,84
1974,53
1573,1672
1722,82
1299,1641
882,111
1458,58
449,104
1009,112
1257,1676
45,108
906,1630
1812,54
884,29
813,1233
997,1632
378,16
1893,1672
991,70
1531,53
391,1676
1575,70
550,67
1339,80
1929,80
954,62
1710,65
735,77
1308,59
81,58
1466,85
1251,35
1548,59
1202,1807
1452,1676
962,1642
1937,1666
677,1785
285,65
305,1667
549,26
1874,73
384,1668
1496,41
826,1632
1068,39
1302,1679
1877,61
1822,1660
1554,112
1314,99
1478,24
1833,63
857,1672
804,63
1481,1656
1853,36
1330,99
1816,16
1155,84
1027,1
362,83
1431,1673
244,1671
1380,119
1256,61
428,106
1774,1673
1706,1641
1032,1656
800,50
299,1667
1319,1657
1944,1785
1263,1675
1123,1670
1238,1675
1828,43
357,62
767,1693
1118,1679
348,1675
1503,41
1216,633
248,633
1910,1642
1256,1785
1756,132
157,104
159,1668
181,98
127,16
1806,90
1756,59
1793,39
1863,1675
767,64
1141,1785
147,31
1381,42
1129,1
594,1676
1310,110
1937,106
525,100
446,41
1139,1668
1135,31
1303,85
898,54
1914,68
1661,99
1904,114
1333,56
1542,196
952,29
1360,106
1108,98
1384,96
1644,108
726,83
1424,97
1316,87
1520,1632
1363,20
463,1654
618,37
1002,132
1194,112
1127,100
1787,1639
903,94
1490,1693
1828,89
246,103
1008,50
1308,31
521,638
1163,59
1605,26
1310,190
1223,29
983,50
699,1665
1746,1676
540,1675
1824,84
1078,37
1461,1663
440,33
1198,1666
298,67
596,110
1370,239
429,1
1120,1632
990,1678
185,1663
1769,1807
1930,77
130,190
1234,1666
557,1797
210,112
962,109
745,1675
483,82
1064,103
1328,1670
888,19
1205,64
1367,1233
1424,95
513,66
983,1654
1501,95
391,90
1963,28
874,1665
1792,132
689,119
1827,1671
1831,29
1507,1797
1196,1666
346,1678
1453,109
593,1671
1717,86
1110,54
485,109
0,107
1093,1659
81,16
428,1641
1156,73
627,61
1251,77
406,80
598,1678
537,1666
623,1797
1219,1092
150,85
739,1678
342,59
143,62
770,190
811,96
1054,60
1529,77
350,1660
383,1642
555,103
1067,1639
939,196
1529,62
210,98
1313,87
1532,93
1684,66
345,103
421,154
1452,638
920,1665
15,1658
1282,39
1127,59
296,1632
1322,33
1729,1639
1801,196
528,1676
708,42
299,1642
286,64
1870,638
933,17
0,1677
1384,1663
762,37
745,43
413,67
13,51
549,65
235,111
1212,633
328,1807
3,101
351,1675
521,1760
1612,96
309,131
1274,43
1075,54
925,89
1664,1667
1246,77
895,33
365,108
787,1660
385,1658
137,99
376,37
325,1656
1155,31
1175,64
418,1676
1914,106
1471,67
187,95
1512,112
1015,71
1333,110
1407,43
882,1698
533,1654
1971,1658
1805,90
1933,101
1570,75
1276,104
1456,1693
1423,29
514,1667
1067,79
823,91
1473,1666
228,1641
1463,107
1521,32
1936,1665
648,62
705,51
634,1639
1355,89
1144,62
1431,638
1958,31
508,1673
1062,32
1301,94
919,65
522,87
1025,20
363,1677
329,97
1231,1666
1766,61
1270,54
593,106
1418,109
732,1807
1263,29
586,91
1216,1092
1485,51
1625,86
1381,98
227,1657
1540,233
1833,97
1616,1663
382,73
236,1785
1661,43
853,1092
319,1656
338,19
1865,1668
1410,69
1731,69
810,31
1878,1666
334,31
759,80
1296,100
1617,94
1039,51
1117,69
1565,1233
145,69
291,1785
1927,1632
644,41
1372,53
1946,196
219,75
792,33
1849,1673
501,19
926,108
1161,1679
185,56
1841,107
956,105
187,1670
9,1630
680,1797
952,1642
1697,1666
1716,154
1475,66
1240,83
1422,1663
46,80
1246,41
1396,1630
1111,111
1809,89
652,80
173,51
640,1672
1597,26
1944,106
516,1693
1508,105
615,91
1266,1233
1535,154
1359,104
645,64
314,106
1292,23
1494,63
1738,35
1977,87
323,1666
608,90
632,80
497,1675
1452,1657
836,58
654,33
253,1676
1562,196
858,1668
550,86
1599,89
1488,1657
1288,1233
1362,94
1603,154
1177,98
1382,101
1279,1675
390,233
1723,1679
1589,196
752,109
1430,1630
717,75
1309,1671
522,75
1169,138
1189,71
1374,93
475,1639
1068,50
689,1659
1722,83
1185,1630
1340,68
1990,138
744,85
1223,1639
1076,1760
1281,1672
270,111
1047,79
1910,93
1755,54
1350,132
1462,1656
531,70
988,93
328,33
1487,53
1068,1654
1549,107
1527,51
280,51
799,1672
1039,23
1903,1656
964,101
1503,58
1768,73
1865,63
691,42
1170,53
819,97
1863,1654
916,119
492,1807
1419,104
1827,119
1227,61
1371,1639
238,96
370,104
1682,43
1331,107
194,154
1189,73
1796,39
1877,60
496,1666
1971,59
669,107
925,1
446,60
1136,64
1015,1667
513,1641
878,35
915,23
549,1680
1541,1670
824,91
183,66
223,59
1688,75
489,83
902,1671
631,95
1793,1658
800,51
414,61
1104,1
1928,1693
1569,1693
816,83
354,24
118,33
1794,68
1534,77
1137,79
216,41
1707,71
145,19
1710,80
1055,101
815,106
1115,1670
1083,100
1069,73
1238,1642
1437,1807
1969,1233
1720,41
318,1665
620,1
1119,105
289,23
1800,65
1329,1665
791,66
1808,1698
335,70
707,41
1574,23
1324,1660
1006,119
1485,106
1964,73
1385,1658
1988,71
933,1678
1397,105
575,119
1094,59
1903,37
838,1797
622,54
1336,1641
1249,1654
595,16
1384,97
817,62
971,91
1198,84
969,1760
1946,26
492,77
1433,69
1090,62
1363,132
1717,67
1100,75
858,1642
587,24
607,85
932,1665
1490,1
1879,1657
134,41
1116,75
1740,59
620,1676
491,28
879,31
1006,1677
794,1797
1991,138
1884,64
1776,1657
725,1233
430,73
1872,1656
1833,1670
467,87
1713,1668
1035,68
739,1667
1331,71
1297,43
1061,82
1414,24
1897,100
1381,91
576,100
1199,196
1290,26
780,86
1725,28
719,99
1219,1
1218,1630
248,68
1115,80
736,233
1385,1670
831,1632
194,1639
891,33
311,1654
292,1668
971,73
992,50
935,1670
1812,1660
742,98
981,16
1742,1673
125,100
708,37
1778,101
964,79
802,190
1172,1630
1819,1671
679,638
1915,68
1777,91
1633,97
566,62
289,66
1523,73
74,62
1891,1667
792,103
280,1639
1756,105
232,20
582,41
1870,16
1799,108
771,138
1232,1672
1286,65
225,132
186,1666
1853,89
915,65
1029,1693
1715,104
1330,54
525,1666
1024,239
871,154
1597,84
1191,77
952,58
1430,101
551,1092
1566,43
1417,16
813,29
749,53
72,239
488,1658
1546,63
863,61
371,61
1168,67
1208,90
1335,41
1082,1663
1305,110
644,54
1050,1233
1972,100
210,638
483,1678
472,1641
1207,19
1962,94
184,1671
237,1667
383,62
1038,60
57,89
349,107
663,73
1280,73
243,1673
443,91
764,1675
1900,59
318,35
1904,62
982,26
305,94
858,28
1890,97
770,32
1950,101
388,53
1590,28
45,20
779,1676
581,98
358,37
1558,638
820,80
55,95
496,196
1879,54
1349,109
1242,41
568,24
1450,90
1178,71
243,84
1531,29
1229,1666
1026,51
1835,69
1339,56
307,93
1874,1659
648,63
1258,56
1076,39
1976,109
877,638
1834,119
430,1641
1197,75
963,109
157,190
1099,95
1020,138
1958,28
1545,73
1395,110
1783,41
680,1673
336,79
1460,1672
221,50
1307,59
1735,91
1039,638
653,101
503,66
1263,28
1250,35
184,98
1034,90
244,196
665,1667
1152,1
412,50
1044,23
1926,93
164,1797
782,239
1741,82
713,36
696,108
953,1667
436,1233
649,154
300,84
1459,1673
1884,638
1121,16
860,60
365,1658
1549,70
648,94
995,105
833,70
407,239
1596,39
985,131
1021,111
1228,73
1488,1676
240,70
934,196
1513,239
1426,100
930,1
511,24
973,93
1254,54
149,1233
800,1667
1851,64
1726,58
660,89
1284,233
292,19
771,54
370,69
522,70
1432,97
1820,90
1010,53
705,1675
593,1807
389,94
579,24
446,1
230,1092
1338,1659
1189,37
319,1675
1729,16
184,112
1250,53
254,1672
1374,1630
1802,73
534,85
609,20
459,103
1880,19
1108,58
351,29
1938,1657
221,1675
1124,90
1349,65
598,97
449,190
507,1654
1124,41
1452,1658
1885,32
1073,16
540,89
279,39
876,33
1779,1660
1184,108
1592,89
121,64
469,1680
582,1659
1784,43
255,53
1285,1698
660,1233
1695,65
1368,104
1682,54
1595,1665
653,56
215,1675
396,39
623,96
1213,64
1877,41
1129,43
1112,109
619,111
1061,28
415,106
932,64
1330,111
962,53
1614,77
1320,41
1306,196
1970,95
1921,1675
465,1668
1577,71
824,61
270,31
1051,1678
1413,43
1306,119
494,633
760,37
675,28
879,1678
917,71
900,1
1825,20
11,132
1939,28
1265,103
290,85
145,32
1882,1666
1440,101
1115,1675
392,1671
1372,26
1834,93
13,233
1858,71
423,96
1777,29
1905,32
587,1641
177,638
646,56
1830,1676
1404,1676
211,65
929,84
838,110
1779,111
1742,97
1117,1666
750,111
237,104
627,1654
1240,1675
207,1678
1108,239
1165,32
1279,70
1009,96
1751,66
1511,51
1404,111
1762,239
1856,104
1470,70
206,17
578,70
304,41
1786,1660
1932,100
1398,1672
510,1676
551,1678
1548,84
276,54
449,1680
320,24
566,83
363,90
627,35
1510,1654
1805,638
1513,70
