159,1670
624,69
366,36
1696,19
1220,91
579,1673
677,1658
1546,1667
1397,104
1732,77
388,108
686,79
1533,1656
1498,71
676,97
1048,138
385,24
498,1667
893,1760
1244,1672
381,86
1566,95
704,1663
928,119
736,58
240,63
368,68
705,91
1110,58
526,91
1781,1673
88,67
1254,111
386,1668
1258,98
637,103
931,1676
929,1658
1895,1092
601,1632
400,109
1230,119
660,17
1877,110
739,1666
1790,111
1368,82
1280,110
951,1667
918,82
1202,233
1421,73
325,1666
1891,239
664,1630
1783,1797
550,1671
1525,53
1900,103
616,107
337,638
247,23
1758,93
1979,1680
1209,26
783,107
1050,132
1323,110
442,109
728,638
1795,98
1724,68
766,26
912,1797
1909,64
1377,87
736,89
1714,110
1182,1666
1606,32
1898,1657
1400,1668
1721,32
604,64
307,64
165,98
407,37
483,1667
1925,1233
688,58
1121,1632
195,26
553,26
1894,73
5,1797
176,1673
524,1639
1561,108
731,109
1589,1680
1509,54
908,131
742,1797
231,84
359,99
1297,36
1724,1663
1075,1671
1611,61
725,1630
305,35
1006,131
525,1665
636,132
1769,1672
1802,51
203,67
423,638
1392,633
786,62
860,89
76,1654
421,105
1916,36
189,29
1238,24
924,80
1393,97
122,1671
943,101
765,69
286,70
1154,154
1083,32
1821,1660
1008,80
296,108
1012,1698
762,35
1720,101
1920,1639
72,1641
1523,86
1324,93
1217,61
1551,80
1277,91
218,90
1655,28
771,106
1749,87
1072,29
426,111
797,108
174,111
1442,99
503,79
433,23
767,20
1964,28
130,17
221,80
497,50
1917,28
1590,98
409,94
1283,84
1875,1678
1269,99
865,101
960,1675
541,24
210,82
1262,66
1481,1671
1563,61
1893,100
351,73
978,79
1569,1658
598,90
304,98
928,50
530,154
1302,50
1285,26
1932,93
354,110
304,1677
283,86
340,1657
1340,638
1222,638
1757,1
1020,1760
1620,1807
1345,65
441,41
1777,70
212,86
417,16
1771,1632
1435,112
357,1658
634,1233
834,1657
265,196
1293,1630
238,43
1820,69
261,16
207,66
889,31
1240,71
1742,56
824,196
133,86
102,239
624,1671
1445,1667
1886,109
676,42
1535,1
1930,17
1291,1663
392,63
246,1678
1022,1233
948,28
1780,1639
1906,1660
716,80
1070,233
1434,77
1823,1663
369,1233
1511,105
981,84
482,1670
288,239
1104,41
1909,54
883,196
1346,106
1472,1233
1255,100
1791,54
374,103
608,61
629,1807
1369,36
1962,51
1742,1639
442,638
1180,20
846,154
519,80
349,1656
245,107
1851,67
368,1670
1709,33
1362,1632
386,73
650,16
1459,68
504,154
1025,100
272,96
808,50
1985,28
1749,107
1419,1656
1864,37
1958,233
627,1693
898,95
806,1660
599,1641
1718,51
1115,106
1105,80
938,73
847,17
1220,1675
1016,19
709,16
92,54
1113,1666
1460,69
1299,65
400,1675
777,1659
867,67
297,97
49,1642
1100,51
1582,1
954,43
276,19
760,1676
1329,109
1440,104
1059,68
687,1807
1811,75
872,1658
1462,131
1408,1632
1965,24
1473,16
1754,131
585,1630
930,131
1857,138
806,1676
532,1679
1200,109
1491,1630
1884,31
1485,68
555,131
349,64
1696,1233
212,1660
46,96
1482,32
993,85
1715,50
500,67
1544,138
416,82
733,107
1320,42
1488,86
649,36
1681,23
1866,29
156,108
1279,32
1960,90
324,32
1171,1663
1637,36
682,36
521,98
1148,87
1383,70
378,31
253,119
1521,99
1433,111
1035,1657
1204,80
374,67
1060,138
1534,65
1228,110
475,82
1080,1785
1207,90
1615,73
1962,23
34,111
1341,1092
1799,1672
1844,23
559,109
1777,28
360,1
1851,111
1817,51
1110,1668
1526,105
828,66
278,103
507,67
643,111
1765,1668
1274,97
1037,131
1475,32
1495,61
1631,111
801,17
1897,31
1722,1670
1458,43
1151,138
1193,1658
1154,1670
1798,103
92,107
1075,1658
1070,1656
1096,1673
998,67
1869,50
1504,196
1728,36
1984,94
1983,62
1731,17
793,41
1531,87
782,69
621,35
839,108
175,1667
274,1678
1620,97
368,87
1036,50
651,20
246,104
175,36
1004,60
769,65
348,1670
1379,24
1272,62
293,233
387,108
1538,95
1542,1663
1783,99
168,93
1952,31
960,41
724,1678
948,1680
185,1680
1107,1673
703,1092
1751,1654
1900,1656
143,39
683,50
892,100
841,84
347,1679
364,1639
275,196
311,104
1236,43
372,106
135,190
248,56
1294,1679
449,73
742,1656
585,95
1145,119
1864,1657
887,80
1867,638
1424,100
1426,1678
435,59
1231,97
478,1233
11,82
303,112
1831,104
712,1807
1838,42
1966,95
1180,190
1399,42
390,42
88,68
1544,1673
1267,1654
367,132
1254,108
1415,60
1241,41
427,51
465,132
889,1642
1187,37
1868,66
1707,196
977,97
306,233
784,1679
1122,239
1267,64
1692,39
699,1666
704,60
1790,108
744,131
1810,86
1388,110
1297,41
144,99
1850,1693
697,19
589,37
1267,1797
1136,110
1283,1233
1316,1630
770,90
754,119
4,1670
1053,1693
1954,82
1701,17
1594,61
1479,1785
1360,91
455,37
666,138
1150,1656
975,1667
408,37
766,106
1815,239
1716,1092
1613,1654
1593,93
654,31
286,85
1412,1233
1369,110
1205,1642
765,35
1027,1680
1888,1672
0,29
326,79
1123,59
185,23
1952,59
758,66
650,75
634,84
977,83
529,32
1317,71
1045,66
1985,37
130,109
191,190
46,41
929,1
1799,110
57,190
776,1676
170,103
380,1672
730,95
912,86
1172,42
1708,36
116,36
686,104
1042,1642
156,37
1239,1092
324,233
951,28
1694,98
575,1680
574,87
1454,109
1180,1672
616,233
374,233
928,37
729,1698
1840,1656
1285,23
864,29
867,56
1574,1639
543,71
1500,106
750,633
452,196
1580,1658
1802,1676
544,100
1868,23
1852,1676
1246,1671
1616,56
140,1667
822,53
188,1233
920,61
795,85
501,60
1116,41
748,19
1338,95
1709,60
1768,1672
347,196
477,35
1649,17
248,1663
1042,65
896,1665
1723,96
1023,104
1927,26
314,1654
1881,70
197,53
1142,97
385,1663
1492,80
1223,1678
201,131
1467,1676
1802,83
719,65
49,87
394,1654
1481,1670
1801,1639
682,95
188,1668
1168,36
1620,42
1748,103
496,85
155,98
907,89
658,119
1014,58
1207,99
1120,75
244,1807
296,91
405,1639
1800,1760
1844,1665
1089,91
1513,29
1496,67
1615,132
160,1641
1746,53
164,33
936,26
1931,77
1418,104
1766,131
1522,1680
439,110
1944,31
1245,1680
1344,1665
25,1233
1220,1670
388,37
1501,1
703,1657
1491,23
351,190
507,1658
1178,87
1359,20
368,62
1436,233
742,62
466,1639
1376,68
313,1642
88,60
1426,98
1063,1665
430,1657
805,103
1321,1660
631,1667
302,1807
963,93
1351,28
324,1663
987,67
1888,1698
1435,65
1163,68
1879,1680
1530,65
1331,16
121,37
1139,69
404,1672
1442,132
1708,111
1451,1092
1112,16
281,70
1920,103
815,1665
565,68
1518,90
782,1632
1380,95
1202,1
1354,196
1033,131
1876,65
1252,17
1053,64
428,17
782,110
1396,1092
1450,60
537,87
1381,638
1697,85
1771,42
1130,190
47,84
789,105
718,1
923,69
1761,97
1207,71
1126,29
1129,1807
559,94
1973,1698
1239,1698
1196,107
409,233
1277,112
906,233
1555,190
136,1785
1652,108
1852,638
952,1659
738,190
1398,90
810,1657
1734,638
1169,24
1280,37
1907,86
862,1657
1712,24
771,196
720,82
996,1675
1661,91
613,1667
187,29
1608,89
52,63
1007,1663
1484,1656
1587,111
1310,1660
1553,67
449,29
1637,35
521,97
1951,1671
411,89
1849,51
1600,17
950,132
775,43
461,73
1096,1658
1166,1672
822,66
1503,39
1305,36
1340,1675
1553,1632
957,95
139,1654
1188,1659
249,154
909,1672
515,1671
1288,59
510,633
1077,1657
980,23
289,26
1874,69
1378,190
1912,112
185,89
1469,85
1553,1666
666,1672
1438,42
763,638
859,233
1086,1656
935,20
1475,1807
1052,1092
1425,1660
1421,35
1259,1672
173,131
1004,1657
1303,67
954,638
1735,1680
1950,16
781,1641
301,95
1145,100
1074,24
260,50
244,95
958,41
777,104
564,96
1282,77
290,131
823,111
310,70
1306,71
1470,68
480,1667
864,100
1332,109
1596,100
841,1678
860,16
701,138
738,1642
354,23
1366,132
564,1642
428,132
1282,1785
513,42
1878,35
488,54
1706,112
627,37
1884,77
1541,66
474,24
1035,75
208,68
901,1675
1682,24
120,1680
467,59
641,1668
1354,1807
1875,1657
1432,77
1010,73
1475,17
439,86
686,77
834,42
1976,1785
618,1807
1498,69
602,62
476,1677
1505,29
1984,62
702,77
499,104
1349,132
193,67
874,36
306,1698
1687,60
1390,62
1397,1660
1124,110
135,95
1973,69
618,33
1592,1676
1443,80
1835,108
471,71
1130,132
816,68
248,1670
1261,68
1794,85
216,58
1801,61
1267,1657
181,1642
209,109
341,1678
987,26
667,50
1846,1678
1872,1659
1692,32
1196,61
842,1760
495,1680
582,50
417,1654
1959,1658
552,97
861,233
1857,16
1293,60
1497,1659
1557,69
895,1698
693,70
787,1
1303,103
1282,190
1745,62
969,233
303,1663
642,1
327,89
257,37
166,89
47,1092
1810,1672
456,131
149,96
1224,1760
836,1092
1391,1660
1731,1641
769,51
933,154
382,1680
293,59
387,58
1750,1663
1778,96
1582,62
1008,36
1177,95
534,1654
209,95
1387,1658
855,1676
1384,1668
1777,41
563,83
1003,104
1927,39
936,63
1377,1679
1984,1639
1806,58
1591,90
1331,86
362,131
1799,105
533,1678
170,100
1075,93
1755,1657
412,41
1725,43
527,1660
553,1233
1098,41
123,61
750,138
1488,31
1949,190
1845,1673
1795,82
1262,33
654,1760
1620,37
1214,132
867,1233
1697,190
1219,1668
924,82
875,638
912,1668
72,97
408,1679
1737,1668
765,67
1211,105
202,233
990,70
1351,59
302,196
1027,1665
185,32
830,1680
741,59
1921,43
1682,1675
317,1807
1691,1659
258,41
242,98
1453,1678
1402,96
1253,1676
1438,98
446,104
1867,54
1710,1632
555,56
1529,99
545,98
1478,100
911,23
1786,61
1881,1785
278,1680
319,1654
588,23
955,86
1805,86
1734,196
1627,26
1005,1678
1617,96
1534,1666
1484,89
328,106
736,103
1913,39
772,109
1771,65
1527,85
284,1659
711,104
567,82
307,94
607,43
1033,64
497,1660
173,1679
122,99
566,110
458,97
1552,89
829,110
800,1672
763,1660
762,51
657,69
1815,638
752,69
522,83
653,17
1796,89
470,29
1251,1680
1450,1693
1685,53
656,138
1635,64
1268,1665
365,90
1529,109
1811,1667
1422,1760
375,1
1715,73
1879,80
264,108
120,60
1041,138
1062,1760
696,111
1745,20
864,1233
1141,41
257,19
703,1656
992,112
1953,71
88,1673
1617,82
1216,1659
1835,39
1093,71
1040,93
414,106
1871,104
1838,99
1895,86
266,37
809,99
1237,99
1918,28
192,107
1223,80
660,100
1381,190
869,106
299,68
1224,119
120,1639
467,16
917,638
867,1673
1274,75
1475,70
942,35
1578,131
179,1675
1690,633
750,86
1051,1
629,53
1722,60
1689,1671
783,60
1464,1678
286,1660
1893,53
1145,79
847,19
251,154
931,108
1191,96
270,16
807,1665
1913,82
1853,1666
253,99
571,66
1214,82
537,86
1070,104
1043,70
1778,89
643,1630
129,196
1274,638
1758,1680
856,97
1177,23
1747,53
6,29
634,26
191,19
1031,37
1824,63
613,54
459,1679
374,1642
1830,69
1156,1632
1800,56
868,68
1830,1760
1015,1673
859,1639
1540,58
992,1092
1177,1698
612,65
575,95
891,154
565,85
1873,42
163,23
1074,103
1739,1665
156,110
859,1797
931,26
1977,101
1134,36
1393,94
381,32
1088,1676
660,1671
780,1642
1939,33
217,1654
1299,190
164,1641
954,59
444,119
1683,36
1222,1760
637,64
785,85
326,119
593,154
1345,61
408,1654
1751,1677
1365,50
1844,17
1738,1666
161,86
255,36
795,1657
208,87
1863,100
925,108
1978,100
658,1641
361,1663
712,1233
1267,23
275,75
1290,98
1847,1680
1685,91
1618,1698
1300,63
1907,1233
1897,29
1387,85
311,1785
936,1657
517,196
938,43
1345,633
264,54
1166,1657
581,39
139,28
1232,59
1195,65
1736,1671
611,1658
782,75
303,108
910,60
882,1657
954,90
1123,1677
1569,77
772,37
976,1672
1415,1639
1794,64
1080,110
250,101
361,1092
1566,1630
607,99
1288,91
957,80
102,1641
1350,1673
1337,1668
1049,56
1490,154
278,132
762,107
1611,1678
641,1642
430,67
1062,108
1267,1672
1144,233
697,1642
1013,90
938,1668
1385,1
542,110
1391,31
1965,1670
294,1659
1239,91
708,1663
416,1
113,73
1472,84
1215,1678
1442,1630
1904,119
1779,239
1087,20
1215,35
938,29
1420,99
320,1654
452,83
1344,1657
1825,68
600,1667
135,94
1477,239
432,239
490,1665
1082,1639
1391,1641
1717,79
1774,16
1225,239
1373,1673
1466,131
929,1678
1878,50
463,233
620,1672
1965,108
1910,1657
1532,1641
731,16
1891,50
1050,638
218,69
1512,1233
959,32
1082,53
1152,43
1280,16
1465,20
569,79
1336,1676
1711,101
1954,80
1829,42
1763,1654
1634,82
345,24
1522,110
1232,39
1047,1092
1842,54
1771,100
632,29
1279,1641
635,56
1956,50
209,1632
530,196
145,98
1892,26
1214,106
1403,63
668,90
1134,1641
485,104
34,16
737,633
1379,54
863,233
1854,1678
1436,87
3,1665
886,26
1720,90
1726,16
592,1807
1449,196
1106,31
1164,1641
1352,99
1516,20
855,16
1003,107
837,1675
1068,103
1378,85
1770,89
423,132
140,16
894,633
1051,86
1550,60
740,71
1132,91
1283,107
438,196
187,68
558,53
1954,98
1260,1693
1714,1641
412,89
948,59
931,69
456,35
1252,73
314,65
1806,1630
1664,51
924,60
1960,20
1686,1668
1821,99
1284,1656
704,1630
48,108
1029,16
382,1667
1271,93
1493,67
7,132
1422,65
1264,1785
1379,36
970,1660
701,16
1287,1667
942,1680
765,51
198,106
1783,87
383,58
1770,56
279,239
127,33
1691,1658
1526,87
170,196
847,1666
1682,111
45,1668
878,108
1967,114
831,1698
1789,110
133,97
764,1671
744,112
673,20
624,1676
161,1666
123,93
659,233
719,67
1661,20
919,1693
901,108
851,59
180,1639
659,1666
1282,131
1117,1656
759,89
707,1698
1855,37
1966,24
528,1632
175,105
286,36
231,1693
1020,1676
1788,1233
1754,59
525,633
30,41
587,54
1177,58
1160,94
1446,196
368,1675
1123,89
494,37
1884,54
1276,1667
1149,1675
1886,1642
825,1
771,93
440,97
1381,28
577,1632
1061,100
754,56
1034,70
1809,98
173,60
1724,1677
398,73
398,1693
887,101
524,97
743,111
1865,1679
49,71
345,70
509,85
1505,68
1873,94
635,101
303,69
1889,190
864,59
721,1660
439,1233
1101,1659
641,37
1157,79
76,638
718,53
1972,68
1133,64
1636,41
1661,1642
1184,82
1555,69
466,1671
963,95
396,94
1135,1671
1301,107
1520,26
1442,19
1978,65
271,53
1290,79
157,1666
1628,1
1540,53
1516,1632
392,65
602,86
767,154
398,91
1451,97
1202,63
1648,83
763,73
1366,1632
541,1797
1560,63
456,77
1086,1807
1145,63
847,131
1536,56
300,70
981,99
1849,39
668,19
891,1760
543,43
1572,1671
1885,60
1890,1660
1265,105
711,79
752,132
1375,1680
1282,1666
947,77
1743,51
1416,1680
423,110
612,1639
1951,70
464,101
691,80
380,73
530,1092
1598,23
571,1680
1411,1663
1844,1639
851,1642
1442,37
1759,32
1089,1666
1585,1797
475,1658
807,85
1179,84
593,73
1841,233
1000,85
486,94
414,1675
784,60
216,1678
551,80
882,105
955,1673
701,1807
1098,31
1651,95
1006,190
382,110
900,239
1987,33
1699,1665
166,1
224,24
780,1797
1077,41
1774,1665
1262,111
341,37
712,1671
435,32
1983,53
149,56
442,50
1383,67
800,58
72,43
240,23
558,1659
88,107
145,36
205,66
167,1679
387,99
981,1659
313,1668
1043,196
1140,106
1551,100
813,638
423,28
1716,37
81,77
1902,1698
1425,132
529,79
1938,43
396,66
358,1673
849,64
1556,1675
1078,83
1978,101
1213,110
596,1668
1290,99
115,1675
810,1641
831,65
122,1807
1152,64
858,33
622,190
402,59
993,100
1954,77
9,107
779,1659
1221,1632
713,101
1155,90
659,33
1505,1
1822,108
48,196
463,1785
763,85
1481,104
694,1233
1207,1672
328,84
897,1797
867,19
824,1642
1559,82
622,1693
1265,132
736,32
970,638
1140,1654
776,33
1346,95
920,1659
1825,58
390,63
301,1658
1295,138
1022,1654
1192,1641
1100,82
1561,1760
456,1233
151,24
597,56
1058,1680
212,26
1743,23
1301,32
617,29
1955,63
1978,132
1138,1641
1528,1673
197,108
714,70
1763,65
312,100
1733,1807
298,91
704,80
744,39
1780,1668
1004,1641
15,26
1448,79
5,80
46,1668
1050,190
1801,1630
1057,64
282,1676
1353,71
1191,53
492,59
860,1693
1771,105
8,42
1167,60
559,1675
378,62
1299,108
414,16
737,1671
471,65
1036,35
1532,1668
195,131
1579,101
1582,50
1710,103
590,56
6,89
1497,84
1361,1233
1200,1797
634,65
1317,82
1176,132
623,33
1591,70
757,54
170,112
1293,58
1150,1693
1618,1671
124,239
770,89
1574,1678
120,20
1900,1807
303,1657
1343,111
522,1657
1775,104
1598,1797
823,77
4,29
1825,85
1882,110
411,53
1874,1680
1697,19
350,42
759,154
597,107
323,68
1228,131
1962,105
1848,16
889,1657
1192,638
606,138
242,31
1587,1665
634,83
1885,1658
1203,1672
971,1672
1926,1660
936,33
955,633
771,96
1916,1660
938,1657
1739,119
1139,1785
1594,91
666,104
422,84
1471,91
1646,1667
1758,51
1542,154
457,1639
456,36
1323,80
156,87
1231,70
496,90
1399,154
478,94
998,239
1729,1657
1661,638
1788,106
1609,131
1085,1678
330,32
1164,1673
1473,62
1830,1092
1966,1668
366,103
282,62
1239,1658
1082,103
160,1630
1602,132
1307,32
167,35
1628,62
582,28
1850,96
1759,110
1175,233
1749,196
204,36
133,96
1172,59
1691,119
1047,19
1074,79
850,239
1481,1675
1216,132
1224,1679
267,106
1865,138
1305,67
1875,97
954,19
1201,50
1015,638
1019,1665
1633,23
323,32
875,1673
1503,111
1592,66
1613,638
202,104
3,89
1885,1630
211,154
1425,62
302,71
359,50
1209,1639
252,104
1102,108
1218,633
757,107
1129,50
1131,1670
1283,1797
1245,1660
1601,86
1981,50
1222,62
1851,1668
459,108
1236,110
351,42
1074,65
479,97
405,24
1776,107
887,100
7,1632
1577,110
605,73
203,99
1306,28
995,31
866,1677
1495,1632
1349,90
1704,103
507,1663
1959,107
472,64
729,1667
381,26
609,1665
1359,17
1983,97
205,1698
1366,109
1593,31
945,1671
434,132
839,39
1228,70
1711,1665
1727,108
134,91
544,131
1080,53
1868,54
1106,99
663,138
424,1
1073,106
795,50
263,1656
1538,20
1099,64
1445,84
825,1807
899,112
1385,1797
1526,1
422,1679
439,1639
228,96
1511,1667
1516,111
1618,89
1803,41
1988,1233
1128,1663
868,80
1973,1663
264,1672
929,60
1906,1672
1981,68
1005,233
1142,64
241,68
1971,82
1886,67
323,1642
257,1092
385,37
1624,110
1715,89
422,98
146,96
1913,80
961,109
45,132
1791,1679
625,56
182,39
1770,1632
1538,196
217,1642
1906,96
266,1785
1629,54
1187,31
1116,111
1572,138
1905,41
1706,42
1358,71
1035,32
370,112
278,105
554,1698
1604,138
426,1797
168,131
1381,63
1931,106
1860,28
212,1656
1186,63
790,103
1302,1639
264,1797
948,77
650,1671
830,105
1860,1092
1185,110
1098,111
1688,67
489,107
1852,84
1964,638
1748,37
1953,97
1556,58
411,90
267,132
1798,1639
492,103
1399,66
408,110
124,1658
269,233
626,638
1375,1665
833,1666
883,85
6,114
708,104
307,1639
789,1667
370,19
502,1670
1469,1670
292,60
238,106
477,104
1456,233
204,1658
1438,41
1096,64
1379,1641
1581,71
1250,99
1927,95
1568,68
331,1657
1162,1667
409,105
1793,95
322,112
1158,43
1914,61
1034,109
466,29
1192,71
1889,1639
1873,26
548,35
1891,1233
645,29
1933,86
1388,1679
1427,39
947,1671
1022,73
1876,96
47,132
1245,79
1121,65
1484,99
1416,131
791,1663
597,86
121,1797
617,1672
122,54
732,1673
1335,98
694,110
1499,1680
684,80
1753,1807
1055,99
1757,69
1975,50
341,1785
553,33
366,190
1841,42
1936,1630
573,62
1343,1680
1575,1639
1973,1667
1045,42
1502,101
1839,1092
1346,1659
1861,1698
464,1797
1578,196
117,132
1594,68
1152,95
780,94
1540,24
1500,1639
1229,31
1160,1658
739,1657
908,1678
266,1233
249,1663
942,190
210,1807
1350,75
1805,61
1882,1092
598,33
1955,1658
804,1630
1435,1656
1460,43
1543,1668
1559,99
967,37
705,94
337,36
816,1233
1794,80
122,56
1483,75
363,190
359,1679
845,196
829,53
792,1668
1476,58
856,77
447,56
1408,1630
1523,65
189,1659
1017,190
135,1679
674,95
604,1642
530,1797
1338,54
518,84
757,132
1277,35
542,94
675,1659
1927,67
1232,1680
594,1657
1554,79
1240,17
484,1679
1101,70
1448,62
622,91
1584,96
1325,638
1471,84
1701,29
337,1679
1190,1668
254,96
591,35
224,51
1570,62
351,80
193,82
1977,32
1464,77
1125,1654
21,50
478,109
1695,1642
425,103
1531,119
857,100
1959,33
1835,95
418,94
1727,69
1788,85
1490,1670
1370,1668
1039,71
943,82
800,196
986,1677
1605,100
1294,51
1190,64
1891,1673
792,109
1200,90
1898,1
1181,1667
369,1658
1506,28
1968,95
353,80
1391,61
675,1641
680,39
825,84
1010,104
1054,39
794,51
848,1671
728,1673
787,16
241,62
1879,73
997,633
1098,84
1540,131
449,41
624,633
877,105
1356,138
159,20
588,28
274,84
1439,1673
250,1667
695,23
553,1642
1289,80
1605,1632
1889,1
1710,17
611,35
704,633
27,82
1440,51
580,196
1018,35
306,1233
88,36
587,58
1342,190
866,111
904,1670
1849,1654
373,77
1150,77
856,41
1852,1663
400,63
0,239
1324,90
1095,51
339,66
1392,58
1507,1639
1766,58
258,36
1418,98
169,1671
1221,1797
892,43
76,24
885,196
1025,1641
1458,28
318,37
965,60
1839,54
726,17
213,66
1560,1785
1525,1641
823,35
955,107
263,104
14,60
1046,89
749,33
1857,1676
458,138
1399,107
1457,62
1577,1641
1774,77
746,79
1600,1670
411,16
52,1660
752,154
256,73
577,65
1290,1660
1147,99
1781,1658
1761,89
323,35
1190,29
1723,1656
1486,50
5,633
1955,105
373,95
448,138
1682,1641
768,67
801,1632
127,64
1952,91
1327,77
48,1663
1919,1673
1519,31
1709,1233
1010,61
1861,1658
576,37
1790,190
525,84
144,1677
1189,61
1283,56
969,90
207,1698
1472,111
243,1693
1809,96
871,39
1651,69
1044,29
128,1663
595,97
1917,154
146,111
1124,82
1505,90
1694,66
1363,100
1838,132
1199,1632
1297,1666
1349,89
428,31
1506,1678
310,31
1107,107
799,1693
526,101
307,1693
1579,31
414,105
367,75
1473,104
1018,1233
10,90
1444,1665
1082,1676
1301,1693
674,20
430,24
1306,1797
1469,77
185,65
205,190
1827,1797
710,51
232,100
162,1671
1290,77
596,62
1960,1639
1106,1663
918,31
481,1630
901,61
1155,96
1465,82
1730,1630
591,106
630,1668
1296,58
1903,105
288,131
217,99
509,101
1306,111
1606,1092
760,29
888,82
1188,79
1021,138
472,79
350,80
1825,28
1311,131
1117,80
1393,50
1707,80
1747,73
1567,1678
1278,93
452,1677
1462,132
1044,1639
896,101
330,119
1878,138
498,43
856,19
324,1641
1066,138
1368,110
1556,1671
989,1092
1068,41
1184,1660
905,1679
730,96
216,1680
1268,638
515,190
1910,37
882,103
1897,16
1772,62
636,90
871,75
1151,131
1305,1693
1012,35
887,75
725,1666
1741,112
487,1657
200,19
850,85
135,119
193,20
300,54
1353,58
1872,112
512,1632
1524,53
756,95
496,99
48,54
1868,196
1870,1760
38,1659
1325,85
1733,104
367,111
1980,1675
512,1678
886,1678
1750,83
1328,86
1737,1092
161,107
487,61
1122,196
751,58
1023,1675
795,1658
387,1785
542,99
641,1678
1020,41
1961,233
1139,37
437,1673
572,84
831,67
673,97
801,20
804,39
969,96
1929,1678
510,64
1441,100
1154,1667
1545,638
1674,90
1859,90
1587,65
1511,41
1755,29
391,110
891,26
1688,82
1745,103
452,104
440,1670
1765,108
1346,42
1849,65
1048,1676
985,66
1946,19
1322,67
799,1639
1889,91
434,91
1941,1666
697,1677
923,37
1312,68
413,101
1541,61
1834,73
734,97
202,94
1898,42
670,23
1281,82
341,1641
1502,106
643,51
1196,75
1766,109
1934,23
1185,1666
1595,119
1374,32
1799,1
951,1675
885,29
331,1654
1492,43
1554,90
447,1676
1061,58
1833,17
184,32
1411,1233
1530,1657
612,96
136,131
905,64
1904,106
146,36
479,1676
339,1667
1664,42
1296,20
1775,100
983,1656
1968,1676
292,1693
1524,154
1198,95
1825,89
904,23
478,96
658,26
273,56
1218,98
973,1641
1457,112
354,37
708,62
1426,23
911,1659
1069,35
1416,1
1645,1092
549,85
1143,1665
1912,33
1378,239
899,58
845,84
498,65
1206,119
1886,1667
1342,1673
479,1233
1863,69
335,93
870,1656
507,98
1138,638
1857,20
1897,109
336,138
1239,106
911,63
1184,1797
851,32
102,90
1593,1667
768,1666
1360,80
457,1659
1484,1678
1002,111
1831,132
766,28
324,119
113,1654
129,103
186,112
133,1665
408,42
337,132
1956,61
604,94
1922,1673
1121,108
607,51
537,19
1904,1659
725,36
1925,97
933,23
1085,1658
1234,84
745,33
484,83
1783,66
1269,638
1324,101
1934,64
302,41
930,196
1044,1678
859,86
805,190
589,65
865,131
313,190
767,108
697,32
827,1233
993,39
5,33
1219,103
1278,1656
942,104
1478,110
693,84
569,94
625,1642
938,109
1950,98
1074,91
616,95
544,1670
645,98
1380,1
867,1092
1511,67
598,66
527,66
1417,106
884,93
1366,71
242,1667
1022,1666
340,20
437,36
1548,100
1164,1675
738,1679
593,1658
1975,103
30,77
1706,66
363,42
202,100
1177,1092
3,109
634,99
1813,233
252,84
660,51
1127,1693
1290,86
278,32
1988,1
889,23
137,26
875,36
932,37
369,97
1108,190
1904,53
1518,67
1316,1663
224,97
189,1233
1074,77
405,20
264,98
1186,233
1098,71
528,105
324,196
175,1632
1582,1659
1198,26
1570,67
1704,1233
817,77
970,1675
1917,1693
648,87
334,132
172,39
1515,1641
189,41
464,1666
179,111
715,97
826,100
1602,1785
346,1642
661,37
354,1679
577,64
1307,1673
1183,96
411,1660
874,1660
1812,1678
141,23
916,85
511,19
479,1797
1605,71
1257,233
6,53
762,63
1834,1
235,85
1395,119
1360,1656
1766,90
1864,1092
1442,28
227,1667
909,99
415,1092
603,24
1926,1630
1988,119
999,28
430,233
1300,17
986,51
55,132
1253,95
1860,73
1290,43
409,50
376,1233
1424,131
823,131
254,60
1013,1675
558,84
211,1665
1776,109
1688,105
753,70
888,69
941,69
857,32
971,24
129,93
148,239
478,56
1791,60
126,1632
1408,1785
1396,20
1143,119
1957,1807
1120,94
875,1657
237,1632
1357,1675
755,53
1850,1660
329,138
185,64
1181,1656
1595,1672
1723,131
1581,97
271,54
516,1639
1916,1680
703,19
1628,28
1499,80
658,1680
754,41
1897,37
1689,1675
965,31
1081,1668
1026,1641
645,39
538,99
1512,84
1151,109
1394,104
1637,60
146,94
881,59
1624,31
206,60
1242,20
746,17
1519,638
806,85
1433,103
408,98
1829,1659
1101,1642
954,53
1862,1639
1952,154
597,33
484,132
1079,23
628,1639
1252,633
441,79
1256,1670
575,638
245,71
356,94
1937,1679
1940,1676
1824,51
242,37
278,111
1327,96
1518,1807
1618,73
1321,95
325,64
643,103
959,107
1559,1660
270,196
804,50
180,66
698,1667
932,79
284,32
930,1656
1597,36
1598,633
927,1760
345,54
1839,1679
955,23
45,99
1096,1665
1316,36
307,1092
1063,71
1525,1630
881,53
255,1654
1197,1233
460,1630
1012,83
995,61
1295,16
1299,85
1393,82
364,20
421,43
1289,111
1936,104
1865,86
1424,1666
397,50
343,96
1548,93
630,138
893,50
417,87
1032,86
1933,1680
1987,638
1844,29
1241,64
1120,233
1614,1667
1050,1676
998,1672
210,1785
265,20
1628,1693
527,638
1463,1654
412,1641
842,108
589,59
1803,87
976,64
12,60
1371,73
969,103
755,1672
1584,70
1481,1639
1304,190
1303,94
1930,94
1681,106
1186,190
376,101
1763,1630
910,1676
952,24
609,73
454,1656
166,54
1508,53
277,17
1901,1632
1424,108
139,16
1684,16
747,1233
1022,79
1815,80
704,1656
175,1673
237,638
297,71
1093,41
1403,23
472,1671
1703,58
215,75
1986,106
1143,41
1358,54
817,1642
235,29
1748,1671
1585,35
1766,98
40,29
403,35
1932,638
1948,65
690,75
1100,1666
1374,33
40,1656
1506,233
1431,42
332,90
1355,1658
214,82
1229,29
511,1698
1234,1673
1213,1092
1880,85
1528,1642
388,107
615,20
581,132
676,104
609,91
1822,93
1094,66
1259,1
1063,107
1633,1760
1894,1807
1087,97
759,16
1292,33
1208,70
985,83
125,106
1249,132
614,54
651,56
933,100
1710,106
1272,82
425,1679
1695,1668
266,1677
447,58
178,71
1854,63
1052,109
921,1667
1456,56
1168,1676
710,233
146,1656
1766,28
664,91
1696,56
426,114
1974,73
908,132
1317,32
993,20
480,65
975,108
1421,66
237,69
626,36
476,53
163,1672
794,94
1151,84
284,26
1266,20
1302,190
1769,1671
1893,73
992,91
457,1658
459,36
689,29
250,1663
1585,1667
225,1639
830,132
528,1656
283,67
912,1675
1429,1654
276,98
1874,1679
816,119
725,35
465,95
1348,1658
603,1675
1801,82
1412,53
718,66
0,1672
1199,1807
647,66
560,108
526,1675
1848,19
570,61
1619,58
1160,53
899,43
792,111
880,99
1588,93
1471,1659
1587,1666
1530,37
336,91
1595,37
1507,1659
775,1667
1696,54
389,112
1867,63
1442,104
1712,86
440,56
683,20
1364,19
170,97
1058,56
942,105
693,83
1419,1797
1091,32
522,1671
619,1673
689,190
1222,96
338,36
1067,59
1202,1672
1053,100
924,56
391,67
7,1678
496,93
594,132
1013,638
543,77
1794,131
1964,1641
789,77
1821,16
1935,24
1812,1785
911,1630
1160,84
1403,1642
357,1760
800,1663
945,1658
959,1630
285,111
1226,1673
1730,93
1089,67
577,1785
295,26
1163,94
650,103
1822,1667
707,106
1405,31
852,31
1178,1675
1054,132
1368,53
1132,54
587,1671
694,1657
821,111
809,1665
143,23
1103,1657
369,96
500,96
1293,91
871,51
1937,63
1210,1675
1944,23
311,1676
1330,32
1165,97
1634,114
469,54
1005,36
514,53
1067,41
1295,41
482,1679
362,1693
1856,87
146,138
699,96
631,31
796,112
1353,1679
317,83
1873,1630
1887,1658
917,138
812,80
444,90
448,29
1887,1675
1106,108
926,107
1099,87
141,103
768,69
1841,112
1810,23
1973,1785
157,39
1136,1668
325,107
1031,77
1169,54
1314,67
1809,1785
949,1680
710,86
507,31
1635,71
219,1667
332,98
1776,31
254,61
516,1680
645,1760
657,1668
234,73
753,69
1295,63
1353,28
1831,89
1906,26
1252,1676
951,239
554,1
1182,633
775,61
1845,77
1810,1642
1575,84
1708,1679
1744,80
529,1641
581,1657
357,111
1193,1233
1779,1654
1318,86
510,1785
203,633
1180,19
1545,99
1435,71
1368,98
155,1797
393,50
1485,75
326,1092
1585,101
1307,1
577,1654
648,1666
1732,1672
996,104
1937,138
1132,26
342,110
899,1663
419,105
1620,1641
901,59
902,1654
793,1698
652,73
1407,97
802,1680
1782,23
861,93
1786,90
615,82
1151,108
1333,73
102,99
1542,119
864,94
1063,33
273,96
384,109
1101,1641
1861,63
688,106
819,26
489,1667
268,1670
1140,96
671,638
305,1679
1908,109
1028,61
1556,1665
1405,53
339,110
603,103
821,36
1505,1671
1307,31
1825,1760
149,1639
150,42
46,107
1175,28
1340,93
327,1670
1620,1663
187,19
1441,104
144,1658
412,110
362,87
345,53
1026,1656
254,89
630,638
931,1
625,1666
1566,107
38,67
1148,110
1704,70
418,39
1857,1656
293,31
350,64
854,1676
944,99
544,51
968,105
1504,43
933,79
1268,60
1143,90
520,60
684,93
259,16
1969,64
1878,154
1751,1672
902,63
1609,41
1496,132
1459,56
966,24
1023,89
1452,233
1625,233
1553,1668
1277,28
941,1666
1392,68
1231,1663
562,28
1448,69
184,20
1740,1760
962,31
1538,1672
982,90
159,79
416,103
1933,83
1560,31
395,109
348,1663
554,68
78,36
760,59
631,86
1531,108
762,1673
1029,53
843,110
1107,23
867,100
357,36
269,24
1305,56
333,59
1055,108
47,1675
1811,108
1068,233
862,56
702,1665
741,31
1223,33
1689,83
1119,80
453,109
1023,79
560,1659
1434,638
1346,1654
300,1642
801,75
1061,87
1925,1666
436,90
882,54
1361,19
1749,26
1010,67
1934,132
797,63
247,104
1155,63
878,58
1711,82
1037,63
581,131
1688,51
197,138
361,1678
476,1675
1292,83
887,41
1591,1667
581,20
529,633
914,31
254,196
1235,107
1329,1092
1916,24
1932,131
1859,1807
853,90
1922,105
270,1630
1002,138
1517,67
968,54
253,20
1875,1233
1855,111
974,108
1201,24
408,77
725,16
1534,100
1272,83
1148,1668
425,1678
1774,132
488,42
1284,26
313,65
1119,70
842,62
1874,35
1123,131
970,1233
667,1807
353,91
1277,32
1078,51
231,94
1392,96
1614,1807
143,50
184,65
575,31
1061,42
305,41
1374,1679
1414,1660
1525,61
723,111
421,1657
375,1678
1954,109
391,63
1903,50
1262,1666
456,58
146,20
1946,1785
955,64
1873,1760
202,1807
554,56
1966,1
665,91
628,39
975,1672
296,1660
1038,1666
788,1785
1161,97
404,24
903,70
528,1672
1514,83
984,100
1815,1673
530,80
607,66
1411,1693
1975,19
488,24
202,112
845,68
1841,75
463,107
252,64
1709,84
953,35
386,26
1308,1797
1695,1
1526,94
1739,107
982,1658
878,103
1858,1675
1290,53
1201,1656
305,91
733,59
347,1760
679,35
1174,1657
1880,50
116,35
1074,89
186,1658
1684,84
1506,1654
1971,1654
774,1676
1137,1672
567,37
1249,54
574,41
1221,56
1332,93
1171,89
1653,37
145,87
1429,1671
1218,68
523,16
526,63
583,58
1483,104
1379,43
424,41
405,1630
1055,54
1972,28
1059,51
249,84
447,89
285,110
1122,1639
1713,50
1699,1807
1823,61
1312,239
925,190
359,56
1023,17
1031,94
1231,1670
459,1656
815,1797
15,1807
12,1698
679,64
1051,59
1914,1
311,42
1146,119
975,67
1149,138
669,42
1139,1656
1870,154
1819,62
355,37
1846,131
1498,53
1448,1656
1869,98
420,1797
1010,1679
1360,62
1583,62
149,29
970,1673
1539,77
1316,1092
1106,1092
354,1677
1046,1642
1083,54
639,1642
1712,1670
1197,66
1143,16
205,56
906,109
1458,1668
306,39
1321,1668
387,1680
1035,56
1056,131
386,79
121,28
1442,26
1432,28
535,43
1877,28
1987,1630
1132,37
281,1760
1371,17
379,107
92,1676
1111,83
1954,16
372,58
871,32
686,28
1806,1676
1282,110
1765,67
164,1693
1306,24
800,19
1704,107
1617,84
1451,1632
954,190
665,1
404,83
478,62
461,94
601,41
125,17
608,53
1105,1673
1627,1656
577,80
280,80
396,196
913,54
271,1668
705,1632
1843,638
1329,196
192,97
780,1698
390,132
1888,85
1135,1666
1725,638
532,1665
744,1639
1941,70
864,1666
1968,108
1240,93
1574,70
1229,69
1906,1668
790,105
555,26
993,83
1084,69
569,138
1926,68
770,29
471,1680
367,633
617,1654
1063,83
729,1632
894,28
1124,67
769,1639
1087,89
1734,26
978,43
1605,1698
1008,132
705,100
1721,96
1376,105
397,62
1627,1654
684,104
1436,101
1225,1632
712,97
1446,138
1008,98
916,107
1452,101
920,110
25,1760
1256,1672
1401,1659
1166,53
1354,1667
278,109
919,1233
986,98
568,633
1371,1680
2,99
562,107
564,1233
1209,138
679,26
1142,86
1128,1760
5,103
1116,1667
1039,1660
1465,97
1943,26
1249,1632
45,97
230,39
1949,96
1198,70
1221,111
1494,71
1991,1663
671,66
782,67
1650,56
1762,1630
1062,138
437,233
276,41
1400,109
1972,37
815,110
1463,196
1446,132
880,75
240,1680
860,1233
202,43
1841,60
1287,26
1717,1659
513,66
553,59
666,1632
168,1675
710,131
322,1654
235,33
272,53
1800,93
795,1663
1147,1666
460,28
406,32
650,60
1740,239
717,196
716,1671
1458,80
693,107
180,82
550,1680
1949,1660
676,100
1796,1233
609,79
1751,85
666,190
1741,31
1613,1785
961,77
851,1233
502,111
303,106
179,56
1086,1233
1764,87
1141,138
594,63
739,80
557,73
1750,1642
1646,87
266,98
601,23
472,1673
1118,1658
1412,83
259,1
386,1675
1979,75
1301,43
1159,61
226,1659
117,110
1940,1698
663,41
1988,58
1661,1676
470,95
683,42
1753,94
616,1675
1685,119
325,1671
1708,56
1914,75
481,1673
476,33
1648,19
545,62
1812,110
1923,37
159,60
720,1680
220,62
227,84
1741,17
1818,132
971,85
422,1807
543,107
800,91
1534,26
1581,633
219,239
648,31
189,97
1514,110
1265,58
416,1641
513,61
1375,53
360,1659
932,1675
1272,84
1456,1233
677,109
1726,104
610,64
1056,106
1532,1639
781,63
1635,1092
677,1666
1119,65
1395,63
3,131
208,41
426,112
282,86
410,131
231,89
1071,19
1058,36
1515,109
1371,87
1263,109
1246,239
1691,110
551,97
1790,1666
595,1233
1532,66
1370,101
1903,61
234,97
1980,64
1855,190
1009,59
1488,24
1185,24
1370,20
796,1675
1518,132
1178,105
537,103
367,1672
1428,1807
875,633
1046,32
682,1641
1419,1092
1521,1630
344,196
658,154
821,638
1376,17
351,1657
1551,36
350,1092
803,1656
1729,1676
494,19
1455,96
463,106
1114,1698
529,24
751,105
1928,60
1432,1
398,1641
403,65
477,90
885,77
1866,638
587,1675
308,66
1122,104
918,101
1833,114
1172,50
1245,1668
733,58
865,98
459,71
1684,85
779,1672
820,84
345,108
1741,1680
1487,70
277,69
1384,71
817,80
923,1641
749,43
195,1656
1346,31
1473,1677
189,20
283,83
671,26
897,73
290,1807
1292,1642
122,1676
155,29
913,73
1565,233
437,33
593,1663
1258,79
1958,24
1815,1807
785,23
1695,97
773,638
1551,91
191,71
670,96
1891,84
1069,1658
130,119
1968,65
1035,154
576,43
389,96
690,31
1499,73
674,1092
1601,95
365,97
1621,20
204,33
332,110
1436,1630
918,119
1377,1660
116,50
1442,1678
1775,26
692,109
1798,39
881,28
716,91
1751,29
1460,106
1353,16
799,54
1798,1666
312,1654
496,77
1238,35
945,1672
1720,1672
729,17
654,80
711,97
608,56
812,82
1589,68
1650,1670
1311,56
1150,16
1650,114
583,43
566,97
306,85
912,1656
681,39
1951,104
997,43
580,69
1338,105
1595,67
285,16
401,1673
1696,84
885,33
801,114
490,1807
270,239
552,50
1547,53
1769,101
1492,110
298,28
669,59
173,54
656,16
305,70
1816,50
678,1665
1963,1641
1728,1656
1826,1675
171,1667
1826,87
152,633
891,100
321,70
1782,138
1224,1698
1332,131
1853,1673
1062,1642
396,633
1040,84
543,35
1575,86
1745,1659
250,70
1652,1659
1636,64
474,1678
1416,77
1254,93
1290,1642
1808,73
1550,1630
984,79
930,23
1196,1092
0,80
1773,106
1827,68
319,33
1170,87
1153,53
1324,58
1860,132
1402,28
1830,66
1759,56
1692,103
312,64
401,1659
807,93
518,16
497,68
868,93
1722,84
1061,16
1118,67
782,1785
378,1693
171,1632
302,1632
1058,108
1739,1672
1296,62
1242,96
1577,67
803,94
681,638
1235,67
169,132
1549,29
1933,190
561,16
1738,86
928,1667
1973,103
1260,1660
622,1675
455,1760
1826,1663
1275,89
614,31
999,633
452,1658
1043,79
454,54
994,91
956,1670
1972,80
1386,95
1904,1670
1004,96
1408,1657
1247,36
693,1659
920,111
631,1641
560,54
1494,1671
285,67
25,1680
1237,239
998,1693
174,51
680,84
271,1
1486,1670
1735,1797
773,1659
1187,1639
858,89
1741,1654
750,107
1712,16
292,233
1954,53
1762,96
1084,84
1447,16
492,190
699,1092
1047,64
1599,1785
223,62
1094,101
1477,99
324,41
257,112
1295,29
750,1760
1336,98
954,83
537,41
1549,96
660,1678
1936,107
1700,28
852,1654
47,98
122,33
1001,84
1066,70
383,154
1746,1658
1080,1666
1227,89
566,95
1301,24
1783,100
1911,83
809,64
1915,20
1454,1680
1754,154
1315,1632
1247,1679
909,37
1288,1630
1178,1630
1585,54
1110,1693
1072,79
721,119
666,1680
1477,1698
818,97
1300,87
361,1632
1100,1679
1736,53
669,96
1875,1760
348,103
1722,1679
1497,1680
1514,1630
361,1666
642,53
1934,1670
499,98
701,1676
1664,80
210,19
1205,112
317,1667
1634,56
700,1670
1231,154
129,31
658,36
1786,1666
589,1660
1090,35
1528,66
705,71
246,97
1208,42
1761,20
1318,19
516,41
611,109
425,1666
266,1670
1298,103
785,56
642,633
1864,154
1113,28
1924,70
420,1672
610,62
316,1641
1220,77
1790,107
1867,20
905,1630
197,86
761,43
1058,19
448,1658
1041,41
1152,84
1374,1667
565,1
1118,41
1411,75
1340,99
1037,61
1904,110
1498,77
797,1092
158,1656
1563,93
1790,1760
1933,67
1648,99
542,1666
178,1639
862,1233
1637,79
1435,1663
116,239
408,32
1168,82
857,29
912,1680
967,32
1207,1797
1872,80
1389,1698
954,119
789,54
1422,108
1532,1666
1737,1680
711,31
215,90
698,112
1254,101
266,1672
729,196
899,62
313,71
1056,107
1723,95
340,1092
956,36
207,98
579,77
265,53
1763,1665
1082,60
1967,103
332,75
557,638
1594,83
966,1678
1263,108
287,107
898,28
153,83
645,1671
1407,59
696,77
404,196
542,1676
945,104
509,41
1914,1632
971,66
1620,31
1342,87
1625,1671
850,39
189,1
228,1657
1773,1693
286,51
1009,1678
208,1233
27,91
1518,1657
1652,1665
215,104
1189,1677
570,73
1640,73
1805,1693
1298,75
802,36
859,61
855,1668
664,61
1072,138
610,83
573,93
167,90
990,239
1924,58
1800,104
146,1641
130,98
574,1657
974,1673
1883,1693
1165,1654
825,95
1736,95
1515,90
565,101
15,68
1731,196
204,131
424,1657
244,26
1883,1
1869,110
1731,85
1185,41
1647,73
1225,82
1758,196
1634,1092
806,51
536,1673
1342,65
665,43
810,1092
1895,1665
1647,190
307,1668
148,70
885,1675
1808,110
940,42
1811,43
819,53
1335,83
883,16
1014,80
687,106
1793,1233
413,87
306,51
930,99
1636,131
970,26
1028,86
1338,100
630,96
1508,1760
3,1797
892,1693
218,32
1857,91
457,54
1916,1672
1368,56
599,58
949,1675
1388,75
552,69
1468,83
1103,1658
881,1679
466,79
1024,89
18,154
382,1233
1056,1642
1869,96
819,1672
510,239
1216,154
153,1668
1423,97
361,93
614,112
283,32
672,65
125,29
769,23
648,42
1110,110
584,50
434,31
1925,65
491,82
533,103
274,1630
1284,1675
245,111
228,233
1515,1675
652,1659
656,638
1028,68
677,50
1472,1642
1530,68
1388,42
1595,66
1978,70
144,39
845,1675
1985,24
1274,65
318,73
653,154
507,16
1579,1760
927,1659
661,1663
369,23
1162,26
868,63
1437,132
1701,93
194,90
1542,233
1724,1668
1047,63
1587,26
901,71
612,36
1512,106
545,1807
1410,89
605,67
1637,54
734,1657
381,1679
334,107
361,79
1909,60
1452,1663
1457,35
1312,1668
485,86
729,98
1818,108
1194,60
290,68
718,60
316,190
1018,64
306,68
1069,1233
902,86
620,35
285,112
1669,190
1689,106
606,90
717,77
1055,1673
1898,80
422,1665
1257,104
670,93
1516,101
1209,1659
201,68
1360,1785
163,1639
1621,70
333,1663
426,73
504,19
1371,97
1391,98
490,42
1584,94
510,41
1158,65
806,1642
1361,75
461,1797
170,50
489,1092
1027,16
737,84
972,67
645,35
1715,95
116,23
193,108
561,1642
1637,56
1716,1673
525,1630
763,63
622,1672
894,109
897,53
1826,1660
246,26
179,79
846,67
1312,61
984,94
566,66
693,1658
1106,79
1328,93
1490,1092
405,1666
1017,154
1352,83
1374,190
1321,50
1719,80
929,87
1978,90
1483,1672
1891,97
1505,1668
1732,1785
9,17
46,110
1792,1668
1738,1658
490,28
241,104
848,16
1715,60
1162,62
1165,35
1149,190
163,31
847,233
260,53
1077,50
803,79
505,1680
1951,1678
1225,106
1464,24
435,86
1932,105
520,1668
1750,1630
544,54
1939,41
357,63
250,91
507,1678
1265,28
1942,54
1690,23
755,100
1375,1679
367,106
709,1679
1151,1656
1868,80
1355,111
363,89
319,68
1193,233
1469,108
4,1654
1349,1660
1921,107
1974,97
174,66
727,56
1174,633
1269,1807
329,59
1927,85
576,20
1643,1672
1753,82
1260,70
1259,1667
582,94
604,1698
1053,1679
1832,1092
1294,1675
1444,28
1869,87
783,24
1944,82
1358,638
900,196
591,85
260,59
141,638
1778,1663
1856,99
1302,1
1051,1641
1825,66
386,1639
492,83
226,99
903,95
189,109
1438,638
1041,1658
943,68
394,61
531,1642
1814,31
1318,16
697,1680
1362,54
811,1630
1365,91
1972,53
647,90
1575,1676
1684,1663
1720,70
1834,50
1156,90
1375,86
1159,63
117,108
1224,58
1352,79
583,131
602,1678
939,41
758,239
1934,24
1495,84
1065,17
1391,39
1964,61
221,79
439,56
1607,73
490,112
678,1663
1752,100
1420,132
1313,70
745,1668
1024,31
462,101
543,196
1775,99
1316,68
1410,1
1949,66
78,53
1771,110
631,33
1440,190
1849,86
1228,53
786,96
472,62
379,1760
290,29
1727,93
1697,26
1201,29
448,39
1113,1639
1061,633
1248,80
1100,1233
880,26
1854,80
1197,105
833,1632
1480,35
340,108
1542,1639
566,56
539,70
1456,60
1458,1660
1925,1632
1203,1667
537,1667
330,233
697,1660
1770,95
46,37
339,29
1407,196
343,1675
1428,33
2,87
493,70
935,51
776,1672
1132,93
1118,24
952,73
737,35
666,97
653,1657
851,39
1762,23
1285,154
1384,91
887,56
696,61
1232,31
753,60
473,196
723,1658
314,54
1606,31
993,1233
1057,196
833,100
1734,96
1953,17
145,90
789,71
165,23
1896,69
1569,97
1353,1632
1683,233
357,69
1616,68
1265,42
347,83
1800,1663
758,41
1493,42
1683,86
728,108
1079,91
363,51
3,98
1953,1654
1456,42
773,1680
635,1679
430,103
640,39
1874,16
1270,39
847,1668
938,1632
1974,95
714,1673
1521,1807
197,73
220,1092
679,79
1897,66
377,1785
1661,26
684,1654
424,1658
1681,68
558,61
1206,633
1028,1673
1980,80
1566,23
1862,20
981,69
804,1656
1913,28
863,33
665,42
243,82
1898,1630
44,97
283,85
451,97
838,1663
367,61
1147,107
1335,82
929,1698
843,138
1008,75
1644,1632
116,1656
563,59
508,1672
1045,233
1327,69
923,131
458,1642
1432,17
275,26
1611,87
797,97
653,103
1499,75
1544,28
1872,633
1158,90
1985,190
848,71
599,1630
1937,51
636,62
1409,1658
1465,56
1522,59
1322,1785
1764,1680
666,69
1442,1676
731,1641
1084,19
1563,54
4,105
227,96
1973,1
562,1797
284,233
1262,56
324,80
609,1672
699,100
917,37
390,111
1721,73
1591,1639
586,1672
1376,64
826,97
1047,1233
739,106
1626,86
573,1642
1935,106
262,53
531,1698
1619,109
718,1678
878,1673
590,105
1787,73
1170,99
1888,90
1264,138
1079,1233
1231,638
1193,19
1618,94
1485,85
1341,1797
1450,1666
823,1668
613,106
1953,633
562,66
191,196
1169,42
46,83
801,112
1981,75
436,29
868,56
483,26
1920,99
1026,1680
824,190
1802,75
722,1807
666,87
1960,105
1869,17
1443,1641
1270,1672
1029,1654
1876,69
435,1760
1899,108
1300,1657
324,70
864,51
1966,50
537,83
975,1663
1346,97
44,69
501,196
1205,1668
1721,91
1801,19
1416,79
1622,1657
890,20
127,239
1947,1670
219,70
1287,51
1057,1672
850,1670
1841,1785
1348,35
999,1233
121,66
529,1679
1655,68
1578,1666
1469,71
791,63
1203,39
1349,1671
232,106
450,33
396,37
1891,114
1358,239
1985,233
349,67
1509,65
939,111
1203,84
1573,1672
1722,82
1708,97
882,111
1809,84
1458,58
449,104
1009,112
1257,1676
45,108
1205,26
1812,54
813,1233
206,1
997,1632
910,41
1893,1672
991,70
1531,53
391,1676
1208,16
550,67
1339,80
661,68
1929,80
1710,65
735,77
81,58
691,43
1466,85
1251,35
1548,59
847,1630
1452,1676
1367,1673
962,1642
285,65
1937,1666
305,1667
549,26
384,1668
1595,1693
1496,41
1729,77
1068,39
1302,1679
1877,61
1822,1660
1554,112
1314,99
895,1666
1833,63
1481,1656
1853,36
429,1666
1330,99
251,50
1816,16
1027,1
362,83
1047,66
1431,1673
244,1671
1380,119
428,106
1774,1673
1139,638
1032,1656
210,1092
800,50
299,1667
1319,1657
1944,1785
1263,1675
1932,106
597,77
1828,43
357,62
767,1693
1118,1679
1503,41
1216,633
688,28
1910,1642
850,1642
1256,1785
1756,132
157,104
159,1668
127,16
167,19
719,1672
1756,59
1793,39
1863,1675
767,64
147,31
369,83
1381,42
1129,1
594,1676
1480,1665
1937,106
446,41
1139,1668
1135,31
1118,61
1303,85
898,54
1914,68
170,23
1333,56
1193,1639
1542,196
952,29
1893,80
1108,98
1384,96
1644,108
726,83
1424,97
1923,73
1520,1632
1363,20
463,1654
618,37
125,83
1569,68
1127,100
1787,1639
903,94
1490,1693
246,103
1818,83
1008,50
1750,103
521,638
1163,59
1605,26
963,17
1223,29
983,50
699,1665
1746,1676
540,1675
1078,37
878,79
1857,28
440,33
1198,1666
298,67
596,110
429,1
1120,1632
379,20
185,1663
607,1668
1175,60
1769,1807
130,190
1234,1666
557,1797
210,112
962,109
745,1675
483,82
385,20
888,19
1015,16
1205,64
1424,95
391,90
983,1654
584,1760
1501,95
1963,28
874,1665
689,119
1460,50
671,35
1831,29
1507,1797
1196,1666
346,1678
1453,109
1609,239
1110,54
485,109
1579,93
0,107
1093,1659
428,1641
1410,1671
1156,73
627,61
1251,77
1810,58
598,1678
537,1666
1219,1092
150,85
739,1678
1495,101
342,59
143,62
989,42
167,132
1529,77
350,1660
811,96
383,1642
555,103
1067,1639
1529,62
298,196
1313,87
1532,93
1684,66
716,50
1876,28
421,154
1452,638
920,1665
15,1658
1282,39
1127,59
786,83
1322,33
1801,196
1353,1639
528,1676
708,42
299,1642
694,77
1870,638
1929,104
0,1677
1384,1663
762,37
745,43
13,51
235,111
1153,1760
255,96
1212,633
328,1807
3,101
351,1675
521,1760
895,80
309,131
1274,43
1075,54
1094,1676
1664,1667
1246,77
1729,53
365,108
787,1660
385,1658
797,31
376,37
325,1656
972,1233
1175,64
418,1676
1914,106
1471,67
187,95
1512,112
597,1678
1333,110
1815,16
882,1698
533,1654
1971,1658
1805,90
1570,75
920,1679
1456,1693
923,1642
1423,29
514,1667
1067,79
823,91
44,98
228,1641
1463,107
1286,638
1936,1665
648,62
705,51
634,1639
1858,16
1144,62
1055,50
1958,31
508,1673
1062,32
1301,94
919,65
522,87
1888,60
513,1666
329,97
1231,1666
1766,61
1270,54
593,106
1850,104
732,1807
1263,29
586,91
1485,51
552,1233
1381,98
443,86
227,1657
1540,233
1833,97
1616,1663
236,1785
1879,84
1681,53
853,1092
319,1656
338,19
7,1642
1410,69
1731,69
810,31
1878,1666
334,31
759,80
267,98
1124,58
1039,51
1117,69
1565,1233
145,69
291,1785
644,41
526,1785
912,1659
1946,196
219,75
792,33
1849,1673
501,19
1153,56
1161,1679
185,56
1841,107
187,1670
980,103
1006,73
680,1797
952,1642
1697,1666
1716,154
1475,66
1240,83
908,91
1685,59
1246,41
1396,1630
1111,111
1809,89
173,51
815,1668
640,1672
1597,26
1944,106
516,1693
432,66
1266,1233
1535,154
1394,112
1359,104
645,64
371,119
1292,23
1494,63
1738,35
1977,87
1468,1630
608,90
78,114
497,1675
1452,1657
836,58
654,33
253,1676
858,1668
1813,1680
1599,89
933,86
1488,1657
1288,1233
1603,154
1177,98
477,1680
1382,101
1279,1675
390,233
1340,1641
1589,196
1430,1630
1411,1656
717,75
1309,1671
1169,138
1189,71
603,108
1374,93
1068,50
689,1659
1185,1630
414,1670
1340,68
571,1659
1990,138
744,85
1223,1639
1076,1760
675,1673
270,111
1047,79
591,1679
1755,54
1350,132
1462,1656
988,93
328,33
928,106
964,1666
1068,1654
1549,107
1527,51
280,51
799,1672
1204,86
1903,1656
1499,1676
1503,58
1768,73
1865,63
1170,53
984,32
819,97
1863,1654
916,119
492,1807
1419,104
1281,79
1371,1639
238,96
370,104
1455,37
1682,43
1331,107
1189,73
626,1807
1546,1680
1877,60
496,1666
1971,59
669,107
446,60
1152,75
1015,1667
486,87
513,1641
878,35
915,23
549,1680
1541,1670
824,91
1613,94
1481,101
1688,75
489,83
902,1671
631,95
1793,1658
800,51
1375,1656
1928,1693
1093,33
816,83
354,24
118,33
1939,43
1794,68
1137,79
216,41
1534,77
1707,71
1841,1675
1055,101
118,80
815,106
1115,1670
1083,100
1238,1642
1952,29
1437,1807
1720,41
318,1665
1334,87
620,1
289,23
1502,99
1800,65
1329,1665
791,66
1808,1698
335,70
1652,69
1324,1660
1485,106
1964,73
1162,95
1385,1658
1988,71
1819,77
933,1678
1397,105
575,119
1094,59
982,95
622,54
1336,1641
293,1092
1249,1654
595,16
1384,97
817,62
1221,1673
1222,1092
969,1760
1946,26
492,77
1433,69
1090,62
614,62
1717,67
269,19
587,24
858,1642
607,85
1490,1
1879,1657
316,82
134,41
1740,59
1978,1654
620,1676
879,31
491,28
1750,100
794,1797
1991,138
1884,64
1776,1657
467,87
344,1632
1869,1642
1833,1670
1872,1656
1713,1668
739,1667
1331,71
1078,58
1297,43
1910,233
1414,24
1897,100
576,100
1199,196
703,35
1290,26
780,86
1981,114
719,99
1219,1
1218,1630
248,68
1115,80
831,1632
1627,61
194,1639
891,33
1154,105
311,1654
936,1760
971,73
992,50
935,1670
1812,1660
742,98
981,16
353,633
708,37
1493,1665
1778,101
964,79
802,190
1172,1630
679,638
1901,105
745,56
1777,91
1633,97
566,62
289,66
74,62
1965,98
1891,1667
792,103
280,1639
1756,105
1338,62
231,85
1870,16
1799,108
771,138
1286,65
225,132
186,1666
565,16
915,65
1029,1693
163,1678
1715,104
1330,54
525,1666
871,154
948,63
1191,77
642,20
1430,101
952,58
551,1092
1566,43
1057,105
813,29
749,53
488,1658
1546,63
1107,73
371,61
1168,67
853,119
1208,90
1335,41
1082,1663
644,54
1107,54
937,196
1972,100
210,638
483,1678
1207,19
216,19
1962,94
184,1671
237,1667
383,62
971,1667
57,89
349,107
663,73
1125,233
243,1673
1714,1676
764,1675
1900,59
318,35
1904,62
982,26
305,94
642,119
770,32
204,190
1950,101
388,53
1590,28
45,20
581,98
1519,1658
1558,638
820,80
432,1675
55,95
496,196
924,54
1242,41
1349,109
568,24
1450,90
1178,71
544,1
746,69
1229,1666
1026,51
1835,69
1339,56
307,93
1874,1659
923,103
1076,39
779,97
1976,109
877,638
1834,119
1197,75
320,79
963,109
621,633
1099,95
1020,138
1958,28
1545,73
1395,110
680,1673
1469,33
1460,1672
221,50
1307,59
1662,99
1039,638
1572,1233
653,101
503,66
1263,28
1250,35
1361,108
1034,90
665,1667
780,104
1152,1
412,50
323,1657
1926,93
164,1797
782,239
1741,82
713,36
327,54
953,1667
436,1233
649,154
1459,1673
799,50
1121,16
860,60
365,1658
771,1675
648,94
995,105
833,70
945,1676
1720,1676
1596,39
985,131
1021,111
1228,73
1488,1676
934,196
1222,1665
1422,89
1426,100
930,1
511,24
973,93
1254,54
149,1233
1545,1671
380,63
1726,58
660,89
1284,233
771,54
370,69
522,70
1068,61
457,37
1820,90
1010,53
705,1675
593,1807
579,24
230,1092
524,1679
446,1
1338,1659
319,1675
1564,87
1729,16
1250,53
254,1672
194,89
640,1673
1802,73
534,85
609,20
459,103
1108,58
351,29
1064,32
378,1641
221,1675
1124,90
1349,65
598,97
449,190
507,1654
350,110
775,59
1885,32
1073,16
540,89
279,39
1779,1660
609,1658
1184,108
1592,89
121,64
469,1680
416,638
255,53
1285,1698
664,106
660,1233
1695,65
1682,54
1331,28
1595,1665
653,56
1248,1678
215,1675
623,96
1213,64
1877,41
1112,109
747,50
1597,1092
1061,28
415,106
932,64
979,39
962,53
1614,77
1320,41
1306,196
1970,95
1921,1675
1960,89
857,138
824,61
270,31
1051,1678
38,75
1306,119
494,633
760,37
675,28
879,1678
900,1
540,56
614,19
11,132
1939,28
1265,103
290,85
145,32
1899,1760
1440,101
1115,1675
392,1671
13,233
1801,108
1858,71
1605,36
423,96
1777,29
1905,32
177,638
258,99
646,56
1830,1676
1404,1676
211,65
1889,1666
1611,99
1779,111
1742,97
1117,1666
750,111
627,1654
1034,96
207,1678
1880,64
1108,239
1165,32
1279,70
1009,96
1751,66
1404,111
1227,1656
1762,239
1856,104
223,75
206,17
578,70
1391,1630
1786,1660
1932,100
1398,1672
510,1676
1548,84
704,1807
449,1680
320,24
1337,1671
566,83
363,90
627,35
1510,1654
319,65
