413,28
366,36
1220,91
579,1673
1546,1667
194,28
1732,77
388,108
1498,71
1048,138
1822,90
893,1760
1566,95
704,1663
928,119
1517,75
240,63
368,68
705,91
1110,58
1238,111
526,91
88,67
1895,1092
601,1632
1028,31
400,109
1877,110
739,1666
1368,82
1810,89
918,82
1202,233
1421,73
325,1666
1320,100
1891,239
1783,1797
1525,53
1900,103
1165,68
1758,93
1979,1680
1050,132
442,109
1131,51
728,638
1795,98
1724,68
766,26
675,89
1909,64
1377,87
736,89
912,1797
257,80
1714,110
1606,32
1400,1668
604,64
475,28
1925,1233
688,58
1121,1632
195,26
788,109
1894,73
5,1797
176,1673
524,1639
1352,96
1561,108
731,109
1509,54
1724,1663
1162,112
1006,131
525,1665
636,132
1769,1672
1893,114
203,67
1802,51
423,638
1392,633
488,1659
786,62
76,1654
421,105
1916,36
1825,99
189,29
1238,24
924,80
1393,97
1110,70
122,1671
943,101
1821,1660
1008,80
1986,73
296,108
762,35
1720,101
1920,1639
400,58
1217,61
1551,80
1655,28
771,106
1691,1657
1749,87
174,111
433,23
767,20
1961,63
130,17
221,80
409,94
1283,84
1212,86
1875,1678
1269,99
865,101
960,1675
1202,28
210,82
1481,1671
1563,61
978,79
462,68
304,98
1302,50
1932,93
304,1677
1808,98
1757,1
1020,1760
1620,1807
441,41
963,108
417,16
357,1658
634,1233
265,196
1424,633
238,43
261,16
1742,56
824,196
204,94
133,86
1445,1667
1930,17
392,63
545,239
1022,1233
948,28
1906,1660
716,80
794,1670
1823,1663
981,84
482,1670
288,239
967,97
1104,41
1346,106
1472,1233
374,103
1708,1680
629,1807
1369,36
1962,51
1742,1639
681,42
442,638
1180,20
349,1656
245,107
1184,95
368,1670
386,73
1459,68
504,154
72,638
272,96
808,50
1985,28
1749,107
1240,85
1958,233
627,1693
898,95
806,1660
376,67
847,17
1016,19
709,16
92,54
385,82
49,1642
1582,1
954,43
276,19
1011,54
1329,109
1059,68
687,1807
1462,131
965,1641
1408,1632
1965,24
585,1630
930,131
1854,1092
532,1679
1200,109
1491,1630
1884,31
1561,36
1485,68
555,131
1696,1233
416,82
1005,112
1488,86
649,36
156,108
1171,1663
1546,101
1637,36
682,36
521,98
1148,87
1494,79
378,31
1521,99
1035,1657
1204,80
1096,1657
374,67
1228,110
1080,1785
1962,23
1783,109
1799,1672
1844,23
559,109
1777,28
1416,1642
1110,1668
1526,105
828,66
278,103
1127,1630
643,111
1765,1668
1274,97
1037,131
1136,66
1631,111
1458,43
1151,138
1193,1658
1354,104
92,107
1075,1658
1070,1656
998,67
1311,1654
1504,196
1728,36
1984,94
793,41
618,62
274,1678
1620,97
1036,50
651,20
855,1656
769,65
348,1670
1272,62
1538,95
1922,190
1542,1663
948,1680
185,1680
1107,1673
878,64
143,39
683,50
892,100
275,196
905,93
449,73
1864,1657
887,80
1867,638
213,1
435,59
303,112
1831,104
712,1807
1393,68
1180,190
1399,42
88,68
1544,1673
1066,53
1241,41
889,1642
1868,66
1707,196
121,109
306,233
1122,239
1692,39
699,1666
1195,1657
704,60
1810,86
1388,110
1297,41
1925,1675
144,99
1136,110
1316,1630
770,90
481,1667
4,1670
1053,1693
1701,17
666,138
803,111
408,37
766,106
1815,239
1716,1092
1528,85
286,85
1412,1233
1205,1642
765,35
159,638
1888,1672
0,29
185,23
977,83
1385,110
650,75
1045,66
191,190
929,1
342,62
1799,110
57,190
776,1676
170,103
1461,35
380,1672
730,95
1172,42
1708,36
46,1693
1042,1642
156,37
1694,98
574,87
521,41
1180,1672
616,233
374,233
928,37
824,1698
729,1698
1285,23
867,56
1574,1639
678,64
544,100
1868,23
1852,1676
1616,56
1725,1658
140,1667
1246,1671
795,85
501,60
890,93
748,19
477,35
1649,17
1042,65
1355,138
1023,104
1881,70
197,53
1142,97
1431,70
385,1663
1492,80
201,131
719,65
1401,26
49,87
394,1654
1481,1670
1801,1639
1160,633
1168,36
1620,42
1748,103
907,89
1562,239
1207,99
1120,75
244,1807
1513,29
162,1657
1615,132
1746,53
1931,77
1418,104
143,31
1766,131
1522,1680
1944,31
1245,1680
52,91
25,1233
1220,1670
388,37
703,1657
1859,29
351,190
368,62
1436,233
466,1639
945,1666
88,60
1426,98
430,1657
805,103
383,79
1321,1660
302,1807
1351,28
324,1663
1089,85
1435,65
1530,65
1331,16
121,37
1106,1667
1451,1092
1112,16
281,70
815,1665
126,16
1202,1
1354,196
1876,65
428,17
528,239
537,87
1381,638
1771,42
1130,190
618,106
789,105
718,1
1761,97
1207,71
1268,87
1126,29
1129,1807
1239,1698
1196,107
6,1659
1277,112
906,233
136,1785
1652,108
179,1641
1852,638
952,1659
810,1657
1734,638
503,32
1280,37
1907,86
862,1657
1712,24
1547,89
720,82
996,1675
1661,91
1608,89
703,107
52,63
1484,1656
1310,1660
449,29
217,105
1637,35
521,97
411,89
1849,51
967,68
1096,1658
1503,39
1553,1632
957,95
1365,66
249,154
909,1672
1288,59
980,23
529,73
1378,190
1469,85
1553,1666
763,638
225,99
1425,1660
1421,35
173,131
1303,67
438,233
1735,1680
781,1641
301,95
1145,100
1970,79
1074,24
244,95
1282,77
290,131
1856,106
823,111
310,70
1306,71
864,100
1383,119
1596,100
860,16
428,132
513,42
637,83
488,54
627,37
1884,77
474,24
1766,105
1035,75
208,68
120,1680
641,1668
124,104
1354,1807
1432,77
1010,73
1475,17
1930,71
834,42
1976,1785
1498,69
602,62
1816,98
702,77
193,67
306,1698
1390,62
1927,1671
1124,110
1973,69
1592,1676
1835,108
309,1678
1261,68
216,58
1801,61
341,1678
1726,97
667,50
1846,1678
1692,32
842,1760
525,1
582,50
1959,1658
552,97
861,233
184,1233
1857,16
1293,60
895,1698
1303,103
419,59
1282,190
969,233
642,1
257,37
1164,190
47,1092
1810,1672
456,131
149,96
460,1659
1224,1760
1391,1660
769,51
382,1680
553,1668
1582,62
1177,95
209,95
1387,1658
744,1672
855,1676
1384,1668
1927,39
1984,1639
228,35
1591,90
1799,105
533,1678
170,100
1594,93
1755,1657
412,41
527,1660
553,1233
1423,154
123,61
750,138
1488,31
1949,190
1536,77
1845,1673
1262,33
654,1760
1214,132
574,39
1697,190
924,82
202,233
990,70
1829,1675
1351,59
302,196
1027,1665
1682,1675
1265,1807
1691,1659
258,41
1402,96
1867,54
747,1665
1710,1632
1529,99
1478,100
1786,61
260,1233
319,1654
955,86
1805,86
1734,196
334,17
1534,1666
328,106
736,103
1913,39
722,70
1771,65
567,82
173,1679
566,110
0,75
1552,89
763,1660
522,83
470,29
123,1630
1251,1680
1685,53
1268,1665
365,90
1608,62
1811,1667
1422,1760
375,1
1879,80
777,65
264,108
696,111
1745,20
864,1233
1859,28
703,1656
1953,71
1617,82
1835,39
1043,56
809,99
1237,99
192,107
1223,80
1985,97
467,16
917,638
1274,75
942,35
1277,1092
1578,131
1690,633
1051,1
629,53
1112,17
1689,1671
1464,1678
1145,79
847,19
803,89
931,108
807,1665
1913,82
1853,1666
675,19
253,99
571,66
537,86
1070,104
614,100
643,1630
129,196
1274,638
1758,1680
1207,70
1177,23
1747,53
6,29
191,19
1352,43
1031,37
613,54
459,1679
374,1642
1290,112
868,68
859,1639
992,1092
1177,1698
1732,84
612,65
575,95
891,154
565,85
1614,80
1873,42
1739,1665
156,110
859,1797
1181,28
1977,101
1134,36
1393,94
1088,1676
1275,94
780,1642
1939,33
217,1654
1299,190
236,98
444,119
1683,36
785,85
326,119
1123,19
1345,61
1751,1677
1365,50
1844,17
1924,105
255,36
795,1657
1863,100
712,1233
212,1676
1847,1680
1907,1233
1387,85
311,1785
1047,89
1345,633
1166,1657
581,39
139,28
324,16
882,1657
954,90
1123,1677
1415,1639
1885,1
1794,64
1337,1668
1049,56
1490,154
741,20
1611,1678
641,1642
1144,233
697,1642
1381,196
1267,1672
938,1668
1385,1
542,110
1020,60
1391,31
294,1659
1239,91
416,1
1547,68
113,73
1215,1678
1442,1630
1779,239
1010,1660
1087,20
1215,35
938,29
1825,68
776,95
600,1667
1082,1639
1717,79
1774,16
1261,67
1373,1673
1878,50
463,233
620,1672
1164,1659
1532,1641
1891,50
1050,638
1512,1233
1749,33
1711,101
1829,42
1763,1654
1634,82
591,33
1842,54
1771,100
632,29
1279,1641
1648,233
1956,50
209,1632
485,104
34,16
319,17
1106,31
1352,99
855,16
1068,103
1585,75
1770,89
423,132
894,633
740,71
402,16
1954,98
1260,1693
412,89
948,59
199,131
1252,73
1806,1630
1664,51
924,60
449,196
1686,1668
1821,99
1284,1656
704,1630
252,638
1029,16
1271,93
1493,67
1422,65
1479,112
1264,1785
1379,36
970,1660
701,16
899,132
198,106
1783,87
383,58
279,239
180,1092
127,33
1691,1658
1526,87
1682,111
985,1639
1967,114
624,1676
161,1666
719,67
424,1632
919,1693
851,59
1282,131
1117,1656
536,1680
1966,24
528,1632
286,36
1020,1676
812,84
1788,1233
525,633
30,41
1177,58
627,28
494,37
1884,54
1276,1667
1149,1675
1921,36
825,1
440,97
1381,28
577,1632
379,84
754,56
1034,70
1724,1677
398,73
1089,638
398,1693
887,101
345,70
1873,94
1826,1760
635,101
303,69
721,1660
439,1233
1915,1656
1157,79
1972,68
1133,64
1636,41
862,110
1661,1642
1184,82
1555,69
466,1671
212,103
396,94
1135,1671
1520,26
1540,53
311,51
1516,1632
767,154
1202,63
1648,83
373,1639
456,77
1145,63
847,131
300,70
1420,1797
891,1760
543,43
1572,1671
1885,60
1197,26
1743,51
423,110
1951,70
464,101
1466,1760
380,73
530,1092
571,1680
1442,37
1361,51
807,85
593,73
1841,233
1000,85
434,1639
551,80
882,105
701,1807
1651,95
824,82
1006,190
900,239
1699,1665
166,1
1879,119
1987,33
780,1797
1077,41
1262,111
160,106
712,1671
341,37
435,32
1983,53
796,63
800,58
240,23
88,107
145,36
933,67
167,1679
387,99
981,1659
1043,196
1190,53
1551,100
813,638
1716,37
1938,43
563,107
1425,132
529,79
396,66
358,1673
272,79
1213,110
596,1668
122,1807
993,100
1776,53
1221,1632
713,101
1155,90
1505,1
955,32
48,196
463,1785
1481,104
328,84
1909,1668
1559,82
622,1693
736,32
970,638
1966,80
1140,1654
920,1659
390,63
1022,1654
1272,65
1058,1680
1743,23
1301,32
1955,63
1224,51
617,29
1978,132
1138,1641
1528,1673
1591,112
312,100
1733,1807
298,91
744,39
1393,1678
1004,1641
15,26
5,80
46,1668
479,1666
1057,64
1191,53
492,59
8,42
482,97
1167,60
559,1675
378,62
1299,108
668,69
1532,1668
1579,101
1497,84
1361,1233
116,1676
1200,1797
634,65
1317,82
757,54
500,1
1293,58
770,89
120,20
1900,1807
713,1
522,1657
1598,1797
823,77
1874,1680
584,16
323,68
1192,638
242,31
1885,1658
953,31
1926,1660
955,633
1916,1660
938,1657
542,75
1139,1785
1594,91
422,84
1471,91
355,51
1646,1667
1542,154
457,1639
1323,80
1148,43
156,87
496,90
1399,154
478,94
145,83
1788,106
330,32
1164,1673
1473,62
800,1660
282,62
160,1630
1602,132
1307,32
410,154
582,28
1759,110
1175,233
1749,196
476,111
1691,119
1047,19
1074,79
850,239
173,90
1481,1675
1216,132
1224,1679
267,106
1050,23
1865,138
1305,67
1875,97
954,19
1400,63
1201,50
1015,638
1633,23
323,32
1083,50
1613,638
1885,1630
252,104
1102,108
953,59
1218,633
1129,50
1245,1660
1851,1668
1893,1
459,108
351,42
479,97
887,100
953,1670
203,99
995,31
866,1677
1959,107
568,43
472,64
729,1667
609,1665
1983,97
1143,196
205,1698
1366,109
1593,31
945,1671
482,41
434,132
839,39
1228,70
1727,108
1589,75
544,131
1080,53
1868,54
663,138
1308,93
424,1
795,50
263,1656
1099,64
713,1693
1445,84
825,1807
899,112
1526,1
901,1698
422,1679
439,1639
1511,1667
1516,111
999,131
1988,1233
1128,1663
1973,1663
264,1672
1065,82
1981,68
1142,64
1971,82
1886,67
657,1760
385,37
1624,110
1715,89
1913,80
385,86
45,132
1791,1679
182,39
1538,196
570,1760
266,1785
1629,54
1187,31
1116,111
1609,58
1572,138
1358,71
1035,32
370,112
1163,119
554,1698
1604,138
1931,106
1860,28
1803,39
426,1797
1381,63
1186,63
948,77
473,107
650,1671
830,105
1185,110
1688,67
341,36
1953,97
1556,58
411,90
1798,1639
857,62
492,103
1399,66
124,1658
269,233
1304,1642
1375,1665
833,1666
307,1639
789,1667
809,93
502,1670
1469,1670
292,60
477,104
781,1668
1379,1641
1250,99
1568,68
409,105
1041,68
1914,61
466,29
1192,71
548,35
92,103
1933,86
1388,1679
947,1671
1022,73
1487,1
1876,96
1245,79
1121,65
791,1663
1794,94
732,1673
1335,98
694,110
1499,1680
1552,20
684,80
1055,99
1757,69
1975,50
1923,1679
366,190
1841,42
1936,1630
1343,1680
1281,83
1045,42
1839,1092
1346,1659
464,1797
646,190
1594,68
1152,95
1500,1639
1229,31
1105,17
1160,1658
266,1233
249,1663
210,1807
294,119
598,33
1955,1658
1460,43
1543,1668
1742,1665
967,37
705,94
816,1233
122,56
1778,109
1483,75
363,190
829,53
856,77
862,39
189,1659
1017,190
604,1642
530,1797
1820,104
757,132
1554,79
1240,17
484,1679
1888,1233
1448,62
1701,29
337,1679
254,96
92,75
591,35
224,51
21,50
418,94
757,1641
1490,1670
1370,1668
986,1677
1605,100
585,1673
792,109
1200,90
1898,1
369,1658
1348,98
1968,95
1391,61
675,1641
825,84
493,62
1010,104
1054,39
848,1671
728,1673
1614,31
787,16
241,62
1879,73
449,41
503,154
624,633
877,105
1356,138
588,28
1518,35
274,84
1439,1673
250,1667
1289,80
296,1639
611,35
27,82
1440,51
1018,35
1422,71
88,36
587,58
1342,190
866,111
886,106
1849,1654
373,77
856,41
1852,1663
1143,1642
400,63
1095,51
339,66
1392,58
1520,79
1507,1639
258,36
169,1671
1221,1797
1981,63
885,196
1458,28
965,60
1839,54
1117,1654
1525,1641
823,35
955,107
263,104
1853,1659
1046,89
1857,1676
1457,62
1577,1641
464,1665
1600,1670
746,79
52,1660
256,73
1558,87
1761,89
323,35
1781,1658
1723,1656
718,1668
1486,50
1955,105
768,67
801,1632
1822,1679
1919,1673
1519,31
1010,61
1790,190
1133,1641
1651,69
1044,29
128,1663
1917,154
1755,35
146,111
1124,82
1694,66
1199,1632
445,33
1506,1678
526,101
307,1693
1579,31
937,42
1473,104
1082,1676
430,24
1469,77
1787,62
710,51
596,62
1960,1639
1106,1663
291,80
918,31
481,1630
1155,96
591,106
1108,64
630,1668
1296,58
509,101
1306,111
1876,77
760,29
888,82
1188,79
1021,138
495,39
1311,131
1117,80
1747,73
1567,1678
1183,69
1278,93
452,1677
1462,132
896,101
1419,1679
498,43
1556,1671
989,1092
1068,41
1931,109
905,1679
730,96
882,103
1897,16
314,1675
636,90
887,75
1741,112
487,1657
445,69
193,20
1872,112
512,1632
496,99
1903,1665
1868,196
38,1659
512,1678
886,1678
8,1673
1750,83
1737,1092
487,61
1122,196
899,111
795,1658
1023,1675
1961,233
437,1673
1692,79
572,84
804,39
969,96
510,64
92,96
1587,65
1511,41
391,110
452,104
1714,68
1946,19
799,1639
1889,91
697,1677
746,1658
413,101
1898,42
670,23
1281,82
1874,51
1196,75
1766,109
1185,1666
1595,119
1176,39
1799,1
951,1675
331,1654
447,1676
1439,1654
184,32
1411,1233
612,96
905,64
1792,96
136,131
146,36
479,1676
1664,42
1556,104
1775,100
983,1656
1968,1676
292,1693
1749,633
1825,89
904,23
478,96
658,26
534,1673
273,56
1218,98
354,37
1426,23
516,19
1416,1
549,85
1143,1665
1378,239
842,1693
899,58
1886,1667
1342,1673
479,1233
1606,1630
1863,69
335,93
1138,638
1857,20
1843,41
1184,1797
851,32
102,90
1593,1667
1563,87
1002,111
766,28
324,119
129,103
751,1668
186,112
408,42
337,132
1956,61
746,104
604,94
1922,1673
1121,108
537,19
1272,1675
1085,1658
1234,84
745,33
484,83
1063,1659
1269,638
1324,101
930,196
859,86
1983,1675
589,65
313,190
697,32
827,1233
1637,1760
5,33
1219,103
693,84
569,94
1712,36
625,1642
938,109
1950,98
616,95
321,101
645,98
1380,1
598,66
527,66
1289,87
1417,106
1366,71
242,1667
340,20
326,35
1164,1675
738,1679
1706,66
363,42
127,93
202,100
1177,1092
3,109
634,99
1765,1654
1127,1693
278,32
889,23
875,36
1118,96
932,37
1108,190
1904,53
1316,1663
1283,90
224,97
189,1233
1074,77
405,20
1752,73
1098,71
528,105
324,196
1198,26
1255,31
817,77
334,132
172,39
464,1666
547,53
826,100
1602,1785
346,1642
661,37
671,1632
1183,96
874,1660
916,85
1605,71
1456,66
6,53
1257,233
1395,119
1766,90
536,32
1442,28
227,1667
415,1092
603,24
1210,32
1926,1630
1988,119
1300,17
986,51
1893,190
1253,95
1860,73
1290,43
376,1233
392,86
1013,1675
211,1665
1688,105
753,70
435,1693
857,32
971,24
478,56
1143,119
468,101
875,1657
237,1632
329,138
1181,1656
1880,107
1689,1675
965,31
1026,1641
538,99
1702,1667
1151,109
1624,31
206,60
746,17
874,106
1519,638
1433,103
408,98
1101,1642
475,90
954,53
1862,1639
484,132
1079,23
1558,112
628,1639
1252,633
441,79
356,94
983,19
1940,1676
242,37
1518,1807
1618,73
133,35
959,107
1559,1660
270,196
180,66
754,91
698,1667
284,32
1598,633
345,54
473,105
1096,1665
1063,71
881,53
1197,1233
1946,1797
995,61
1295,16
1299,85
1393,82
1521,101
364,20
421,43
1289,111
1424,1666
658,70
397,50
630,138
1032,86
1987,638
938,633
1844,29
1933,1680
1241,64
1614,1667
557,1654
998,1672
527,638
1463,1654
842,108
1574,108
12,60
969,103
1481,1639
1303,94
865,54
1681,106
376,101
1763,1630
910,1676
147,1676
609,73
454,1656
277,17
1901,1632
373,1656
139,16
1424,108
1022,79
1815,80
456,108
237,638
1093,41
215,75
1358,54
1423,638
1585,35
1766,98
403,35
332,90
448,1639
1355,1658
214,82
1229,29
1234,1673
237,83
1213,1092
1528,1642
388,107
1822,93
701,1665
1063,107
1894,1807
1087,97
759,16
1849,82
1208,70
985,83
933,100
1695,1668
748,37
178,71
1854,63
1052,109
710,233
1692,61
146,1656
1696,56
908,132
1317,32
1887,66
993,20
480,65
975,108
1421,66
1631,73
476,53
163,1672
794,94
1151,84
1593,1666
1302,190
992,91
689,29
1585,1667
1378,1667
528,1656
912,1675
1429,1654
1874,1679
1110,1233
276,98
816,119
465,95
1348,1658
451,28
718,66
0,1672
647,66
560,108
1462,77
570,61
1619,58
792,111
336,91
232,28
1595,37
775,1667
389,112
1442,104
503,1666
1712,86
440,56
683,20
170,97
727,1659
1058,56
693,83
1419,1797
1091,32
1694,1673
1067,59
1053,100
924,56
496,93
478,93
1964,1641
1821,16
1935,24
1812,1785
909,1658
1160,84
1403,1642
800,1663
945,1658
544,233
1226,1673
1730,93
1089,67
852,31
430,109
1178,1675
1368,53
1132,54
587,1671
968,1667
694,1657
809,1665
1293,91
1937,63
466,80
500,96
871,51
1210,1675
311,1676
352,23
1330,32
1165,97
1634,114
514,53
462,79
1856,87
699,96
1353,1679
1887,1658
933,1807
917,138
812,80
1887,1675
1106,108
1055,37
926,107
768,69
1841,112
157,39
271,35
1031,77
1314,67
949,1680
507,31
697,67
219,1667
332,98
516,1680
645,1760
1437,56
753,69
1295,63
1831,89
1906,26
1104,32
1252,1676
554,1
1845,77
1575,84
601,42
1708,1679
1744,80
529,1641
581,1657
947,67
1779,1654
1318,86
510,1785
1180,19
1705,1672
1545,99
1435,71
1368,98
155,1797
1520,109
1307,1
648,1666
1937,138
1132,26
1847,1675
899,1663
419,105
902,1654
652,73
908,35
1407,97
1782,23
861,93
1786,90
1772,89
615,82
1151,108
102,99
864,94
149,50
384,109
1101,1641
1861,63
688,106
229,70
268,1670
1140,96
305,1679
1908,109
1790,73
1556,1665
1405,53
603,103
821,36
825,33
1505,1671
1825,1760
149,1639
1620,1663
1361,64
1441,104
412,110
345,53
630,638
1232,66
625,1666
1566,107
38,67
1148,110
800,62
293,31
350,64
854,1676
544,51
1204,95
933,79
1143,90
520,60
259,16
269,119
1878,154
1751,1672
1496,132
1459,56
781,28
966,24
1023,89
1625,233
1553,1668
525,23
941,1666
1392,68
562,28
1448,69
769,1698
1740,1760
159,79
1933,83
395,109
1815,83
348,1663
78,36
760,59
762,1673
1103,82
1107,23
357,36
1305,56
333,59
1861,19
1055,108
1068,233
741,31
1689,83
1196,69
560,1659
1434,638
1346,1654
300,1642
1371,41
801,75
436,90
1361,19
1010,67
1803,68
882,54
797,63
247,104
878,58
905,70
1688,51
361,1678
887,41
1591,1667
983,1658
914,31
1329,1092
1916,24
1859,1807
407,190
853,90
270,1630
1517,67
1875,1233
715,73
1855,111
725,16
1148,1668
1774,132
657,97
1284,26
1119,70
842,62
1123,131
420,104
353,91
231,94
1392,96
1614,1807
510,19
1061,42
305,41
1374,1679
1525,61
1752,111
723,111
391,63
456,58
955,64
1292,65
1966,1
665,91
628,39
404,24
1969,1632
528,1672
1514,83
903,70
1815,1673
274,1660
1975,19
488,24
845,68
1841,75
1756,98
252,64
1709,84
953,35
1695,1
926,1658
982,1658
878,103
1290,53
679,35
1441,16
1684,84
1506,1654
774,1676
574,41
796,99
1332,93
1171,89
145,87
1218,68
1110,94
526,63
583,58
1483,104
1379,43
1915,109
424,41
405,1630
1972,28
249,84
1783,82
1122,1639
1312,239
359,56
1023,17
642,1654
815,1797
12,1698
1051,59
311,42
631,1233
1914,1
975,67
1146,119
1819,62
1412,1656
1448,1656
420,1797
1583,62
149,29
1913,41
1539,77
1046,1642
1083,54
639,1642
128,54
1712,1670
1197,66
205,56
906,109
1975,119
387,1680
1035,56
1442,26
1432,28
577,1659
1987,1630
1371,17
379,107
92,1676
811,70
1111,83
1954,16
1806,1676
1765,67
1953,89
800,19
1617,84
1451,1632
478,62
796,71
601,41
1105,1673
1627,1656
577,80
1868,50
396,196
913,54
271,1668
705,1632
316,19
192,97
780,1698
1135,1666
864,1666
1179,93
1240,93
1574,70
790,105
993,83
907,1807
1084,69
770,29
471,1680
894,28
1913,84
769,1639
1734,26
978,43
1605,1698
22,1680
1376,105
684,104
1225,1632
712,97
508,28
916,107
1452,101
920,110
1401,1659
869,53
1354,1667
919,1233
986,98
1371,1680
1949,1785
1209,138
679,26
5,103
1116,1667
986,132
1465,97
1949,96
1494,71
782,67
189,93
1650,56
1762,1630
1062,138
1972,37
449,1693
815,110
1446,132
880,75
553,59
1911,80
860,1233
202,43
1717,1659
168,1675
1223,50
710,131
235,33
272,53
1800,93
1783,26
795,1663
406,32
1740,239
716,1671
1382,1632
1458,80
676,100
609,79
666,190
1022,77
1086,1233
1141,138
594,63
557,73
1865,70
266,98
1118,1658
386,1675
1979,75
250,1092
1301,43
1159,61
1940,1698
1988,58
1300,100
470,95
683,42
616,1675
1685,119
251,108
1708,56
545,62
1812,110
720,1680
1546,190
227,84
1741,17
971,85
422,1807
483,1807
800,91
1581,633
648,31
189,97
1403,39
1265,58
1375,53
932,1675
1456,1233
1345,98
677,109
1726,104
610,64
1056,106
1331,32
1532,1639
781,63
677,1666
1119,65
1213,28
3,131
282,86
410,131
231,89
1947,107
1071,19
1515,109
1246,239
1691,110
1786,32
234,97
1980,64
1178,105
537,103
666,1797
367,1672
875,633
1046,32
1376,17
1049,1665
351,1657
350,1092
1729,1676
494,19
1626,1760
751,105
1432,1
398,1641
403,65
1591,83
1866,638
308,66
1172,50
1245,1668
1229,63
459,71
1684,85
779,1672
820,84
749,154
345,108
1741,1680
1384,71
923,1641
431,90
749,43
1346,31
189,20
283,83
1029,26
122,1676
155,29
913,73
1565,233
687,107
1958,24
785,23
773,638
1551,91
282,59
1891,84
130,119
576,43
690,31
1702,108
674,1092
1601,95
1621,20
918,119
534,71
1377,1660
116,50
1353,16
799,54
860,32
312,1654
1720,1672
608,56
812,82
280,67
1311,56
1150,16
566,97
912,1656
1376,61
1951,104
997,43
580,69
1338,105
1713,35
1595,67
285,16
801,114
270,239
1159,1663
1547,53
1769,101
298,28
669,59
137,154
1816,50
1963,1641
1826,1675
171,1667
295,1785
1826,87
152,633
891,100
321,70
146,107
1332,131
1575,86
1745,1659
250,70
1228,67
1652,1659
1636,64
474,1678
1416,77
424,119
1290,1642
984,79
1196,1092
1773,106
192,98
1170,87
1402,28
1830,66
1759,56
1564,58
1692,103
401,1659
1061,16
1118,67
1839,97
302,1632
1296,62
1577,67
803,94
927,1676
681,638
1235,67
1549,29
1933,190
1791,94
1738,86
561,16
622,1675
455,1760
1931,1673
614,31
452,1658
956,1670
1386,95
694,54
1408,1657
920,111
631,1641
560,54
1884,97
285,67
271,1
773,1659
858,89
693,24
1741,1654
750,107
1712,16
1954,53
549,633
1447,16
492,190
699,1092
1599,1785
553,638
223,62
1295,29
750,1760
1336,98
1214,71
47,98
122,33
1066,70
383,154
1090,64
1080,1666
1227,89
1783,100
1911,83
1379,98
809,64
1915,20
1454,1680
1754,154
1042,110
1247,1679
909,37
1288,1630
1178,1630
787,633
1110,1693
1477,1698
818,97
1100,1679
130,63
1875,1760
348,103
642,53
1934,1670
1074,16
499,98
210,19
1634,56
700,1670
1984,87
129,31
1231,154
1786,1666
1528,66
266,99
1761,20
425,1666
266,1670
642,633
1564,1760
1864,154
1220,77
1790,107
905,1630
298,69
1058,19
448,1658
1152,84
565,1
1259,1807
1498,77
158,1656
1790,1760
542,1666
1647,53
1637,79
857,29
1872,80
1389,1698
786,99
967,32
1207,1797
1422,108
1532,1666
731,1233
711,31
729,196
899,62
1056,107
909,73
956,36
207,98
1763,1665
1967,103
794,42
287,107
898,28
153,83
1407,59
385,96
404,196
945,104
1914,1632
1620,31
310,58
509,41
1625,1671
850,39
286,51
268,1642
1009,1678
1518,1657
215,104
570,73
1069,17
1805,1693
802,36
859,61
855,1668
1324,97
1072,138
664,61
167,90
974,1673
1988,31
825,95
1736,95
565,101
15,68
1048,65
1731,196
204,131
1883,1
1869,110
1769,1654
1731,85
1185,41
1647,73
1634,1092
250,1676
806,51
1342,65
1647,190
307,1668
1778,59
885,1675
1811,43
819,53
1793,1233
1166,77
1014,80
687,106
306,51
1028,86
1156,35
970,26
1636,131
630,96
3,1797
481,63
1857,91
457,54
1368,56
1388,75
969,83
552,69
1468,83
881,1679
466,79
784,104
510,239
1216,154
153,1668
361,93
1734,79
614,112
125,29
769,23
584,50
712,71
533,103
274,1630
228,233
652,1659
360,33
656,638
1595,66
1978,70
845,1675
811,43
318,73
507,16
369,23
1162,26
575,35
868,63
1437,132
194,90
1542,233
911,109
1724,1668
901,71
612,36
1512,106
1739,1693
1637,54
1312,1668
729,98
1194,60
1622,1656
316,190
1018,64
306,68
1069,1233
212,110
620,35
1669,190
606,90
422,1665
724,1
1516,101
1209,1659
201,68
1621,70
1270,28
163,1639
1360,1785
333,1663
504,19
1482,36
490,42
510,41
806,1642
1027,16
1890,24
737,84
1715,95
116,23
561,1642
1012,73
622,1672
894,109
897,53
846,67
708,96
566,66
1106,79
1328,93
1352,83
613,62
1719,80
929,87
1978,90
1483,1672
1102,82
1505,1668
1732,1785
9,17
1738,1658
750,104
241,104
848,16
1162,62
1149,190
548,1233
260,53
1077,50
505,1680
1464,24
621,39
435,86
520,1668
1750,1630
544,54
391,1667
1939,41
250,91
1265,28
1375,1679
1848,109
1151,1656
1868,80
1355,111
363,89
1156,84
1193,233
1469,108
4,1654
174,66
710,16
1269,1807
329,59
576,20
1753,82
1757,1642
1260,70
582,94
604,1698
1053,1679
315,105
1294,1675
1444,28
1358,638
591,85
1057,1233
141,638
1856,99
1302,1
386,1639
52,1666
903,95
1041,1658
394,61
1814,31
215,71
697,1680
1362,54
647,90
1684,1663
1466,104
1159,63
1224,58
1352,79
602,1678
1586,1676
939,41
1495,84
1391,39
1964,61
1336,1670
1313,70
745,1668
1024,31
1775,99
1447,132
1949,66
631,33
1440,190
1849,86
800,93
1228,53
472,62
379,1760
1727,93
989,1639
786,96
1697,26
448,39
1113,1639
1426,16
880,26
1854,80
833,1632
340,108
1692,138
539,70
1458,1660
1925,1632
1203,1667
549,33
330,233
46,37
339,29
1407,196
1635,33
2,87
1132,93
1118,24
737,35
1749,154
666,97
653,1657
851,39
1762,23
1892,1797
723,1658
314,54
1606,31
1734,96
614,85
789,71
1353,1632
357,69
347,83
1272,100
1079,91
1953,1654
1456,42
773,1680
546,62
640,39
1874,16
847,1668
938,1632
925,90
1974,95
220,1092
679,79
1897,66
773,23
1661,26
684,1654
1566,23
981,69
1896,36
863,33
1898,1630
283,85
1147,107
155,31
843,138
1008,75
1644,1632
116,1656
1273,1797
563,59
1327,69
923,131
458,1642
1735,89
1611,87
653,103
1544,28
1872,633
861,196
1985,190
1937,51
1409,1658
1322,1785
352,43
666,69
731,1641
1084,19
1563,54
206,37
562,1797
324,80
699,100
917,37
1439,96
390,111
1376,64
826,97
262,53
1615,104
1619,109
718,1678
878,1673
590,105
1538,29
1888,90
1618,94
1485,85
1341,1797
1414,83
613,106
191,196
801,112
436,29
493,28
868,56
483,26
1920,99
824,190
551,53
1802,75
1869,17
1029,1654
435,1760
1627,99
975,1663
1346,97
501,196
1721,91
1593,32
1801,19
1416,79
1622,1657
890,20
1133,56
127,239
1947,1670
1057,1672
850,1670
1773,104
121,66
529,1679
1655,68
1578,1666
1506,93
1469,71
791,63
1203,39
396,37
1193,29
1891,114
1985,233
349,67
1203,84
1299,1641
1809,84
1458,58
1257,1676
45,108
884,29
206,1
1893,1672
1339,80
1710,65
954,62
661,68
81,58
1466,85
1548,59
1202,1807
847,1630
1452,1676
285,65
305,1667
1874,73
1595,1693
1068,39
1822,1660
1314,99
857,1672
251,50
1816,16
1431,1673
1380,119
1256,61
210,1092
800,50
1319,1657
1263,1675
1238,1675
597,77
767,1693
1503,41
1216,633
248,633
850,1642
1256,1785
159,1668
127,16
1806,90
719,1672
1863,1675
767,64
1937,106
525,100
1118,61
1303,85
898,54
1914,68
1904,114
1193,1639
1108,98
1644,108
1424,97
1316,87
1923,73
1363,20
463,1654
618,37
1002,132
125,83
1127,100
903,94
1490,1693
1828,89
1818,83
521,638
1163,59
1605,26
1310,190
963,17
983,50
1746,1676
1078,37
1461,1663
878,79
440,33
1198,1666
298,67
1370,239
379,20
185,1663
1769,1807
1234,1666
1930,77
607,1668
962,109
745,1675
483,82
1328,1670
1015,16
1205,64
983,1654
1963,28
1792,132
1460,50
1831,29
1507,1797
1110,54
1717,86
1579,93
428,1641
1156,73
1251,77
406,80
1810,58
1219,1092
150,85
739,1678
770,190
989,42
1529,77
350,1660
1529,62
210,98
1876,28
920,1665
1282,39
1127,59
1729,1639
1353,1639
528,1676
708,42
299,1642
286,64
694,77
0,1677
1384,1663
745,43
413,67
1153,1760
1212,633
351,1675
309,131
925,89
1094,1676
1664,1667
365,108
787,1660
137,99
797,31
418,1676
1471,67
1512,112
1015,71
597,1678
1333,110
533,1654
1570,75
1276,104
923,1642
1423,29
1067,79
228,1641
1521,32
1286,638
648,62
705,51
634,1639
1355,89
1858,16
1958,31
1062,32
919,65
363,1677
513,1666
329,97
1270,54
586,91
1625,86
443,86
1540,233
1833,97
1616,1663
382,73
1681,53
853,1092
319,1656
338,19
1865,1668
7,1642
1410,69
1878,1666
334,31
1296,100
267,98
1117,69
1565,1233
291,1785
1372,53
912,1659
1946,196
219,75
792,33
926,108
1153,56
185,56
1841,107
187,1670
9,1630
1006,73
680,1797
952,1642
1475,66
1422,1663
1685,59
1111,111
1944,106
516,1693
1508,105
1394,112
645,64
1494,63
1977,87
323,1666
1468,1630
497,1675
654,33
858,1668
550,86
933,86
1599,89
1603,154
1589,196
752,109
1411,1656
1169,138
1189,71
1374,93
475,1639
414,1670
1340,68
1990,138
1047,79
1910,93
591,1679
1350,132
988,93
328,33
1487,53
964,1666
1549,107
280,51
799,1672
964,101
1499,1676
1865,63
916,119
1419,104
1827,119
1281,79
1371,1639
238,96
370,104
194,154
1546,1680
496,1666
669,107
446,60
925,1
1152,75
878,35
915,23
824,91
223,59
1613,94
1688,75
631,95
800,51
1104,1
1375,1656
1928,1693
354,24
118,33
1569,1693
1939,43
1137,79
216,41
1707,71
145,19
118,80
815,106
1238,1642
1437,1807
1969,1233
1952,29
1720,41
318,1665
620,1
1119,105
1502,99
1800,65
791,66
335,70
1574,23
1819,77
933,1678
1397,105
1094,59
838,1797
293,1092
1249,1654
595,16
817,62
1198,84
1221,1673
969,1760
1946,26
1433,69
1363,132
614,62
1490,1
1879,1657
134,41
1116,75
1978,1654
879,31
1884,64
1776,1657
725,1233
344,1632
1833,1670
1872,1656
1713,1668
1035,68
1078,58
1414,24
1897,100
1290,26
1381,91
703,35
1219,1
1115,80
831,1632
1385,1670
1627,61
194,1639
891,33
935,1670
292,1668
936,1760
971,73
1812,1660
981,16
1742,1673
1493,1665
1778,101
1172,1630
679,638
1915,68
1901,105
1777,91
74,62
1891,1667
582,41
231,85
771,138
225,132
186,1666
1853,89
163,1678
1715,104
1330,54
871,154
1597,84
642,20
1430,101
551,1092
813,29
72,239
1107,73
371,61
1168,67
1335,41
1305,110
1107,54
1207,19
184,1671
57,89
1280,73
1125,233
764,1675
318,35
982,26
858,28
204,190
1950,101
388,53
1590,28
779,1676
1519,1658
1558,638
820,80
496,196
1879,54
924,54
1242,41
568,24
1450,90
1531,29
544,1
1229,1666
1835,69
307,93
648,63
923,103
1076,39
1976,109
1834,119
430,1641
320,79
1099,95
1958,28
1545,73
1783,41
1469,33
1460,1672
221,50
1307,59
1735,91
1572,1233
653,101
1250,35
665,1667
244,196
780,104
164,1797
713,36
436,1233
300,84
799,50
1121,16
860,60
365,1658
1549,70
1720,1676
1596,39
1021,111
1488,1676
1513,239
1222,1665
930,1
973,93
1254,54
1851,64
380,63
660,89
370,69
522,70
1432,97
1068,61
1010,53
593,1807
579,24
389,94
524,1679
446,1
1338,1659
230,1092
184,112
194,89
1802,73
459,103
351,29
1938,1657
378,1641
1124,90
598,97
449,190
1124,41
350,110
540,89
279,39
1779,1660
876,33
609,1658
1184,108
1592,89
121,64
582,1659
416,638
255,53
1285,1698
660,1233
1368,104
1331,28
1682,54
653,56
215,1675
396,39
1248,1678
1213,64
1877,41
1112,109
619,111
747,50
1061,28
415,106
932,64
1330,111
979,39
1320,41
1306,196
1970,95
1577,71
1960,89
1306,119
760,37
675,28
917,71
614,19
11,132
290,85
1115,1675
1372,26
1605,36
423,96
177,638
646,56
929,84
1889,1666
1779,111
1742,97
750,111
237,104
1034,96
1009,96
1751,66
1404,111
1470,70
223,75
578,70
1398,1672
510,1676
551,1678
704,1807
449,1680
320,24
363,90
1805,638
159,1670
624,69
1696,19
677,1658
676,131
1397,104
686,79
1533,1656
676,97
591,86
385,24
498,1667
1244,1672
381,86
1534,1654
736,58
1781,1673
1254,111
386,1668
1567,1642
1258,98
637,103
931,1676
929,1658
1466,119
1230,119
660,17
1790,111
1280,110
1690,1693
951,1667
664,1630
550,1671
616,107
264,64
337,638
247,23
1209,26
783,107
340,1671
1323,110
1182,1666
1898,1657
1721,32
431,50
307,64
165,98
407,37
483,1667
1119,63
553,26
1589,1680
742,1797
1297,36
1636,1693
359,99
908,131
231,84
1075,1671
1041,31
1611,61
725,1630
305,35
860,89
974,64
765,69
286,70
1154,154
1083,32
1429,1760
1012,1698
72,1641
1523,86
1324,93
1328,24
1277,91
218,90
1072,29
426,111
872,51
797,108
1442,99
503,79
1964,28
365,106
497,50
1917,28
1590,98
541,24
726,28
1262,66
1893,100
351,73
1569,1658
427,1641
598,90
928,50
530,154
1285,26
1436,154
354,110
283,86
340,1657
1340,638
407,73
1222,638
1345,65
1777,70
212,86
491,233
1771,1632
1435,112
834,1657
1293,1630
363,1679
1820,69
207,66
889,31
1240,71
433,1
102,239
624,1671
1886,109
1535,1
285,1233
676,42
1291,1663
246,1678
1780,1639
394,1659
1070,233
1434,77
369,1233
1511,105
1002,75
1909,54
883,196
1255,100
1791,54
547,61
608,61
846,154
519,80
1851,67
413,37
1709,33
1362,1632
650,16
1025,100
1652,29
1419,1656
1864,37
599,1641
1718,51
392,94
1115,106
1105,80
938,73
1220,1675
1883,97
1113,1666
1460,69
1299,65
400,1675
900,28
777,1659
867,67
297,97
1100,51
1801,16
760,1676
1440,104
1811,75
872,1658
785,101
1473,16
1754,131
1857,138
806,1676
1374,67
349,64
212,1660
46,96
1482,32
1303,50
993,85
1715,50
500,67
1320,42
1084,67
733,107
1544,138
1681,23
1866,29
262,1679
1279,32
1960,90
324,32
1383,70
361,61
253,119
1433,111
1060,138
1534,65
893,71
475,82
1207,90
1615,73
34,111
1479,1233
1341,1092
360,1
1851,111
1817,51
1793,42
507,67
1475,32
1495,61
801,17
1930,84
1897,31
1722,1670
1154,1670
1798,103
1488,68
1096,1673
1869,50
1983,62
1731,17
480,1666
1531,87
782,69
621,35
839,108
910,62
175,1667
368,87
246,104
175,36
1137,77
1004,60
1379,24
293,233
387,108
691,58
1783,99
168,93
1952,31
960,41
1773,73
724,1678
703,1092
1751,1654
1900,1656
1744,1760
841,84
347,1679
364,1639
311,104
476,41
1236,43
372,106
135,190
248,56
652,100
742,1656
1294,1679
585,95
1145,119
1970,64
1424,100
1426,1678
1231,97
478,1233
1221,91
11,82
1838,42
1966,95
390,42
590,53
1267,1654
367,132
1254,108
1415,60
812,23
427,51
465,132
1187,37
977,97
1332,1693
784,1679
1267,64
1790,108
744,131
1519,1666
1850,1693
697,19
589,37
1267,1797
872,103
1283,1233
754,119
1954,82
1594,61
1903,53
1479,1785
1360,91
455,37
1150,1656
971,75
975,1667
1613,1654
1593,93
654,31
458,1680
1369,110
1027,1680
326,79
1123,59
1006,1693
1952,59
758,66
634,84
529,32
1887,37
1317,71
1985,37
130,109
46,41
419,89
912,86
116,36
686,104
1239,1092
947,1660
324,233
951,28
575,1680
1454,109
1046,75
1840,1656
864,29
543,71
1500,106
968,43
452,196
750,633
1802,1676
1580,1658
357,65
822,53
188,1233
920,61
1116,41
765,53
1338,95
1709,60
1768,1672
347,196
1007,104
248,1663
896,1665
1723,96
1927,26
201,1807
314,1654
1223,1678
1467,1676
1802,83
1015,64
682,95
188,1668
496,85
155,98
1208,106
658,119
1014,58
296,91
405,1639
1251,106
1800,1760
1844,1665
1089,91
1496,67
1264,239
160,1641
164,33
936,26
439,110
1226,54
1344,1665
1501,1
1491,23
507,1658
182,86
1178,87
1359,20
742,62
1376,68
846,104
313,1642
1063,1665
631,1667
963,93
546,239
987,67
1888,1698
1163,68
1879,1680
208,106
1139,69
404,1672
1442,132
1708,111
703,101
1920,103
565,68
1518,90
782,1632
473,20
1380,95
1033,131
1252,17
1053,64
391,1797
782,110
1396,1092
1450,60
1697,85
478,33
47,84
923,69
559,94
1973,1698
1341,24
409,233
1555,190
738,190
1398,90
918,1678
1169,24
771,196
613,1667
187,29
1943,29
1007,1663
1587,111
1553,67
1951,1671
742,75
1600,17
950,132
775,43
461,73
1415,1654
1166,1672
822,66
1305,36
1340,1675
384,20
139,1654
1188,1659
515,1671
510,633
1163,19
1077,1657
289,26
1874,69
1912,112
1196,89
185,89
666,1672
1438,42
859,233
1324,1673
1086,1656
935,20
1475,1807
1052,1092
1347,108
1259,1672
1004,1657
954,638
1950,16
1142,1698
260,50
958,41
777,104
564,96
1266,70
1470,68
480,1667
1332,109
841,1678
175,1666
701,138
738,1642
354,23
564,1642
1903,1675
1366,132
1282,1785
1878,35
1706,112
909,95
1541,66
901,1675
1682,24
467,59
1048,1092
1875,1657
439,86
686,77
618,1807
1563,69
476,1677
1505,29
1984,62
499,104
1719,1630
1349,132
874,36
1687,60
1397,1660
813,71
135,95
618,33
1443,80
471,71
495,77
1130,132
816,68
248,1670
1794,85
1814,16
1267,1657
181,1642
209,109
987,26
1827,20
1872,1659
1196,61
495,1680
417,1654
1385,1641
1497,1659
1557,69
693,70
787,1
1042,1657
1745,62
303,1663
327,89
166,89
1191,41
836,1092
1731,1641
933,154
293,59
350,36
387,58
1750,1663
1778,96
534,1654
607,68
1008,36
1777,41
563,83
1003,104
1502,66
936,63
1377,1679
1806,58
1331,86
747,111
362,131
1075,93
1725,43
1098,41
951,31
1795,82
1620,37
867,1233
1219,1668
1026,60
875,638
912,1668
72,97
408,1679
816,96
1737,1668
765,67
1211,105
185,32
1381,154
830,1680
741,59
1921,43
317,1807
486,1678
242,98
1453,1678
1253,1676
1438,98
1495,119
446,104
555,56
545,98
911,23
555,73
1881,1785
278,1680
588,23
1627,26
1613,99
1005,1678
1617,96
1484,89
772,109
1896,41
1527,85
284,1659
711,104
307,94
364,85
607,43
1033,64
497,1660
122,99
1483,96
458,97
829,110
800,1672
762,51
192,29
657,69
1815,638
752,69
653,17
513,1670
1796,89
1450,1693
656,138
1635,64
898,75
1529,109
1715,73
120,60
1041,138
816,1667
1062,1760
1141,41
257,19
992,112
888,65
88,1673
1216,1659
1093,71
1040,93
523,1693
414,106
1871,104
1838,99
1895,86
775,87
266,37
1918,28
660,100
1381,190
1662,1
869,106
299,68
1224,119
120,1639
953,71
867,1673
1475,70
179,1675
750,86
575,41
1722,60
783,60
286,1660
1893,53
1018,1785
251,154
1191,96
270,16
1214,82
1424,1680
1043,70
1778,89
856,97
634,26
1877,69
1824,63
1830,69
1156,1632
1800,56
918,1679
1830,1760
1015,1673
1540,58
163,23
1714,196
1074,103
931,26
381,32
660,1671
893,69
164,1641
954,59
1222,1760
637,64
1007,50
593,154
408,1654
1738,1666
161,86
892,1630
208,87
925,108
1978,100
658,1641
507,69
361,1663
1267,23
275,75
1290,98
801,23
1685,91
1618,1698
1300,63
1897,29
1019,95
936,1657
517,196
938,43
264,54
321,59
1232,59
1195,65
1736,1671
611,1658
1295,26
782,75
303,108
910,60
772,37
611,23
1569,77
976,1672
1080,110
250,101
1189,1760
1566,1630
361,1092
607,99
1288,91
1194,26
957,80
102,1641
1350,1673
278,132
1773,71
762,107
430,67
1062,108
1013,90
1796,17
1965,1670
708,1663
1472,84
1904,119
585,93
1420,99
320,1654
452,83
1344,1657
257,91
135,94
1477,239
490,1665
1391,1641
414,19
432,239
1225,239
1466,131
929,1678
1979,67
1965,108
1910,1657
731,16
218,69
1716,1797
959,32
1082,53
1152,43
1280,16
693,69
1465,20
569,79
1336,1676
1954,80
141,1667
345,24
1522,110
1232,39
1047,1092
1527,112
635,56
530,196
145,98
1892,26
1640,51
1214,106
1403,63
668,90
1134,1641
913,101
737,633
1379,54
863,233
1854,1678
332,1639
3,1665
886,26
1720,90
1436,87
785,35
1726,16
592,1807
1449,196
1164,1641
463,108
1516,20
1003,107
837,1675
1378,85
1213,20
140,16
1051,86
1550,60
1132,91
1829,75
1283,107
438,196
187,68
1714,1641
1147,638
558,53
931,69
456,35
314,65
921,95
1960,20
48,108
382,1667
7,132
1965,63
1287,1667
942,1680
765,51
1770,56
1884,32
170,196
847,1666
45,1668
878,108
1808,1807
831,1698
1789,110
133,97
764,1671
298,32
744,112
673,20
123,93
659,233
15,77
1661,20
901,108
180,1639
659,1666
844,106
759,89
707,1698
1855,37
175,105
344,43
231,1693
1754,59
587,54
1160,94
866,99
1446,196
368,1675
1123,89
1886,1642
1729,105
771,93
1061,100
1809,98
173,60
1088,61
524,97
743,111
1865,1679
49,71
1815,61
509,85
1505,68
1889,190
864,59
1322,1797
1101,1659
641,37
76,638
718,53
1183,1665
963,95
1301,107
1442,19
1978,65
857,1797
271,53
1290,79
157,1666
1628,1
1176,106
392,65
602,86
398,91
1451,97
645,58
763,73
1366,1632
541,1797
1560,63
345,80
1086,1807
1536,56
981,99
1849,39
1906,16
668,19
1265,105
711,79
752,132
861,638
1890,1660
1375,1680
1282,1666
947,77
605,633
1416,1680
612,1639
691,80
1598,23
752,98
1411,1663
1844,1639
851,1642
1759,32
359,87
1089,1666
1585,1797
475,1658
1179,84
690,59
486,94
414,1675
784,60
216,1678
1782,1670
955,1673
1098,31
382,110
224,24
1369,1632
1774,1665
149,56
442,50
1383,67
888,94
72,43
558,1659
205,66
313,1668
1653,131
1140,106
423,28
81,77
1902,1698
1163,98
849,64
1556,1675
1078,83
1978,101
218,17
1290,99
115,1675
810,1641
831,65
265,96
1152,64
858,33
622,190
402,59
1897,28
1954,77
9,107
779,1659
659,33
241,1678
1822,108
763,85
694,1233
1207,1672
1104,119
897,1797
867,19
824,1642
1265,132
644,105
776,33
1346,95
1825,58
301,1658
1039,96
1295,138
1192,1641
1100,82
1561,1760
677,239
456,1233
151,24
597,56
212,26
1379,106
197,108
714,70
1763,65
704,80
979,86
1780,1668
1448,79
1050,190
1801,1630
1866,60
282,1676
1353,71
860,1693
1771,105
1562,132
414,16
737,1671
471,65
1036,35
266,107
195,131
1582,50
1710,103
590,56
718,109
6,89
1176,132
623,33
1591,70
271,109
170,112
1150,1693
1618,1671
124,239
901,119
1574,1678
303,1657
1343,111
1775,104
1983,95
4,29
1825,85
1882,110
411,53
1460,56
1697,19
350,42
759,154
597,107
444,1671
1228,131
1962,105
1848,16
889,1657
1726,17
606,138
1587,1665
634,83
1203,1672
1507,1654
971,1672
936,33
771,96
1739,119
1264,85
666,104
1758,51
456,36
1231,70
1828,20
998,239
1729,1657
1661,638
1609,131
694,71
1085,1678
1830,1092
1966,1668
366,103
1025,28
1239,1658
1082,103
167,35
1628,62
925,83
1850,96
204,36
133,96
1172,59
505,1760
1019,1665
875,1673
1503,111
1592,66
1190,111
202,104
3,89
211,154
302,71
1099,35
359,50
1209,1639
1425,62
757,107
994,1807
1131,1670
1283,1797
1601,86
1981,50
2,50
1222,62
1236,110
1074,65
405,24
1957,1630
1776,107
7,1632
1577,110
605,73
1839,1630
1306,28
1495,1632
1349,90
1704,103
1832,60
507,1663
381,26
1359,17
1711,1665
1467,112
134,91
1106,99
1073,106
1538,20
1281,101
1385,1797
228,96
1618,89
1803,41
1626,1660
868,80
929,60
1906,1672
1005,233
57,233
241,68
323,1642
257,1092
422,98
1542,112
146,96
961,109
625,56
1770,1632
250,79
1906,96
217,1642
1905,41
1706,42
1924,101
278,105
168,131
212,1656
1302,1639
439,79
790,103
264,1797
1860,1092
1098,111
1316,58
489,107
1852,84
1964,638
1748,37
1326,119
267,132
408,110
626,638
883,85
1609,91
6,114
708,104
370,19
238,106
295,33
1456,233
204,1658
1438,41
1096,64
1000,53
1581,71
1927,95
331,1657
1162,1667
1864,69
1793,95
322,112
1158,43
1034,109
832,1677
1889,1639
1873,26
1891,1233
645,29
834,70
1427,39
47,132
1484,99
1416,131
297,65
597,86
121,1797
617,1672
122,54
1030,1698
1753,1807
341,1785
553,33
573,62
245,93
1575,1639
1973,1667
1502,101
1861,1698
355,1666
1578,196
117,132
780,94
1540,24
989,112
739,1657
908,1678
942,190
1350,75
1563,70
1805,61
1882,1092
804,1630
1435,1656
561,43
1559,99
337,36
1794,80
359,1679
641,108
845,196
792,1668
1476,58
447,56
1409,103
1408,1630
1523,65
135,1679
674,95
855,28
1338,54
518,84
1277,35
542,94
1280,99
675,1659
1927,67
1232,1680
594,1657
831,100
1101,70
622,91
1584,96
1471,84
575,99
1325,638
1190,1668
1570,62
351,80
635,77
193,82
1977,32
1464,77
1125,1654
480,1698
478,109
1695,1642
425,103
1531,119
1043,19
857,100
1959,33
1835,95
1727,69
915,1668
1788,85
1039,71
943,82
800,196
1295,233
1294,51
1190,64
1891,1673
1181,1667
1415,1233
1506,28
353,80
680,39
794,51
814,54
997,633
1098,84
1540,131
159,20
799,68
695,23
553,1642
1605,1632
1889,1
72,100
1710,17
704,633
580,196
306,1233
883,1785
904,1670
1150,77
0,239
1324,90
835,63
1766,58
1418,98
892,43
76,24
170,85
1025,1641
318,37
726,17
213,66
531,37
1560,1785
14,60
749,33
458,138
648,86
1399,107
1774,77
411,16
752,154
354,1678
577,65
1290,1660
1147,99
1190,29
55,1654
5,633
373,95
448,138
1682,1641
141,105
127,64
1952,91
1327,77
48,1663
954,1663
1709,1233
1861,1658
576,37
525,84
999,29
144,1677
1189,61
1283,56
969,90
932,42
207,1698
1472,111
243,1693
1809,96
652,89
871,39
595,97
1505,90
1838,132
884,1
1363,100
1297,1666
1349,89
428,31
799,56
310,31
1107,107
799,1693
414,105
1524,64
367,75
1018,1233
10,90
1444,1665
1902,1668
1301,1693
674,20
1306,1797
185,65
646,86
205,190
1827,1797
232,100
162,1671
1304,50
1290,77
901,61
1465,82
1730,1630
203,131
1903,105
288,131
217,99
1606,1092
1114,90
472,79
350,80
1825,28
1707,80
1021,1233
1393,50
1044,1639
330,119
1878,138
1551,16
856,19
324,1641
1066,138
1368,110
714,32
1184,1660
216,1680
1268,638
1910,37
898,42
515,190
1772,62
871,75
1151,131
930,1659
1305,1693
1012,35
725,1666
200,19
1487,50
850,85
135,119
300,54
1353,58
736,20
1524,53
756,95
48,54
1870,1760
286,112
1325,85
1733,104
367,111
1980,1675
1340,1654
1328,86
161,107
751,58
387,1785
1200,16
542,99
641,1678
1020,41
1139,37
497,108
831,67
673,97
801,20
1929,1678
829,638
1441,100
1154,1667
1545,638
1674,90
1215,62
1859,90
1755,29
891,26
1688,82
983,1642
1745,103
440,1670
1765,108
1346,42
1649,1667
1849,65
1048,1676
985,66
1322,67
1753,1693
434,91
1941,1666
923,37
1312,68
1191,1672
1541,61
1834,73
734,97
202,94
1612,70
341,1641
1502,106
643,51
1934,23
377,1641
1374,32
885,29
1492,43
1554,90
1041,53
1061,58
1833,17
1530,1657
1904,106
441,1678
339,1667
1296,20
1524,154
1198,95
1391,1642
973,1641
1457,112
708,62
911,1659
661,96
1069,35
1645,1092
1912,33
845,84
920,85
498,65
1206,119
870,1656
507,98
825,73
1897,109
336,138
1239,106
911,63
773,58
768,1666
1360,80
457,1659
1484,1678
1048,1657
1831,132
113,1654
133,1665
607,51
284,1666
1904,1659
725,36
1925,97
933,23
516,1
1783,66
1934,64
302,41
1044,1678
837,1672
805,190
865,131
767,108
993,39
439,1
1278,1656
942,104
1478,110
1074,91
1145,1785
544,1670
867,1092
1511,67
884,93
1653,39
1022,1666
437,36
1548,100
593,1658
546,196
30,77
1975,103
1813,233
252,84
1428,73
660,51
1290,86
1988,1
137,26
271,67
369,97
1518,67
264,98
1186,233
819,1668
175,1632
1582,1659
1570,67
1704,1233
1544,1658
970,1675
1917,1693
648,87
189,41
1903,1630
1515,1641
179,111
715,97
354,1679
957,36
1307,1673
411,1660
1812,1678
577,64
1616,43
141,23
511,19
479,1797
762,63
815,43
1834,1
235,85
1360,1656
1864,1092
1645,65
909,99
999,28
430,233
55,132
975,87
409,50
1424,131
823,131
254,60
1175,110
558,84
1776,109
888,69
941,69
1174,29
129,93
148,239
1791,60
126,1632
15,633
1408,1785
1396,20
1957,1807
1120,94
1049,86
1357,1675
755,53
1850,1660
185,64
532,1671
1595,1672
1723,131
1581,97
516,1639
218,56
271,54
1916,1680
703,19
1628,28
1595,1785
1499,80
658,1680
754,41
1897,37
622,16
1081,1668
645,39
1512,84
1394,104
1232,83
1637,60
146,94
881,59
1242,20
1460,67
806,85
1829,1659
1952,154
597,33
1275,1630
1256,1670
575,638
245,71
1937,1679
1307,111
1824,51
278,111
1327,96
325,64
714,33
1321,95
643,103
804,50
932,79
484,1654
930,1656
1597,36
927,1760
1839,1679
1270,1632
955,23
45,99
1316,36
307,1092
1373,53
1525,1630
255,1654
460,1630
1012,83
1870,1654
1936,104
1865,86
343,96
1548,93
1595,154
893,50
417,87
1120,233
1050,1676
1571,98
210,1785
265,20
1628,1693
412,1641
1927,89
589,59
1803,87
976,64
1371,73
565,50
755,1672
1584,70
1304,190
1930,94
422,61
1186,190
952,24
166,54
1508,53
1751,91
1684,16
747,1233
704,1656
175,1673
492,87
297,71
1403,23
472,1671
1703,58
551,1671
1986,106
1143,41
817,1642
235,29
1986,1632
1748,1671
40,29
1932,638
1948,65
1810,94
690,75
1100,1666
1374,33
40,1656
932,28
1506,233
1431,42
511,1698
1880,85
686,86
615,20
581,132
676,104
609,91
385,17
1094,66
1259,1
1633,1760
1292,33
394,80
125,106
1249,132
614,54
651,56
248,1675
1710,106
1272,82
425,1679
266,1677
1150,87
447,58
921,1667
1456,56
1168,1676
1709,99
1766,28
664,91
426,114
1974,73
269,1657
237,69
626,36
284,26
1266,20
473,87
1769,1671
1893,73
457,1658
459,36
1262,24
250,1663
225,1639
830,132
283,67
165,107
725,35
603,1675
1801,82
1412,53
1008,89
1199,1807
526,1675
1848,19
880,99
1854,41
1160,53
899,43
1588,93
1471,1659
406,105
1587,1666
1530,37
1507,1659
1696,54
1388,90
1867,63
1364,19
942,105
522,1671
244,31
619,1673
689,190
1222,96
338,36
7,1657
1202,1672
391,67
7,1678
594,132
1164,56
1013,638
543,77
1794,131
789,77
1804,104
911,1630
357,1760
959,1630
285,111
1713,51
577,1785
295,26
1163,94
1822,1667
423,33
707,106
1405,31
650,103
1054,132
801,98
821,111
143,23
1103,1657
369,96
1971,1233
1944,23
469,54
1005,36
1067,41
1735,638
1295,41
482,1679
362,1693
146,138
1347,1698
631,31
796,112
317,83
1873,1630
1322,24
444,90
448,29
1099,87
141,103
422,1680
1810,23
1973,1785
1136,1668
325,107
775,633
1169,54
1809,1785
710,86
1635,71
979,19
1776,31
254,61
657,1668
234,73
5,1680
1353,28
951,239
1182,633
775,61
543,33
1810,1642
357,111
1193,1233
203,633
1452,1698
393,50
1485,75
326,1092
1585,101
242,131
577,1654
1732,1672
996,104
342,110
1799,190
1620,1641
901,59
793,1698
802,1680
1694,35
1333,73
1542,119
1063,33
273,96
1303,1671
819,26
489,1667
671,638
1028,61
781,1679
339,110
1307,31
150,42
46,107
711,1679
1175,28
1340,93
327,1670
187,19
723,69
144,1658
362,87
1026,1656
254,89
509,132
931,1
1704,70
418,39
1857,1656
304,1630
944,99
968,105
1504,43
1268,60
1586,233
684,93
1969,64
902,63
1609,41
948,1673
1452,233
1277,28
1231,1663
184,20
1930,95
962,31
1538,1672
982,90
416,103
219,1642
1560,31
554,68
631,86
1531,108
307,108
1029,53
843,110
867,100
269,24
1483,94
47,1675
1811,108
862,56
702,1665
1108,1676
1223,33
1119,80
453,109
1023,79
329,87
1061,87
1925,1666
1749,26
1934,132
871,24
1155,63
1711,82
1037,63
581,131
640,1659
197,138
476,1675
1292,83
581,20
799,109
529,633
254,196
1235,107
1932,131
1349,31
1922,105
1002,138
968,54
253,20
1747,132
974,108
1201,24
408,77
1534,100
1761,32
1272,83
425,1678
488,42
313,65
294,1676
1874,35
970,1233
667,1807
1277,32
136,1673
1078,51
143,50
184,65
575,31
569,82
1414,1660
421,1657
375,1678
1954,109
1684,70
1903,50
1262,1666
146,20
1946,1785
1755,1807
1873,1760
202,1807
554,56
975,1672
497,1785
296,1660
1038,1666
788,1785
1161,97
644,73
984,100
530,80
607,66
1411,1693
1123,32
202,112
463,107
386,26
1526,94
648,1785
1308,1797
1739,107
1858,1675
1201,1656
1705,56
305,91
733,59
347,1760
1174,1657
761,1630
1880,50
116,35
1074,89
186,1658
177,97
1971,1654
1137,1672
567,37
1249,54
1600,32
1221,56
1653,37
1429,1671
523,16
1049,1676
1055,54
1059,51
447,89
285,110
1301,82
1713,50
1699,1807
1823,61
925,190
191,68
1031,94
1231,1670
459,1656
15,1807
1172,80
679,64
1149,138
669,42
1139,1656
802,1677
1870,154
355,37
1846,131
1498,53
1741,87
1869,98
1010,1679
1360,62
970,1673
225,1666
1316,1092
1106,1092
354,1677
1143,16
458,107
1458,1668
306,39
1321,1668
386,79
1074,1672
1056,131
121,28
535,43
1877,28
889,39
1132,37
281,1760
372,58
686,28
1776,16
871,32
1282,110
164,1693
1306,24
1326,95
1704,107
954,190
665,1
404,83
258,633
461,94
125,17
608,53
280,80
1132,1656
1843,638
1329,196
390,132
1888,85
1813,1654
1725,638
532,1665
744,1639
1941,70
1432,106
1968,108
1229,69
1906,1668
555,26
901,58
569,138
1926,68
367,633
617,1654
1205,29
1063,83
729,1632
1124,67
1087,89
1451,1630
1008,132
705,100
1721,96
397,62
861,633
1627,1654
1436,101
1446,138
1008,98
809,87
25,1760
1256,1672
1166,53
278,109
1751,1642
568,633
2,99
562,107
564,1233
433,37
1142,86
1128,1760
1039,1660
1943,26
183,70
1249,1632
45,97
230,39
1198,70
884,96
1221,111
1991,1663
671,66
437,233
660,1660
276,41
1400,109
1463,196
513,66
1562,79
240,1680
1841,60
1287,26
666,1632
902,60
322,1654
1147,1666
460,28
650,60
1300,86
717,196
693,107
180,82
550,1680
426,1666
1949,1660
1796,1233
1751,85
1741,31
145,239
1613,1785
961,77
851,1233
502,111
1460,33
303,106
179,56
1764,87
739,80
867,103
1750,1642
1646,87
601,23
472,1673
767,1670
1412,83
259,1
226,1659
117,110
1378,75
663,41
1661,1676
1753,94
325,1671
990,1675
1914,75
481,1673
476,33
1648,19
652,28
1923,37
159,60
220,62
1818,132
1771,108
543,107
1534,26
219,239
1514,110
266,20
416,1641
513,61
360,1659
1272,84
313,64
1635,1092
1395,63
208,41
426,112
298,54
1058,36
1371,87
1263,109
551,97
1987,97
1790,1666
595,1233
1532,66
1370,101
1935,1693
1903,61
1855,190
1009,59
1488,24
227,66
1185,24
1370,20
796,1675
1518,132
1470,107
1428,1807
682,1641
1419,1092
1521,1630
505,70
344,196
658,154
821,638
1551,36
540,154
803,1656
1455,96
463,106
1114,1698
834,1642
529,24
1928,60
477,90
885,77
631,633
587,1675
1122,104
918,101
1833,114
305,90
733,58
865,98
1487,70
277,69
499,77
817,80
195,1656
1473,1677
671,26
608,42
897,73
290,1807
1292,1642
437,33
1272,112
593,1663
1258,79
1815,1807
1695,97
1823,60
191,71
670,96
1069,1658
1968,65
1414,99
1035,154
389,96
1499,73
365,97
1125,31
204,33
332,110
1436,1630
1442,1678
264,101
1775,26
692,109
1798,39
716,91
365,131
881,28
1751,29
1460,106
1798,1666
625,23
496,77
1238,35
945,1672
654,80
857,68
711,97
729,17
1589,68
1650,1670
1811,54
1650,114
583,43
306,85
681,39
937,77
401,1673
1696,84
885,33
490,1807
1117,1698
552,50
1492,110
173,54
656,16
1833,110
305,70
678,1665
1728,1656
1782,138
1913,73
1224,1698
1853,1673
1062,1642
396,633
1714,61
1040,84
543,35
1254,93
1550,1630
518,1675
1808,73
930,23
0,80
1827,68
997,93
319,33
1153,53
1324,58
1860,132
512,42
312,64
807,93
518,16
497,68
976,103
868,93
1722,84
782,1785
378,1693
1141,1672
171,1632
1058,108
1739,1672
1242,96
321,80
169,132
928,1667
1973,103
1260,1660
400,1668
1826,1663
1275,89
999,633
1043,79
839,16
454,54
994,91
1972,80
1904,1670
892,638
1004,96
1247,36
693,1659
1494,1671
1800,80
25,1680
1237,239
998,1693
174,51
895,111
680,84
1486,1670
1735,1797
1187,1639
1406,633
292,233
1762,96
1084,84
1047,64
1933,95
1094,101
1477,99
324,41
257,112
300,50
954,83
537,41
1549,96
660,1678
632,105
1936,107
1700,28
852,1654
1001,84
1138,1679
1746,1658
566,95
1301,24
1315,1632
1116,233
1585,54
1072,79
721,119
666,1680
232,68
1300,87
361,1632
1736,53
669,96
365,41
1722,1679
1497,1680
1514,1630
361,1666
166,53
701,1676
1664,80
1205,112
317,1667
564,104
658,36
589,1660
1090,35
705,71
1717,70
246,97
1208,42
1318,19
516,41
1502,1632
611,109
1298,103
785,56
1113,28
121,106
1924,70
420,1672
610,62
316,1641
1877,98
1867,20
197,86
761,43
1041,41
1421,77
1374,1667
1118,41
1411,75
1340,99
1364,105
1037,61
1904,110
797,1092
1563,93
163,56
1933,67
1648,99
178,1639
862,1233
1146,1680
116,239
1435,1663
408,32
1168,82
1884,1670
912,1680
954,119
789,54
1737,1680
286,80
215,90
698,112
1254,101
266,1672
1278,111
313,71
1723,95
340,1092
579,77
672,1657
265,53
1082,60
332,75
557,638
831,99
1594,83
966,1678
1263,108
645,1671
820,71
696,77
542,1676
971,66
1342,87
167,1657
189,1
228,1657
1773,1693
208,1233
1843,1663
27,91
1652,1665
1189,1677
1640,73
1901,94
1298,75
610,83
573,93
990,239
1164,1632
1924,58
1800,104
146,1641
130,98
1696,73
574,1657
1883,1693
1165,1654
1515,90
161,1673
424,1657
244,26
1225,82
1758,196
1179,1693
536,1673
665,43
810,1092
1895,1665
1539,65
148,70
1808,110
940,42
1335,83
838,1673
883,16
413,87
930,99
1338,100
1715,1630
1508,1760
892,1693
218,32
1916,1672
1571,63
599,58
949,1675
1103,1658
1024,89
1851,1676
18,154
382,1233
1056,1642
1869,96
820,91
819,1672
1423,97
283,32
672,65
402,1666
648,42
1110,110
434,31
1925,65
1286,1233
491,82
1284,1675
245,111
1515,1675
1190,97
1028,68
677,50
1472,1642
1530,68
1459,64
1388,42
144,39
1985,24
1274,65
832,84
653,154
1579,1760
927,1659
661,1663
1085,119
1701,93
1047,63
1587,26
545,1807
1718,1092
1410,89
605,67
734,1657
381,1679
1418,1660
334,107
361,79
1909,60
1452,1663
1325,1671
1457,35
485,86
1818,108
290,68
1874,1632
718,60
902,86
285,112
1689,106
1908,26
717,77
1055,1673
1898,80
1257,104
959,16
670,93
426,73
1371,97
1391,98
52,131
1584,94
1158,65
1361,75
461,1797
1471,26
170,50
489,1092
972,67
645,35
958,58
193,108
1637,56
1716,1673
525,1630
1114,39
763,63
1826,1660
246,26
179,79
1484,196
1312,61
984,94
693,1658
405,1666
1056,50
1490,1092
1017,154
1374,190
1321,50
1887,100
1891,97
46,110
1792,1668
490,28
1023,138
1715,60
1165,35
163,31
847,233
246,1760
803,79
1951,1678
1225,106
1932,105
1097,32
357,63
507,1678
1942,54
1690,23
968,108
755,100
367,106
709,1679
319,68
1395,37
1349,1660
1921,107
1974,97
727,56
218,24
1174,633
1927,85
1643,1672
1259,1667
829,633
1832,1092
1869,87
783,24
1944,82
1910,1233
900,196
260,59
1778,1663
1051,1641
682,28
1825,66
492,83
226,99
189,109
407,26
1438,638
943,68
531,1642
1318,16
1507,89
811,1630
1365,91
1575,1676
1720,70
316,80
1972,53
1834,50
1156,90
1375,86
759,1665
117,108
583,131
758,239
1934,24
852,96
1065,17
221,79
439,56
1607,73
500,58
490,112
678,1663
1752,100
1420,132
591,91
462,101
543,196
1316,68
1410,1
1141,233
78,53
1771,110
290,29
1201,29
1406,86
1061,633
1248,80
1100,1233
1197,105
1387,1671
1480,35
1542,1639
566,56
1456,60
1230,66
537,1667
697,1660
1770,95
343,1675
821,23
1428,33
493,70
935,51
776,1672
1831,1673
952,73
1285,154
1384,91
887,56
1167,154
696,61
1232,31
753,60
473,196
1417,99
993,1233
1057,196
833,100
1953,17
1831,16
145,90
165,23
1896,69
1569,97
794,1657
1683,233
1616,68
1265,42
1800,1663
491,1693
758,41
1493,42
1683,86
728,108
1351,60
363,51
3,98
635,1679
430,103
272,1
1270,39
714,1673
1521,1807
197,73
1554,1679
377,1785
424,1658
1681,68
558,61
248,94
1206,633
1028,1673
1980,80
1862,20
514,1666
804,1656
1913,28
665,42
243,82
614,71
44,97
451,97
838,1663
367,61
495,104
1335,82
929,1698
508,1672
1045,233
1638,107
1432,17
275,26
797,97
1499,75
1100,638
1158,90
848,71
599,1630
636,62
1135,84
1465,56
1522,59
1764,1680
1442,1676
1404,59
4,105
227,96
1973,1
284,233
1935,1632
1262,56
609,1672
1721,73
1591,1639
981,56
586,1672
1047,1233
739,106
1626,86
1307,1676
573,1642
1935,106
531,1698
1787,73
1495,1092
1170,99
1264,138
1079,1233
1231,638
1735,190
1193,19
1450,1666
823,1668
1953,633
1740,1659
562,66
1169,42
46,83
1981,75
287,60
1026,1680
722,1807
666,87
1960,105
395,87
1443,1641
1270,1672
1876,69
1899,108
1596,68
1300,1657
324,70
864,51
537,83
21,98
1966,50
44,69
1205,1668
219,70
1102,1659
1287,51
1841,1785
1348,35
999,1233
893,154
1349,1671
232,106
450,33
1358,239
1346,1679
1509,65
939,111
1573,1672
1722,82
1974,53
1708,97
882,111
449,104
1009,112
906,1630
1205,26
1812,54
813,1233
997,1632
378,16
910,41
991,70
1531,53
391,1676
1575,70
1208,16
550,67
1929,80
735,77
1308,59
691,43
1251,35
962,1642
1937,1666
677,1785
1367,1673
549,26
384,1668
1496,41
826,1632
1729,77
1302,1679
1877,61
1554,112
1478,24
895,1666
1833,63
1481,1656
1853,36
804,63
429,1666
1330,99
1027,1
362,83
1155,84
1047,66
244,1671
428,106
1774,1673
1706,1641
1139,638
1032,1656
299,1667
1944,1785
1123,1670
1932,106
1828,43
357,62
1118,1679
348,1675
688,28
1910,1642
1756,132
157,104
181,98
167,19
1756,59
1793,39
147,31
1141,1785
369,83
1381,42
1129,1
594,1676
1310,110
1480,1665
446,41
1139,1668
1135,31
1661,99
170,23
1333,56
1542,196
952,29
1360,106
1893,80
1384,96
726,83
1520,1632
1194,112
1569,68
1787,1639
246,103
1008,50
1308,31
1750,103
1223,29
699,1665
540,1675
1824,84
1857,28
596,110
429,1
1120,1632
990,1678
1175,60
130,190
557,1797
210,112
1064,103
385,20
888,19
1424,95
391,90
1367,1233
584,1760
1501,95
874,1665
689,119
1827,1671
671,35
1196,1666
346,1678
1453,109
593,1671
1609,239
485,109
0,107
1093,1659
81,16
1410,1671
627,61
598,1678
537,1666
623,1797
1495,101
342,59
143,62
811,96
1054,60
167,132
383,1642
555,103
1067,1639
939,196
298,196
1313,87
1532,93
1684,66
345,103
716,50
421,154
1452,638
15,1658
296,1632
786,83
1322,33
1801,196
1870,638
933,17
1929,104
762,37
13,51
235,111
549,65
255,96
328,1807
3,101
521,1760
1612,96
895,80
1274,43
1075,54
1246,77
895,33
1729,53
385,1658
376,37
325,1656
1155,31
972,1233
1175,64
1914,106
187,95
1407,43
1815,16
882,1698
1971,1658
1456,1693
1933,101
920,1679
1805,90
514,1667
823,91
1473,1666
44,98
1463,107
1936,1665
1144,62
1431,638
1055,50
508,1673
1301,94
522,87
1025,20
1888,60
1231,1666
1766,61
593,106
1418,109
1850,104
732,1807
1263,29
1485,51
1216,1092
552,1233
1381,98
227,1657
236,1785
1661,43
1879,84
1731,69
810,31
759,80
1617,94
1124,58
1039,51
145,69
644,41
1927,1632
526,1785
1849,1673
501,19
1161,1679
956,105
980,103
1697,1666
1716,154
1240,83
46,80
908,91
1246,41
1396,1630
1809,89
652,80
815,1668
173,51
640,1672
1597,26
615,91
432,66
1266,1233
1535,154
1359,104
314,106
371,119
1292,23
1738,35
608,90
632,80
78,114
1452,1657
836,58
253,1676
1562,196
1813,1680
1488,1657
1288,1233
1177,98
1362,94
477,1680
1382,101
1279,1675
390,233
1723,1679
1340,1641
1430,1630
717,75
1309,1671
522,75
603,108
1068,50
689,1659
1185,1630
1722,83
571,1659
744,85
1223,1639
1076,1760
1281,1672
675,1673
270,111
1755,54
1462,1656
531,70
928,106
1068,1654
1527,51
1903,1656
1039,23
1204,86
1503,58
1768,73
1863,1654
691,42
984,32
1170,53
819,97
492,1807
1227,61
1455,37
1682,43
1331,107
1189,73
1796,39
626,1807
1877,60
1971,59
1015,1667
1136,64
486,87
513,1641
549,1680
1541,1670
183,66
1481,101
489,83
902,1671
1793,1658
414,61
1093,33
816,83
1794,68
1534,77
1710,80
1841,1675
1055,101
1115,1670
1083,100
1069,73
1334,87
289,23
1329,1665
1808,1698
707,41
1652,69
1324,1660
1485,106
1964,73
1006,119
1162,95
1385,1658
1988,71
575,119
1903,37
982,95
622,54
1336,1641
1384,97
971,91
1222,1092
492,77
1090,62
1717,67
1100,75
269,19
587,24
858,1642
607,85
932,1665
316,82
1740,59
620,1676
491,28
1006,1677
1750,100
794,1797
1991,138
467,87
430,73
1869,1642
739,1667
1331,71
1297,43
1061,82
1910,233
576,100
1199,196
780,86
1725,28
1981,114
719,99
1218,1630
248,68
736,233
1154,105
311,1654
992,50
742,98
125,100
353,633
708,37
964,79
802,190
1819,1671
745,56
1633,97
566,62
289,66
1523,73
1965,98
792,103
280,1639
1756,105
232,20
1338,62
1870,16
1799,108
1286,65
1232,1672
565,16
915,65
1029,1693
525,1666
1024,239
948,63
1191,77
952,58
1566,43
1417,16
1057,105
749,53
488,1658
1546,63
863,61
853,119
1208,90
1082,1663
644,54
1050,1233
937,196
1972,100
210,638
483,1678
472,1641
216,19
1962,94
237,1667
383,62
1038,60
971,1667
349,107
663,73
243,1673
443,91
1714,1676
1900,59
1904,62
305,94
1890,97
642,119
770,32
45,20
581,98
358,37
432,1675
55,95
1349,109
1178,71
243,84
746,69
1026,51
1339,56
1874,1659
1258,56
779,97
877,638
1197,75
963,109
157,190
621,633
1020,138
1395,110
680,1673
336,79
1662,99
1039,638
503,66
1263,28
184,98
1361,108
1034,90
1152,1
412,50
1044,23
323,1657
1926,93
782,239
1741,82
696,108
327,54
953,1667
649,154
1459,1673
1884,638
771,1675
648,94
995,105
833,70
407,239
945,1676
985,131
1228,73
934,196
240,70
1422,89
1426,100
511,24
149,1233
800,1667
1545,1671
1726,58
1284,233
771,54
292,19
457,37
1820,90
705,1675
319,1675
1189,37
1564,87
1729,16
1250,53
254,1672
1374,1630
640,1673
534,85
609,20
1108,58
1880,19
1064,32
221,1675
1349,65
507,1654
1452,1658
775,59
1885,32
1073,16
469,1680
1784,43
664,106
1695,65
1595,1665
623,96
1129,43
1597,1092
962,53
1614,77
1921,1675
465,1668
857,138
824,61
270,31
1051,1678
1413,43
38,75
494,633
879,1678
900,1
1825,20
540,56
1939,28
1265,103
145,32
1882,1666
1899,1760
1440,101
392,1671
13,233
1834,93
1801,108
1858,71
1777,29
1905,32
587,1641
258,99
1830,1676
1404,1676
211,65
838,110
1611,99
1117,1666
627,1654
1108,239
1240,1675
1880,64
207,1678
1165,32
1279,70
1511,51
1227,1656
1762,239
1856,104
206,17
304,41
1391,1630
1786,1660
1932,100
1548,84
276,54
1337,1671
566,83
627,35
1510,1654
1513,70
319,65
